0 0.1923828125 0.7490234375 0.1220703125 0.1611328125
0 0.5107421875 0.421875 0.0498046875 0.0498046875
0 0.337890625 0.7255859375 0.0986328125 0.1201171875
1 0.4140625 0.810546875 0.041015625 0.0517578125
0 0.537109375 0.353515625 0.046875 0.044921875
1 0.30859375 0.8505859375 0.044921875 0.0673828125
0 0.490234375 0.3603515625 0.037109375 0.033203125
1 0.6728515625 0.572265625 0.029296875 0.046875
0 0.2724609375 0.45703125 0.0888671875 0.0576171875
1 0.0673828125 0.5341796875 0.0283203125 0.0498046875
1 0.0732421875 0.75 0.0595703125 0.0966796875
1 0.599609375 0.5068359375 0.021484375 0.0361328125
1 0.646484375 0.48828125 0.021484375 0.0361328125
0 0.5107421875 0.3330078125 0.03125 0.0283203125
1 0.6171875 0.4892578125 0.0283203125 0.037109375
1 0.3544921875 0.521484375 0.052734375 0.0517578125
1 0.5703125 0.5048828125 0.0283203125 0.041015625
1 0.513671875 0.474609375 0.033203125 0.0419921875
1 0.5400390625 0.4765625 0.0263671875 0.0439453125
1 0.4287109375 0.6845703125 0.044921875 0.052734375
1 0.4599609375 0.783203125 0.0361328125 0.0546875
1 0.181640625 0.43359375 0.03125 0.029296875
1 0.115234375 0.41015625 0.029296875 0.0263671875
1 0.46875 0.4482421875 0.0283203125 0.037109375
1 0.455078125 0.37109375 0.0205078125 0.029296875
1 0.552734375 0.443359375 0.0234375 0.0283203125
1 0.1669921875 0.365234375 0.015625 0.0185546875
1 0.4970703125 0.4541015625 0.0185546875 0.033203125
1 0.466796875 0.419921875 0.013671875 0.0283203125
1 0.56640625 0.3759765625 0.033203125 0.029296875
1 0.4189453125 0.5126953125 0.052734375 0.046875
1 0.421875 0.740234375 0.0498046875 0.0546875
0 0.0654296875 0.3837890625 0.056640625 0.0234375
1 0.376953125 0.4716796875 0.041015625 0.03125
1 0.5615234375 0.4677734375 0.0205078125 0.033203125
1 0.8466796875 0.6435546875 0.0341796875 0.0625
1 0.0400390625 0.556640625 0.0205078125 0.037109375
1 0.5078125 0.517578125 0.025390625 0.0439453125
1 0.583984375 0.4609375 0.021484375 0.03125
0 0.3515625 0.318359375 0.0341796875 0.0185546875
1 0.541015625 0.4697265625 0.1669921875 0.0830078125
1 0.453125 0.515625 0.021484375 0.0498046875
1 0.62890625 0.44140625 0.0263671875 0.033203125
1 0.0712890625 0.3408203125 0.013671875 0.015625
1 0.078125 0.4013671875 0.021484375 0.025390625
1 0.4599609375 0.3984375 0.013671875 0.025390625
1 0.06640625 0.4775390625 0.0419921875 0.0361328125
1 0.0224609375 0.373046875 0.017578125 0.0234375
0 0.1845703125 0.8759765625 0.1220703125 0.029296875
0 0.228515625 0.3642578125 0.0546875 0.0341796875
1 0.1474609375 0.4052734375 0.013671875 0.0263671875
1 0.1767578125 0.3271484375 0.0185546875 0.0234375
1 0.455078125 0.71875 0.0185546875 0.025390625
1 0.8515625 0.41796875 0.0185546875 0.0263671875
1 0.5458984375 0.412109375 0.013671875 0.021484375
1 0.107421875 0.4853515625 0.037109375 0.0361328125
1 0.0546875 0.6787109375 0.046875 0.0361328125
1 0.326171875 0.3564453125 0.029296875 0.03125