0 0.1923828125 0.748046875 0.125 0.162109375
0 0.337890625 0.7265625 0.0986328125 0.119140625
1 0.5146484375 0.47265625 0.033203125 0.048828125
0 0.51171875 0.4208984375 0.044921875 0.0517578125
0 0.490234375 0.359375 0.041015625 0.0341796875
1 0.3095703125 0.853515625 0.0498046875 0.0654296875
1 0.412109375 0.798828125 0.0576171875 0.0751953125
0 0.537109375 0.353515625 0.0390625 0.0419921875
1 0.611328125 0.4951171875 0.041015625 0.0439453125
1 0.1650390625 0.4228515625 0.0205078125 0.0234375
1 0.4365234375 0.439453125 0.0205078125 0.037109375
1 0.068359375 0.5380859375 0.025390625 0.0390625
1 0.1171875 0.6708984375 0.046875 0.0576171875
1 0.076171875 0.740234375 0.046875 0.083984375
1 0.55859375 0.447265625 0.0234375 0.033203125
1 0.4970703125 0.4482421875 0.0185546875 0.0283203125
0 0.509765625 0.3330078125 0.0283203125 0.0283203125
1 0.427734375 0.6513671875 0.037109375 0.0625
1 0.4501953125 0.373046875 0.015625 0.025390625
0 0.0859375 0.3857421875 0.0654296875 0.0283203125
1 0.466796875 0.447265625 0.033203125 0.044921875
1 0.5400390625 0.4775390625 0.0263671875 0.0419921875
1 0.646484375 0.4892578125 0.021484375 0.0341796875
1 0.4580078125 0.779296875 0.041015625 0.0625
1 0.044921875 0.6044921875 0.041015625 0.037109375
1 0.568359375 0.3798828125 0.017578125 0.025390625
0 0.6435546875 0.5390625 0.134765625 0.0654296875
1 0.791015625 0.560546875 0.0498046875 0.0517578125
1 0.11328125 0.4140625 0.0205078125 0.0283203125
1 0.42578125 0.7080078125 0.0419921875 0.0595703125
1 0.0244140625 0.5693359375 0.0263671875 0.048828125
1 0.841796875 0.5830078125 0.0517578125 0.0498046875
1 0.0595703125 0.4775390625 0.021484375 0.033203125
1 0.05078125 0.37890625 0.017578125 0.017578125
1 0.572265625 0.427734375 0.0126953125 0.021484375
1 0.5732421875 0.408203125 0.0126953125 0.021484375
1 0.2041015625 0.3583984375 0.013671875 0.017578125
1 0.59375 0.3828125 0.0126953125 0.0185546875
1 0.6064453125 0.4736328125 0.015625 0.025390625
1 0.166015625 0.365234375 0.0107421875 0.015625
1 0.025390625 0.826171875 0.029296875 0.060546875
1 0.0302734375 0.3759765625 0.029296875 0.0205078125
1 0.6201171875 0.462890625 0.0185546875 0.029296875
1 0.0654296875 0.509765625 0.0185546875 0.03125
1 0.845703125 0.65234375 0.03125 0.0517578125
1 0.681640625 0.5009765625 0.0234375 0.0205078125
1 0.248046875 0.35546875 0.015625 0.0234375
1 0.2099609375 0.583984375 0.029296875 0.056640625
1 0.4765625 0.337890625 0.0126953125 0.015625
1 0.330078125 0.357421875 0.017578125 0.021484375
1 0.2275390625 0.35546875 0.0107421875 0.0205078125
0 0.1953125 0.8759765625 0.1123046875 0.029296875
0 0.1875 0.3251953125 0.041015625 0.025390625
1 0.546875 0.4169921875 0.015625 0.021484375
0 0.3193359375 0.3916015625 0.0830078125 0.044921875
1 0.2900390625 0.3505859375 0.013671875 0.0234375