0 0.3271484375 0.798828125 0.138671875 0.177734375
0 0.498046875 0.50390625 0.0654296875 0.0830078125
0 0.537109375 0.4609375 0.0576171875 0.072265625
1 0.568359375 0.65234375 0.033203125 0.060546875
1 0.654296875 0.5634765625 0.033203125 0.0546875
0 0.2041015625 0.662109375 0.1015625 0.109375
0 0.240234375 0.494140625 0.0546875 0.064453125
1 0.6142578125 0.4814453125 0.0185546875 0.037109375
0 0.322265625 0.5869140625 0.078125 0.0888671875
1 0.81640625 0.5751953125 0.076171875 0.083984375
1 0.685546875 0.5859375 0.0390625 0.0625
0 0.228515625 0.5625 0.078125 0.0810546875
1 0.1591796875 0.48828125 0.021484375 0.029296875
1 0.7587890625 0.7001953125 0.0419921875 0.0595703125
0 0.306640625 0.4697265625 0.048828125 0.0546875
1 0.568359375 0.443359375 0.021484375 0.03125
1 0.416015625 0.4345703125 0.013671875 0.0283203125
1 0.89453125 0.8076171875 0.0546875 0.0751953125
1 0.59375 0.498046875 0.021484375 0.0390625
1 0.439453125 0.7568359375 0.0283203125 0.0546875
1 0.9482421875 0.6875 0.0751953125 0.087890625
1 0.1494140625 0.580078125 0.0361328125 0.0546875
1 0.8935546875 0.6513671875 0.0751953125 0.078125
1 0.5087890625 0.4423828125 0.0205078125 0.025390625
1 0.130859375 0.4794921875 0.021484375 0.03125
1 0.0595703125 0.484375 0.025390625 0.0283203125
1 0.70703125 0.5537109375 0.0205078125 0.0361328125
1 0.5537109375 0.419921875 0.0234375 0.033203125
1 0.720703125 0.826171875 0.0732421875 0.1201171875
1 0.1904296875 0.515625 0.021484375 0.0439453125
1 0.8408203125 0.8623046875 0.0625 0.0595703125
0 0.6337890625 0.44140625 0.044921875 0.0419921875
0 0.2998046875 0.4306640625 0.056640625 0.0390625
1 0.689453125 0.529296875 0.037109375 0.046875
1 0.0302734375 0.568359375 0.0361328125 0.0595703125
1 0.130859375 0.736328125 0.037109375 0.0517578125
0 0.0302734375 0.8271484375 0.0419921875 0.091796875
0 0.513671875 0.3369140625 0.0439453125 0.033203125
1 0.8955078125 0.58203125 0.037109375 0.0546875
1 0.7314453125 0.5400390625 0.0439453125 0.0517578125
0 0.482421875 0.3837890625 0.029296875 0.044921875
0 0.51953125 0.390625 0.033203125 0.0341796875
1 0.927734375 0.6064453125 0.0498046875 0.041015625
1 0.5927734375 0.408203125 0.013671875 0.0341796875
1 0.12890625 0.525390625 0.0263671875 0.0390625
1 0.2451171875 0.806640625 0.046875 0.115234375
1 0.0947265625 0.693359375 0.0205078125 0.0419921875
1 0.068359375 0.703125 0.037109375 0.0654296875
1 0.4541015625 0.380859375 0.029296875 0.041015625
0 0.3525390625 0.3212890625 0.033203125 0.017578125
1 0.482421875 0.4384765625 0.025390625 0.0390625
1 0.423828125 0.4072265625 0.0126953125 0.017578125
1 0.4609375 0.72265625 0.03125 0.060546875
1 0.9716796875 0.640625 0.0283203125 0.0498046875
1 0.7060546875 0.46484375 0.0283203125 0.0390625
1 0.439453125 0.4013671875 0.013671875 0.0283203125
1 0.193359375 0.376953125 0.0283203125 0.0234375
1 0.8916015625 0.384765625 0.017578125 0.025390625
1 0.4423828125 0.4306640625 0.025390625 0.0390625
1 0.46484375 0.357421875 0.0205078125 0.0283203125
0 0.244140625 0.373046875 0.087890625 0.041015625
1 0.72265625 0.7392578125 0.044921875 0.0751953125