0 0.1943359375 0.6552734375 0.1044921875 0.1142578125
0 0.64453125 0.5751953125 0.0888671875 0.09375
0 0.6123046875 0.72265625 0.150390625 0.205078125
1 0.791015625 0.83203125 0.064453125 0.107421875
1 0.19140625 0.4892578125 0.0234375 0.0341796875
1 0.138671875 0.556640625 0.0263671875 0.0390625
1 0.607421875 0.4970703125 0.025390625 0.0341796875
1 0.275390625 0.544921875 0.025390625 0.0419921875
1 0.263671875 0.716796875 0.041015625 0.0625
1 0.06640625 0.7568359375 0.029296875 0.0546875
1 0.5517578125 0.572265625 0.0283203125 0.052734375
0 0.5234375 0.392578125 0.0439453125 0.046875
0 0.537109375 0.4501953125 0.0498046875 0.0595703125
0 0.564453125 0.3896484375 0.0419921875 0.044921875
1 0.6884765625 0.5458984375 0.0419921875 0.048828125
1 0.818359375 0.576171875 0.080078125 0.0830078125
1 0.2802734375 0.466796875 0.017578125 0.0283203125
1 0.322265625 0.560546875 0.0234375 0.041015625
1 0.158203125 0.48828125 0.0205078125 0.029296875
1 0.248046875 0.57421875 0.029296875 0.044921875
1 0.2548828125 0.4931640625 0.025390625 0.0361328125
1 0.9384765625 0.681640625 0.091796875 0.09375
1 0.2939453125 0.5029296875 0.021484375 0.03125
1 0.3037109375 0.4462890625 0.017578125 0.0234375
1 0.3681640625 0.4833984375 0.0205078125 0.033203125
1 0.255859375 0.45703125 0.0205078125 0.0263671875
1 0.423828125 0.4052734375 0.015625 0.0263671875
1 0.5302734375 0.5322265625 0.0234375 0.0390625
1 0.181640625 0.5458984375 0.029296875 0.044921875
1 0.51953125 0.603515625 0.0263671875 0.0498046875
1 0.2578125 0.4169921875 0.025390625 0.025390625
1 0.5107421875 0.439453125 0.0185546875 0.0263671875
1 0.232421875 0.4541015625 0.0185546875 0.0263671875
1 0.0595703125 0.4833984375 0.025390625 0.029296875
1 0.1435546875 0.4716796875 0.021484375 0.0341796875
1 0.728515625 0.541015625 0.0419921875 0.046875
1 0.896484375 0.5419921875 0.033203125 0.037109375
1 0.380859375 0.529296875 0.0234375 0.0517578125
1 0.1572265625 0.4189453125 0.017578125 0.021484375
1 0.228515625 0.4853515625 0.0185546875 0.033203125
1 0.1044921875 0.6337890625 0.0341796875 0.0517578125
1 0.1435546875 0.4248046875 0.015625 0.0185546875
1 0.228515625 0.423828125 0.0234375 0.03125
1 0.708984375 0.7236328125 0.0263671875 0.046875
1 0.0419921875 0.5849609375 0.025390625 0.060546875
1 0.205078125 0.404296875 0.0185546875 0.025390625
1 0.11328125 0.42578125 0.017578125 0.0205078125
1 0.185546875 0.380859375 0.0126953125 0.017578125
1 0.0224609375 0.48046875 0.0234375 0.0390625
1 0.4560546875 0.3720703125 0.021484375 0.037109375
0 0.5400390625 0.345703125 0.029296875 0.025390625
1 0.951171875 0.529296875 0.0234375 0.017578125
0 0.4521484375 0.4912109375 0.060546875 0.0888671875
1 0.470703125 0.4326171875 0.0185546875 0.025390625
1 0.3037109375 0.53515625 0.1640625 0.107421875
1 0.2607421875 0.4599609375 0.0908203125 0.0703125
0 0.4638671875 0.408203125 0.03125 0.03125
0 0.931640625 0.8525390625 0.111328125 0.0703125
1 0.4892578125 0.390625 0.025390625 0.0341796875
1 0.73046875 0.8671875 0.0517578125 0.0439453125
1 0.11328125 0.484375 0.044921875 0.037109375
1 0.552734375 0.521484375 0.0283203125 0.041015625
1 0.962890625 0.595703125 0.044921875 0.056640625
1 0.681640625 0.7734375 0.0341796875 0.0654296875
1 0.6015625 0.46484375 0.025390625 0.048828125
1 0.587890625 0.6044921875 0.0205078125 0.03125
1 0.5673828125 0.4912109375 0.025390625 0.029296875
0 0.501953125 0.3359375 0.033203125 0.025390625
1 0.708984375 0.5234375 0.0205078125 0.03125
1 0.458984375 0.712890625 0.0419921875 0.125
1 0.236328125 0.3876953125 0.017578125 0.0283203125
1 0.021484375 0.55859375 0.0205078125 0.0419921875
1 0.8974609375 0.5830078125 0.0361328125 0.046875