0 0.6728515625 0.7822265625 0.1669921875 0.205078125
0 0.1513671875 0.609375 0.0751953125 0.087890625
0 0.5771484375 0.607421875 0.1044921875 0.123046875
1 0.626953125 0.5693359375 0.029296875 0.0517578125
1 0.3125 0.669921875 0.03125 0.0595703125
1 0.8154296875 0.720703125 0.052734375 0.0703125
1 0.736328125 0.732421875 0.0390625 0.0546875
1 0.689453125 0.54296875 0.048828125 0.0517578125
1 0.7314453125 0.6396484375 0.041015625 0.0517578125
0 0.1875 0.4921875 0.0654296875 0.068359375
1 0.2529296875 0.6015625 0.0341796875 0.046875
1 0.822265625 0.5732421875 0.0810546875 0.087890625
1 0.8701171875 0.6630859375 0.0751953125 0.076171875
0 0.369140625 0.53125 0.083984375 0.130859375
1 0.8173828125 0.828125 0.0625 0.099609375
0 0.4921875 0.4921875 0.0654296875 0.078125
1 0.9443359375 0.69140625 0.080078125 0.080078125
1 0.501953125 0.5556640625 0.0283203125 0.0419921875
1 0.572265625 0.5029296875 0.0234375 0.046875
1 0.728515625 0.537109375 0.0439453125 0.0498046875
1 0.5517578125 0.6953125 0.046875 0.056640625
0 0.5849609375 0.4560546875 0.0576171875 0.072265625
0 0.30859375 0.466796875 0.0546875 0.056640625
0 0.17578125 0.732421875 0.185546875 0.173828125
1 0.49609375 0.646484375 0.0419921875 0.064453125
1 0.0283203125 0.5634765625 0.0341796875 0.048828125
1 0.09765625 0.7314453125 0.033203125 0.056640625
1 0.1396484375 0.4775390625 0.029296875 0.044921875
0 0.2373046875 0.3837890625 0.0654296875 0.0419921875
0 0.359375 0.845703125 0.1279296875 0.091796875
0 0.19921875 0.4169921875 0.0546875 0.041015625
0 0.921875 0.58984375 0.1279296875 0.107421875
1 0.548828125 0.4287109375 0.025390625 0.0361328125
0 0.4267578125 0.4443359375 0.056640625 0.060546875
0 0.4755859375 0.369140625 0.033203125 0.033203125
1 0.4775390625 0.4404296875 0.0234375 0.0341796875
0 0.744140625 0.482421875 0.1357421875 0.0654296875
0 0.1796875 0.384765625 0.046875 0.0361328125
1 0.1201171875 0.4248046875 0.021484375 0.025390625
1 0.564453125 0.408203125 0.017578125 0.03125
1 0.224609375 0.4658203125 0.0185546875 0.03125
0 0.271484375 0.419921875 0.078125 0.037109375
0 0.185546875 0.357421875 0.03125 0.0234375
1 0.662109375 0.5048828125 0.0205078125 0.037109375
0 0.529296875 0.337890625 0.033203125 0.0283203125
1 0.9384765625 0.857421875 0.064453125 0.064453125
1 0.8984375 0.544921875 0.0341796875 0.0341796875
1 0.076171875 0.474609375 0.0546875 0.0439453125
1 0.58203125 0.400390625 0.0263671875 0.0341796875
1 0.025390625 0.482421875 0.029296875 0.041015625
1 0.5166015625 0.40234375 0.044921875 0.0517578125
1 0.2236328125 0.8564453125 0.068359375 0.0654296875
1 0.439453125 0.3642578125 0.0205078125 0.0283203125
1 0.0390625 0.8447265625 0.052734375 0.076171875
1 0.974609375 0.634765625 0.0263671875 0.0576171875
0 0.2275390625 0.353515625 0.029296875 0.025390625
1 0.46875 0.404296875 0.025390625 0.044921875
1 0.724609375 0.50390625 0.017578125 0.0263671875
1 0.4541015625 0.501953125 0.0205078125 0.0419921875
1 0.328125 0.3603515625 0.015625 0.0234375