0 0.193359375 0.7490234375 0.123046875 0.1611328125
0 0.6220703125 0.6826171875 0.1435546875 0.2001953125
0 0.5087890625 0.4091796875 0.044921875 0.0439453125
0 0.33984375 0.724609375 0.0986328125 0.115234375
0 0.4892578125 0.361328125 0.037109375 0.03125
0 0.9453125 0.51953125 0.0810546875 0.060546875
0 0.8671875 0.8193359375 0.2216796875 0.138671875
1 0.720703125 0.591796875 0.060546875 0.0625
1 0.8232421875 0.6591796875 0.087890625 0.072265625
0 0.5126953125 0.5732421875 0.0810546875 0.1064453125
1 0.4248046875 0.7236328125 0.03125 0.056640625
1 0.783203125 0.5830078125 0.078125 0.0595703125
1 0.416015625 0.470703125 0.017578125 0.0361328125
1 0.9482421875 0.640625 0.072265625 0.0810546875
0 0.5087890625 0.33203125 0.029296875 0.0263671875
1 0.5771484375 0.541015625 0.044921875 0.056640625
1 0.7158203125 0.5302734375 0.025390625 0.033203125
1 0.076171875 0.7470703125 0.0546875 0.0908203125
1 0.3935546875 0.4658203125 0.0283203125 0.037109375
1 0.1669921875 0.6279296875 0.056640625 0.052734375
0 0.953125 0.580078125 0.068359375 0.0625
0 0.455078125 0.466796875 0.041015625 0.056640625
0 0.541015625 0.341796875 0.033203125 0.0234375
1 0.3603515625 0.498046875 0.029296875 0.029296875
0 0.353515625 0.3193359375 0.03125 0.017578125
1 0.619140625 0.4521484375 0.0185546875 0.029296875
1 0.666015625 0.4697265625 0.0361328125 0.048828125
0 0.513671875 0.462890625 0.052734375 0.0673828125
1 0.5927734375 0.4228515625 0.0361328125 0.0517578125
1 0.8291015625 0.5703125 0.0361328125 0.0439453125
1 0.298828125 0.5546875 0.0263671875 0.0625
1 0.4423828125 0.41796875 0.0185546875 0.033203125
1 0.0859375 0.470703125 0.068359375 0.0498046875
1 0.5908203125 0.50390625 0.0283203125 0.033203125
1 0.892578125 0.642578125 0.0361328125 0.0498046875
1 0.626953125 0.4951171875 0.0263671875 0.03125
1 0.6669921875 0.5361328125 0.1376953125 0.119140625
1 0.0263671875 0.5634765625 0.0283203125 0.0517578125
0 0.7607421875 0.4775390625 0.1123046875 0.060546875
1 0.443359375 0.357421875 0.0234375 0.03125
1 0.66015625 0.5302734375 0.0234375 0.0361328125
1 0.2275390625 0.408203125 0.0205078125 0.0341796875
1 0.8125 0.494140625 0.037109375 0.033203125
1 0.892578125 0.73046875 0.0439453125 0.0888671875
1 0.8984375 0.599609375 0.046875 0.052734375
1 0.5986328125 0.5771484375 0.041015625 0.0546875
1 0.53515625 0.3720703125 0.0263671875 0.0341796875