0 0.322265625 0.798828125 0.1484375 0.1767578125
0 0.576171875 0.529296875 0.095703125 0.107421875
0 0.19140625 0.7099609375 0.126953125 0.1357421875
1 0.5927734375 0.4609375 0.029296875 0.0341796875
0 0.3173828125 0.6494140625 0.0908203125 0.111328125
1 0.494140625 0.5283203125 0.025390625 0.0498046875
1 0.74609375 0.796875 0.064453125 0.1533203125
1 0.5634765625 0.390625 0.017578125 0.025390625
1 0.69140625 0.55078125 0.0517578125 0.0576171875
1 0.8212890625 0.5830078125 0.0830078125 0.078125
1 0.1162109375 0.6650390625 0.0390625 0.060546875
1 0.498046875 0.4169921875 0.0205078125 0.025390625
1 0.5927734375 0.396484375 0.017578125 0.025390625
1 0.8916015625 0.66015625 0.0859375 0.0830078125
1 0.5556640625 0.431640625 0.017578125 0.0263671875
1 0.4404296875 0.408203125 0.0185546875 0.0283203125
1 0.8125 0.7666015625 0.0595703125 0.0732421875
1 0.5009765625 0.451171875 0.0205078125 0.0361328125
1 0.134765625 0.5166015625 0.029296875 0.0361328125
1 0.4208984375 0.615234375 0.0517578125 0.060546875
0 0.3271484375 0.490234375 0.0673828125 0.0595703125
0 0.240234375 0.5146484375 0.0654296875 0.0830078125
1 0.9033203125 0.5419921875 0.03125 0.037109375
0 0.478515625 0.357421875 0.033203125 0.0390625
1 0.5068359375 0.3681640625 0.017578125 0.0263671875
1 0.1171875 0.5830078125 0.0283203125 0.046875
0 0.3193359375 0.548828125 0.0703125 0.0810546875
1 0.4658203125 0.423828125 0.0126953125 0.021484375
1 0.634765625 0.462890625 0.0361328125 0.037109375
1 0.95703125 0.6982421875 0.064453125 0.0751953125
1 0.7421875 0.4765625 0.0341796875 0.0283203125
1 0.380859375 0.361328125 0.013671875 0.0234375
1 0.42578125 0.392578125 0.0205078125 0.029296875
0 0.12109375 0.41015625 0.0419921875 0.0361328125
0 0.25390625 0.3955078125 0.0517578125 0.056640625
1 0.095703125 0.5986328125 0.0283203125 0.0498046875
1 0.1611328125 0.560546875 0.0283203125 0.0439453125
0 0.505859375 0.341796875 0.0263671875 0.0263671875
1 0.423828125 0.4541015625 0.033203125 0.0419921875
1 0.611328125 0.447265625 0.0205078125 0.0263671875
1 0.44140625 0.3818359375 0.0205078125 0.0263671875
1 0.0205078125 0.4765625 0.0185546875 0.0283203125
1 0.0712890625 0.482421875 0.0390625 0.037109375
1 0.9658203125 0.5205078125 0.041015625 0.03125
1 0.5859375 0.6474609375 0.0341796875 0.0517578125
1 0.0478515625 0.572265625 0.0205078125 0.048828125
0 0.533203125 0.3525390625 0.0283203125 0.0361328125
1 0.896484375 0.5830078125 0.048828125 0.056640625
1 0.3525390625 0.3564453125 0.013671875 0.021484375
1 0.419921875 0.4248046875 0.015625 0.0283203125
0 0.5302734375 0.3271484375 0.0419921875 0.0263671875
1 0.4951171875 0.3955078125 0.015625 0.025390625
1 0.1884765625 0.419921875 0.0419921875 0.0390625
1 0.458984375 0.361328125 0.017578125 0.0283203125
1 0.3876953125 0.4091796875 0.025390625 0.03125
1 0.88671875 0.8662109375 0.0673828125 0.048828125
1 0.052734375 0.8115234375 0.0283203125 0.044921875
1 0.203125 0.3291015625 0.0126953125 0.017578125
1 0.154296875 0.4208984375 0.0185546875 0.029296875
1 0.1845703125 0.470703125 0.037109375 0.0439453125
0 0.0712890625 0.3193359375 0.044921875 0.0234375
1 0.962890625 0.611328125 0.046875 0.076171875
1 0.9375 0.6513671875 0.03125 0.0498046875
1 0.2470703125 0.8759765625 0.0625 0.029296875
0 0.369140625 0.3251953125 0.0517578125 0.021484375
1 0.064453125 0.765625 0.0390625 0.0751953125