0 0.1318359375 0.75 0.1357421875 0.1591796875
0 0.341796875 0.578125 0.078125 0.09375
0 0.7021484375 0.712890625 0.1611328125 0.189453125
0 0.3212890625 0.806640625 0.1484375 0.162109375
1 0.5810546875 0.54296875 0.0341796875 0.0546875
0 0.5087890625 0.5810546875 0.0859375 0.1279296875
0 0.5078125 0.431640625 0.0498046875 0.0498046875
1 0.61328125 0.5888671875 0.029296875 0.056640625
1 0.81640625 0.572265625 0.0732421875 0.076171875
1 0.7705078125 0.6806640625 0.0498046875 0.0703125
1 0.5908203125 0.810546875 0.0439453125 0.0751953125
0 0.224609375 0.5380859375 0.0625 0.0732421875
0 0.4921875 0.353515625 0.037109375 0.037109375
1 0.658203125 0.599609375 0.0361328125 0.046875
1 0.6220703125 0.5439453125 0.03125 0.0498046875
1 0.7041015625 0.5498046875 0.033203125 0.0439453125
1 0.2646484375 0.517578125 0.029296875 0.041015625
1 0.943359375 0.685546875 0.076171875 0.078125
0 0.3076171875 0.4853515625 0.0595703125 0.0576171875
1 0.5830078125 0.6552734375 0.0341796875 0.0546875
1 0.8857421875 0.6513671875 0.072265625 0.0654296875
1 0.6044921875 0.494140625 0.0283203125 0.0498046875
1 0.6865234375 0.4638671875 0.029296875 0.0283203125
1 0.732421875 0.5390625 0.0390625 0.046875
1 0.2431640625 0.63671875 0.033203125 0.0576171875
0 0.22265625 0.4697265625 0.0517578125 0.0576171875
0 0.2763671875 0.4189453125 0.041015625 0.0341796875
1 0.220703125 0.4169921875 0.0263671875 0.0341796875
1 0.130859375 0.5712890625 0.03125 0.0576171875
1 0.2373046875 0.4375 0.0341796875 0.0283203125
1 0.103515625 0.6435546875 0.041015625 0.068359375
1 0.8544921875 0.787109375 0.0595703125 0.0966796875
1 0.5556640625 0.427734375 0.0263671875 0.0341796875
1 0.5419921875 0.4580078125 0.021484375 0.037109375
1 0.3408203125 0.458984375 0.021484375 0.03125
1 0.6708984375 0.52734375 0.0234375 0.0361328125
1 0.5478515625 0.53125 0.0234375 0.041015625
1 0.4052734375 0.458984375 0.0205078125 0.041015625
0 0.037109375 0.3798828125 0.025390625 0.0185546875
1 0.1650390625 0.53515625 0.029296875 0.0390625
1 0.4560546875 0.5029296875 0.0341796875 0.0439453125
1 0.13671875 0.517578125 0.029296875 0.0390625
1 0.4111328125 0.4326171875 0.015625 0.025390625
1 0.439453125 0.44921875 0.0234375 0.033203125
1 0.9384765625 0.6083984375 0.076171875 0.064453125
1 0.1650390625 0.416015625 0.0234375 0.03125
1 0.1181640625 0.865234375 0.060546875 0.046875
1 0.583984375 0.423828125 0.0263671875 0.044921875
1 0.89453125 0.5732421875 0.033203125 0.0341796875
1 0.5126953125 0.5009765625 0.021484375 0.033203125
1 0.6025390625 0.736328125 0.0517578125 0.087890625
1 0.05859375 0.48046875 0.0205078125 0.0361328125
0 0.2294921875 0.341796875 0.025390625 0.0205078125
1 0.03125 0.56640625 0.037109375 0.0546875
1 0.01953125 0.498046875 0.017578125 0.0361328125
1 0.16796875 0.47265625 0.017578125 0.029296875
1 0.6533203125 0.8486328125 0.0498046875 0.072265625
1 0.587890625 0.45703125 0.021484375 0.0263671875
1 0.552734375 0.65234375 0.0390625 0.0517578125
1 0.392578125 0.4248046875 0.021484375 0.0283203125
1 0.07421875 0.396484375 0.0263671875 0.03125
0 0.1884765625 0.3466796875 0.0205078125 0.015625
1 0.240234375 0.400390625 0.0263671875 0.033203125
1 0.1240234375 0.3623046875 0.0107421875 0.015625
0 0.033203125 0.7607421875 0.044921875 0.087890625
1 0.0791015625 0.34375 0.0107421875 0.0185546875
1 0.6337890625 0.4423828125 0.033203125 0.0341796875
1 0.81640625 0.537109375 0.0234375 0.0361328125