0 0.193359375 0.7490234375 0.123046875 0.1640625
0 0.5107421875 0.4189453125 0.0439453125 0.046875
0 0.3388671875 0.7265625 0.0966796875 0.119140625
1 0.1982421875 0.537109375 0.0283203125 0.0498046875
1 0.068359375 0.5341796875 0.0283203125 0.041015625
1 0.30859375 0.8525390625 0.044921875 0.060546875
0 0.486328125 0.3623046875 0.0439453125 0.03125
1 0.5712890625 0.521484375 0.0234375 0.041015625
1 0.6416015625 0.5009765625 0.0234375 0.0390625
0 0.5390625 0.349609375 0.037109375 0.0341796875
1 0.146484375 0.513671875 0.0205078125 0.0361328125
1 0.4150390625 0.8076171875 0.0419921875 0.0595703125
1 0.427734375 0.654296875 0.037109375 0.068359375
1 0.4716796875 0.4912109375 0.021484375 0.0390625
1 0.6162109375 0.5107421875 0.0234375 0.037109375
1 0.51953125 0.482421875 0.0205078125 0.0341796875
1 0.1767578125 0.431640625 0.03125 0.044921875
1 0.4580078125 0.7841796875 0.0341796875 0.056640625
1 0.501953125 0.513671875 0.021484375 0.0419921875
1 0.5908203125 0.4931640625 0.0185546875 0.033203125
1 0.078125 0.755859375 0.046875 0.078125
1 0.392578125 0.416015625 0.0185546875 0.037109375
0 0.3125 0.46484375 0.103515625 0.060546875
0 0.1220703125 0.404296875 0.056640625 0.0341796875
1 0.5302734375 0.37109375 0.017578125 0.0205078125
1 0.416015625 0.4189453125 0.0126953125 0.0283203125
1 0.4208984375 0.3837890625 0.013671875 0.0234375
1 0.546875 0.4482421875 0.0185546875 0.0283203125
1 0.5498046875 0.5302734375 0.025390625 0.0419921875
1 0.166015625 0.365234375 0.015625 0.017578125
0 0.5078125 0.330078125 0.025390625 0.0234375
1 0.4658203125 0.4228515625 0.015625 0.0263671875
1 0.58203125 0.412109375 0.013671875 0.0234375
1 0.0224609375 0.568359375 0.0205078125 0.0419921875
1 0.515625 0.4541015625 0.0341796875 0.0361328125
1 0.3193359375 0.5029296875 0.044921875 0.0439453125
1 0.5634765625 0.439453125 0.0205078125 0.033203125
1 0.568359375 0.3916015625 0.021484375 0.029296875
1 0.482421875 0.458984375 0.015625 0.025390625
1 0.4208984375 0.7392578125 0.044921875 0.0498046875
1 0.5625 0.4775390625 0.015625 0.0234375
1 0.63671875 0.451171875 0.0390625 0.041015625
1 0.0263671875 0.771484375 0.0283203125 0.0498046875
0 0.1884765625 0.32421875 0.0419921875 0.0263671875
1 0.03125 0.849609375 0.041015625 0.0546875
1 0.5849609375 0.46875 0.017578125 0.03125
1 0.58203125 0.5048828125 0.138671875 0.083984375
1 0.2041015625 0.361328125 0.013671875 0.0185546875
1 0.6689453125 0.515625 0.025390625 0.0439453125
1 0.0654296875 0.5029296875 0.0185546875 0.03125
1 0.38671875 0.3818359375 0.013671875 0.0205078125
1 0.099609375 0.5224609375 0.025390625 0.0576171875
1 0.515625 0.373046875 0.015625 0.017578125
1 0.525390625 0.8232421875 0.021484375 0.0439453125
1 0.548828125 0.421875 0.015625 0.0283203125
0 0.1953125 0.875 0.0966796875 0.0283203125
1 0.041015625 0.5537109375 0.0185546875 0.033203125
0 0.353515625 0.318359375 0.0341796875 0.0185546875
1 0.4541015625 0.3642578125 0.017578125 0.025390625
1 0.4296875 0.3642578125 0.0126953125 0.025390625
1 0.2294921875 0.357421875 0.015625 0.021484375
1 0.5927734375 0.40234375 0.013671875 0.033203125
1 0.361328125 0.361328125 0.0361328125 0.0234375
0 0.9619140625 0.599609375 0.0517578125 0.0732421875
1 0.2470703125 0.35546875 0.015625 0.0234375