0 0.19140625 0.7490234375 0.123046875 0.1611328125
0 0.509765625 0.4248046875 0.048828125 0.056640625
0 0.337890625 0.7265625 0.0966796875 0.119140625
0 0.541015625 0.3525390625 0.0439453125 0.044921875
1 0.1953125 0.5009765625 0.021484375 0.0361328125
1 0.3076171875 0.8447265625 0.046875 0.0703125
0 0.830078125 0.560546875 0.1611328125 0.078125
1 0.5107421875 0.4716796875 0.0283203125 0.041015625
1 0.552734375 0.4736328125 0.0263671875 0.0439453125
0 0.150390625 0.40625 0.068359375 0.0439453125
1 0.580078125 0.4892578125 0.0283203125 0.037109375
0 0.4921875 0.3583984375 0.041015625 0.0390625
1 0.078125 0.75390625 0.0439453125 0.076171875
0 0.0546875 0.384765625 0.0625 0.0341796875
1 0.5478515625 0.5625 0.0517578125 0.056640625
1 0.6357421875 0.51171875 0.021484375 0.0361328125
1 0.134765625 0.55078125 0.0263671875 0.044921875
1 0.29296875 0.482421875 0.0234375 0.0341796875
1 0.22265625 0.4462890625 0.0390625 0.033203125
1 0.560546875 0.4365234375 0.015625 0.0263671875
1 0.498046875 0.5126953125 0.0205078125 0.041015625
1 0.294921875 0.529296875 0.0234375 0.0361328125
1 0.1474609375 0.455078125 0.0263671875 0.033203125
1 0.603515625 0.4951171875 0.025390625 0.037109375
1 0.068359375 0.537109375 0.0263671875 0.0390625
1 0.4775390625 0.525390625 0.029296875 0.0341796875
1 0.4150390625 0.794921875 0.0419921875 0.078125
1 0.173828125 0.4306640625 0.017578125 0.029296875
1 0.255859375 0.41796875 0.0205078125 0.0263671875
1 0.03125 0.580078125 0.0341796875 0.0810546875
0 0.5087890625 0.333984375 0.029296875 0.029296875
1 0.3662109375 0.49609375 0.0390625 0.0419921875
1 0.6376953125 0.474609375 0.0185546875 0.0263671875
1 0.4296875 0.6962890625 0.0498046875 0.0859375
1 0.0791015625 0.4033203125 0.0263671875 0.025390625
1 0.099609375 0.41796875 0.021484375 0.029296875
1 0.455078125 0.7822265625 0.046875 0.060546875
1 0.8330078125 0.6630859375 0.068359375 0.048828125
1 0.59375 0.466796875 0.015625 0.0263671875
1 0.2734375 0.5205078125 0.0185546875 0.037109375
1 0.52734375 0.6171875 0.0390625 0.0595703125
1 0.5263671875 0.572265625 0.0126953125 0.0205078125
0 0.232421875 0.361328125 0.060546875 0.0341796875
1 0.712890625 0.623046875 0.033203125 0.0673828125
1 0.6064453125 0.451171875 0.0185546875 0.0234375
1 0.345703125 0.474609375 0.033203125 0.0283203125
1 0.4638671875 0.4345703125 0.015625 0.025390625
0 0.173828125 0.32421875 0.0517578125 0.029296875
1 0.060546875 0.482421875 0.0234375 0.0390625
1 0.564453125 0.4736328125 0.1611328125 0.099609375
1 0.1083984375 0.486328125 0.0361328125 0.033203125
1 0.04296875 0.6865234375 0.017578125 0.0263671875
1 0.57421875 0.365234375 0.0234375 0.025390625
0 0.51171875 0.310546875 0.0263671875 0.0185546875
1 0.6220703125 0.4853515625 0.0185546875 0.0205078125
1 0.556640625 0.533203125 0.017578125 0.0341796875
0 0.1923828125 0.8740234375 0.103515625 0.029296875
1 0.443359375 0.50390625 0.0205078125 0.029296875