0 0.35546875 0.5458984375 0.0703125 0.0888671875
1 0.59375 0.52734375 0.03125 0.048828125
1 0.71875 0.615234375 0.046875 0.060546875
0 0.1279296875 0.4169921875 0.0498046875 0.041015625
1 0.404296875 0.8115234375 0.0361328125 0.0576171875
0 0.521484375 0.60546875 0.115234375 0.1357421875
1 0.6591796875 0.5654296875 0.037109375 0.052734375
1 0.8125 0.5888671875 0.0654296875 0.068359375
1 0.634765625 0.5419921875 0.025390625 0.041015625
1 0.615234375 0.603515625 0.033203125 0.060546875
1 0.59765625 0.4794921875 0.0205078125 0.03125
0 0.203125 0.54296875 0.072265625 0.1044921875
1 0.7294921875 0.701171875 0.0498046875 0.056640625
1 0.2939453125 0.7236328125 0.0439453125 0.0595703125
0 0.537109375 0.4755859375 0.060546875 0.080078125
1 0.6142578125 0.5537109375 0.0283203125 0.044921875
1 0.302734375 0.587890625 0.033203125 0.048828125
1 0.0673828125 0.720703125 0.037109375 0.0595703125
1 0.888671875 0.6513671875 0.0732421875 0.0751953125
1 0.693359375 0.76171875 0.072265625 0.0986328125
1 0.943359375 0.685546875 0.0830078125 0.0888671875
1 0.138671875 0.650390625 0.0283203125 0.0419921875
0 0.560546875 0.400390625 0.044921875 0.064453125
1 0.521484375 0.3935546875 0.0263671875 0.0283203125
1 0.4912109375 0.412109375 0.029296875 0.041015625
1 0.6865234375 0.5283203125 0.0361328125 0.037109375
0 0.3291015625 0.470703125 0.060546875 0.0517578125
1 0.705078125 0.552734375 0.021484375 0.0341796875
0 0.04296875 0.37890625 0.044921875 0.0234375
0 0.455078125 0.416015625 0.046875 0.0546875
0 0.876953125 0.796875 0.2080078125 0.177734375
0 0.484375 0.517578125 0.0595703125 0.0703125
1 0.1650390625 0.669921875 0.029296875 0.0751953125
1 0.2333984375 0.6298828125 0.029296875 0.056640625
1 0.7314453125 0.5361328125 0.0341796875 0.037109375
0 0.1806640625 0.36328125 0.029296875 0.029296875
0 0.5205078125 0.3544921875 0.041015625 0.037109375
1 0.041015625 0.5888671875 0.0283203125 0.0654296875
1 0.927734375 0.6123046875 0.0390625 0.041015625
1 0.1484375 0.4677734375 0.015625 0.0234375
0 0.681640625 0.859375 0.15625 0.0595703125
1 0.7900390625 0.552734375 0.0263671875 0.0361328125
1 0.130859375 0.607421875 0.017578125 0.03125
1 0.060546875 0.4814453125 0.0234375 0.037109375
1 0.89453125 0.587890625 0.044921875 0.056640625
1 0.84375 0.556640625 0.025390625 0.048828125
1 0.4404296875 0.3671875 0.015625 0.025390625
1 0.158203125 0.388671875 0.013671875 0.0185546875
1 0.1416015625 0.4970703125 0.017578125 0.03125
0 0.21875 0.345703125 0.0341796875 0.029296875
1 0.595703125 0.4453125 0.0126953125 0.021484375
1 0.4541015625 0.4716796875 0.0234375 0.0341796875
0 0.3994140625 0.4482421875 0.0234375 0.0439453125
1 0.63671875 0.4404296875 0.0390625 0.03125
1 0.0244140625 0.55859375 0.0234375 0.0419921875
1 0.095703125 0.4775390625 0.044921875 0.0419921875
1 0.6669921875 0.5478515625 0.15625 0.1455078125
0 0.2255859375 0.45703125 0.0517578125 0.033203125
1 0.4462890625 0.6728515625 0.029296875 0.080078125
1 0.630859375 0.505859375 0.021484375 0.0361328125
1 0.5048828125 0.4677734375 0.021484375 0.044921875
0 0.3359375 0.3984375 0.052734375 0.041015625
0 0.9541015625 0.5771484375 0.064453125 0.0576171875
0 0.27734375 0.4033203125 0.0859375 0.0625
1 0.974609375 0.6328125 0.0283203125 0.0625
1 0.7861328125 0.8203125 0.015625 0.0498046875
1 0.861328125 0.5595703125 0.013671875 0.0185546875
1 0.1767578125 0.4677734375 0.021484375 0.033203125
1 0.1318359375 0.443359375 0.0205078125 0.029296875
1 0.6689453125 0.685546875 0.037109375 0.0625