0 0.322265625 0.798828125 0.1484375 0.1767578125
1 0.775390625 0.732421875 0.041015625 0.091796875
1 0.716796875 0.767578125 0.0517578125 0.080078125
1 0.564453125 0.58203125 0.0283203125 0.0546875
1 0.509765625 0.58984375 0.029296875 0.0517578125
1 0.5927734375 0.634765625 0.033203125 0.0517578125
1 0.6484375 0.6240234375 0.03125 0.048828125
1 0.572265625 0.5400390625 0.0283203125 0.0390625
0 0.240234375 0.509765625 0.064453125 0.0732421875
0 0.22265625 0.5859375 0.080078125 0.0908203125
0 0.314453125 0.6494140625 0.0888671875 0.107421875
1 0.5625 0.3916015625 0.015625 0.0234375
1 0.591796875 0.3935546875 0.0185546875 0.0283203125
1 0.947265625 0.6923828125 0.076171875 0.072265625
1 0.513671875 0.4833984375 0.021484375 0.033203125
1 0.822265625 0.5830078125 0.0810546875 0.0810546875
1 0.560546875 0.7236328125 0.0419921875 0.078125
1 0.111328125 0.53125 0.0263671875 0.0498046875
1 0.138671875 0.623046875 0.0341796875 0.068359375
1 0.6953125 0.548828125 0.0439453125 0.0498046875
1 0.4892578125 0.4052734375 0.0126953125 0.0234375
1 0.1826171875 0.5166015625 0.0283203125 0.044921875
1 0.6708984375 0.46484375 0.0205078125 0.033203125
0 0.322265625 0.5517578125 0.0703125 0.0810546875
1 0.3857421875 0.6337890625 0.037109375 0.0576171875
0 0.3271484375 0.490234375 0.0673828125 0.0595703125
1 0.1337890625 0.4873046875 0.0205078125 0.0283203125
0 0.505859375 0.3427734375 0.03125 0.029296875
1 0.046875 0.578125 0.0283203125 0.0595703125
1 0.662109375 0.57421875 0.0419921875 0.060546875
1 0.892578125 0.6435546875 0.0751953125 0.072265625
1 0.673828125 0.830078125 0.052734375 0.0830078125
1 0.4208984375 0.3955078125 0.0205078125 0.0283203125
1 0.388671875 0.3955078125 0.0205078125 0.03125
1 0.611328125 0.435546875 0.0283203125 0.0390625
1 0.5126953125 0.40625 0.015625 0.025390625
1 0.5068359375 0.3681640625 0.017578125 0.0263671875
1 0.1591796875 0.5859375 0.03125 0.0439453125
0 0.48046875 0.3583984375 0.033203125 0.033203125
0 0.533203125 0.353515625 0.0341796875 0.0341796875
0 0.2548828125 0.3984375 0.0498046875 0.0498046875
1 0.4296875 0.576171875 0.0185546875 0.0419921875
1 0.2177734375 0.412109375 0.029296875 0.033203125
1 0.1826171875 0.478515625 0.0341796875 0.0390625
1 0.083984375 0.7587890625 0.056640625 0.095703125
1 0.9716796875 0.5263671875 0.0283203125 0.025390625
0 0.109375 0.4892578125 0.041015625 0.041015625
1 0.060546875 0.4794921875 0.0263671875 0.037109375
1 0.4228515625 0.6181640625 0.048828125 0.0517578125
1 0.9345703125 0.525390625 0.0283203125 0.0283203125
1 0.166015625 0.416015625 0.056640625 0.044921875
1 0.5810546875 0.4931640625 0.021484375 0.033203125
1 0.2431640625 0.3583984375 0.017578125 0.0205078125
1 0.8916015625 0.384765625 0.017578125 0.0263671875
1 0.896484375 0.583984375 0.044921875 0.0576171875
1 0.20703125 0.458984375 0.0234375 0.0361328125
0 0.380859375 0.36328125 0.033203125 0.0263671875
0 0.3193359375 0.3466796875 0.0830078125 0.0439453125
1 0.568359375 0.6181640625 0.103515625 0.2421875
1 0.021484375 0.564453125 0.021484375 0.0517578125
1 0.841796875 0.5400390625 0.0234375 0.033203125
1 0.5595703125 0.66796875 0.03125 0.0517578125
1 0.95703125 0.6279296875 0.033203125 0.0498046875