0 0.6376953125 0.7099609375 0.1376953125 0.154296875
0 0.369140625 0.736328125 0.1044921875 0.146484375
0 0.1552734375 0.5478515625 0.060546875 0.0732421875
1 0.6484375 0.6044921875 0.0341796875 0.0498046875
1 0.6923828125 0.544921875 0.046875 0.0517578125
1 0.818359375 0.5791015625 0.078125 0.0859375
1 0.595703125 0.4326171875 0.025390625 0.03125
0 0.611328125 0.4951171875 0.0703125 0.09375
1 0.759765625 0.7041015625 0.044921875 0.064453125
1 0.5625 0.4296875 0.021484375 0.03125
1 0.94140625 0.685546875 0.0859375 0.091796875
1 0.728515625 0.537109375 0.0439453125 0.0517578125
0 0.4423828125 0.421875 0.046875 0.052734375
0 0.505859375 0.5283203125 0.0751953125 0.087890625
1 0.90625 0.8544921875 0.068359375 0.068359375
0 0.1884765625 0.4658203125 0.048828125 0.052734375
0 0.216796875 0.6513671875 0.1513671875 0.171875
1 0.8740234375 0.662109375 0.0732421875 0.0751953125
1 0.650390625 0.83984375 0.064453125 0.095703125
1 0.5146484375 0.669921875 0.033203125 0.0654296875
0 0.267578125 0.416015625 0.0498046875 0.0390625
1 0.931640625 0.5302734375 0.0517578125 0.0361328125
1 0.884765625 0.5927734375 0.0703125 0.0673828125
1 0.279296875 0.52734375 0.0205078125 0.033203125
0 0.296875 0.447265625 0.0498046875 0.046875
0 0.5341796875 0.4541015625 0.0625 0.0673828125
1 0.4970703125 0.462890625 0.0283203125 0.041015625
1 0.5498046875 0.619140625 0.037109375 0.0595703125
0 0.34765625 0.4794921875 0.0830078125 0.109375
1 0.55078125 0.40625 0.017578125 0.0283203125
1 0.080078125 0.341796875 0.013671875 0.015625
1 0.9296875 0.609375 0.0439453125 0.041015625
1 0.095703125 0.7138671875 0.029296875 0.0498046875
1 0.166015625 0.6015625 0.0361328125 0.052734375
1 0.564453125 0.77734375 0.044921875 0.0732421875
1 0.5546875 0.5791015625 0.025390625 0.0390625
0 0.232421875 0.3466796875 0.029296875 0.0283203125
1 0.064453125 0.478515625 0.0419921875 0.0419921875
1 0.4970703125 0.37109375 0.0185546875 0.029296875
0 0.189453125 0.400390625 0.041015625 0.033203125
1 0.0244140625 0.5595703125 0.0263671875 0.0439453125
0 0.212890625 0.5498046875 0.0439453125 0.052734375
1 0.58203125 0.3779296875 0.0205078125 0.03125
1 0.681640625 0.5126953125 0.0234375 0.03125
1 0.44140625 0.361328125 0.017578125 0.021484375
1 0.9755859375 0.634765625 0.0263671875 0.0546875
0 0.3515625 0.3203125 0.03125 0.0185546875
1 0.0263671875 0.4794921875 0.03125 0.041015625
1 0.1337890625 0.4248046875 0.013671875 0.03125
1 0.4755859375 0.3828125 0.0234375 0.037109375
1 0.537109375 0.384765625 0.025390625 0.033203125
1 0.142578125 0.4423828125 0.015625 0.0185546875
1 0.109375 0.4853515625 0.037109375 0.033203125
1 0.9580078125 0.7626953125 0.025390625 0.046875