0 0.1552734375 0.681640625 0.1142578125 0.126953125
1 0.638671875 0.5712890625 0.041015625 0.060546875
0 0.3447265625 0.68359375 0.0986328125 0.123046875
0 0.5546875 0.6513671875 0.099609375 0.130859375
0 0.802734375 0.830078125 0.1796875 0.1171875
1 0.603515625 0.5263671875 0.03125 0.0498046875
0 0.333984375 0.53515625 0.076171875 0.080078125
1 0.6337890625 0.630859375 0.0419921875 0.0595703125
0 0.5078125 0.4482421875 0.046875 0.056640625
0 0.48828125 0.357421875 0.0361328125 0.0361328125
0 0.2216796875 0.5068359375 0.056640625 0.064453125
1 0.8076171875 0.5810546875 0.0595703125 0.0654296875
1 0.685546875 0.6240234375 0.0361328125 0.0576171875
1 0.49609375 0.5556640625 0.033203125 0.0732421875
1 0.6943359375 0.54296875 0.0390625 0.0517578125
1 0.7177734375 0.728515625 0.0576171875 0.080078125
1 0.9462890625 0.68359375 0.076171875 0.0859375
1 0.876953125 0.6630859375 0.083984375 0.0859375
0 0.2978515625 0.458984375 0.0517578125 0.0498046875
1 0.544921875 0.5703125 0.0263671875 0.0341796875
1 0.5703125 0.4736328125 0.0283203125 0.046875
0 0.474609375 0.4814453125 0.044921875 0.0595703125
1 0.42578125 0.5126953125 0.0234375 0.0439453125
1 0.599609375 0.458984375 0.021484375 0.0341796875
1 0.4140625 0.466796875 0.0185546875 0.029296875
1 0.845703125 0.603515625 0.046875 0.046875
1 0.58203125 0.583984375 0.033203125 0.0595703125
1 0.1494140625 0.5556640625 0.033203125 0.0546875
1 0.7626953125 0.720703125 0.0283203125 0.046875
0 0.484375 0.4052734375 0.0341796875 0.048828125
1 0.57421875 0.748046875 0.048828125 0.0830078125
0 0.5517578125 0.4150390625 0.0341796875 0.044921875
1 0.73046875 0.5400390625 0.0419921875 0.044921875
1 0.6005859375 0.486328125 0.0263671875 0.033203125
1 0.5693359375 0.5322265625 0.033203125 0.048828125
1 0.423828125 0.4267578125 0.0185546875 0.0283203125
1 0.5751953125 0.4365234375 0.021484375 0.0361328125
1 0.6591796875 0.837890625 0.0439453125 0.0595703125
1 0.9443359375 0.615234375 0.0830078125 0.072265625
1 0.5693359375 0.392578125 0.017578125 0.0263671875
1 0.2548828125 0.4638671875 0.0185546875 0.0341796875
0 0.2666015625 0.40625 0.048828125 0.037109375
1 0.8974609375 0.5439453125 0.033203125 0.03125
1 0.890625 0.5966796875 0.052734375 0.052734375
1 0.3974609375 0.451171875 0.0263671875 0.0419921875
1 0.0810546875 0.650390625 0.041015625 0.0625
1 0.03515625 0.57421875 0.0234375 0.0546875
1 0.43359375 0.408203125 0.013671875 0.021484375
1 0.060546875 0.4814453125 0.0234375 0.037109375
1 0.849609375 0.5556640625 0.03125 0.048828125
1 0.6357421875 0.4423828125 0.0283203125 0.0341796875
0 0.537109375 0.3505859375 0.0390625 0.0361328125
1 0.107421875 0.486328125 0.037109375 0.033203125
0 0.18359375 0.380859375 0.044921875 0.056640625
1 0.1796875 0.4833984375 0.025390625 0.0361328125
1 0.1435546875 0.4921875 0.025390625 0.0341796875
1 0.9755859375 0.7294921875 0.0234375 0.072265625
1 0.5908203125 0.380859375 0.015625 0.021484375
1 0.650390625 0.5302734375 0.0234375 0.0390625
1 0.2255859375 0.560546875 0.0419921875 0.0546875
1 0.2197265625 0.4130859375 0.0361328125 0.0361328125
1 0.580078125 0.5009765625 0.0908203125 0.185546875
1 0.6982421875 0.626953125 0.1591796875 0.2685546875
1 0.8154296875 0.533203125 0.025390625 0.0390625