0 0.322265625 0.798828125 0.146484375 0.1767578125
1 0.4013671875 0.6064453125 0.03125 0.0751953125
0 0.5341796875 0.4794921875 0.0751953125 0.087890625
0 0.314453125 0.6474609375 0.091796875 0.111328125
1 0.0859375 0.6689453125 0.0341796875 0.056640625
1 0.521484375 0.423828125 0.0283203125 0.0283203125
1 0.5546875 0.4365234375 0.025390625 0.033203125
1 0.6162109375 0.6904296875 0.044921875 0.0751953125
0 0.2421875 0.5126953125 0.0654296875 0.0810546875
1 0.8212890625 0.578125 0.0859375 0.083984375
1 0.5634765625 0.388671875 0.017578125 0.0263671875
1 0.1279296875 0.54296875 0.0283203125 0.0361328125
1 0.70703125 0.7001953125 0.0517578125 0.052734375
1 0.947265625 0.689453125 0.0751953125 0.080078125
1 0.693359375 0.5458984375 0.0517578125 0.0546875
1 0.427734375 0.4462890625 0.017578125 0.0361328125
0 0.505859375 0.341796875 0.0283203125 0.03125
1 0.396484375 0.423828125 0.0205078125 0.03125
1 0.865234375 0.798828125 0.064453125 0.0830078125
0 0.3271484375 0.4912109375 0.0673828125 0.060546875
1 0.662109375 0.625 0.0341796875 0.052734375
1 0.591796875 0.392578125 0.0185546875 0.0283203125
1 0.044921875 0.5654296875 0.0234375 0.0439453125
0 0.740234375 0.798828125 0.208984375 0.173828125
1 0.119140625 0.630859375 0.0341796875 0.0498046875
1 0.888671875 0.646484375 0.080078125 0.076171875
1 0.6513671875 0.4609375 0.03125 0.037109375
1 0.5068359375 0.3681640625 0.017578125 0.0263671875
0 0.5419921875 0.3349609375 0.0439453125 0.029296875
0 0.48046875 0.357421875 0.033203125 0.0390625
1 0.146484375 0.4951171875 0.029296875 0.037109375
1 0.615234375 0.62109375 0.0341796875 0.0419921875
1 0.904296875 0.541015625 0.033203125 0.0361328125
1 0.4638671875 0.396484375 0.0126953125 0.021484375
1 0.185546875 0.5244140625 0.0390625 0.044921875
0 0.3203125 0.548828125 0.072265625 0.080078125
0 0.2529296875 0.3955078125 0.0498046875 0.052734375
1 0.0341796875 0.6044921875 0.0439453125 0.0654296875
0 0.1396484375 0.4208984375 0.0390625 0.033203125
1 0.189453125 0.5576171875 0.0234375 0.041015625
1 0.169921875 0.57421875 0.0283203125 0.0517578125
1 0.048828125 0.798828125 0.0341796875 0.064453125
1 0.4384765625 0.3955078125 0.0263671875 0.037109375
1 0.40234375 0.3642578125 0.013671875 0.015625
1 0.712890625 0.517578125 0.0361328125 0.033203125
1 0.13671875 0.8623046875 0.0986328125 0.056640625
1 0.05859375 0.48046875 0.0234375 0.0361328125
1 0.501953125 0.5283203125 0.0205078125 0.037109375
1 0.408203125 0.388671875 0.0283203125 0.0263671875
1 0.2138671875 0.412109375 0.0283203125 0.0361328125
1 0.865234375 0.494140625 0.021484375 0.033203125
1 0.9072265625 0.583984375 0.064453125 0.060546875
1 0.0205078125 0.474609375 0.0185546875 0.025390625
1 0.841796875 0.537109375 0.03125 0.0390625
1 0.107421875 0.486328125 0.0341796875 0.0341796875
1 0.865234375 0.42578125 0.0205078125 0.0263671875
0 0.3525390625 0.3203125 0.033203125 0.015625
1 0.5107421875 0.4013671875 0.0126953125 0.025390625
1 0.3681640625 0.388671875 0.017578125 0.0185546875
1 0.4677734375 0.447265625 0.013671875 0.0234375
1 0.958984375 0.6259765625 0.0361328125 0.0517578125
1 0.9736328125 0.521484375 0.0283203125 0.0263671875
1 0.390625 0.490234375 0.0126953125 0.0263671875
1 0.552734375 0.412109375 0.013671875 0.0234375
1 0.1337890625 0.4677734375 0.0205078125 0.033203125
1 0.412109375 0.361328125 0.0107421875 0.0185546875