0 0.193359375 0.74609375 0.123046875 0.1611328125
0 0.51171875 0.4208984375 0.044921875 0.0517578125
0 0.337890625 0.7275390625 0.0986328125 0.1201171875
0 0.4912109375 0.357421875 0.0390625 0.037109375
1 0.30859375 0.853515625 0.0517578125 0.068359375
1 0.5146484375 0.4736328125 0.033203125 0.046875
1 0.06640625 0.54296875 0.029296875 0.0419921875
1 0.412109375 0.7998046875 0.052734375 0.072265625
0 0.537109375 0.353515625 0.041015625 0.0419921875
0 0.09765625 0.392578125 0.0673828125 0.0361328125
1 0.611328125 0.4951171875 0.033203125 0.041015625
1 0.556640625 0.447265625 0.0234375 0.0341796875
1 0.1162109375 0.66796875 0.048828125 0.0546875
1 0.466796875 0.4521484375 0.03125 0.0419921875
1 0.6455078125 0.490234375 0.025390625 0.0419921875
1 0.1767578125 0.431640625 0.021484375 0.0283203125
1 0.0341796875 0.5810546875 0.0439453125 0.056640625
1 0.076171875 0.7578125 0.0439453125 0.072265625
1 0.4970703125 0.44921875 0.0185546875 0.029296875
0 0.509765625 0.3330078125 0.0283203125 0.0283203125
1 0.5400390625 0.4755859375 0.0263671875 0.0419921875
1 0.5888671875 0.484375 0.0185546875 0.037109375
1 0.455078125 0.369140625 0.0205078125 0.0283203125
1 0.45703125 0.78125 0.0390625 0.0625
1 0.572265625 0.380859375 0.015625 0.0283203125
1 0.4248046875 0.7060546875 0.0439453125 0.0625
1 0.12109375 0.419921875 0.0205078125 0.03125
0 0.6748046875 0.5439453125 0.1376953125 0.068359375
1 0.431640625 0.4423828125 0.0205078125 0.03125
1 0.822265625 0.560546875 0.0361328125 0.0439453125
1 0.05859375 0.478515625 0.0205078125 0.033203125
1 0.572265625 0.408203125 0.013671875 0.0283203125
1 0.6201171875 0.466796875 0.0185546875 0.033203125
1 0.021484375 0.4736328125 0.017578125 0.021484375
1 0.205078125 0.3583984375 0.013671875 0.017578125
1 0.845703125 0.642578125 0.033203125 0.064453125
1 0.46484375 0.4228515625 0.0205078125 0.0263671875
1 0.44140625 0.4208984375 0.017578125 0.033203125
1 0.025390625 0.8271484375 0.029296875 0.076171875
1 0.166015625 0.3642578125 0.0107421875 0.0185546875
1 0.884765625 0.5703125 0.0263671875 0.052734375
1 0.1806640625 0.583984375 0.0263671875 0.0595703125
1 0.0654296875 0.509765625 0.0185546875 0.033203125
1 0.228515625 0.3564453125 0.0126953125 0.021484375
1 0.248046875 0.35546875 0.015625 0.0234375
0 0.115234375 0.2138671875 0.0546875 0.015625
1 0.8916015625 0.37890625 0.017578125 0.0361328125
1 0.546875 0.4169921875 0.015625 0.021484375
1 0.177734375 0.3271484375 0.021484375 0.0205078125
1 0.0283203125 0.7265625 0.037109375 0.0283203125