0 0.1923828125 0.7509765625 0.125 0.1669921875
0 0.509765625 0.421875 0.048828125 0.0625
0 0.3369140625 0.7275390625 0.0986328125 0.1201171875
1 0.564453125 0.591796875 0.0439453125 0.064453125
0 0.4892578125 0.3603515625 0.041015625 0.0361328125
1 0.708984375 0.626953125 0.0732421875 0.068359375
1 0.634765625 0.6533203125 0.0439453125 0.0654296875
1 0.8193359375 0.642578125 0.0888671875 0.068359375
1 0.0966796875 0.5927734375 0.03125 0.0517578125
1 0.4072265625 0.826171875 0.0546875 0.0732421875
1 0.642578125 0.6044921875 0.046875 0.056640625
0 0.5400390625 0.3466796875 0.0390625 0.03125
1 0.638671875 0.505859375 0.0263671875 0.0419921875
1 0.603515625 0.505859375 0.0283203125 0.041015625
1 0.5625 0.470703125 0.021484375 0.033203125
1 0.416015625 0.4638671875 0.033203125 0.03125
1 0.080078125 0.75390625 0.0595703125 0.0859375
1 0.529296875 0.373046875 0.015625 0.021484375
1 0.88671875 0.6328125 0.0576171875 0.056640625
0 0.822265625 0.576171875 0.181640625 0.072265625
1 0.794921875 0.755859375 0.064453125 0.083984375
1 0.4345703125 0.5048828125 0.025390625 0.037109375
1 0.4931640625 0.54296875 0.0361328125 0.0576171875
1 0.892578125 0.380859375 0.021484375 0.033203125
1 0.70703125 0.73828125 0.048828125 0.0673828125
1 0.4814453125 0.5986328125 0.03125 0.052734375
0 0.60546875 0.736328125 0.126953125 0.171875
1 0.521484375 0.501953125 0.03125 0.03125
1 0.544921875 0.431640625 0.021484375 0.03125
1 0.603515625 0.470703125 0.0205078125 0.0283203125
1 0.8369140625 0.4921875 0.0517578125 0.0439453125
1 0.427734375 0.6748046875 0.041015625 0.0625
0 0.5087890625 0.333984375 0.033203125 0.029296875
1 0.5302734375 0.451171875 0.013671875 0.0234375
1 0.47265625 0.4833984375 0.0263671875 0.0361328125
1 0.306640625 0.841796875 0.0439453125 0.0732421875
1 0.6748046875 0.5078125 0.0439453125 0.046875
1 0.306640625 0.447265625 0.0361328125 0.03125
1 0.5478515625 0.373046875 0.017578125 0.025390625
1 0.169921875 0.408203125 0.0205078125 0.0234375
1 0.345703125 0.6005859375 0.0576171875 0.048828125
1 0.564453125 0.4482421875 0.0185546875 0.025390625
1 0.75390625 0.6650390625 0.044921875 0.080078125
1 0.8408203125 0.869140625 0.0751953125 0.0439453125
1 0.392578125 0.5986328125 0.0419921875 0.068359375
1 0.060546875 0.4794921875 0.0234375 0.0341796875
1 0.0234375 0.5654296875 0.0185546875 0.0341796875
1 0.5205078125 0.669921875 0.0439453125 0.126953125
1 0.943359375 0.513671875 0.03125 0.0361328125
1 0.783203125 0.5478515625 0.041015625 0.033203125
1 0.9111328125 0.501953125 0.025390625 0.0390625
1 0.962890625 0.556640625 0.041015625 0.0390625
1 0.5556640625 0.533203125 0.0361328125 0.0390625
1 0.951171875 0.6220703125 0.056640625 0.0498046875
1 0.646484375 0.46484375 0.0263671875 0.029296875
1 0.236328125 0.4482421875 0.029296875 0.0283203125
1 0.05859375 0.7099609375 0.0263671875 0.0390625
1 0.5908203125 0.548828125 0.0341796875 0.0419921875
1 0.1064453125 0.486328125 0.0283203125 0.03125
1 0.1728515625 0.341796875 0.017578125 0.0185546875
1 0.041015625 0.556640625 0.015625 0.0283203125
1 0.533203125 0.4052734375 0.017578125 0.0234375
1 0.580078125 0.478515625 0.021484375 0.029296875
1 0.41015625 0.7646484375 0.0390625 0.0361328125
1 0.6474609375 0.5595703125 0.048828125 0.052734375
1 0.455078125 0.365234375 0.0234375 0.029296875
1 0.951171875 0.8720703125 0.0625 0.041015625
0 0.2392578125 0.373046875 0.0595703125 0.0341796875
1 0.3974609375 0.3662109375 0.0263671875 0.0234375
0 0.1865234375 0.8759765625 0.1044921875 0.029296875
1 0.9736328125 0.58984375 0.0283203125 0.044921875
1 0.2197265625 0.357421875 0.0107421875 0.013671875
1 0.568359375 0.556640625 0.216796875 0.1923828125
1 0.580078125 0.373046875 0.0205078125 0.029296875
1 0.767578125 0.494140625 0.033203125 0.0703125
1 0.787109375 0.4814453125 0.021484375 0.021484375
1 0.033203125 0.470703125 0.0390625 0.037109375
1 0.091796875 0.5615234375 0.013671875 0.0234375
1 0.0634765625 0.6708984375 0.029296875 0.0517578125
1 0.0244140625 0.375 0.0107421875 0.021484375
1 0.3134765625 0.599609375 0.0234375 0.0732421875