1 0.11328125 0.6748046875 0.029296875 0.0498046875
0 0.5537109375 0.505859375 0.0673828125 0.076171875
0 0.81640625 0.77734375 0.1953125 0.2080078125
1 0.68359375 0.5458984375 0.048828125 0.0546875
0 0.2197265625 0.490234375 0.0576171875 0.0625
1 0.6630859375 0.7001953125 0.048828125 0.0654296875
1 0.818359375 0.5751953125 0.076171875 0.0810546875
1 0.603515625 0.49609375 0.0234375 0.0419921875
1 0.6337890625 0.58203125 0.0419921875 0.0888671875
1 0.724609375 0.537109375 0.048828125 0.0498046875
1 0.35546875 0.431640625 0.0205078125 0.03125
1 0.376953125 0.474609375 0.0263671875 0.048828125
1 0.416015625 0.4619140625 0.025390625 0.0361328125
1 0.455078125 0.5205078125 0.033203125 0.056640625
0 0.521484375 0.419921875 0.0439453125 0.0439453125
0 0.560546875 0.408203125 0.0341796875 0.041015625
1 0.21484375 0.716796875 0.033203125 0.044921875
1 0.15625 0.4765625 0.021484375 0.0341796875
1 0.625 0.51953125 0.0341796875 0.0517578125
1 0.1748046875 0.6181640625 0.03125 0.060546875
1 0.671875 0.7998046875 0.0439453125 0.078125
1 0.2109375 0.4189453125 0.021484375 0.03125
1 0.634765625 0.8330078125 0.0439453125 0.083984375
1 0.267578125 0.5595703125 0.029296875 0.0439453125
1 0.57421875 0.466796875 0.0234375 0.0419921875
1 0.8896484375 0.6494140625 0.076171875 0.0673828125
1 0.279296875 0.4931640625 0.0283203125 0.0419921875
1 0.193359375 0.41015625 0.0234375 0.0361328125
0 0.5185546875 0.583984375 0.1123046875 0.1279296875
1 0.060546875 0.4794921875 0.0283203125 0.037109375
1 0.9521484375 0.658203125 0.0576171875 0.0673828125
1 0.259765625 0.443359375 0.017578125 0.0234375
1 0.2509765625 0.6083984375 0.033203125 0.0517578125
0 0.462890625 0.4326171875 0.0341796875 0.037109375
1 0.41015625 0.4296875 0.0205078125 0.03125
1 0.1484375 0.41796875 0.021484375 0.033203125
1 0.1923828125 0.361328125 0.025390625 0.033203125
1 0.3642578125 0.404296875 0.0185546875 0.0361328125
1 0.896484375 0.541015625 0.03125 0.0361328125
0 0.228515625 0.345703125 0.0263671875 0.029296875
0 0.2275390625 0.3740234375 0.0361328125 0.0361328125
1 0.1220703125 0.4140625 0.0341796875 0.03125
1 0.259765625 0.419921875 0.013671875 0.029296875
0 0.490234375 0.357421875 0.029296875 0.0263671875
1 0.138671875 0.537109375 0.025390625 0.033203125
1 0.595703125 0.4619140625 0.0263671875 0.033203125
1 0.673828125 0.50390625 0.033203125 0.0419921875
1 0.7783203125 0.666015625 0.046875 0.03125
1 0.177734375 0.4384765625 0.048828125 0.0361328125
1 0.39453125 0.494140625 0.0205078125 0.046875
0 0.0693359375 0.3857421875 0.060546875 0.041015625
1 0.1572265625 0.580078125 0.029296875 0.0341796875
1 0.896484375 0.5751953125 0.041015625 0.041015625
1 0.021484375 0.4853515625 0.0205078125 0.0419921875
1 0.455078125 0.365234375 0.015625 0.0263671875
1 0.2265625 0.4140625 0.015625 0.03125
0 0.533203125 0.3505859375 0.025390625 0.0234375
1 0.634765625 0.4404296875 0.0419921875 0.0341796875
1 0.8203125 0.537109375 0.03125 0.0390625
1 0.0234375 0.373046875 0.015625 0.0234375
1 0.591796875 0.41796875 0.015625 0.0234375
1 0.0771484375 0.337890625 0.0205078125 0.0185546875
0 0.46484375 0.3994140625 0.033203125 0.033203125
0 0.517578125 0.333984375 0.025390625 0.025390625
1 0.197265625 0.5849609375 0.189453125 0.216796875
1 0.2568359375 0.3837890625 0.0263671875 0.033203125
1 0.9541015625 0.591796875 0.033203125 0.037109375
1 0.9296875 0.70703125 0.0283203125 0.0361328125
1 0.517578125 0.4697265625 0.033203125 0.0419921875
0 0.3515625 0.3193359375 0.03125 0.017578125
0 0.572265625 0.376953125 0.0283203125 0.0283203125