0 0.193359375 0.7509765625 0.123046875 0.1640625
0 0.51171875 0.423828125 0.0517578125 0.0546875
1 0.5498046875 0.611328125 0.03125 0.064453125
0 0.337890625 0.7265625 0.0986328125 0.115234375
1 0.5224609375 0.6474609375 0.0361328125 0.064453125
0 0.62109375 0.7080078125 0.142578125 0.150390625
0 0.830078125 0.802734375 0.1845703125 0.1689453125
1 0.5927734375 0.533203125 0.044921875 0.056640625
1 0.74609375 0.640625 0.0703125 0.09375
1 0.41015625 0.5263671875 0.0390625 0.052734375
1 0.5498046875 0.4404296875 0.03125 0.041015625
1 0.62109375 0.47265625 0.0263671875 0.0361328125
0 0.5390625 0.34765625 0.041015625 0.033203125
1 0.4296875 0.681640625 0.037109375 0.056640625
1 0.587890625 0.6064453125 0.044921875 0.052734375
1 0.55078125 0.5234375 0.0263671875 0.046875
1 0.578125 0.453125 0.0341796875 0.046875
0 0.916015625 0.580078125 0.1357421875 0.068359375
1 0.6484375 0.533203125 0.046875 0.041015625
1 0.841796875 0.650390625 0.0732421875 0.0751953125
1 0.7119140625 0.470703125 0.0205078125 0.0234375
1 0.66796875 0.6083984375 0.0703125 0.076171875
0 0.4873046875 0.3486328125 0.072265625 0.0595703125
1 0.080078125 0.7490234375 0.0498046875 0.095703125
1 0.7158203125 0.5732421875 0.0751953125 0.0654296875
1 0.5654296875 0.4208984375 0.0185546875 0.033203125
1 0.525390625 0.515625 0.025390625 0.046875
1 0.478515625 0.615234375 0.041015625 0.0517578125
1 0.9619140625 0.6572265625 0.048828125 0.0859375
1 0.7900390625 0.5908203125 0.0986328125 0.0654296875
1 0.6943359375 0.5302734375 0.064453125 0.0419921875
1 0.4375 0.50390625 0.025390625 0.0419921875
1 0.453125 0.525390625 0.021484375 0.041015625
1 0.462890625 0.431640625 0.041015625 0.041015625
1 0.5 0.48046875 0.0341796875 0.044921875
1 0.625 0.583984375 0.0498046875 0.0576171875
0 0.8408203125 0.494140625 0.0810546875 0.052734375
1 0.4111328125 0.4814453125 0.0185546875 0.0283203125
1 0.2744140625 0.6025390625 0.064453125 0.0390625
1 0.662109375 0.455078125 0.0263671875 0.0390625
1 0.0244140625 0.5625 0.0234375 0.0498046875
1 0.0703125 0.4794921875 0.0439453125 0.037109375
1 0.55078125 0.37109375 0.013671875 0.0263671875
0 0.3525390625 0.3203125 0.033203125 0.0185546875
1 0.513671875 0.552734375 0.0205078125 0.029296875
1 0.5478515625 0.396484375 0.017578125 0.0341796875
1 0.9228515625 0.64453125 0.0517578125 0.0517578125
1 0.322265625 0.599609375 0.048828125 0.056640625
1 0.619140625 0.55078125 0.0234375 0.0361328125
1 0.228515625 0.408203125 0.0205078125 0.041015625
1 0.1923828125 0.5986328125 0.021484375 0.068359375
1 0.0537109375 0.658203125 0.029296875 0.0732421875
1 0.1044921875 0.486328125 0.03125 0.033203125
1 0.326171875 0.357421875 0.021484375 0.0283203125
1 0.248046875 0.328125 0.015625 0.0185546875
1 0.841796875 0.5849609375 0.029296875 0.0419921875
1 0.79296875 0.560546875 0.0234375 0.033203125
1 0.0283203125 0.8583984375 0.03125 0.0576171875
1 0.396484375 0.4384765625 0.03125 0.0234375
1 0.072265625 0.337890625 0.0107421875 0.017578125
1 0.466796875 0.345703125 0.013671875 0.021484375
1 0.587890625 0.490234375 0.021484375 0.0341796875
0 0.197265625 0.875 0.0888671875 0.0283203125
1 0.9189453125 0.5146484375 0.0439453125 0.0390625
1 0.1767578125 0.3251953125 0.021484375 0.021484375