0 0.3193359375 0.7998046875 0.1455078125 0.1748046875
0 0.6025390625 0.591796875 0.091796875 0.123046875
1 0.4228515625 0.466796875 0.0234375 0.0361328125
1 0.197265625 0.654296875 0.029296875 0.0546875
0 0.31640625 0.6494140625 0.095703125 0.107421875
1 0.181640625 0.529296875 0.0361328125 0.0419921875
0 0.2412109375 0.51171875 0.060546875 0.076171875
0 0.48046875 0.4892578125 0.0732421875 0.083984375
1 0.119140625 0.5712890625 0.029296875 0.0390625
1 0.693359375 0.5498046875 0.046875 0.056640625
1 0.595703125 0.4912109375 0.021484375 0.0390625
1 0.400390625 0.3955078125 0.0205078125 0.0283203125
1 0.224609375 0.587890625 0.033203125 0.060546875
1 0.1796875 0.5771484375 0.0283203125 0.044921875
1 0.822265625 0.580078125 0.0888671875 0.0888671875
1 0.5625 0.3916015625 0.015625 0.0234375
1 0.4404296875 0.4013671875 0.021484375 0.0283203125
1 0.529296875 0.435546875 0.017578125 0.0263671875
1 0.685546875 0.740234375 0.0390625 0.0673828125
1 0.533203125 0.478515625 0.0263671875 0.0390625
1 0.431640625 0.4248046875 0.017578125 0.021484375
0 0.5078125 0.3486328125 0.0341796875 0.041015625
0 0.939453125 0.521484375 0.091796875 0.068359375
1 0.365234375 0.4580078125 0.025390625 0.03125
1 0.1083984375 0.49609375 0.033203125 0.033203125
0 0.3271484375 0.490234375 0.0673828125 0.0595703125
1 0.064453125 0.4775390625 0.03125 0.033203125
1 0.4033203125 0.5390625 0.03125 0.046875
1 0.8916015625 0.654296875 0.0732421875 0.068359375
0 0.4794921875 0.357421875 0.0341796875 0.037109375
1 0.9453125 0.6884765625 0.078125 0.0859375
1 0.61328125 0.533203125 0.0234375 0.041015625
0 0.3212890625 0.55078125 0.0703125 0.080078125
1 0.587890625 0.3984375 0.0126953125 0.021484375
1 0.1279296875 0.486328125 0.021484375 0.0283203125
1 0.4912109375 0.447265625 0.017578125 0.0234375
1 0.12890625 0.529296875 0.0205078125 0.0341796875
1 0.591796875 0.451171875 0.0283203125 0.029296875
1 0.19140625 0.4228515625 0.0263671875 0.029296875
1 0.146484375 0.7353515625 0.041015625 0.0546875
0 0.2568359375 0.404296875 0.048828125 0.0419921875
1 0.216796875 0.41796875 0.03125 0.033203125
1 0.423828125 0.388671875 0.021484375 0.025390625
1 0.71484375 0.5166015625 0.033203125 0.0361328125
1 0.166015625 0.478515625 0.0205078125 0.0341796875
1 0.7490234375 0.478515625 0.0361328125 0.03125
1 0.2060546875 0.4619140625 0.0185546875 0.029296875
0 0.54296875 0.3349609375 0.0361328125 0.029296875
1 0.892578125 0.5859375 0.044921875 0.052734375
1 0.892578125 0.3876953125 0.0205078125 0.03125
1 0.041015625 0.572265625 0.021484375 0.056640625
1 0.59765625 0.423828125 0.013671875 0.03125
1 0.1494140625 0.392578125 0.0205078125 0.0205078125
1 0.2802734375 0.3642578125 0.013671875 0.0185546875
1 0.0224609375 0.5185546875 0.0234375 0.0185546875
1 0.1591796875 0.53125 0.115234375 0.1435546875
0 0.9501953125 0.578125 0.0751953125 0.0595703125
1 0.2490234375 0.361328125 0.0390625 0.025390625
0 0.2314453125 0.328125 0.0439453125 0.0283203125
1 0.712890625 0.8681640625 0.0361328125 0.0419921875
0 0.3515625 0.3212890625 0.0341796875 0.017578125
1 0.43359375 0.400390625 0.0859375 0.0966796875
1 0.5458984375 0.779296875 0.048828125 0.0595703125
1 0.376953125 0.365234375 0.017578125 0.021484375
1 0.9619140625 0.626953125 0.029296875 0.046875
0 0.3017578125 0.3828125 0.056640625 0.025390625
0 0.6376953125 0.44140625 0.0341796875 0.033203125
1 0.01953125 0.6376953125 0.013671875 0.0810546875