0 0.322265625 0.8017578125 0.1435546875 0.1748046875
0 0.6630859375 0.693359375 0.1484375 0.1845703125
0 0.201171875 0.6767578125 0.103515625 0.119140625
0 0.2412109375 0.5068359375 0.064453125 0.0703125
0 0.318359375 0.650390625 0.0908203125 0.107421875
0 0.5029296875 0.34375 0.037109375 0.03125
0 0.224609375 0.578125 0.078125 0.0908203125
0 0.0810546875 0.7958984375 0.1064453125 0.154296875
1 0.728515625 0.53515625 0.0439453125 0.0419921875
1 0.8193359375 0.5830078125 0.080078125 0.0751953125
0 0.478515625 0.3681640625 0.029296875 0.033203125
0 0.55078125 0.455078125 0.0986328125 0.060546875
1 0.388671875 0.5087890625 0.0185546875 0.0419921875
1 0.947265625 0.6865234375 0.0751953125 0.0859375
1 0.138671875 0.5126953125 0.0283203125 0.041015625
0 0.3271484375 0.490234375 0.0673828125 0.0595703125
0 0.3203125 0.55078125 0.068359375 0.080078125
1 0.701171875 0.548828125 0.0283203125 0.0419921875
1 0.494140625 0.4296875 0.021484375 0.03125
0 0.2470703125 0.38671875 0.046875 0.0390625
0 0.3515625 0.3212890625 0.03125 0.017578125
1 0.6806640625 0.53125 0.0263671875 0.052734375
1 0.9306640625 0.60546875 0.048828125 0.0419921875
1 0.1337890625 0.466796875 0.017578125 0.025390625
0 0.224609375 0.357421875 0.025390625 0.0185546875
1 0.89453125 0.576171875 0.0390625 0.0419921875
1 0.068359375 0.4794921875 0.0341796875 0.0341796875
1 0.5078125 0.419921875 0.015625 0.0263671875
0 0.5419921875 0.3330078125 0.03125 0.021484375
1 0.4365234375 0.8486328125 0.0419921875 0.078125
1 0.095703125 0.486328125 0.0185546875 0.03125
1 0.900390625 0.5458984375 0.03125 0.029296875
1 0.0322265625 0.58203125 0.0419921875 0.0859375
1 0.158203125 0.5634765625 0.029296875 0.064453125
1 0.587890625 0.412109375 0.015625 0.0234375
1 0.1884765625 0.51171875 0.0263671875 0.033203125
1 0.4833984375 0.392578125 0.0234375 0.0283203125
1 0.1748046875 0.46484375 0.021484375 0.029296875
1 0.4140625 0.455078125 0.0283203125 0.046875
1 0.896484375 0.6494140625 0.0732421875 0.0703125
0 0.189453125 0.3828125 0.029296875 0.0185546875
1 0.5078125 0.400390625 0.0126953125 0.0205078125
1 0.5712890625 0.3759765625 0.0263671875 0.029296875
0 0.392578125 0.419921875 0.0205078125 0.0283203125
1 0.138671875 0.416015625 0.0185546875 0.0234375
1 0.205078125 0.48046875 0.0185546875 0.0390625
1 0.458984375 0.3525390625 0.0185546875 0.0263671875
1 0.1796875 0.41796875 0.015625 0.029296875
1 0.634765625 0.44140625 0.0283203125 0.0361328125
1 0.220703125 0.41796875 0.0283203125 0.033203125
1 0.1796875 0.8505859375 0.041015625 0.076171875
1 0.197265625 0.42578125 0.021484375 0.0263671875
0 0.0673828125 0.322265625 0.0341796875 0.0205078125
1 0.5390625 0.8330078125 0.0625 0.109375
1 0.6572265625 0.4609375 0.0361328125 0.0283203125
1 0.541015625 0.392578125 0.107421875 0.0830078125