0 0.1923828125 0.7509765625 0.125 0.1640625
0 0.51171875 0.4130859375 0.048828125 0.0517578125
0 0.66015625 0.759765625 0.1513671875 0.177734375
1 0.427734375 0.6787109375 0.033203125 0.0830078125
0 0.662109375 0.630859375 0.119140625 0.109375
1 0.5849609375 0.5576171875 0.0390625 0.052734375
0 0.3388671875 0.7255859375 0.0966796875 0.1142578125
0 0.533203125 0.5908203125 0.0966796875 0.1123046875
1 0.0751953125 0.7607421875 0.0341796875 0.068359375
1 0.37890625 0.5185546875 0.033203125 0.046875
0 0.9560546875 0.51953125 0.0595703125 0.0546875
1 0.72265625 0.5830078125 0.0703125 0.0625
1 0.423828125 0.470703125 0.0283203125 0.0390625
0 0.48828125 0.3623046875 0.0361328125 0.03125
0 0.541015625 0.341796875 0.03125 0.025390625
1 0.814453125 0.65625 0.0908203125 0.068359375
1 0.6826171875 0.525390625 0.0498046875 0.044921875
1 0.95703125 0.6474609375 0.060546875 0.064453125
1 0.791015625 0.5830078125 0.052734375 0.046875
0 0.5087890625 0.3349609375 0.029296875 0.029296875
1 0.388671875 0.474609375 0.029296875 0.03125
1 0.513671875 0.5126953125 0.025390625 0.0439453125
1 0.5634765625 0.50390625 0.0263671875 0.033203125
1 0.5341796875 0.376953125 0.0185546875 0.0263671875
1 0.599609375 0.4951171875 0.0283203125 0.03125
0 0.458984375 0.490234375 0.0595703125 0.0908203125
1 0.443359375 0.427734375 0.0205078125 0.029296875
1 0.548828125 0.421875 0.021484375 0.041015625
1 0.62890625 0.5625 0.029296875 0.0283203125
1 0.634765625 0.455078125 0.03125 0.029296875
0 0.939453125 0.572265625 0.091796875 0.0703125
1 0.27734375 0.48828125 0.0205078125 0.0517578125
1 0.0751953125 0.4765625 0.056640625 0.041015625
1 0.61328125 0.439453125 0.017578125 0.0234375
1 0.5498046875 0.37109375 0.015625 0.029296875
1 0.0390625 0.552734375 0.0185546875 0.0283203125
1 0.6376953125 0.5244140625 0.03125 0.0517578125
1 0.8466796875 0.5498046875 0.0439453125 0.0341796875
1 0.5830078125 0.427734375 0.056640625 0.0595703125
1 0.6845703125 0.466796875 0.025390625 0.0419921875
1 0.61328125 0.517578125 0.0234375 0.03125
1 0.486328125 0.5068359375 0.0263671875 0.033203125
0 0.240234375 0.3798828125 0.0625 0.03125
1 0.099609375 0.5869140625 0.025390625 0.0517578125
1 0.0322265625 0.4794921875 0.0419921875 0.046875
1 0.892578125 0.611328125 0.044921875 0.041015625
0 0.353515625 0.3203125 0.0341796875 0.0185546875
1 0.4287109375 0.4404296875 0.017578125 0.025390625
1 0.833984375 0.5029296875 0.0361328125 0.0283203125
1 0.455078125 0.359375 0.025390625 0.0283203125
1 0.537109375 0.4765625 0.0185546875 0.03125
1 0.865234375 0.76171875 0.03125 0.1484375
1 0.580078125 0.603515625 0.021484375 0.0263671875
0 0.197265625 0.8759765625 0.1044921875 0.029296875
1 0.021484375 0.6494140625 0.021484375 0.0419921875