1 0.623046875 0.5634765625 0.033203125 0.0576171875
1 0.662109375 0.6103515625 0.046875 0.0703125
0 0.12109375 0.755859375 0.1201171875 0.140625
0 0.181640625 0.5673828125 0.0810546875 0.083984375
1 0.767578125 0.6767578125 0.0546875 0.087890625
0 0.5517578125 0.6044921875 0.103515625 0.1123046875
1 0.6044921875 0.5166015625 0.0283203125 0.0576171875
0 0.525390625 0.509765625 0.068359375 0.0673828125
1 0.693359375 0.55078125 0.0419921875 0.0546875
0 0.3369140625 0.525390625 0.064453125 0.0732421875
1 0.7978515625 0.5751953125 0.044921875 0.0625
1 0.880859375 0.833984375 0.091796875 0.107421875
1 0.7265625 0.6259765625 0.03125 0.060546875
1 0.6767578125 0.671875 0.046875 0.0751953125
0 0.474609375 0.3798828125 0.0419921875 0.0439453125
0 0.3037109375 0.466796875 0.0546875 0.052734375
1 0.640625 0.7578125 0.046875 0.0595703125
1 0.9404296875 0.6826171875 0.087890625 0.0908203125
1 0.734375 0.7958984375 0.068359375 0.1640625
1 0.6279296875 0.828125 0.0625 0.115234375
1 0.5498046875 0.716796875 0.046875 0.068359375
1 0.841796875 0.580078125 0.044921875 0.078125
1 0.7294921875 0.5390625 0.041015625 0.0439453125
0 0.216796875 0.4560546875 0.044921875 0.041015625
1 0.1396484375 0.50390625 0.017578125 0.0361328125
1 0.16015625 0.4794921875 0.0205078125 0.03125
1 0.525390625 0.435546875 0.03125 0.052734375
0 0.478515625 0.43359375 0.0439453125 0.048828125
0 0.1962890625 0.4091796875 0.048828125 0.0439453125
1 0.06640625 0.478515625 0.0390625 0.037109375
1 0.267578125 0.654296875 0.0263671875 0.0439453125
1 0.638671875 0.5283203125 0.0234375 0.052734375
0 0.591796875 0.4443359375 0.072265625 0.0546875
1 0.4716796875 0.5703125 0.0283203125 0.0751953125
0 0.2470703125 0.3876953125 0.046875 0.0439453125
1 0.43359375 0.51171875 0.0205078125 0.033203125
0 0.4375 0.4169921875 0.041015625 0.046875
0 0.5263671875 0.3466796875 0.0439453125 0.041015625
1 0.8974609375 0.583984375 0.0419921875 0.048828125
1 0.0966796875 0.6318359375 0.0341796875 0.0703125
1 0.5517578125 0.3916015625 0.0185546875 0.029296875
1 0.61328125 0.4697265625 0.0205078125 0.033203125
1 0.1005859375 0.48046875 0.033203125 0.0361328125
1 0.2548828125 0.501953125 0.0185546875 0.03125
1 0.025390625 0.5615234375 0.0263671875 0.044921875
1 0.115234375 0.576171875 0.0205078125 0.0263671875
0 0.3525390625 0.3212890625 0.033203125 0.017578125
1 0.7041015625 0.759765625 0.0234375 0.0439453125
0 0.94921875 0.58203125 0.0732421875 0.0673828125
0 0.580078125 0.3935546875 0.0419921875 0.056640625
1 0.974609375 0.6376953125 0.029296875 0.056640625
1 0.0322265625 0.8359375 0.0390625 0.056640625
0 0.2724609375 0.4150390625 0.0361328125 0.029296875
1 0.8232421875 0.5361328125 0.021484375 0.041015625
1 0.171875 0.41796875 0.015625 0.0234375
1 0.6474609375 0.44140625 0.0390625 0.0361328125
1 0.8984375 0.7314453125 0.03125 0.0751953125
1 0.1240234375 0.361328125 0.0107421875 0.0126953125
1 0.9716796875 0.7392578125 0.025390625 0.0810546875
1 0.169921875 0.451171875 0.0390625 0.041015625
1 0.271484375 0.4404296875 0.0341796875 0.03125