0 0.1904296875 0.7548828125 0.125 0.1689453125
0 0.7626953125 0.7412109375 0.1845703125 0.205078125
0 0.51171875 0.4111328125 0.0546875 0.0625
1 0.677734375 0.57421875 0.0439453125 0.060546875
0 0.490234375 0.3603515625 0.0361328125 0.029296875
0 0.556640625 0.625 0.109375 0.1220703125
0 0.3388671875 0.724609375 0.103515625 0.115234375
1 0.2734375 0.470703125 0.025390625 0.0439453125
1 0.798828125 0.59375 0.0576171875 0.056640625
1 0.6162109375 0.505859375 0.0517578125 0.056640625
1 0.1494140625 0.470703125 0.0263671875 0.041015625
1 0.8154296875 0.548828125 0.0498046875 0.0439453125
0 0.49609375 0.5341796875 0.0703125 0.0908203125
0 0.93359375 0.517578125 0.0986328125 0.0654296875
1 0.658203125 0.5283203125 0.029296875 0.0439453125
1 0.87109375 0.779296875 0.0546875 0.1015625
0 0.509765625 0.333984375 0.029296875 0.0263671875
1 0.564453125 0.501953125 0.025390625 0.0341796875
1 0.4521484375 0.3701171875 0.017578125 0.03125
1 0.6162109375 0.4501953125 0.0263671875 0.0341796875
1 0.34765625 0.435546875 0.0234375 0.033203125
1 0.416015625 0.447265625 0.025390625 0.0361328125
1 0.744140625 0.537109375 0.0498046875 0.041015625
1 0.029296875 0.560546875 0.0361328125 0.044921875
1 0.712890625 0.578125 0.041015625 0.0439453125
1 0.3935546875 0.6396484375 0.041015625 0.048828125
1 0.55078125 0.421875 0.0263671875 0.037109375
1 0.10546875 0.6533203125 0.0546875 0.0439453125
1 0.853515625 0.6015625 0.03125 0.046875
1 0.0693359375 0.7607421875 0.0361328125 0.056640625
1 0.46875 0.427734375 0.025390625 0.041015625
0 0.4541015625 0.47265625 0.033203125 0.048828125
1 0.841796875 0.6611328125 0.0576171875 0.0654296875
1 0.060546875 0.478515625 0.0263671875 0.0361328125
1 0.712890625 0.52734375 0.021484375 0.033203125
1 0.404296875 0.826171875 0.041015625 0.0654296875
1 0.552734375 0.5302734375 0.0283203125 0.0361328125
0 0.54296875 0.3388671875 0.029296875 0.025390625
1 0.896484375 0.6298828125 0.048828125 0.0595703125
1 0.5380859375 0.482421875 0.0234375 0.03125
1 0.9541015625 0.6328125 0.064453125 0.09375
1 0.5400390625 0.375 0.0234375 0.03125
1 0.5908203125 0.4052734375 0.021484375 0.0263671875
1 0.3955078125 0.431640625 0.015625 0.0234375
1 0.0234375 0.373046875 0.0185546875 0.021484375
1 0.89453125 0.560546875 0.0361328125 0.044921875
1 0.76171875 0.482421875 0.013671875 0.0263671875
1 0.427734375 0.515625 0.029296875 0.041015625
1 0.2509765625 0.337890625 0.029296875 0.0205078125
1 0.6630859375 0.498046875 0.029296875 0.0263671875
1 0.544921875 0.8037109375 0.046875 0.048828125
1 0.0224609375 0.46875 0.0205078125 0.037109375
1 0.78125 0.5341796875 0.0341796875 0.041015625
1 0.953125 0.8564453125 0.0625 0.0625
1 0.482421875 0.677734375 0.0390625 0.0673828125
1 0.0654296875 0.72265625 0.03125 0.0390625
1 0.8837890625 0.681640625 0.0517578125 0.0361328125
1 0.548828125 0.4609375 0.015625 0.021484375
1 0.58984375 0.439453125 0.0888671875 0.130859375
0 0.7119140625 0.462890625 0.1015625 0.0576171875
1 0.474609375 0.3408203125 0.0107421875 0.015625
1 0.328125 0.357421875 0.0185546875 0.0263671875