0 0.19140625 0.748046875 0.126953125 0.1640625
0 0.5107421875 0.423828125 0.046875 0.0517578125
0 0.3388671875 0.7265625 0.0966796875 0.119140625
0 0.5380859375 0.3525390625 0.0390625 0.0390625
1 0.41015625 0.80078125 0.0546875 0.0732421875
1 0.548828125 0.466796875 0.025390625 0.0439453125
0 0.490234375 0.3603515625 0.0390625 0.033203125
1 0.609375 0.49609375 0.041015625 0.044921875
1 0.310546875 0.8525390625 0.044921875 0.0732421875
1 0.076171875 0.755859375 0.0439453125 0.0751953125
0 0.044921875 0.376953125 0.048828125 0.0263671875
1 0.427734375 0.681640625 0.0390625 0.0439453125
1 0.439453125 0.4443359375 0.0205078125 0.0263671875
1 0.5703125 0.3876953125 0.015625 0.0283203125
1 0.119140625 0.666015625 0.046875 0.064453125
1 0.5126953125 0.4619140625 0.03125 0.044921875
1 0.46875 0.4482421875 0.0283203125 0.041015625
1 0.4580078125 0.7822265625 0.037109375 0.064453125
0 0.509765625 0.5234375 0.1044921875 0.078125
1 0.5859375 0.3896484375 0.015625 0.029296875
0 0.5087890625 0.33203125 0.0263671875 0.0263671875
1 0.5498046875 0.435546875 0.021484375 0.03125
1 0.6201171875 0.4638671875 0.0185546875 0.0283203125
1 0.6435546875 0.4951171875 0.021484375 0.03125
1 0.421875 0.7373046875 0.046875 0.052734375
1 0.6796875 0.560546875 0.0341796875 0.052734375
1 0.0302734375 0.5654296875 0.0390625 0.0625
1 0.5654296875 0.4326171875 0.015625 0.025390625
1 0.462890625 0.365234375 0.017578125 0.0283203125
1 0.029296875 0.7783203125 0.0361328125 0.068359375
0 0.1875 0.3251953125 0.041015625 0.025390625
1 0.021484375 0.8232421875 0.021484375 0.046875
0 0.2314453125 0.3671875 0.052734375 0.0341796875
1 0.166015625 0.365234375 0.0126953125 0.013671875
1 0.634765625 0.5400390625 0.0234375 0.0361328125
1 0.5185546875 0.548828125 0.021484375 0.0341796875
1 0.8427734375 0.6416015625 0.044921875 0.0673828125
1 0.6591796875 0.521484375 0.0341796875 0.03125
1 0.58203125 0.421875 0.013671875 0.0283203125
1 0.4716796875 0.3408203125 0.0185546875 0.0185546875
1 0.330078125 0.3583984375 0.015625 0.0205078125
1 0.05859375 0.478515625 0.0205078125 0.03125
1 0.5830078125 0.455078125 0.0185546875 0.0361328125
0 0.095703125 0.3974609375 0.0673828125 0.0361328125
0 0.193359375 0.8759765625 0.109375 0.029296875