0 0.3232421875 0.8017578125 0.140625 0.1748046875
0 0.091796875 0.7158203125 0.09375 0.1279296875
0 0.201171875 0.677734375 0.1044921875 0.1201171875
1 0.6923828125 0.544921875 0.0498046875 0.056640625
0 0.318359375 0.646484375 0.09375 0.1044921875
0 0.240234375 0.5078125 0.0625 0.072265625
1 0.8193359375 0.57421875 0.0859375 0.091796875
0 0.224609375 0.5771484375 0.076171875 0.0888671875
0 0.322265625 0.546875 0.072265625 0.0810546875
1 0.900390625 0.650390625 0.080078125 0.0810546875
0 0.630859375 0.474609375 0.0888671875 0.068359375
0 0.185546875 0.3779296875 0.03125 0.0341796875
0 0.2275390625 0.3525390625 0.033203125 0.029296875
1 0.552734375 0.458984375 0.0205078125 0.0419921875
1 0.6767578125 0.5068359375 0.03125 0.044921875
1 0.9619140625 0.701171875 0.0517578125 0.0732421875
1 0.525390625 0.455078125 0.021484375 0.044921875
0 0.4814453125 0.3583984375 0.03125 0.0263671875
1 0.4111328125 0.4501953125 0.0185546875 0.0341796875
1 0.1845703125 0.4228515625 0.015625 0.0263671875
1 0.150390625 0.4189453125 0.015625 0.03125
1 0.587890625 0.451171875 0.015625 0.029296875
0 0.501953125 0.3447265625 0.03125 0.0263671875
0 0.52734375 0.328125 0.044921875 0.0283203125
1 0.0341796875 0.5888671875 0.041015625 0.087890625
1 0.197265625 0.4130859375 0.0205078125 0.029296875
1 0.4443359375 0.423828125 0.0205078125 0.033203125
1 0.9345703125 0.61328125 0.0439453125 0.048828125
1 0.5009765625 0.4921875 0.017578125 0.0341796875
1 0.4921875 0.427734375 0.0185546875 0.0341796875
1 0.6826171875 0.478515625 0.037109375 0.0263671875
1 0.8955078125 0.5869140625 0.041015625 0.060546875
0 0.7861328125 0.84375 0.166015625 0.0908203125
1 0.560546875 0.4033203125 0.068359375 0.0908203125
1 0.8974609375 0.541015625 0.0361328125 0.033203125
1 0.357421875 0.46484375 0.0234375 0.0546875
1 0.1884765625 0.5048828125 0.0263671875 0.046875
1 0.064453125 0.4794921875 0.03125 0.037109375
0 0.068359375 0.322265625 0.033203125 0.0205078125
1 0.388671875 0.6591796875 0.0419921875 0.078125
1 0.1533203125 0.4736328125 0.025390625 0.03125
1 0.1669921875 0.51953125 0.03125 0.0517578125
0 0.470703125 0.470703125 0.076171875 0.072265625
1 0.81640625 0.494140625 0.0234375 0.0263671875
1 0.8173828125 0.53515625 0.0283203125 0.0390625
0 0.251953125 0.388671875 0.0810546875 0.0439453125
1 0.1767578125 0.462890625 0.03125 0.0390625
1 0.8388671875 0.4892578125 0.0283203125 0.0283203125
0 0.353515625 0.3203125 0.03125 0.015625
1 0.126953125 0.431640625 0.015625 0.0263671875
1 0.4384765625 0.3642578125 0.017578125 0.021484375