0 0.322265625 0.798828125 0.146484375 0.1748046875
0 0.1181640625 0.611328125 0.0830078125 0.09375
0 0.2001953125 0.67578125 0.103515625 0.1171875
1 0.6103515625 0.5107421875 0.033203125 0.052734375
0 0.556640625 0.5556640625 0.1044921875 0.107421875
0 0.240234375 0.509765625 0.0625 0.072265625
0 0.3173828125 0.6484375 0.09375 0.109375
1 0.525390625 0.4599609375 0.0263671875 0.0361328125
1 0.4716796875 0.4287109375 0.0185546875 0.029296875
1 0.5576171875 0.4931640625 0.0283203125 0.033203125
0 0.2236328125 0.576171875 0.0751953125 0.087890625
0 0.3212890625 0.548828125 0.0703125 0.080078125
1 0.52734375 0.490234375 0.0205078125 0.0341796875
1 0.9482421875 0.689453125 0.072265625 0.0810546875
1 0.484375 0.490234375 0.025390625 0.0419921875
0 0.474609375 0.369140625 0.033203125 0.03125
1 0.509765625 0.4365234375 0.0283203125 0.0419921875
1 0.4169921875 0.630859375 0.03125 0.056640625
1 0.4306640625 0.4638671875 0.017578125 0.0341796875
0 0.322265625 0.4814453125 0.0673828125 0.0625
1 0.8193359375 0.5791015625 0.080078125 0.0830078125
1 0.068359375 0.658203125 0.0341796875 0.0390625
1 0.0712890625 0.7080078125 0.0361328125 0.0498046875
1 0.8896484375 0.658203125 0.080078125 0.0732421875
1 0.6015625 0.4638671875 0.0341796875 0.0439453125
0 0.25390625 0.404296875 0.048828125 0.0361328125
1 0.56640625 0.4462890625 0.029296875 0.044921875
1 0.3818359375 0.5771484375 0.0234375 0.0419921875
1 0.130859375 0.7265625 0.033203125 0.052734375
1 0.1845703125 0.408203125 0.025390625 0.03125
1 0.7021484375 0.5478515625 0.0361328125 0.044921875
1 0.060546875 0.486328125 0.0283203125 0.03125
1 0.431640625 0.400390625 0.015625 0.021484375
1 0.1474609375 0.392578125 0.013671875 0.0205078125
0 0.236328125 0.3466796875 0.0283203125 0.0283203125
0 0.5224609375 0.396484375 0.0361328125 0.0341796875
1 0.0244140625 0.56640625 0.0263671875 0.0546875
1 0.4892578125 0.4033203125 0.021484375 0.0439453125
1 0.8974609375 0.5419921875 0.0361328125 0.0341796875
1 0.501953125 0.3857421875 0.017578125 0.0283203125
1 0.1708984375 0.419921875 0.013671875 0.0263671875
1 0.4541015625 0.4990234375 0.0205078125 0.0361328125
1 0.7158203125 0.6435546875 0.046875 0.072265625
1 0.123046875 0.6865234375 0.03125 0.048828125
1 0.2138671875 0.408203125 0.0126953125 0.025390625
1 0.1875 0.505859375 0.025390625 0.0361328125
1 0.93359375 0.6171875 0.044921875 0.046875
1 0.099609375 0.482421875 0.0546875 0.0419921875
1 0.037109375 0.615234375 0.046875 0.056640625
0 0.5126953125 0.3388671875 0.083984375 0.046875
1 0.67578125 0.5224609375 0.0205078125 0.0390625
1 0.384765625 0.5380859375 0.015625 0.0234375
1 0.9736328125 0.634765625 0.03125 0.0595703125
0 0.3515625 0.3193359375 0.0283203125 0.017578125
1 0.1904296875 0.779296875 0.056640625 0.076171875
1 0.5478515625 0.4296875 0.1328125 0.171875
1 0.12890625 0.431640625 0.0205078125 0.029296875
1 0.197265625 0.384765625 0.017578125 0.0263671875
1 0.0244140625 0.373046875 0.013671875 0.021484375
1 0.640625 0.439453125 0.0341796875 0.033203125
1 0.587890625 0.3935546875 0.0205078125 0.025390625