0 0.193359375 0.7509765625 0.123046875 0.1640625
0 0.5107421875 0.421875 0.0498046875 0.052734375
1 0.5458984375 0.595703125 0.033203125 0.0625
0 0.8095703125 0.7861328125 0.1748046875 0.1748046875
0 0.3388671875 0.7265625 0.099609375 0.115234375
0 0.609375 0.6875 0.140625 0.146484375
1 0.513671875 0.650390625 0.0361328125 0.0732421875
1 0.40625 0.525390625 0.037109375 0.0546875
1 0.6240234375 0.603515625 0.0419921875 0.0546875
1 0.8447265625 0.6591796875 0.064453125 0.0654296875
1 0.4306640625 0.6796875 0.0390625 0.0625
0 0.5400390625 0.34765625 0.0419921875 0.033203125
1 0.6162109375 0.478515625 0.0234375 0.029296875
1 0.5478515625 0.439453125 0.0361328125 0.0439453125
1 0.5498046875 0.525390625 0.03125 0.060546875
1 0.470703125 0.603515625 0.0361328125 0.052734375
1 0.7119140625 0.580078125 0.0673828125 0.0703125
0 0.92578125 0.580078125 0.1171875 0.064453125
1 0.7001953125 0.646484375 0.0439453125 0.0673828125
0 0.48828125 0.34765625 0.0732421875 0.0576171875
1 0.5810546875 0.591796875 0.0439453125 0.0546875
1 0.5244140625 0.5166015625 0.033203125 0.0576171875
1 0.080078125 0.75390625 0.0439453125 0.080078125
1 0.5966796875 0.537109375 0.0625 0.0673828125
1 0.7509765625 0.642578125 0.0390625 0.046875
1 0.7041015625 0.4658203125 0.0205078125 0.0283203125
1 0.5078125 0.4765625 0.041015625 0.0498046875
1 0.587890625 0.455078125 0.0185546875 0.037109375
1 0.697265625 0.533203125 0.060546875 0.041015625
1 0.6533203125 0.455078125 0.041015625 0.0419921875
1 0.412109375 0.474609375 0.017578125 0.029296875
1 0.787109375 0.591796875 0.109375 0.060546875
1 0.5078125 0.5439453125 0.021484375 0.037109375
1 0.9658203125 0.6279296875 0.037109375 0.0439453125
1 0.513671875 0.6005859375 0.0263671875 0.0419921875
1 0.6171875 0.4482421875 0.0439453125 0.0439453125
1 0.2900390625 0.599609375 0.1044921875 0.056640625
1 0.8466796875 0.72265625 0.03125 0.0830078125
1 0.91015625 0.521484375 0.029296875 0.0283203125
1 0.1845703125 0.5947265625 0.0283203125 0.060546875
1 0.759765625 0.548828125 0.0498046875 0.044921875
0 0.455078125 0.484375 0.056640625 0.083984375
0 0.3515625 0.3212890625 0.03125 0.017578125
1 0.423828125 0.4462890625 0.0419921875 0.029296875
1 0.0244140625 0.5625 0.0234375 0.0498046875
1 0.4677734375 0.423828125 0.0205078125 0.0263671875
1 0.466796875 0.666015625 0.025390625 0.0703125
1 0.6689453125 0.673828125 0.021484375 0.044921875
1 0.068359375 0.478515625 0.044921875 0.037109375
1 0.7958984375 0.560546875 0.0263671875 0.0341796875
1 0.052734375 0.677734375 0.033203125 0.068359375
1 0.5498046875 0.3779296875 0.015625 0.0341796875
1 0.591796875 0.4970703125 0.0283203125 0.0341796875
1 0.0302734375 0.8193359375 0.0390625 0.091796875
1 0.65625 0.525390625 0.03125 0.0390625
1 0.4462890625 0.4296875 0.017578125 0.0283203125
1 0.5322265625 0.3828125 0.013671875 0.0283203125
1 0.927734375 0.6435546875 0.0595703125 0.056640625
1 0.103515625 0.486328125 0.033203125 0.033203125
1 0.240234375 0.34375 0.0126953125 0.025390625
1 0.3271484375 0.3583984375 0.0205078125 0.0263671875
1 0.455078125 0.3583984375 0.0185546875 0.0234375
1 0.7890625 0.4970703125 0.0498046875 0.0341796875
1 0.841796875 0.583984375 0.029296875 0.037109375
1 0.779296875 0.5908203125 0.380859375 0.2001953125
1 0.072265625 0.337890625 0.0107421875 0.0185546875
1 0.55859375 0.41015625 0.017578125 0.033203125
0 0.2421875 0.3837890625 0.0625 0.044921875