1 0.76171875 0.6640625 0.048828125 0.0625
1 0.7822265625 0.7421875 0.048828125 0.09375
0 0.529296875 0.603515625 0.099609375 0.1279296875
0 0.630859375 0.77734375 0.1640625 0.205078125
1 0.626953125 0.521484375 0.0283203125 0.044921875
0 0.3359375 0.791015625 0.140625 0.177734375
1 0.41015625 0.4697265625 0.0205078125 0.0361328125
1 0.427734375 0.54296875 0.0263671875 0.048828125
0 0.181640625 0.75390625 0.1201171875 0.1611328125
0 0.564453125 0.4228515625 0.0439453125 0.0517578125
1 0.859375 0.767578125 0.0654296875 0.078125
1 0.662109375 0.58203125 0.037109375 0.0517578125
1 0.150390625 0.5810546875 0.029296875 0.037109375
1 0.2783203125 0.544921875 0.03125 0.041015625
1 0.8193359375 0.57421875 0.0830078125 0.0888671875
0 0.333984375 0.4765625 0.056640625 0.056640625
1 0.888671875 0.6484375 0.0810546875 0.087890625
1 0.5908203125 0.5400390625 0.025390625 0.044921875
1 0.4814453125 0.5341796875 0.0341796875 0.041015625
1 0.376953125 0.505859375 0.021484375 0.029296875
1 0.697265625 0.55078125 0.03125 0.0390625
0 0.1884765625 0.4619140625 0.060546875 0.064453125
1 0.712890625 0.712890625 0.046875 0.0859375
1 0.1416015625 0.5478515625 0.0205078125 0.0361328125
1 0.955078125 0.6669921875 0.0595703125 0.087890625
0 0.5087890625 0.3447265625 0.0390625 0.0390625
0 0.5380859375 0.4619140625 0.0517578125 0.060546875
1 0.732421875 0.533203125 0.033203125 0.0361328125
0 0.4619140625 0.4765625 0.0517578125 0.0595703125
1 0.267578125 0.4736328125 0.025390625 0.0341796875
0 0.30078125 0.4326171875 0.0419921875 0.0341796875
1 0.7587890625 0.6083984375 0.0390625 0.048828125
1 0.162109375 0.517578125 0.0205078125 0.0283203125
1 0.138671875 0.5185546875 0.0205078125 0.0283203125
1 0.146484375 0.646484375 0.0283203125 0.0498046875
1 0.201171875 0.5302734375 0.021484375 0.048828125
1 0.5947265625 0.404296875 0.013671875 0.0283203125
0 0.193359375 0.3466796875 0.0341796875 0.0283203125
1 0.443359375 0.5146484375 0.0185546875 0.029296875
0 0.2314453125 0.33984375 0.03125 0.0263671875
1 0.9296875 0.705078125 0.0341796875 0.044921875
1 0.345703125 0.595703125 0.0263671875 0.0390625
1 0.927734375 0.611328125 0.0439453125 0.0419921875
1 0.6171875 0.484375 0.0185546875 0.041015625
1 0.5068359375 0.427734375 0.033203125 0.0517578125
1 0.220703125 0.501953125 0.0205078125 0.03125
0 0.078125 0.4677734375 0.083984375 0.060546875
1 0.095703125 0.3935546875 0.0185546875 0.0185546875
1 0.53515625 0.400390625 0.0234375 0.03125
1 0.43359375 0.822265625 0.033203125 0.0517578125
1 0.6953125 0.5205078125 0.015625 0.025390625
1 0.7109375 0.525390625 0.021484375 0.03125
1 0.8974609375 0.578125 0.044921875 0.0439453125
0 0.546875 0.369140625 0.0341796875 0.0263671875
1 0.904296875 0.544921875 0.017578125 0.025390625
1 0.82421875 0.5361328125 0.0234375 0.041015625
1 0.087890625 0.755859375 0.0283203125 0.0390625
1 0.0322265625 0.576171875 0.0390625 0.0830078125
0 0.1962890625 0.416015625 0.0419921875 0.0283203125
1 0.3818359375 0.7177734375 0.033203125 0.029296875
1 0.451171875 0.677734375 0.029296875 0.0673828125
0 0.322265625 0.400390625 0.0751953125 0.037109375