0 0.59375 0.521484375 0.078125 0.1015625
0 0.826171875 0.7529296875 0.1953125 0.203125
1 0.677734375 0.6591796875 0.0390625 0.0966796875
1 0.3291015625 0.4912109375 0.0205078125 0.033203125
1 0.3125 0.578125 0.025390625 0.041015625
1 0.1357421875 0.638671875 0.0439453125 0.0673828125
0 0.55859375 0.63671875 0.123046875 0.158203125
1 0.376953125 0.611328125 0.025390625 0.0595703125
1 0.2900390625 0.654296875 0.0361328125 0.0595703125
1 0.15234375 0.5322265625 0.0234375 0.0390625
1 0.1982421875 0.587890625 0.025390625 0.044921875
1 0.1357421875 0.494140625 0.0283203125 0.0439453125
1 0.8212890625 0.576171875 0.0830078125 0.0859375
1 0.294921875 0.5087890625 0.021484375 0.0361328125
1 0.6865234375 0.5458984375 0.0517578125 0.0576171875
1 0.263671875 0.556640625 0.0283203125 0.046875
1 0.7294921875 0.5390625 0.0439453125 0.0498046875
1 0.1826171875 0.462890625 0.0341796875 0.037109375
0 0.5625 0.384765625 0.0341796875 0.0419921875
1 0.943359375 0.6845703125 0.0830078125 0.087890625
1 0.1669921875 0.3681640625 0.0126953125 0.0205078125
1 0.3759765625 0.5400390625 0.0234375 0.0390625
1 0.2265625 0.544921875 0.021484375 0.0390625
1 0.2646484375 0.5107421875 0.0205078125 0.0341796875
1 0.2255859375 0.5009765625 0.0234375 0.033203125
1 0.26171875 0.462890625 0.0234375 0.0341796875
0 0.52734375 0.388671875 0.0390625 0.0390625
1 0.34765625 0.6650390625 0.029296875 0.0546875
0 0.162109375 0.783203125 0.134765625 0.169921875
1 0.515625 0.427734375 0.0185546875 0.025390625
1 0.2802734375 0.712890625 0.0361328125 0.080078125
1 0.6005859375 0.603515625 0.0234375 0.041015625
0 0.681640625 0.837890625 0.1591796875 0.103515625
1 0.4619140625 0.4638671875 0.0234375 0.0341796875
1 0.177734375 0.509765625 0.033203125 0.0439453125
1 0.0595703125 0.48046875 0.021484375 0.0361328125
1 0.310546875 0.541015625 0.0185546875 0.033203125
0 0.470703125 0.3896484375 0.0341796875 0.0361328125
1 0.630859375 0.767578125 0.056640625 0.080078125
1 0.529296875 0.53515625 0.025390625 0.0517578125
1 0.494140625 0.5380859375 0.0185546875 0.0419921875
1 0.5966796875 0.4453125 0.0185546875 0.03125
1 0.185546875 0.384765625 0.015625 0.025390625
1 0.5029296875 0.490234375 0.0283203125 0.046875
1 0.61328125 0.677734375 0.0263671875 0.0517578125
1 0.359375 0.4462890625 0.0185546875 0.029296875
1 0.25390625 0.400390625 0.033203125 0.033203125
1 0.0302734375 0.560546875 0.0361328125 0.046875
0 0.28515625 0.4208984375 0.044921875 0.0361328125
1 0.0224609375 0.478515625 0.0234375 0.0390625
1 0.9208984375 0.537109375 0.0576171875 0.0439453125
1 0.9306640625 0.607421875 0.0517578125 0.0439453125
1 0.23828125 0.453125 0.0205078125 0.037109375
0 0.5439453125 0.3427734375 0.025390625 0.0234375
1 0.55859375 0.490234375 0.0263671875 0.048828125
1 0.0712890625 0.7568359375 0.0419921875 0.080078125
1 0.201171875 0.349609375 0.0205078125 0.021484375
1 0.119140625 0.5966796875 0.0263671875 0.0498046875
0 0.4970703125 0.3359375 0.025390625 0.021484375
1 0.125 0.365234375 0.0126953125 0.017578125
0 0.4453125 0.4365234375 0.046875 0.0517578125
1 0.2666015625 0.505859375 0.095703125 0.087890625
0 0.193359375 0.4267578125 0.0595703125 0.037109375
1 0.42578125 0.5068359375 0.0263671875 0.0361328125
1 0.201171875 0.408203125 0.015625 0.0263671875
1 0.025390625 0.3740234375 0.0126953125 0.0205078125
1 0.5302734375 0.4658203125 0.029296875 0.037109375
1 0.5791015625 0.423828125 0.0205078125 0.0390625
1 0.1328125 0.423828125 0.015625 0.029296875
1 0.4716796875 0.4208984375 0.025390625 0.029296875
1 0.2431640625 0.599609375 0.279296875 0.2060546875
1 0.896484375 0.587890625 0.041015625 0.056640625
1 0.4951171875 0.38671875 0.025390625 0.029296875
1 0.958984375 0.62890625 0.029296875 0.0419921875
1 0.0830078125 0.4033203125 0.015625 0.021484375
1 0.2265625 0.4736328125 0.015625 0.025390625
1 0.814453125 0.5380859375 0.0263671875 0.0419921875
0 0.033203125 0.3330078125 0.025390625 0.021484375
0 0.3505859375 0.3193359375 0.033203125 0.0205078125
1 0.0771484375 0.337890625 0.0205078125 0.0185546875
1 0.275390625 0.3896484375 0.0185546875 0.0205078125