0 0.3203125 0.7998046875 0.1435546875 0.1748046875
1 0.529296875 0.466796875 0.025390625 0.0439453125
0 0.5986328125 0.583984375 0.0908203125 0.1201171875
1 0.419921875 0.466796875 0.021484375 0.0341796875
0 0.31640625 0.650390625 0.095703125 0.109375
0 0.2412109375 0.51171875 0.060546875 0.076171875
1 0.5625 0.3916015625 0.015625 0.0234375
1 0.1806640625 0.5283203125 0.0390625 0.046875
1 0.1787109375 0.583984375 0.0263671875 0.037109375
1 0.82421875 0.580078125 0.091796875 0.0908203125
1 0.677734375 0.7236328125 0.0390625 0.072265625
1 0.693359375 0.5498046875 0.046875 0.056640625
1 0.4375 0.3984375 0.025390625 0.03125
1 0.427734375 0.4267578125 0.0185546875 0.0185546875
0 0.5078125 0.3486328125 0.0341796875 0.041015625
1 0.59375 0.4833984375 0.021484375 0.0361328125
1 0.5849609375 0.451171875 0.0263671875 0.0517578125
0 0.939453125 0.5234375 0.091796875 0.072265625
1 0.1201171875 0.5615234375 0.03125 0.0576171875
1 0.8896484375 0.6552734375 0.0732421875 0.0673828125
1 0.40234375 0.541015625 0.033203125 0.0517578125
0 0.326171875 0.490234375 0.0654296875 0.0595703125
1 0.0634765625 0.4775390625 0.033203125 0.033203125
0 0.4765625 0.4853515625 0.0751953125 0.0830078125
1 0.400390625 0.392578125 0.015625 0.0263671875
1 0.9453125 0.689453125 0.078125 0.083984375
1 0.5888671875 0.3984375 0.0126953125 0.021484375
0 0.3212890625 0.5517578125 0.0703125 0.0810546875
1 0.3681640625 0.46484375 0.0263671875 0.029296875
1 0.521484375 0.4326171875 0.0185546875 0.0283203125
1 0.126953125 0.490234375 0.0234375 0.03125
0 0.4794921875 0.357421875 0.0341796875 0.037109375
1 0.224609375 0.5927734375 0.0341796875 0.0576171875
1 0.0419921875 0.5703125 0.025390625 0.052734375
0 0.5419921875 0.333984375 0.037109375 0.0283203125
1 0.1923828125 0.4228515625 0.025390625 0.029296875
0 0.255859375 0.404296875 0.046875 0.0419921875
1 0.60546875 0.5166015625 0.0205078125 0.0361328125
1 0.197265625 0.6650390625 0.0283203125 0.048828125
1 0.4873046875 0.443359375 0.015625 0.021484375
1 0.216796875 0.41796875 0.03125 0.033203125
1 0.892578125 0.5888671875 0.0439453125 0.056640625
1 0.404296875 0.369140625 0.0185546875 0.0263671875
0 0.3017578125 0.3837890625 0.056640625 0.0263671875
1 0.28125 0.3642578125 0.015625 0.0185546875
1 0.177734375 0.484375 0.025390625 0.0341796875
1 0.3857421875 0.365234375 0.0185546875 0.021484375
0 0.9521484375 0.576171875 0.0703125 0.056640625
1 0.146484375 0.71484375 0.0361328125 0.064453125
1 0.2060546875 0.462890625 0.0185546875 0.03125
1 0.1494140625 0.392578125 0.0205078125 0.0234375
1 0.3505859375 0.3544921875 0.017578125 0.0283203125
1 0.0224609375 0.51953125 0.0234375 0.0205078125
1 0.892578125 0.380859375 0.0205078125 0.041015625
1 0.740234375 0.4755859375 0.03125 0.033203125
1 0.248046875 0.3603515625 0.033203125 0.0234375
1 0.712890625 0.517578125 0.03125 0.0361328125
0 0.42578125 0.3701171875 0.029296875 0.0341796875
0 0.3515625 0.3212890625 0.0341796875 0.017578125
1 0.9609375 0.626953125 0.0283203125 0.044921875
0 0.6376953125 0.44140625 0.0341796875 0.029296875
0 0.228515625 0.328125 0.041015625 0.025390625
0 0.1826171875 0.32421875 0.0498046875 0.0263671875
1 0.7041015625 0.8583984375 0.0361328125 0.060546875
1 0.0205078125 0.638671875 0.015625 0.080078125
1 0.8408203125 0.5380859375 0.037109375 0.0390625
0 0.0712890625 0.322265625 0.029296875 0.0185546875