0 0.318359375 0.7998046875 0.1435546875 0.1748046875
0 0.1025390625 0.6513671875 0.0859375 0.109375
1 0.416015625 0.4375 0.0205078125 0.0341796875
0 0.1982421875 0.6767578125 0.109375 0.1220703125
1 0.615234375 0.552734375 0.03125 0.0673828125
0 0.240234375 0.509765625 0.0625 0.0732421875
0 0.3173828125 0.6484375 0.0908203125 0.109375
0 0.478515625 0.3642578125 0.0419921875 0.0341796875
0 0.224609375 0.5771484375 0.078125 0.0888671875
1 0.8212890625 0.580078125 0.0859375 0.087890625
1 0.5380859375 0.4619140625 0.0205078125 0.033203125
1 0.8955078125 0.65234375 0.087890625 0.0830078125
1 0.6962890625 0.544921875 0.0546875 0.0546875
1 0.513671875 0.455078125 0.0205078125 0.029296875
1 0.6025390625 0.482421875 0.017578125 0.03125
0 0.326171875 0.490234375 0.0654296875 0.064453125
0 0.3212890625 0.5498046875 0.0703125 0.0810546875
1 0.580078125 0.4873046875 0.021484375 0.0341796875
1 0.564453125 0.458984375 0.029296875 0.0419921875
0 0.2578125 0.4052734375 0.046875 0.0390625
0 0.517578125 0.513671875 0.09375 0.095703125
1 0.205078125 0.8173828125 0.052734375 0.072265625
1 0.4365234375 0.474609375 0.0234375 0.0341796875
1 0.1396484375 0.71875 0.044921875 0.052734375
1 0.6640625 0.5048828125 0.021484375 0.03125
0 0.5078125 0.3486328125 0.041015625 0.03125
1 0.4130859375 0.63671875 0.044921875 0.111328125
1 0.9599609375 0.7001953125 0.0546875 0.0751953125
1 0.595703125 0.44921875 0.0234375 0.033203125
1 0.939453125 0.5224609375 0.0419921875 0.0361328125
1 0.138671875 0.7783203125 0.0595703125 0.09375
0 0.2353515625 0.3486328125 0.0419921875 0.037109375
1 0.1484375 0.40234375 0.015625 0.0234375
1 0.1884765625 0.5 0.0263671875 0.046875
1 0.03515625 0.6083984375 0.044921875 0.064453125
0 0.3505859375 0.318359375 0.033203125 0.015625
1 0.966796875 0.521484375 0.0185546875 0.029296875
1 0.892578125 0.587890625 0.048828125 0.060546875
1 0.220703125 0.41015625 0.021484375 0.033203125
0 0.064453125 0.7470703125 0.0498046875 0.099609375
1 0.46875 0.4228515625 0.0283203125 0.044921875
1 0.6357421875 0.4423828125 0.041015625 0.037109375
1 0.9326171875 0.61328125 0.046875 0.048828125
1 0.1767578125 0.4169921875 0.021484375 0.0283203125
1 0.0234375 0.5615234375 0.025390625 0.048828125
1 0.0634765625 0.4794921875 0.033203125 0.037109375
1 0.97265625 0.6318359375 0.033203125 0.064453125
1 0.3896484375 0.5908203125 0.0234375 0.046875
0 0.06640625 0.32421875 0.033203125 0.0205078125
0 0.08203125 0.421875 0.0546875 0.041015625
1 0.81640625 0.5341796875 0.0263671875 0.041015625
1 0.2392578125 0.6455078125 0.0283203125 0.0439453125
1 0.5537109375 0.744140625 0.048828125 0.103515625
1 0.2060546875 0.4814453125 0.0185546875 0.052734375
1 0.2021484375 0.76171875 0.044921875 0.048828125