0 0.1923828125 0.748046875 0.1220703125 0.162109375
0 0.5126953125 0.421875 0.046875 0.0498046875
1 0.51171875 0.478515625 0.0263671875 0.046875
1 0.611328125 0.494140625 0.0341796875 0.048828125
0 0.3388671875 0.728515625 0.0966796875 0.119140625
1 0.4111328125 0.7998046875 0.052734375 0.072265625
1 0.306640625 0.8349609375 0.048828125 0.0888671875
0 0.537109375 0.3525390625 0.041015625 0.0419921875
1 0.1181640625 0.6640625 0.0419921875 0.052734375
1 0.541015625 0.478515625 0.025390625 0.044921875
1 0.474609375 0.4833984375 0.029296875 0.0419921875
1 0.080078125 0.759765625 0.0517578125 0.072265625
0 0.490234375 0.359375 0.0390625 0.0341796875
1 0.548828125 0.439453125 0.0205078125 0.033203125
1 0.55859375 0.474609375 0.017578125 0.0341796875
0 0.818359375 0.5537109375 0.1767578125 0.080078125
1 0.466796875 0.52734375 0.048828125 0.060546875
1 0.564453125 0.4384765625 0.017578125 0.0263671875
1 0.35546875 0.361328125 0.017578125 0.0185546875
1 0.45703125 0.7802734375 0.0361328125 0.064453125
1 0.646484375 0.486328125 0.021484375 0.041015625
1 0.439453125 0.4404296875 0.017578125 0.03125
1 0.056640625 0.482421875 0.021484375 0.033203125
1 0.4716796875 0.447265625 0.025390625 0.041015625
1 0.4287109375 0.681640625 0.048828125 0.0546875
1 0.017578125 0.5751953125 0.017578125 0.0498046875
1 0.0302734375 0.712890625 0.0390625 0.060546875
1 0.3154296875 0.4375 0.025390625 0.025390625
1 0.38671875 0.3583984375 0.0107421875 0.013671875
1 0.421875 0.740234375 0.0498046875 0.0576171875
1 0.4375 0.3623046875 0.015625 0.021484375
0 0.5087890625 0.3310546875 0.0263671875 0.025390625
1 0.583984375 0.466796875 0.015625 0.03125
0 0.353515625 0.4814453125 0.099609375 0.0595703125
1 0.576171875 0.404296875 0.017578125 0.03125
1 0.037109375 0.55859375 0.025390625 0.0419921875
1 0.6201171875 0.462890625 0.0185546875 0.029296875
1 0.2451171875 0.3583984375 0.015625 0.017578125
1 0.072265625 0.3994140625 0.013671875 0.017578125
1 0.025390625 0.8369140625 0.033203125 0.0732421875
0 0.2353515625 0.3720703125 0.0546875 0.03125
1 0.0654296875 0.5087890625 0.0185546875 0.0390625
0 0.3212890625 0.392578125 0.091796875 0.0419921875
1 0.4541015625 0.4580078125 0.0205078125 0.0341796875
1 0.5263671875 0.46484375 0.1748046875 0.0986328125
1 0.2060546875 0.357421875 0.015625 0.015625
1 0.529296875 0.453125 0.015625 0.025390625
1 0.1650390625 0.365234375 0.017578125 0.015625
1 0.177734375 0.3271484375 0.0185546875 0.0205078125
1 0.0205078125 0.4951171875 0.0185546875 0.03125
0 0.1953125 0.8759765625 0.0908203125 0.029296875
1 0.0751953125 0.546875 0.037109375 0.0654296875