1 0.669921875 0.5712890625 0.041015625 0.048828125
1 0.7392578125 0.6328125 0.0498046875 0.0595703125
1 0.626953125 0.5458984375 0.0361328125 0.044921875
1 0.5966796875 0.5322265625 0.03125 0.048828125
0 0.3515625 0.53515625 0.0654296875 0.080078125
0 0.203125 0.5302734375 0.072265625 0.0986328125
1 0.400390625 0.767578125 0.037109375 0.0703125
1 0.599609375 0.4951171875 0.025390625 0.0341796875
0 0.5361328125 0.4736328125 0.0625 0.087890625
0 0.123046875 0.4130859375 0.048828125 0.0390625
1 0.8193359375 0.5859375 0.076171875 0.078125
1 0.0810546875 0.693359375 0.0341796875 0.048828125
0 0.564453125 0.412109375 0.041015625 0.0498046875
1 0.6298828125 0.6298828125 0.0341796875 0.046875
1 0.2919921875 0.6865234375 0.041015625 0.080078125
0 0.4853515625 0.521484375 0.064453125 0.0751953125
1 0.734375 0.802734375 0.0498046875 0.080078125
1 0.759765625 0.732421875 0.052734375 0.0576171875
0 0.326171875 0.46875 0.0595703125 0.0498046875
1 0.298828125 0.5751953125 0.033203125 0.046875
1 0.9453125 0.6923828125 0.078125 0.087890625
0 0.529296875 0.6171875 0.115234375 0.130859375
1 0.1455078125 0.6318359375 0.0283203125 0.0361328125
1 0.5234375 0.396484375 0.025390625 0.0263671875
1 0.4970703125 0.4248046875 0.0283203125 0.0439453125
1 0.888671875 0.650390625 0.0751953125 0.076171875
1 0.693359375 0.7431640625 0.0498046875 0.064453125
1 0.4462890625 0.48828125 0.0205078125 0.033203125
1 0.7314453125 0.537109375 0.0341796875 0.037109375
1 0.169921875 0.662109375 0.0283203125 0.0498046875
1 0.056640625 0.486328125 0.0205078125 0.0283203125
0 0.888671875 0.81640625 0.171875 0.142578125
1 0.5087890625 0.46484375 0.0205078125 0.0390625
1 0.158203125 0.38671875 0.0185546875 0.0263671875
0 0.2177734375 0.3525390625 0.029296875 0.029296875
0 0.4482421875 0.4228515625 0.037109375 0.044921875
0 0.521484375 0.3447265625 0.025390625 0.0205078125
1 0.689453125 0.53125 0.037109375 0.041015625
0 0.181640625 0.3603515625 0.029296875 0.029296875
1 0.146484375 0.4599609375 0.017578125 0.0234375
1 0.4423828125 0.3662109375 0.0185546875 0.0234375
1 0.7890625 0.552734375 0.025390625 0.033203125
1 0.5087890625 0.400390625 0.013671875 0.025390625
1 0.927734375 0.611328125 0.037109375 0.0390625
1 0.8955078125 0.5869140625 0.041015625 0.0517578125
0 0.4755859375 0.373046875 0.033203125 0.029296875
1 0.029296875 0.5595703125 0.0361328125 0.041015625
1 0.447265625 0.677734375 0.03125 0.076171875
1 0.474609375 0.4072265625 0.017578125 0.029296875
1 0.12890625 0.4375 0.0205078125 0.03125
1 0.173828125 0.4599609375 0.021484375 0.033203125
1 0.5966796875 0.4482421875 0.0126953125 0.021484375
1 0.6337890625 0.5078125 0.0205078125 0.037109375
1 0.1435546875 0.4833984375 0.021484375 0.0361328125
0 0.0380859375 0.376953125 0.0361328125 0.0234375
1 0.2353515625 0.615234375 0.0234375 0.0361328125
1 0.2236328125 0.455078125 0.03125 0.0234375
1 0.419921875 0.5185546875 0.037109375 0.046875
1 0.0341796875 0.853515625 0.0283203125 0.0625
1 0.638671875 0.439453125 0.0390625 0.033203125
0 0.3994140625 0.4541015625 0.0234375 0.0419921875
1 0.138671875 0.5888671875 0.017578125 0.025390625
1 0.861328125 0.5595703125 0.015625 0.0185546875
1 0.974609375 0.6337890625 0.0283203125 0.060546875
1 0.533203125 0.7763671875 0.037109375 0.078125
0 0.69140625 0.8779296875 0.1298828125 0.025390625
1 0.6650390625 0.5361328125 0.154296875 0.1279296875
1 0.9052734375 0.544921875 0.0205078125 0.029296875