0 0.193359375 0.7490234375 0.123046875 0.1611328125
0 0.51171875 0.427734375 0.048828125 0.0576171875
0 0.337890625 0.7265625 0.0966796875 0.115234375
1 0.587890625 0.466796875 0.037109375 0.0517578125
1 0.6845703125 0.6572265625 0.046875 0.0673828125
1 0.548828125 0.7177734375 0.0390625 0.080078125
1 0.583984375 0.6572265625 0.0390625 0.0703125
0 0.486328125 0.3603515625 0.041015625 0.033203125
0 0.6748046875 0.77734375 0.1689453125 0.189453125
1 0.7998046875 0.646484375 0.0341796875 0.0439453125
1 0.076171875 0.7685546875 0.0390625 0.072265625
1 0.5068359375 0.673828125 0.0390625 0.0703125
1 0.7734375 0.7275390625 0.072265625 0.0673828125
1 0.728515625 0.6337890625 0.0390625 0.044921875
1 0.408203125 0.5126953125 0.0234375 0.056640625
1 0.8955078125 0.6669921875 0.0908203125 0.0908203125
1 0.4306640625 0.67578125 0.0390625 0.0576171875
1 0.607421875 0.5556640625 0.029296875 0.044921875
1 0.6455078125 0.6142578125 0.0341796875 0.0498046875
1 0.548828125 0.408203125 0.015625 0.0283203125
1 0.4013671875 0.451171875 0.03125 0.03125
0 0.9287109375 0.580078125 0.1142578125 0.0654296875
1 0.96484375 0.6328125 0.044921875 0.0595703125
1 0.5556640625 0.45703125 0.0205078125 0.033203125
1 0.7041015625 0.580078125 0.064453125 0.0546875
1 0.7802734375 0.5869140625 0.0576171875 0.048828125
1 0.6279296875 0.4951171875 0.0283203125 0.037109375
1 0.4853515625 0.490234375 0.0263671875 0.037109375
1 0.5146484375 0.478515625 0.0390625 0.0419921875
1 0.62890625 0.451171875 0.0263671875 0.0341796875
1 0.6376953125 0.5322265625 0.0654296875 0.0546875
1 0.033203125 0.818359375 0.0439453125 0.099609375
1 0.580078125 0.54296875 0.025390625 0.0419921875
1 0.3681640625 0.431640625 0.0205078125 0.021484375
0 0.5078125 0.3369140625 0.037109375 0.0361328125
1 0.5283203125 0.5703125 0.021484375 0.037109375
1 0.4404296875 0.51953125 0.021484375 0.0390625
1 0.306640625 0.873046875 0.037109375 0.0390625
1 0.478515625 0.419921875 0.015625 0.021484375
1 0.728515625 0.7294921875 0.0283203125 0.0439453125
0 0.89453125 0.845703125 0.169921875 0.0859375
1 0.689453125 0.45703125 0.0263671875 0.0361328125
1 0.080078125 0.6171875 0.033203125 0.041015625
1 0.6396484375 0.66015625 0.0361328125 0.0517578125
1 0.548828125 0.5361328125 0.0546875 0.0751953125
1 0.5673828125 0.4130859375 0.021484375 0.0390625
1 0.548828125 0.3701171875 0.0185546875 0.0283203125
1 0.8486328125 0.642578125 0.0341796875 0.0625
1 0.240234375 0.599609375 0.03125 0.0390625
1 0.5029296875 0.619140625 0.03125 0.048828125
1 0.529296875 0.396484375 0.013671875 0.0263671875
1 0.5771484375 0.3740234375 0.017578125 0.0263671875
1 0.322265625 0.595703125 0.1044921875 0.0576171875
1 0.060546875 0.478515625 0.0234375 0.037109375
1 0.0244140625 0.5625 0.0234375 0.046875
1 0.53125 0.373046875 0.021484375 0.03125
0 0.240234375 0.3798828125 0.064453125 0.041015625
0 0.537109375 0.345703125 0.0361328125 0.0283203125
1 0.328125 0.357421875 0.021484375 0.025390625
1 0.0732421875 0.337890625 0.0126953125 0.0205078125
0 0.9091796875 0.513671875 0.140625 0.0703125
1 0.5927734375 0.599609375 0.033203125 0.0419921875
1 0.515625 0.6474609375 0.166015625 0.2138671875
1 0.70703125 0.525390625 0.017578125 0.0234375
1 0.689453125 0.5078125 0.0283203125 0.0341796875
0 0.826171875 0.537109375 0.0888671875 0.052734375
1 0.1923828125 0.6162109375 0.03125 0.0673828125
0 0.353515625 0.322265625 0.0341796875 0.0185546875
1 0.072265625 0.71484375 0.033203125 0.044921875
1 0.201171875 0.337890625 0.03125 0.017578125
1 0.8359375 0.5732421875 0.021484375 0.0439453125
1 0.107421875 0.486328125 0.0341796875 0.0341796875
1 0.482421875 0.580078125 0.021484375 0.03125
1 0.873046875 0.353515625 0.0263671875 0.0283203125
1 0.7783203125 0.5576171875 0.021484375 0.03125