0 0.140625 0.7236328125 0.125 0.1435546875
0 0.3232421875 0.771484375 0.130859375 0.1748046875
0 0.740234375 0.7734375 0.185546875 0.21875
1 0.595703125 0.576171875 0.0341796875 0.0576171875
0 0.341796875 0.560546875 0.076171875 0.083984375
0 0.521484375 0.6015625 0.087890625 0.119140625
0 0.5068359375 0.4365234375 0.048828125 0.0517578125
1 0.6865234375 0.640625 0.0361328125 0.0498046875
0 0.4912109375 0.353515625 0.0361328125 0.0361328125
1 0.6943359375 0.5439453125 0.048828125 0.056640625
1 0.583984375 0.490234375 0.0283203125 0.0439453125
1 0.142578125 0.5556640625 0.025390625 0.0419921875
0 0.224609375 0.525390625 0.060546875 0.068359375
1 0.830078125 0.7470703125 0.0576171875 0.068359375
1 0.630859375 0.8291015625 0.0576171875 0.0888671875
1 0.5234375 0.5283203125 0.025390625 0.03125
1 0.6416015625 0.5634765625 0.029296875 0.0576171875
1 0.4111328125 0.462890625 0.025390625 0.041015625
1 0.640625 0.6376953125 0.041015625 0.0625
1 0.7958984375 0.572265625 0.044921875 0.0654296875
1 0.5458984375 0.5166015625 0.0234375 0.0390625
1 0.8896484375 0.6513671875 0.0830078125 0.083984375
0 0.3037109375 0.474609375 0.0546875 0.056640625
1 0.55859375 0.443359375 0.0205078125 0.0283203125
1 0.947265625 0.6884765625 0.076171875 0.0859375
1 0.146484375 0.51953125 0.021484375 0.0234375
1 0.6015625 0.7041015625 0.0341796875 0.060546875
1 0.845703125 0.599609375 0.048828125 0.0498046875
1 0.466796875 0.544921875 0.041015625 0.0498046875
1 0.5908203125 0.439453125 0.021484375 0.0390625
0 0.2724609375 0.4111328125 0.0419921875 0.03125
1 0.2392578125 0.6025390625 0.037109375 0.0576171875
1 0.3291015625 0.451171875 0.0205078125 0.029296875
1 0.052734375 0.7119140625 0.0439453125 0.0576171875
0 0.4580078125 0.458984375 0.0439453125 0.0517578125
1 0.275390625 0.490234375 0.0205078125 0.029296875
1 0.564453125 0.556640625 0.0341796875 0.0576171875
0 0.4931640625 0.396484375 0.0390625 0.0439453125
1 0.0654296875 0.478515625 0.0439453125 0.037109375
0 0.2294921875 0.341796875 0.025390625 0.0234375
1 0.625 0.5166015625 0.015625 0.0263671875
0 0.189453125 0.3408203125 0.025390625 0.021484375
0 0.9306640625 0.580078125 0.107421875 0.0830078125
0 0.2216796875 0.47265625 0.052734375 0.0517578125
1 0.4658203125 0.373046875 0.015625 0.021484375
1 0.8974609375 0.5439453125 0.033203125 0.03125
1 0.8486328125 0.556640625 0.0341796875 0.052734375
1 0.57421875 0.4287109375 0.017578125 0.033203125
1 0.1669921875 0.4580078125 0.015625 0.0283203125
1 0.2314453125 0.421875 0.041015625 0.0341796875
1 0.388671875 0.435546875 0.0185546875 0.0263671875
0 0.2421875 0.388671875 0.068359375 0.0419921875
0 0.1240234375 0.609375 0.0390625 0.056640625
1 0.609375 0.53125 0.015625 0.0283203125
1 0.724609375 0.4716796875 0.0341796875 0.025390625
1 0.548828125 0.419921875 0.0263671875 0.0263671875
1 0.818359375 0.53515625 0.0263671875 0.044921875
1 0.4345703125 0.404296875 0.03125 0.0439453125
1 0.169921875 0.517578125 0.0283203125 0.033203125
1 0.923828125 0.861328125 0.068359375 0.0576171875
1 0.5341796875 0.390625 0.0185546875 0.0283203125
1 0.548828125 0.4755859375 0.021484375 0.044921875
1 0.0322265625 0.57421875 0.0390625 0.0673828125
1 0.634765625 0.4423828125 0.029296875 0.0341796875
1 0.9560546875 0.62890625 0.0341796875 0.0517578125
0 0.349609375 0.3193359375 0.03125 0.017578125