0 0.583984375 0.4365234375 0.052734375 0.0517578125
0 0.5380859375 0.4794921875 0.0673828125 0.087890625
1 0.154296875 0.4775390625 0.033203125 0.0517578125
1 0.6875 0.544921875 0.037109375 0.044921875
0 0.330078125 0.818359375 0.134765625 0.1435546875
1 0.248046875 0.46484375 0.025390625 0.0419921875
1 0.14453125 0.5634765625 0.029296875 0.044921875
1 0.66015625 0.5556640625 0.033203125 0.0517578125
1 0.755859375 0.7197265625 0.0439453125 0.0703125
0 0.65625 0.76953125 0.181640625 0.2265625
1 0.7890625 0.615234375 0.0439453125 0.060546875
1 0.7080078125 0.607421875 0.0341796875 0.060546875
1 0.224609375 0.6171875 0.0283203125 0.0625
1 0.16796875 0.6474609375 0.033203125 0.0546875
0 0.4892578125 0.359375 0.0341796875 0.03125
1 0.6162109375 0.529296875 0.0361328125 0.0390625
1 0.73046875 0.533203125 0.0390625 0.041015625
1 0.193359375 0.564453125 0.0283203125 0.044921875
0 0.623046875 0.5986328125 0.1015625 0.1123046875
0 0.1552734375 0.4140625 0.0517578125 0.0439453125
1 0.900390625 0.857421875 0.0654296875 0.0654296875
1 0.8232421875 0.5673828125 0.0498046875 0.0439453125
1 0.0625 0.478515625 0.0283203125 0.0361328125
1 0.439453125 0.5263671875 0.0234375 0.0341796875
1 0.365234375 0.4169921875 0.037109375 0.037109375
1 0.203125 0.376953125 0.0185546875 0.0263671875
1 0.884765625 0.640625 0.068359375 0.068359375
0 0.4794921875 0.564453125 0.0966796875 0.1015625
1 0.966796875 0.7080078125 0.041015625 0.0654296875
1 0.380859375 0.4609375 0.0263671875 0.056640625
1 0.791015625 0.5576171875 0.0283203125 0.0439453125
1 0.220703125 0.443359375 0.0185546875 0.0283203125
1 0.2470703125 0.419921875 0.021484375 0.03125
1 0.193359375 0.361328125 0.0126953125 0.0205078125
1 0.8447265625 0.7646484375 0.080078125 0.0859375
0 0.228515625 0.3681640625 0.041015625 0.0361328125
1 0.5908203125 0.4873046875 0.0185546875 0.0439453125
1 0.1669921875 0.3701171875 0.015625 0.021484375
1 0.9365234375 0.724609375 0.0390625 0.0810546875
1 0.435546875 0.4033203125 0.0205078125 0.03125
1 0.892578125 0.5859375 0.0390625 0.0498046875
0 0.9580078125 0.5791015625 0.056640625 0.0576171875
1 0.0244140625 0.5625 0.0234375 0.046875
1 0.84765625 0.603515625 0.033203125 0.0341796875
1 0.197265625 0.509765625 0.0205078125 0.025390625
1 0.9443359375 0.6357421875 0.0234375 0.0439453125
1 0.177734375 0.5888671875 0.109375 0.15625
1 0.48046875 0.423828125 0.0234375 0.037109375
0 0.248046875 0.3349609375 0.03125 0.0263671875
1 0.8056640625 0.697265625 0.0517578125 0.0859375
1 0.1630859375 0.5986328125 0.017578125 0.021484375
0 0.5751953125 0.3896484375 0.037109375 0.0361328125
1 0.9052734375 0.736328125 0.0361328125 0.080078125
1 0.96875 0.666015625 0.0341796875 0.029296875
1 0.64453125 0.44140625 0.0419921875 0.033203125
1 0.455078125 0.3603515625 0.017578125 0.017578125
0 0.505859375 0.43359375 0.041015625 0.0576171875
1 0.86328125 0.6513671875 0.232421875 0.2529296875
1 0.2607421875 0.873046875 0.0439453125 0.0341796875
1 0.623046875 0.486328125 0.0205078125 0.0390625
0 0.544921875 0.337890625 0.037109375 0.0283203125
1 0.455078125 0.466796875 0.048828125 0.0517578125
1 0.677734375 0.505859375 0.033203125 0.046875