0 0.3212890625 0.7998046875 0.1484375 0.1748046875
0 0.201171875 0.677734375 0.109375 0.119140625
0 0.224609375 0.580078125 0.078125 0.091796875
0 0.3154296875 0.6484375 0.0908203125 0.109375
1 0.818359375 0.57421875 0.0810546875 0.0830078125
1 0.689453125 0.5439453125 0.0498046875 0.0595703125
0 0.240234375 0.517578125 0.0625 0.060546875
1 0.896484375 0.5419921875 0.041015625 0.041015625
1 0.158203125 0.4921875 0.0205078125 0.037109375
0 0.537109375 0.5302734375 0.095703125 0.107421875
1 0.8994140625 0.6552734375 0.0888671875 0.0888671875
1 0.2607421875 0.75 0.041015625 0.0625
0 0.3212890625 0.546875 0.0703125 0.0810546875
0 0.5048828125 0.341796875 0.03125 0.0263671875
1 0.541015625 0.3935546875 0.0126953125 0.021484375
1 0.1435546875 0.478515625 0.015625 0.0283203125
1 0.0712890625 0.4794921875 0.029296875 0.0341796875
0 0.416015625 0.390625 0.037109375 0.03125
1 0.033203125 0.5830078125 0.0419921875 0.0654296875
0 0.478515625 0.353515625 0.0341796875 0.0283203125
1 0.1904296875 0.4921875 0.0185546875 0.0341796875
1 0.123046875 0.5078125 0.0185546875 0.0341796875
1 0.1123046875 0.671875 0.041015625 0.068359375
1 0.1357421875 0.591796875 0.03125 0.056640625
1 0.556640625 0.400390625 0.017578125 0.0283203125
1 0.587890625 0.408203125 0.0107421875 0.025390625
1 0.958984375 0.6962890625 0.056640625 0.0830078125
0 0.1640625 0.552734375 0.0283203125 0.046875
0 0.2626953125 0.416015625 0.0498046875 0.037109375
1 0.505859375 0.369140625 0.015625 0.0283203125
1 0.1728515625 0.46484375 0.0205078125 0.029296875
1 0.1494140625 0.4169921875 0.0234375 0.0283203125
1 0.6318359375 0.4423828125 0.048828125 0.0341796875
0 0.4619140625 0.423828125 0.0576171875 0.0517578125
0 0.533203125 0.3291015625 0.041015625 0.029296875
1 0.2724609375 0.69921875 0.0263671875 0.029296875
1 0.490234375 0.4345703125 0.013671875 0.03125
0 0.37109375 0.3916015625 0.029296875 0.0263671875
1 0.8955078125 0.587890625 0.041015625 0.0546875
1 0.5009765625 0.408203125 0.013671875 0.0263671875
1 0.4130859375 0.36328125 0.0205078125 0.017578125
0 0.1904296875 0.400390625 0.046875 0.03125
1 0.6591796875 0.802734375 0.046875 0.080078125
0 0.533203125 0.349609375 0.025390625 0.0185546875
0 0.9521484375 0.576171875 0.0673828125 0.0595703125
1 0.419921875 0.513671875 0.0341796875 0.052734375
1 0.423828125 0.67578125 0.029296875 0.0732421875
1 0.1923828125 0.455078125 0.025390625 0.029296875
1 0.220703125 0.412109375 0.0263671875 0.029296875
1 0.1953125 0.42578125 0.015625 0.0205078125
1 0.7119140625 0.5234375 0.0234375 0.03125
1 0.4736328125 0.533203125 0.021484375 0.052734375
0 0.3125 0.44140625 0.068359375 0.076171875
1 0.97265625 0.630859375 0.033203125 0.0654296875
1 0.2314453125 0.853515625 0.0751953125 0.0703125
1 0.1025390625 0.478515625 0.0361328125 0.046875
1 0.240234375 0.6455078125 0.0283203125 0.041015625
1 0.568359375 0.3857421875 0.072265625 0.0654296875
1 0.3759765625 0.353515625 0.0205078125 0.0185546875
1 0.5380859375 0.748046875 0.0546875 0.109375