0 0.501953125 0.548828125 0.076171875 0.09375
1 0.6748046875 0.6005859375 0.037109375 0.060546875
1 0.736328125 0.6337890625 0.0498046875 0.064453125
1 0.6201171875 0.5830078125 0.037109375 0.052734375
0 0.5693359375 0.6728515625 0.1357421875 0.154296875
1 0.6181640625 0.5224609375 0.0263671875 0.0419921875
0 0.5634765625 0.419921875 0.0390625 0.048828125
1 0.8388671875 0.73828125 0.0654296875 0.0986328125
0 0.0966796875 0.4052734375 0.056640625 0.033203125
1 0.11328125 0.60546875 0.0263671875 0.044921875
0 0.1982421875 0.4970703125 0.0625 0.078125
1 0.408203125 0.494140625 0.029296875 0.048828125
0 0.5439453125 0.4853515625 0.0751953125 0.095703125
1 0.802734375 0.5927734375 0.044921875 0.0576171875
0 0.3427734375 0.505859375 0.060546875 0.0654296875
1 0.2880859375 0.6142578125 0.0361328125 0.052734375
1 0.8876953125 0.6669921875 0.078125 0.078125
1 0.1923828125 0.5947265625 0.025390625 0.0517578125
1 0.28515625 0.513671875 0.0263671875 0.0546875
1 0.380859375 0.5986328125 0.0283203125 0.078125
0 0.521484375 0.3466796875 0.037109375 0.03125
0 0.3134765625 0.4482421875 0.0576171875 0.0439453125
1 0.6943359375 0.548828125 0.0361328125 0.0390625
1 0.95703125 0.669921875 0.0576171875 0.080078125
1 0.107421875 0.6884765625 0.03125 0.0517578125
1 0.8623046875 0.59375 0.0751953125 0.068359375
1 0.724609375 0.7412109375 0.044921875 0.0859375
1 0.7763671875 0.8564453125 0.0625 0.068359375
0 0.224609375 0.349609375 0.0263671875 0.029296875
1 0.607421875 0.486328125 0.0263671875 0.048828125
1 0.154296875 0.5556640625 0.029296875 0.0546875
1 0.4951171875 0.435546875 0.03125 0.0439453125
1 0.4150390625 0.447265625 0.017578125 0.029296875
1 0.0283203125 0.560546875 0.03125 0.0419921875
0 0.1875 0.35546875 0.0283203125 0.0263671875
1 0.662109375 0.5439453125 0.025390625 0.041015625
1 0.439453125 0.494140625 0.025390625 0.037109375
1 0.1357421875 0.416015625 0.015625 0.025390625
1 0.521484375 0.404296875 0.017578125 0.025390625
1 0.927734375 0.6103515625 0.0419921875 0.0361328125
1 0.111328125 0.42578125 0.0185546875 0.0234375
1 0.23046875 0.552734375 0.0263671875 0.0390625
1 0.841796875 0.5537109375 0.0263671875 0.044921875
1 0.9306640625 0.705078125 0.033203125 0.046875
1 0.7880859375 0.5517578125 0.0234375 0.03125
1 0.4404296875 0.3642578125 0.0185546875 0.025390625
0 0.1494140625 0.4560546875 0.0390625 0.0439453125
1 0.158203125 0.369140625 0.021484375 0.0263671875
1 0.587890625 0.392578125 0.03125 0.0361328125
1 0.0751953125 0.77734375 0.037109375 0.0673828125
1 0.6064453125 0.455078125 0.015625 0.0263671875
1 0.35546875 0.86328125 0.0576171875 0.0546875
1 0.6962890625 0.521484375 0.017578125 0.0263671875
1 0.068359375 0.478515625 0.0419921875 0.0390625
1 0.904296875 0.544921875 0.017578125 0.0234375
0 0.3505859375 0.322265625 0.029296875 0.0185546875
0 0.546875 0.365234375 0.025390625 0.017578125
1 0.3974609375 0.740234375 0.029296875 0.0654296875
1 0.82421875 0.5341796875 0.0234375 0.041015625
1 0.21484375 0.822265625 0.0390625 0.0859375
1 0.154296875 0.42578125 0.0205078125 0.0234375
1 0.7109375 0.5244140625 0.021484375 0.033203125
1 0.962890625 0.58984375 0.046875 0.048828125
1 0.1064453125 0.486328125 0.03125 0.029296875
1 0.861328125 0.55859375 0.015625 0.0205078125
1 0.4462890625 0.45703125 0.0888671875 0.1171875
1 0.4169921875 0.4169921875 0.015625 0.0283203125
1 0.63671875 0.439453125 0.0361328125 0.0341796875
1 0.919921875 0.861328125 0.0595703125 0.052734375
1 0.5751953125 0.365234375 0.0283203125 0.025390625
1 0.44921875 0.6962890625 0.0361328125 0.1015625
1 0.712890625 0.685546875 0.0263671875 0.0498046875