0 0.193359375 0.744140625 0.123046875 0.1669921875
0 0.517578125 0.447265625 0.0576171875 0.0576171875
0 0.33984375 0.7275390625 0.095703125 0.123046875
1 0.1513671875 0.60546875 0.037109375 0.0576171875
1 0.53125 0.5224609375 0.025390625 0.044921875
0 0.4853515625 0.361328125 0.044921875 0.033203125
0 0.537109375 0.34765625 0.037109375 0.033203125
1 0.689453125 0.8193359375 0.046875 0.080078125
1 0.4873046875 0.541015625 0.0283203125 0.048828125
1 0.068359375 0.5341796875 0.029296875 0.0498046875
1 0.6474609375 0.529296875 0.0263671875 0.0419921875
1 0.751953125 0.7294921875 0.046875 0.083984375
1 0.9306640625 0.60546875 0.0419921875 0.064453125
1 0.580078125 0.490234375 0.0283203125 0.0390625
1 0.8720703125 0.6025390625 0.0654296875 0.0673828125
1 0.619140625 0.541015625 0.0263671875 0.0439453125
1 0.701171875 0.603515625 0.044921875 0.0625
1 0.82421875 0.853515625 0.0546875 0.072265625
1 0.369140625 0.5576171875 0.0283203125 0.0439453125
1 0.431640625 0.482421875 0.0205078125 0.037109375
0 0.509765625 0.3330078125 0.029296875 0.0283203125
1 0.533203125 0.373046875 0.017578125 0.0234375
1 0.41796875 0.646484375 0.0361328125 0.0439453125
1 0.7646484375 0.6787109375 0.0361328125 0.044921875
1 0.669921875 0.5615234375 0.033203125 0.0517578125
1 0.64453125 0.681640625 0.0361328125 0.0654296875
1 0.490234375 0.4990234375 0.021484375 0.044921875
1 0.5634765625 0.529296875 0.029296875 0.0576171875
0 0.1123046875 0.408203125 0.0654296875 0.041015625
1 0.5693359375 0.3916015625 0.017578125 0.029296875
1 0.806640625 0.556640625 0.064453125 0.044921875
1 0.595703125 0.45703125 0.021484375 0.0361328125
1 0.412109375 0.763671875 0.0390625 0.060546875
1 0.9736328125 0.5712890625 0.03125 0.0546875
1 0.646484375 0.62890625 0.0263671875 0.0419921875
1 0.310546875 0.841796875 0.0498046875 0.0625
1 0.248046875 0.361328125 0.017578125 0.0185546875
1 0.388671875 0.427734375 0.0185546875 0.03125
1 0.0205078125 0.572265625 0.0185546875 0.041015625
1 0.9482421875 0.560546875 0.03125 0.0341796875
1 0.626953125 0.5751953125 0.0263671875 0.0439453125
1 0.064453125 0.48046875 0.03125 0.0419921875
1 0.046875 0.705078125 0.068359375 0.0595703125
1 0.4208984375 0.4189453125 0.013671875 0.025390625
1 0.4384765625 0.7138671875 0.0263671875 0.046875
1 0.443359375 0.3779296875 0.0107421875 0.021484375
1 0.4638671875 0.443359375 0.0126953125 0.025390625
1 0.07421875 0.603515625 0.033203125 0.0595703125
1 0.5927734375 0.4033203125 0.017578125 0.03125
1 0.5390625 0.568359375 0.0283203125 0.0498046875
1 0.0244140625 0.8349609375 0.0263671875 0.064453125
0 0.404296875 0.3935546875 0.0263671875 0.0341796875
1 0.369140625 0.42578125 0.0263671875 0.033203125
1 0.7021484375 0.46875 0.029296875 0.0341796875
1 0.166015625 0.36328125 0.013671875 0.013671875
1 0.0390625 0.5556640625 0.015625 0.029296875
1 0.46875 0.6796875 0.025390625 0.056640625
0 0.19921875 0.3232421875 0.095703125 0.03125
1 0.5078125 0.390625 0.009765625 0.0283203125
1 0.453125 0.3623046875 0.0185546875 0.025390625
1 0.560546875 0.748046875 0.0419921875 0.0908203125
1 0.025390625 0.373046875 0.0126953125 0.0205078125
1 0.62109375 0.509765625 0.0205078125 0.033203125
1 0.212890625 0.359375 0.0126953125 0.0185546875
0 0.1923828125 0.875 0.099609375 0.0283203125
1 0.107421875 0.498046875 0.0390625 0.056640625
1 0.060546875 0.7490234375 0.0498046875 0.048828125
0 0.35546875 0.318359375 0.0419921875 0.0185546875
1 0.388671875 0.365234375 0.0078125 0.017578125
1 0.4091796875 0.5986328125 0.0185546875 0.0185546875