0 0.3203125 0.798828125 0.1435546875 0.1767578125
0 0.1982421875 0.6865234375 0.1064453125 0.1171875
1 0.166015625 0.5361328125 0.025390625 0.046875
0 0.240234375 0.5087890625 0.0625 0.0703125
1 0.10546875 0.6943359375 0.044921875 0.0859375
1 0.689453125 0.54296875 0.048828125 0.060546875
0 0.3173828125 0.650390625 0.0908203125 0.109375
0 0.224609375 0.5791015625 0.078125 0.0888671875
1 0.1142578125 0.572265625 0.021484375 0.033203125
0 0.505859375 0.3525390625 0.041015625 0.048828125
1 0.822265625 0.572265625 0.087890625 0.0888671875
1 0.544921875 0.7216796875 0.029296875 0.0595703125
0 0.3212890625 0.546875 0.0703125 0.0810546875
1 0.142578125 0.6240234375 0.0341796875 0.0546875
1 0.416015625 0.4326171875 0.021484375 0.046875
1 0.0439453125 0.583984375 0.03125 0.0498046875
1 0.068359375 0.478515625 0.041015625 0.037109375
1 0.1220703125 0.51953125 0.021484375 0.033203125
1 0.1826171875 0.505859375 0.025390625 0.0419921875
1 0.896484375 0.5478515625 0.0390625 0.0419921875
1 0.5927734375 0.3916015625 0.0205078125 0.033203125
1 0.9453125 0.681640625 0.078125 0.0986328125
1 0.560546875 0.3916015625 0.017578125 0.0234375
1 0.146484375 0.462890625 0.025390625 0.0361328125
1 0.173828125 0.466796875 0.021484375 0.0283203125
1 0.4365234375 0.4091796875 0.0263671875 0.0439453125
1 0.3720703125 0.4697265625 0.015625 0.029296875
1 0.970703125 0.5234375 0.0283203125 0.025390625
1 0.189453125 0.47265625 0.0185546875 0.033203125
1 0.021484375 0.4755859375 0.021484375 0.029296875
0 0.5341796875 0.330078125 0.046875 0.03125
1 0.025390625 0.5615234375 0.025390625 0.048828125
1 0.474609375 0.5419921875 0.0283203125 0.0625
1 0.5029296875 0.4873046875 0.0439453125 0.041015625
1 0.4775390625 0.4921875 0.0234375 0.03125
1 0.814453125 0.5146484375 0.0361328125 0.048828125
1 0.9306640625 0.6142578125 0.0732421875 0.056640625
1 0.7138671875 0.494140625 0.0595703125 0.03125
0 0.2548828125 0.4150390625 0.041015625 0.033203125
1 0.630859375 0.443359375 0.037109375 0.0341796875
1 0.2041015625 0.8525390625 0.060546875 0.0732421875
1 0.0556640625 0.779296875 0.0361328125 0.064453125
0 0.150390625 0.4228515625 0.0341796875 0.0390625
1 0.724609375 0.7841796875 0.046875 0.056640625
1 0.126953125 0.427734375 0.0205078125 0.0205078125
0 0.1826171875 0.40625 0.056640625 0.037109375
1 0.2197265625 0.4111328125 0.033203125 0.0341796875
0 0.400390625 0.373046875 0.041015625 0.044921875
0 0.03125 0.3359375 0.021484375 0.021484375