0 0.19140625 0.748046875 0.126953125 0.162109375
0 0.5078125 0.421875 0.0595703125 0.052734375
1 0.2685546875 0.4599609375 0.021484375 0.029296875
0 0.337890625 0.728515625 0.0986328125 0.1220703125
1 0.609375 0.498046875 0.037109375 0.0419921875
1 0.640625 0.49609375 0.03125 0.0517578125
1 0.4775390625 0.478515625 0.033203125 0.044921875
1 0.14453125 0.5185546875 0.0234375 0.037109375
1 0.150390625 0.45703125 0.0205078125 0.029296875
0 0.5458984375 0.3564453125 0.0546875 0.0498046875
0 0.4892578125 0.3525390625 0.0654296875 0.0546875
1 0.5205078125 0.4765625 0.052734375 0.046875
1 0.580078125 0.4873046875 0.025390625 0.037109375
1 0.068359375 0.5361328125 0.0263671875 0.041015625
0 0.3681640625 0.4775390625 0.1044921875 0.060546875
0 0.9072265625 0.5830078125 0.1611328125 0.0908203125
1 0.09765625 0.634765625 0.0390625 0.0673828125
1 0.1796875 0.458984375 0.0185546875 0.0361328125
1 0.4130859375 0.791015625 0.048828125 0.0830078125
1 0.21875 0.427734375 0.025390625 0.0234375
1 0.45703125 0.7822265625 0.0361328125 0.0576171875
1 0.30859375 0.8486328125 0.0546875 0.072265625
1 0.42578125 0.705078125 0.048828125 0.078125
1 0.5966796875 0.572265625 0.0595703125 0.0546875
1 0.583984375 0.4072265625 0.013671875 0.0263671875
1 0.166015625 0.419921875 0.037109375 0.03125
1 0.0302734375 0.58203125 0.0361328125 0.0859375
1 0.068359375 0.48046875 0.037109375 0.033203125
1 0.8740234375 0.6240234375 0.0390625 0.048828125
1 0.134765625 0.4248046875 0.017578125 0.021484375
1 0.560546875 0.451171875 0.015625 0.025390625
1 0.1982421875 0.458984375 0.0185546875 0.037109375
1 0.078125 0.7490234375 0.0439453125 0.0888671875
1 0.427734375 0.65625 0.033203125 0.037109375
1 0.2099609375 0.33203125 0.017578125 0.013671875
1 0.1611328125 0.3681640625 0.0126953125 0.017578125
1 0.583984375 0.357421875 0.015625 0.0185546875
1 0.4580078125 0.361328125 0.021484375 0.03125
1 0.634765625 0.4453125 0.037109375 0.03125
1 0.4951171875 0.4560546875 0.0185546875 0.03125
1 0.423828125 0.517578125 0.048828125 0.0419921875
1 0.1259765625 0.40234375 0.0205078125 0.0263671875
1 0.587890625 0.4501953125 0.015625 0.025390625
1 0.478515625 0.453125 0.015625 0.021484375
1 0.177734375 0.326171875 0.021484375 0.0185546875
0 0.2314453125 0.3623046875 0.056640625 0.03125
1 0.0478515625 0.380859375 0.013671875 0.017578125
1 0.0185546875 0.458984375 0.015625 0.021484375
1 0.361328125 0.3447265625 0.0126953125 0.017578125
1 0.8916015625 0.384765625 0.017578125 0.025390625
1 0.025390625 0.375 0.013671875 0.0185546875
1 0.68359375 0.5185546875 0.048828125 0.046875
1 0.548828125 0.4423828125 0.017578125 0.025390625
0 0.201171875 0.875 0.091796875 0.0283203125