1 0.115234375 0.6533203125 0.03125 0.052734375
1 0.2255859375 0.685546875 0.033203125 0.0498046875
0 0.8369140625 0.787109375 0.205078125 0.1904296875
0 0.5546875 0.5029296875 0.0654296875 0.087890625
0 0.216796875 0.482421875 0.0576171875 0.060546875
1 0.68359375 0.544921875 0.048828125 0.052734375
1 0.72265625 0.5361328125 0.048828125 0.0498046875
1 0.640625 0.5791015625 0.041015625 0.064453125
1 0.1787109375 0.607421875 0.033203125 0.056640625
1 0.6796875 0.7109375 0.052734375 0.083984375
1 0.140625 0.4228515625 0.0185546875 0.029296875
1 0.818359375 0.568359375 0.080078125 0.0859375
1 0.416015625 0.462890625 0.0263671875 0.0439453125
1 0.6064453125 0.5048828125 0.025390625 0.0439453125
1 0.376953125 0.47265625 0.025390625 0.044921875
0 0.5244140625 0.43359375 0.044921875 0.0517578125
1 0.150390625 0.466796875 0.029296875 0.0390625
1 0.35546875 0.4267578125 0.0205078125 0.03125
1 0.947265625 0.662109375 0.076171875 0.0751953125
1 0.6328125 0.533203125 0.0341796875 0.041015625
1 0.646484375 0.84765625 0.044921875 0.0703125
0 0.2275390625 0.35546875 0.033203125 0.0361328125
1 0.880859375 0.6552734375 0.076171875 0.064453125
1 0.251953125 0.583984375 0.029296875 0.0546875
1 0.6875 0.8193359375 0.046875 0.0888671875
1 0.2587890625 0.4072265625 0.0205078125 0.033203125
1 0.205078125 0.4169921875 0.0185546875 0.0283203125
1 0.1201171875 0.412109375 0.021484375 0.029296875
1 0.0849609375 0.40234375 0.029296875 0.0263671875
0 0.5595703125 0.40625 0.03125 0.0341796875
0 0.4599609375 0.4326171875 0.0361328125 0.041015625
1 0.2666015625 0.54296875 0.0263671875 0.0361328125
1 0.060546875 0.4794921875 0.0263671875 0.037109375
1 0.279296875 0.4892578125 0.0263671875 0.0341796875
0 0.490234375 0.357421875 0.029296875 0.0283203125
1 0.673828125 0.50390625 0.033203125 0.0419921875
1 0.181640625 0.375 0.0126953125 0.021484375
1 0.896484375 0.5419921875 0.03125 0.037109375
1 0.5986328125 0.447265625 0.025390625 0.0390625
1 0.4580078125 0.525390625 0.0283203125 0.0439453125
1 0.140625 0.5234375 0.025390625 0.037109375
1 0.8076171875 0.6923828125 0.0439453125 0.0341796875
1 0.640625 0.443359375 0.0283203125 0.0283203125
0 0.052734375 0.37890625 0.0654296875 0.029296875
0 0.3251953125 0.3994140625 0.0908203125 0.044921875
1 0.9228515625 0.6044921875 0.0419921875 0.041015625
1 0.255859375 0.4375 0.015625 0.021484375
1 0.1572265625 0.5634765625 0.0361328125 0.0419921875
1 0.4111328125 0.4296875 0.0185546875 0.0341796875
1 0.451171875 0.384765625 0.0126953125 0.0205078125
1 0.4560546875 0.3623046875 0.021484375 0.025390625
1 0.18359375 0.435546875 0.0234375 0.0234375
1 0.8974609375 0.576171875 0.0419921875 0.0419921875
1 0.4638671875 0.744140625 0.052734375 0.083984375
1 0.2236328125 0.412109375 0.021484375 0.03125
1 0.021484375 0.4833984375 0.0205078125 0.0419921875
0 0.53125 0.353515625 0.025390625 0.0234375
0 0.5224609375 0.587890625 0.1142578125 0.1220703125
1 0.5185546875 0.474609375 0.0341796875 0.0419921875
0 0.572265625 0.3779296875 0.0283203125 0.0283203125
0 0.5107421875 0.400390625 0.03125 0.029296875
0 0.513671875 0.3369140625 0.0234375 0.0263671875
0 0.251953125 0.318359375 0.0263671875 0.0205078125
1 0.0771484375 0.337890625 0.0205078125 0.0185546875
1 0.896484375 0.720703125 0.0439453125 0.0908203125
0 0.3515625 0.3193359375 0.03125 0.017578125
1 0.2109375 0.3974609375 0.015625 0.0205078125
1 0.181640625 0.638671875 0.169921875 0.1376953125
1 0.4228515625 0.513671875 0.033203125 0.0625
1 0.955078125 0.5927734375 0.0341796875 0.0390625
1 0.6787109375 0.4384765625 0.017578125 0.0361328125
0 0.5166015625 0.3798828125 0.1298828125 0.115234375
1 0.7451171875 0.748046875 0.0283203125 0.076171875
1 0.68359375 0.65234375 0.033203125 0.0576171875