0 0.1962890625 0.7236328125 0.1171875 0.15625
0 0.5205078125 0.458984375 0.0625 0.060546875
1 0.1591796875 0.5654296875 0.03125 0.0498046875
0 0.341796875 0.7158203125 0.09375 0.119140625
1 0.349609375 0.5078125 0.0263671875 0.0498046875
1 0.66796875 0.6083984375 0.0390625 0.0673828125
1 0.765625 0.6884765625 0.0498046875 0.0673828125
0 0.5380859375 0.34765625 0.033203125 0.033203125
1 0.716796875 0.603515625 0.03125 0.0546875
1 0.068359375 0.52734375 0.0263671875 0.0419921875
0 0.4921875 0.359375 0.037109375 0.0341796875
1 0.59375 0.5166015625 0.025390625 0.0361328125
1 0.681640625 0.544921875 0.03125 0.0390625
1 0.7265625 0.8203125 0.0498046875 0.078125
1 0.5693359375 0.390625 0.017578125 0.025390625
1 0.5048828125 0.5380859375 0.0283203125 0.048828125
1 0.54296875 0.544921875 0.0263671875 0.046875
1 0.0869140625 0.6962890625 0.048828125 0.0576171875
1 0.583984375 0.57421875 0.033203125 0.044921875
1 0.828125 0.796875 0.052734375 0.083984375
1 0.4697265625 0.39453125 0.013671875 0.0234375
1 0.38671875 0.5986328125 0.0361328125 0.052734375
1 0.42578125 0.4345703125 0.0205078125 0.0341796875
1 0.6474609375 0.568359375 0.0263671875 0.046875
1 0.5849609375 0.404296875 0.013671875 0.0263671875
1 0.53125 0.37109375 0.021484375 0.0234375
1 0.6875 0.701171875 0.041015625 0.072265625
1 0.8623046875 0.59765625 0.068359375 0.0703125
1 0.85546875 0.849609375 0.060546875 0.076171875
1 0.6044921875 0.47265625 0.021484375 0.033203125
0 0.09375 0.3955078125 0.0498046875 0.041015625
1 0.5302734375 0.623046875 0.029296875 0.0576171875
1 0.4130859375 0.72265625 0.0361328125 0.0546875
0 0.509765625 0.333984375 0.029296875 0.029296875
1 0.0244140625 0.564453125 0.0263671875 0.0498046875
1 0.4853515625 0.580078125 0.0419921875 0.0654296875
1 0.91015625 0.6064453125 0.0390625 0.068359375
1 0.056640625 0.6708984375 0.033203125 0.044921875
1 0.80078125 0.5615234375 0.0732421875 0.0546875
1 0.4189453125 0.4072265625 0.025390625 0.033203125
1 0.4072265625 0.443359375 0.017578125 0.03125
1 0.96875 0.583984375 0.0341796875 0.072265625
1 0.369140625 0.4423828125 0.021484375 0.037109375
1 0.892578125 0.556640625 0.0361328125 0.0419921875
1 0.392578125 0.4453125 0.0185546875 0.03125
1 0.0908203125 0.7470703125 0.021484375 0.0341796875
1 0.3828125 0.5634765625 0.021484375 0.029296875
1 0.306640625 0.830078125 0.0361328125 0.0498046875
1 0.4404296875 0.3623046875 0.021484375 0.025390625
1 0.923828125 0.5556640625 0.033203125 0.0546875
1 0.4560546875 0.375 0.0185546875 0.03125
1 0.6640625 0.513671875 0.0185546875 0.029296875
1 0.0888671875 0.5859375 0.025390625 0.041015625
0 0.1875 0.326171875 0.0625 0.025390625
1 0.060546875 0.4814453125 0.0234375 0.037109375
1 0.6015625 0.3837890625 0.015625 0.0234375
1 0.064453125 0.634765625 0.0419921875 0.0439453125
1 0.150390625 0.6796875 0.013671875 0.0341796875
1 0.60546875 0.447265625 0.013671875 0.0234375
1 0.208984375 0.3994140625 0.0185546875 0.0263671875
1 0.544921875 0.572265625 0.1298828125 0.1298828125
1 0.0224609375 0.814453125 0.0234375 0.0546875
1 0.025390625 0.373046875 0.0126953125 0.021484375
1 0.1103515625 0.490234375 0.0390625 0.041015625
1 0.755859375 0.4833984375 0.044921875 0.033203125
0 0.201171875 0.875 0.1142578125 0.025390625
1 0.212890625 0.359375 0.0126953125 0.0185546875
0 0.353515625 0.3212890625 0.0390625 0.0205078125
1 0.248046875 0.359375 0.0126953125 0.0185546875
1 0.166015625 0.3623046875 0.013671875 0.015625
1 0.412109375 0.638671875 0.041015625 0.056640625
1 0.681640625 0.640625 0.0234375 0.0283203125
1 0.771484375 0.7587890625 0.2158203125 0.2392578125
0 0.03515625 0.466796875 0.048828125 0.0361328125
0 0.068359375 0.322265625 0.0439453125 0.021484375
0 0.458984375 0.513671875 0.0419921875 0.0654296875