0 0.3203125 0.7998046875 0.1435546875 0.1748046875
0 0.6318359375 0.6533203125 0.1357421875 0.166015625
0 0.240234375 0.5068359375 0.0625 0.0703125
0 0.314453125 0.6484375 0.0888671875 0.109375
0 0.201171875 0.673828125 0.103515625 0.1142578125
0 0.224609375 0.578125 0.078125 0.0908203125
1 0.818359375 0.583984375 0.0810546875 0.080078125
0 0.07421875 0.8115234375 0.107421875 0.1513671875
0 0.431640625 0.431640625 0.0546875 0.0673828125
1 0.7294921875 0.53515625 0.0439453125 0.044921875
0 0.529296875 0.4501953125 0.0859375 0.0595703125
0 0.3212890625 0.5498046875 0.0703125 0.0810546875
1 0.134765625 0.52734375 0.029296875 0.0390625
0 0.328125 0.490234375 0.0654296875 0.0576171875
0 0.4794921875 0.365234375 0.0283203125 0.029296875
0 0.505859375 0.341796875 0.033203125 0.0283203125
1 0.0341796875 0.5908203125 0.041015625 0.0625
1 0.6796875 0.5390625 0.03125 0.046875
1 0.9443359375 0.685546875 0.080078125 0.091796875
1 0.15234375 0.5927734375 0.029296875 0.0419921875
1 0.9296875 0.60546875 0.0498046875 0.044921875
1 0.720703125 0.8603515625 0.0625 0.060546875
0 0.248046875 0.384765625 0.044921875 0.0341796875
0 0.54296875 0.333984375 0.033203125 0.0234375
1 0.068359375 0.478515625 0.0361328125 0.0361328125
1 0.8974609375 0.544921875 0.033203125 0.033203125
0 0.224609375 0.3583984375 0.025390625 0.0205078125
1 0.17578125 0.466796875 0.0205078125 0.029296875
1 0.392578125 0.5244140625 0.0205078125 0.0517578125
1 0.189453125 0.482421875 0.0205078125 0.033203125
1 0.197265625 0.42578125 0.015625 0.0234375
1 0.240234375 0.4052734375 0.0205078125 0.0263671875
0 0.189453125 0.3857421875 0.029296875 0.0185546875
1 0.1875 0.5107421875 0.0283203125 0.041015625
1 0.142578125 0.4677734375 0.037109375 0.0361328125
0 0.3525390625 0.3212890625 0.033203125 0.017578125
1 0.21875 0.421875 0.0283203125 0.03125
1 0.390625 0.416015625 0.0185546875 0.0234375
1 0.8955078125 0.5888671875 0.0341796875 0.056640625
1 0.099609375 0.4794921875 0.0361328125 0.0341796875
1 0.18359375 0.865234375 0.0390625 0.0517578125
1 0.623046875 0.4599609375 0.033203125 0.0263671875
1 0.5654296875 0.373046875 0.056640625 0.0517578125