0 0.1923828125 0.75 0.125 0.162109375
0 0.515625 0.443359375 0.056640625 0.052734375
1 0.5625 0.4990234375 0.03125 0.0517578125
1 0.7490234375 0.7392578125 0.0517578125 0.0810546875
0 0.3408203125 0.7265625 0.0966796875 0.119140625
1 0.515625 0.5029296875 0.025390625 0.0439453125
1 0.623046875 0.6904296875 0.0419921875 0.072265625
0 0.486328125 0.3623046875 0.048828125 0.0341796875
0 0.5380859375 0.3486328125 0.0390625 0.0341796875
1 0.134765625 0.646484375 0.044921875 0.0595703125
1 0.599609375 0.515625 0.029296875 0.0439453125
1 0.3828125 0.583984375 0.037109375 0.048828125
1 0.412109375 0.79296875 0.0390625 0.0576171875
1 0.478515625 0.482421875 0.0283203125 0.048828125
1 0.6123046875 0.556640625 0.025390625 0.046875
1 0.6630859375 0.5546875 0.029296875 0.052734375
1 0.580078125 0.4521484375 0.0341796875 0.0419921875
1 0.529296875 0.373046875 0.0205078125 0.0234375
1 0.4599609375 0.51171875 0.0263671875 0.0361328125
1 0.6005859375 0.623046875 0.029296875 0.0419921875
1 0.068359375 0.5322265625 0.0283203125 0.048828125
1 0.568359375 0.388671875 0.0185546875 0.0283203125
1 0.4208984375 0.41796875 0.013671875 0.0263671875
1 0.42578125 0.681640625 0.0390625 0.0517578125
1 0.0654296875 0.6337890625 0.041015625 0.0517578125
1 0.8662109375 0.794921875 0.0576171875 0.068359375
1 0.3935546875 0.4208984375 0.025390625 0.033203125
0 0.509765625 0.3330078125 0.029296875 0.0283203125
1 0.8291015625 0.568359375 0.0673828125 0.064453125
1 0.373046875 0.404296875 0.017578125 0.025390625
1 0.7216796875 0.607421875 0.0283203125 0.0498046875
1 0.4248046875 0.451171875 0.021484375 0.0361328125
1 0.6962890625 0.6298828125 0.0263671875 0.0498046875
1 0.44921875 0.748046875 0.0361328125 0.052734375
1 0.3095703125 0.8447265625 0.0498046875 0.064453125
1 0.599609375 0.3974609375 0.015625 0.0234375
1 0.6748046875 0.4638671875 0.021484375 0.0341796875
1 0.03125 0.5654296875 0.037109375 0.0498046875
1 0.248046875 0.361328125 0.0205078125 0.0205078125
1 0.6396484375 0.515625 0.0234375 0.041015625
1 0.6455078125 0.4833984375 0.021484375 0.033203125
0 0.13671875 0.412109375 0.064453125 0.041015625
1 0.9482421875 0.603515625 0.0654296875 0.048828125
1 0.853515625 0.6513671875 0.0390625 0.052734375
1 0.0263671875 0.8115234375 0.0341796875 0.0732421875
1 0.40234375 0.388671875 0.013671875 0.0185546875
1 0.103515625 0.4169921875 0.015625 0.0283203125
1 0.0634765625 0.486328125 0.0361328125 0.0498046875
1 0.03515625 0.744140625 0.044921875 0.0498046875
1 0.427734375 0.3671875 0.0107421875 0.015625
1 0.166015625 0.3642578125 0.015625 0.0126953125
1 0.728515625 0.5400390625 0.021484375 0.0419921875
1 0.462890625 0.439453125 0.013671875 0.025390625
1 0.4560546875 0.3642578125 0.025390625 0.0283203125
1 0.666015625 0.640625 0.1611328125 0.240234375
1 0.0244140625 0.373046875 0.013671875 0.0205078125
1 0.55078125 0.748046875 0.0673828125 0.099609375
1 0.51953125 0.392578125 0.0107421875 0.0283203125
1 0.607421875 0.4873046875 0.0185546875 0.0283203125
0 0.353515625 0.3193359375 0.037109375 0.0205078125
1 0.2236328125 0.3603515625 0.015625 0.0205078125
0 0.205078125 0.326171875 0.068359375 0.021484375
1 0.47265625 0.6708984375 0.0234375 0.0546875
0 0.19140625 0.875 0.111328125 0.0283203125
1 0.5859375 0.4296875 0.0126953125 0.021484375
1 0.880859375 0.6103515625 0.076171875 0.0673828125
1 0.640625 0.634765625 0.041015625 0.0654296875