0 0.853515625 0.798828125 0.2236328125 0.1767578125
0 0.5556640625 0.5068359375 0.0703125 0.0888671875
0 0.51953125 0.443359375 0.0546875 0.0703125
1 0.232421875 0.6630859375 0.03125 0.048828125
1 0.6103515625 0.5126953125 0.0263671875 0.046875
1 0.685546875 0.5419921875 0.0498046875 0.0498046875
0 0.216796875 0.4755859375 0.0546875 0.060546875
1 0.4130859375 0.4482421875 0.0234375 0.0341796875
0 0.560546875 0.412109375 0.037109375 0.044921875
1 0.69140625 0.716796875 0.0576171875 0.1064453125
1 0.119140625 0.6318359375 0.0283203125 0.0419921875
1 0.154296875 0.462890625 0.021484375 0.037109375
1 0.353515625 0.4287109375 0.017578125 0.0234375
1 0.796875 0.5849609375 0.041015625 0.0576171875
1 0.6357421875 0.560546875 0.03125 0.041015625
1 0.6533203125 0.6181640625 0.0439453125 0.080078125
1 0.5888671875 0.474609375 0.0185546875 0.0341796875
1 0.251953125 0.57421875 0.03125 0.0517578125
1 0.134765625 0.423828125 0.0185546875 0.0263671875
1 0.279296875 0.482421875 0.0234375 0.0341796875
0 0.2265625 0.3583984375 0.0283203125 0.029296875
1 0.728515625 0.5380859375 0.0390625 0.044921875
1 0.9521484375 0.6923828125 0.0703125 0.083984375
1 0.177734375 0.5947265625 0.0283203125 0.044921875
1 0.6591796875 0.86328125 0.052734375 0.0546875
1 0.1767578125 0.4228515625 0.021484375 0.029296875
1 0.11328125 0.408203125 0.0205078125 0.025390625
0 0.4873046875 0.357421875 0.03125 0.0283203125
1 0.8662109375 0.654296875 0.064453125 0.0625
1 0.265625 0.521484375 0.0283203125 0.041015625
1 0.84375 0.603515625 0.0439453125 0.0439453125
1 0.220703125 0.412109375 0.017578125 0.0263671875
1 0.837890625 0.5556640625 0.0498046875 0.0546875
1 0.7001953125 0.8134765625 0.041015625 0.0673828125
1 0.06640625 0.48046875 0.0390625 0.0361328125
1 0.1611328125 0.5537109375 0.03125 0.0361328125
1 0.142578125 0.5146484375 0.021484375 0.033203125
1 0.3779296875 0.46875 0.0283203125 0.0595703125
1 0.201171875 0.4130859375 0.0185546875 0.0361328125
1 0.255859375 0.4052734375 0.0263671875 0.0361328125
1 0.095703125 0.400390625 0.021484375 0.0234375
0 0.4599609375 0.431640625 0.0361328125 0.037109375
1 0.1328125 0.40234375 0.0185546875 0.0263671875
1 0.94140625 0.6103515625 0.048828125 0.048828125
1 0.6015625 0.451171875 0.015625 0.025390625
1 0.826171875 0.70703125 0.0517578125 0.048828125
1 0.443359375 0.521484375 0.021484375 0.0341796875
0 0.509765625 0.3994140625 0.037109375 0.033203125
0 0.3203125 0.396484375 0.0810546875 0.0439453125
0 0.5302734375 0.357421875 0.029296875 0.025390625
1 0.3662109375 0.39453125 0.017578125 0.0205078125
1 0.8935546875 0.5380859375 0.0283203125 0.0390625
0 0.5703125 0.376953125 0.0283203125 0.0283203125
0 0.5302734375 0.6005859375 0.1171875 0.1328125
1 0.4736328125 0.671875 0.03125 0.072265625
1 0.896484375 0.572265625 0.0390625 0.044921875
0 0.4951171875 0.3369140625 0.025390625 0.017578125
1 0.029296875 0.568359375 0.0341796875 0.0576171875
1 0.1806640625 0.3994140625 0.013671875 0.029296875
1 0.974609375 0.634765625 0.025390625 0.0576171875
0 0.0478515625 0.376953125 0.0576171875 0.029296875
1 0.251953125 0.4306640625 0.0185546875 0.0263671875
1 0.6396484375 0.439453125 0.0419921875 0.0341796875
0 0.251953125 0.3193359375 0.0234375 0.017578125
1 0.203125 0.544921875 0.171875 0.2060546875
1 0.0185546875 0.49609375 0.015625 0.029296875
1 0.6787109375 0.4375 0.0205078125 0.0341796875
1 0.76171875 0.76953125 0.0361328125 0.080078125
1 0.759765625 0.880859375 0.0361328125 0.0205078125