0 0.193359375 0.7490234375 0.123046875 0.1611328125
0 0.5107421875 0.423828125 0.0498046875 0.0546875
0 0.337890625 0.7275390625 0.0986328125 0.1171875
1 0.5341796875 0.681640625 0.037109375 0.083984375
1 0.658203125 0.638671875 0.0517578125 0.0673828125
1 0.6083984375 0.625 0.044921875 0.0595703125
1 0.6298828125 0.4736328125 0.03125 0.041015625
1 0.412109375 0.5244140625 0.041015625 0.0517578125
1 0.455078125 0.5244140625 0.025390625 0.0419921875
1 0.576171875 0.5263671875 0.0263671875 0.0439453125
1 0.7314453125 0.693359375 0.072265625 0.09375
0 0.6435546875 0.732421875 0.15625 0.171875
1 0.587890625 0.4814453125 0.0283203125 0.0341796875
1 0.4140625 0.44140625 0.0283203125 0.029296875
0 0.537109375 0.345703125 0.037109375 0.029296875
1 0.568359375 0.6435546875 0.0361328125 0.052734375
1 0.8232421875 0.6611328125 0.068359375 0.087890625
1 0.4296875 0.677734375 0.037109375 0.0576171875
1 0.529296875 0.5341796875 0.037109375 0.0625
0 0.92578125 0.580078125 0.1201171875 0.064453125
1 0.70703125 0.580078125 0.0703125 0.0673828125
0 0.869140625 0.822265625 0.193359375 0.1328125
0 0.4921875 0.3603515625 0.041015625 0.033203125
1 0.55078125 0.4931640625 0.0390625 0.0361328125
1 0.48828125 0.48046875 0.029296875 0.0390625
1 0.080078125 0.759765625 0.0439453125 0.0810546875
1 0.626953125 0.5634765625 0.0263671875 0.0390625
1 0.5654296875 0.419921875 0.0185546875 0.0341796875
0 0.5078125 0.333984375 0.0341796875 0.03125
1 0.9423828125 0.6708984375 0.083984375 0.0830078125
1 0.7275390625 0.4736328125 0.0234375 0.0283203125
1 0.759765625 0.5849609375 0.044921875 0.0419921875
1 0.546875 0.435546875 0.0185546875 0.0341796875
1 0.671875 0.529296875 0.0625 0.052734375
1 0.7294921875 0.5322265625 0.025390625 0.033203125
1 0.580078125 0.580078125 0.033203125 0.044921875
1 0.5263671875 0.369140625 0.0185546875 0.025390625
1 0.333984375 0.591796875 0.052734375 0.0419921875
0 0.353515625 0.3212890625 0.0341796875 0.017578125
1 0.2861328125 0.59765625 0.0625 0.0390625
1 0.4609375 0.42578125 0.037109375 0.0390625
0 0.884765625 0.5068359375 0.125 0.0703125
1 0.4560546875 0.3603515625 0.025390625 0.0263671875
1 0.490234375 0.626953125 0.041015625 0.0625
1 0.5498046875 0.3720703125 0.015625 0.0283203125
1 0.365234375 0.427734375 0.0205078125 0.0205078125
1 0.681640625 0.458984375 0.0283203125 0.0341796875
1 0.0234375 0.5625 0.021484375 0.0498046875
1 0.62109375 0.447265625 0.0205078125 0.0263671875
1 0.169921875 0.3388671875 0.021484375 0.021484375
1 0.8310546875 0.58984375 0.109375 0.064453125
1 0.0595703125 0.478515625 0.021484375 0.0361328125
1 0.6259765625 0.5224609375 0.0234375 0.033203125
1 0.470703125 0.4921875 0.015625 0.0283203125
1 0.7880859375 0.5595703125 0.0234375 0.03125
1 0.2138671875 0.6142578125 0.037109375 0.046875
1 0.6044921875 0.5634765625 0.025390625 0.033203125
1 0.328125 0.3583984375 0.0185546875 0.0263671875
1 0.0341796875 0.822265625 0.0439453125 0.095703125
1 0.408203125 0.486328125 0.0205078125 0.033203125
1 0.1064453125 0.486328125 0.03125 0.033203125
1 0.4765625 0.5703125 0.021484375 0.03125
1 0.595703125 0.56640625 0.1328125 0.1455078125
1 0.4658203125 0.3447265625 0.015625 0.0205078125
0 0.185546875 0.3232421875 0.041015625 0.021484375
1 0.5107421875 0.4921875 0.015625 0.021484375
1 0.0732421875 0.3388671875 0.0126953125 0.0185546875
1 0.580078125 0.365234375 0.021484375 0.0341796875
0 0.2412109375 0.376953125 0.0673828125 0.0283203125
0 0.1982421875 0.875 0.078125 0.0283203125
1 0.4677734375 0.673828125 0.0234375 0.0625
1 0.8603515625 0.646484375 0.0263671875 0.060546875