0 0.19140625 0.748046875 0.123046875 0.162109375
0 0.337890625 0.728515625 0.0986328125 0.119140625
0 0.51171875 0.4248046875 0.0517578125 0.0498046875
1 0.396484375 0.51171875 0.041015625 0.0546875
1 0.267578125 0.458984375 0.033203125 0.033203125
0 0.556640625 0.5234375 0.1435546875 0.0751953125
0 0.0546875 0.3837890625 0.0625 0.033203125
1 0.0673828125 0.5390625 0.0283203125 0.041015625
0 0.5400390625 0.349609375 0.0419921875 0.0390625
1 0.3095703125 0.478515625 0.0341796875 0.0341796875
1 0.1728515625 0.435546875 0.0205078125 0.029296875
0 0.494140625 0.3564453125 0.044921875 0.041015625
1 0.5751953125 0.3740234375 0.0185546875 0.029296875
1 0.51171875 0.47265625 0.0361328125 0.0419921875
1 0.154296875 0.48046875 0.021484375 0.0263671875
1 0.2294921875 0.44921875 0.0283203125 0.033203125
1 0.634765625 0.5048828125 0.0263671875 0.041015625
1 0.4267578125 0.705078125 0.046875 0.080078125
1 0.103515625 0.4169921875 0.0361328125 0.03125
1 0.45703125 0.78125 0.0361328125 0.0595703125
1 0.19140625 0.4853515625 0.0263671875 0.0390625
1 0.07421875 0.767578125 0.033203125 0.056640625
1 0.306640625 0.833984375 0.046875 0.0888671875
1 0.580078125 0.4658203125 0.021484375 0.0341796875
1 0.224609375 0.482421875 0.0341796875 0.041015625
1 0.642578125 0.474609375 0.0234375 0.029296875
1 0.5986328125 0.38671875 0.015625 0.0234375
1 0.0322265625 0.748046875 0.0419921875 0.0546875
1 0.5556640625 0.466796875 0.0234375 0.0341796875
1 0.4658203125 0.4423828125 0.0283203125 0.03125
1 0.09765625 0.6416015625 0.044921875 0.0576171875
1 0.6748046875 0.5625 0.056640625 0.0439453125
1 0.0693359375 0.48046875 0.0390625 0.0361328125
1 0.416015625 0.8134765625 0.0341796875 0.0517578125
1 0.45703125 0.361328125 0.0205078125 0.029296875
1 0.134765625 0.408203125 0.0263671875 0.029296875
0 0.228515625 0.361328125 0.060546875 0.033203125
1 0.6357421875 0.447265625 0.037109375 0.0341796875
1 0.5869140625 0.5576171875 0.033203125 0.0341796875
1 0.201171875 0.3349609375 0.015625 0.0234375
1 0.6083984375 0.4794921875 0.0234375 0.0283203125
1 0.2099609375 0.421875 0.017578125 0.0283203125
1 0.0302734375 0.6953125 0.033203125 0.0283203125
1 0.9677734375 0.603515625 0.0390625 0.041015625
0 0.509765625 0.3330078125 0.0283203125 0.025390625
1 0.0263671875 0.373046875 0.0126953125 0.025390625
0 0.1572265625 0.3818359375 0.0546875 0.0263671875
1 0.1015625 0.5966796875 0.0283203125 0.0439453125
1 0.0908203125 0.3974609375 0.0126953125 0.0263671875
1 0.7255859375 0.53515625 0.0234375 0.029296875
1 0.548828125 0.443359375 0.017578125 0.0263671875
1 0.8916015625 0.3857421875 0.017578125 0.025390625
0 0.1982421875 0.8759765625 0.087890625 0.0263671875
1 0.1787109375 0.326171875 0.0263671875 0.021484375
1 0.03125 0.583984375 0.0283203125 0.0830078125
1 0.0380859375 0.466796875 0.033203125 0.0361328125
1 0.912109375 0.705078125 0.037109375 0.1044921875
1 0.4306640625 0.6455078125 0.0390625 0.0498046875
1 0.0908203125 0.7265625 0.025390625 0.037109375