0 0.193359375 0.748046875 0.123046875 0.1640625
0 0.51171875 0.42578125 0.0517578125 0.0576171875
0 0.3427734375 0.7275390625 0.091796875 0.1171875
1 0.146484375 0.5068359375 0.021484375 0.0390625
0 0.48828125 0.365234375 0.0419921875 0.0361328125
1 0.90625 0.623046875 0.0810546875 0.0732421875
1 0.62109375 0.490234375 0.0361328125 0.037109375
0 0.880859375 0.5595703125 0.1669921875 0.0751953125
1 0.330078125 0.45703125 0.0419921875 0.0390625
1 0.6875 0.611328125 0.087890625 0.0703125
1 0.529296875 0.373046875 0.017578125 0.0234375
0 0.6376953125 0.544921875 0.171875 0.0751953125
1 0.396484375 0.5029296875 0.0498046875 0.046875
1 0.5498046875 0.375 0.015625 0.025390625
1 0.7470703125 0.783203125 0.0498046875 0.087890625
1 0.587890625 0.5947265625 0.037109375 0.048828125
1 0.580078125 0.505859375 0.0361328125 0.0361328125
1 0.5595703125 0.482421875 0.025390625 0.0361328125
1 0.1845703125 0.43359375 0.0341796875 0.033203125
1 0.6806640625 0.7587890625 0.064453125 0.0732421875
0 0.5390625 0.3466796875 0.037109375 0.0283203125
0 0.509765625 0.333984375 0.03125 0.029296875
1 0.0810546875 0.75390625 0.052734375 0.0859375
1 0.96484375 0.6171875 0.044921875 0.0595703125
1 0.826171875 0.6181640625 0.060546875 0.0517578125
1 0.42578125 0.677734375 0.0361328125 0.0439453125
1 0.5537109375 0.443359375 0.0205078125 0.046875
1 0.70703125 0.8603515625 0.064453125 0.0576171875
1 0.767578125 0.609375 0.064453125 0.0625
1 0.2548828125 0.4052734375 0.0283203125 0.029296875
1 0.6103515625 0.66015625 0.0546875 0.0703125
1 0.552734375 0.615234375 0.052734375 0.072265625
1 0.291015625 0.404296875 0.029296875 0.033203125
1 0.0322265625 0.560546875 0.0390625 0.0498046875
1 0.0693359375 0.478515625 0.0419921875 0.037109375
1 0.1025390625 0.580078125 0.033203125 0.0625
1 0.466796875 0.59765625 0.041015625 0.048828125
1 0.4267578125 0.6025390625 0.0283203125 0.0546875
1 0.3046875 0.8056640625 0.0498046875 0.1357421875
1 0.466796875 0.8232421875 0.046875 0.0654296875
0 0.330078125 0.3984375 0.0673828125 0.037109375
1 0.150390625 0.478515625 0.0205078125 0.0283203125
1 0.1103515625 0.486328125 0.0361328125 0.0341796875
1 0.177734375 0.326171875 0.0205078125 0.021484375
1 0.8857421875 0.869140625 0.056640625 0.0419921875
0 0.0791015625 0.673828125 0.044921875 0.0732421875
1 0.5908203125 0.4638671875 0.0185546875 0.03125
1 0.1220703125 0.4423828125 0.025390625 0.03125
0 0.306640625 0.34375 0.068359375 0.072265625
1 0.9697265625 0.572265625 0.033203125 0.0498046875
1 0.423828125 0.732421875 0.052734375 0.0751953125
1 0.3271484375 0.3564453125 0.017578125 0.0283203125
0 0.203125 0.875 0.078125 0.0283203125
1 0.5791015625 0.41796875 0.013671875 0.033203125
1 0.6923828125 0.7001953125 0.041015625 0.0751953125
1 0.4189453125 0.4658203125 0.021484375 0.0283203125
1 0.443359375 0.416015625 0.013671875 0.037109375
1 0.234375 0.4267578125 0.03125 0.021484375
1 0.880859375 0.5732421875 0.025390625 0.037109375
1 0.8232421875 0.583984375 0.021484375 0.0498046875
1 0.65625 0.716796875 0.255859375 0.322265625
1 0.033203125 0.4697265625 0.046875 0.0361328125
1 0.1962890625 0.322265625 0.017578125 0.0185546875
1 0.568359375 0.724609375 0.044921875 0.087890625
1 0.6796875 0.81640625 0.052734375 0.0703125
1 0.92578125 0.587890625 0.029296875 0.033203125
1 0.564453125 0.357421875 0.021484375 0.029296875
1 0.373046875 0.599609375 0.0263671875 0.0654296875
1 0.458984375 0.6630859375 0.0361328125 0.091796875