1 0.568359375 0.703125 0.0419921875 0.078125
1 0.3955078125 0.841796875 0.041015625 0.0703125
0 0.203125 0.5693359375 0.0810546875 0.0888671875
1 0.416015625 0.646484375 0.033203125 0.052734375
0 0.646484375 0.611328125 0.1376953125 0.134765625
0 0.66015625 0.802734375 0.1796875 0.171875
0 0.564453125 0.501953125 0.078125 0.0703125
1 0.21875 0.69140625 0.0341796875 0.0546875
0 0.3447265625 0.5615234375 0.0732421875 0.076171875
0 0.5029296875 0.5849609375 0.0908203125 0.126953125
0 0.5634765625 0.447265625 0.0576171875 0.0576171875
1 0.2373046875 0.8134765625 0.0341796875 0.044921875
1 0.181640625 0.4931640625 0.0185546875 0.0361328125
1 0.271484375 0.7236328125 0.0341796875 0.052734375
1 0.1474609375 0.521484375 0.0234375 0.0439453125
1 0.1201171875 0.6123046875 0.03125 0.052734375
1 0.1533203125 0.4775390625 0.025390625 0.0361328125
1 0.7353515625 0.626953125 0.044921875 0.056640625
1 0.728515625 0.541015625 0.046875 0.0439453125
1 0.1396484375 0.7080078125 0.0390625 0.0595703125
1 0.8193359375 0.580078125 0.0830078125 0.083984375
1 0.431640625 0.546875 0.0234375 0.046875
1 0.689453125 0.5458984375 0.046875 0.0419921875
1 0.8779296875 0.6640625 0.068359375 0.0751953125
1 0.5859375 0.4150390625 0.021484375 0.0361328125
1 0.294921875 0.630859375 0.029296875 0.0439453125
1 0.1787109375 0.6650390625 0.0263671875 0.0419921875
1 0.244140625 0.638671875 0.029296875 0.0517578125
1 0.947265625 0.7001953125 0.0673828125 0.0751953125
1 0.0849609375 0.7783203125 0.029296875 0.056640625
1 0.2734375 0.4462890625 0.0283203125 0.033203125
1 0.24609375 0.447265625 0.0263671875 0.0390625
1 0.8203125 0.7353515625 0.037109375 0.0673828125
1 0.517578125 0.462890625 0.0205078125 0.0361328125
0 0.47265625 0.48828125 0.0703125 0.0673828125
1 0.189453125 0.638671875 0.0205078125 0.0361328125
1 0.189453125 0.453125 0.017578125 0.0283203125
0 0.4970703125 0.353515625 0.03125 0.0283203125
1 0.107421875 0.486328125 0.033203125 0.0341796875
0 0.1318359375 0.396484375 0.0546875 0.029296875
1 0.185546875 0.8486328125 0.0439453125 0.068359375
1 0.4140625 0.5302734375 0.025390625 0.0390625
0 0.248046875 0.396484375 0.052734375 0.0263671875
1 0.9248046875 0.6103515625 0.046875 0.0390625
1 0.1494140625 0.7724609375 0.0546875 0.080078125
1 0.060546875 0.48046875 0.0234375 0.0361328125
0 0.240234375 0.353515625 0.048828125 0.0419921875
1 0.0224609375 0.478515625 0.0234375 0.033203125
0 0.5419921875 0.3671875 0.0341796875 0.0283203125
1 0.4521484375 0.369140625 0.0205078125 0.0234375
0 0.3056640625 0.435546875 0.0546875 0.044921875
1 0.2158203125 0.658203125 0.140625 0.140625
1 0.037109375 0.8427734375 0.044921875 0.0830078125
1 0.896484375 0.5849609375 0.0439453125 0.0517578125
1 0.638671875 0.4404296875 0.041015625 0.03125
1 0.154296875 0.8193359375 0.0283203125 0.033203125
1 0.44140625 0.41796875 0.033203125 0.044921875
1 0.4375 0.3671875 0.0126953125 0.0185546875
1 0.0234375 0.560546875 0.021484375 0.044921875
1 0.9619140625 0.59375 0.0419921875 0.0498046875
1 0.1181640625 0.6630859375 0.033203125 0.0576171875
1 0.974609375 0.6328125 0.029296875 0.056640625
1 0.8212890625 0.537109375 0.0263671875 0.0341796875
0 0.51171875 0.333984375 0.0234375 0.0205078125
1 0.8974609375 0.548828125 0.029296875 0.037109375
0 0.326171875 0.396484375 0.0751953125 0.0361328125
1 0.1015625 0.681640625 0.1064453125 0.1982421875
1 0.189453125 0.732421875 0.068359375 0.0595703125
1 0.794921875 0.724609375 0.025390625 0.0732421875
1 0.9345703125 0.654296875 0.025390625 0.037109375