0 0.3310546875 0.8125 0.146484375 0.1533203125
1 0.6708984375 0.6796875 0.044921875 0.072265625
1 0.619140625 0.51171875 0.0283203125 0.0419921875
0 0.517578125 0.5830078125 0.0986328125 0.115234375
1 0.642578125 0.5517578125 0.0283203125 0.046875
1 0.810546875 0.71484375 0.056640625 0.064453125
0 0.6064453125 0.7373046875 0.15625 0.1904296875
1 0.421875 0.5185546875 0.025390625 0.0498046875
1 0.408203125 0.4521484375 0.017578125 0.029296875
1 0.7431640625 0.6923828125 0.044921875 0.068359375
1 0.28125 0.568359375 0.03125 0.048828125
0 0.5634765625 0.419921875 0.0419921875 0.056640625
1 0.80859375 0.5888671875 0.060546875 0.0654296875
1 0.884765625 0.6708984375 0.072265625 0.0732421875
1 0.6142578125 0.482421875 0.021484375 0.03125
1 0.6806640625 0.541015625 0.0361328125 0.0419921875
0 0.3388671875 0.484375 0.052734375 0.0595703125
1 0.1337890625 0.564453125 0.0234375 0.0419921875
1 0.375 0.529296875 0.021484375 0.041015625
1 0.732421875 0.5322265625 0.033203125 0.033203125
0 0.177734375 0.76953125 0.123046875 0.123046875
1 0.201171875 0.552734375 0.025390625 0.0517578125
1 0.7373046875 0.6298828125 0.0283203125 0.041015625
0 0.193359375 0.4765625 0.0595703125 0.056640625
1 0.818359375 0.8564453125 0.068359375 0.068359375
0 0.537109375 0.455078125 0.0498046875 0.0517578125
1 0.16015625 0.533203125 0.0263671875 0.03125
0 0.5107421875 0.357421875 0.041015625 0.0341796875
1 0.9560546875 0.6728515625 0.0595703125 0.0830078125
1 0.5849609375 0.5283203125 0.0205078125 0.046875
0 0.3056640625 0.4384765625 0.048828125 0.0361328125
0 0.193359375 0.3515625 0.033203125 0.0283203125
1 0.205078125 0.42578125 0.0185546875 0.029296875
1 0.4423828125 0.5048828125 0.025390625 0.041015625
1 0.275390625 0.4921875 0.0234375 0.0341796875
1 0.0302734375 0.5849609375 0.0361328125 0.064453125
1 0.1337890625 0.6845703125 0.0361328125 0.0625
1 0.365234375 0.6279296875 0.0341796875 0.0751953125
1 0.5927734375 0.400390625 0.017578125 0.0263671875
1 0.8408203125 0.5537109375 0.03125 0.044921875
0 0.080078125 0.3984375 0.03125 0.0283203125
0 0.2236328125 0.34375 0.03125 0.0283203125
1 0.517578125 0.412109375 0.0185546875 0.0283203125
1 0.927734375 0.611328125 0.041015625 0.037109375
1 0.7890625 0.552734375 0.025390625 0.029296875
1 0.2255859375 0.5146484375 0.029296875 0.0361328125
1 0.7099609375 0.525390625 0.0205078125 0.03125
1 0.896484375 0.5771484375 0.0439453125 0.0419921875
1 0.6953125 0.521484375 0.015625 0.0263671875
1 0.955078125 0.861328125 0.060546875 0.0595703125
1 0.0712890625 0.478515625 0.048828125 0.041015625
1 0.5009765625 0.4619140625 0.0361328125 0.0546875
1 0.232421875 0.408203125 0.03125 0.0419921875
0 0.5498046875 0.3525390625 0.037109375 0.0361328125
1 0.4365234375 0.4755859375 0.013671875 0.033203125
1 0.904296875 0.544921875 0.017578125 0.025390625
1 0.13671875 0.6259765625 0.0390625 0.0576171875
1 0.4755859375 0.5283203125 0.0361328125 0.0341796875
0 0.2890625 0.4052734375 0.103515625 0.0546875
1 0.2236328125 0.48828125 0.0185546875 0.0234375
1 0.5732421875 0.3681640625 0.03125 0.029296875
1 0.416015625 0.865234375 0.060546875 0.044921875
1 0.5673828125 0.662109375 0.0439453125 0.056640625
1 0.15625 0.5048828125 0.015625 0.021484375
1 0.962890625 0.5966796875 0.048828125 0.0595703125
1 0.126953125 0.4140625 0.0283203125 0.037109375
1 0.4501953125 0.6826171875 0.03125 0.078125