0 0.1923828125 0.748046875 0.125 0.162109375
0 0.51171875 0.421875 0.0517578125 0.052734375
0 0.337890625 0.7275390625 0.0966796875 0.1201171875
1 0.119140625 0.5673828125 0.029296875 0.052734375
0 0.486328125 0.35546875 0.052734375 0.044921875
0 0.5400390625 0.353515625 0.044921875 0.044921875
0 0.8115234375 0.568359375 0.1923828125 0.0810546875
1 0.515625 0.470703125 0.0439453125 0.048828125
0 0.3173828125 0.458984375 0.0908203125 0.052734375
1 0.0673828125 0.5380859375 0.0283203125 0.0390625
1 0.6416015625 0.4970703125 0.029296875 0.0439453125
1 0.580078125 0.490234375 0.025390625 0.0361328125
1 0.580078125 0.419921875 0.015625 0.0283203125
1 0.2333984375 0.443359375 0.0205078125 0.0263671875
1 0.4736328125 0.46875 0.021484375 0.0341796875
1 0.080078125 0.7490234375 0.044921875 0.0859375
0 0.5107421875 0.333984375 0.03125 0.0263671875
1 0.427734375 0.677734375 0.0439453125 0.0517578125
1 0.5654296875 0.373046875 0.025390625 0.0263671875
1 0.416015625 0.8125 0.0341796875 0.046875
1 0.6123046875 0.4951171875 0.0283203125 0.041015625
1 0.482421875 0.53515625 0.033203125 0.0390625
1 0.4580078125 0.783203125 0.0341796875 0.0576171875
1 0.119140625 0.41796875 0.0205078125 0.0234375
1 0.3515625 0.5048828125 0.041015625 0.041015625
1 0.306640625 0.8330078125 0.046875 0.087890625
1 0.150390625 0.498046875 0.0205078125 0.029296875
1 0.513671875 0.3701171875 0.017578125 0.021484375
1 0.177734375 0.458984375 0.0283203125 0.033203125
1 0.060546875 0.478515625 0.0234375 0.03125
1 0.49609375 0.4541015625 0.017578125 0.0263671875
1 0.5537109375 0.470703125 0.0205078125 0.0390625
1 0.4375 0.3623046875 0.015625 0.025390625
1 0.6962890625 0.5986328125 0.0830078125 0.052734375
1 0.404296875 0.462890625 0.0263671875 0.033203125
1 0.5966796875 0.37890625 0.0185546875 0.0263671875
1 0.3759765625 0.3525390625 0.017578125 0.0234375
1 0.587890625 0.451171875 0.015625 0.0234375
1 0.4228515625 0.744140625 0.0517578125 0.060546875
1 0.1767578125 0.326171875 0.0185546875 0.0205078125
1 0.017578125 0.498046875 0.013671875 0.033203125
1 0.619140625 0.462890625 0.021484375 0.0283203125
1 0.1796875 0.4111328125 0.015625 0.0185546875
1 0.0947265625 0.3955078125 0.0234375 0.0283203125
1 0.0859375 0.416015625 0.0126953125 0.0205078125
0 0.234375 0.365234375 0.0595703125 0.0361328125
0 0.185546875 0.875 0.115234375 0.0283203125
1 0.634765625 0.443359375 0.03125 0.029296875
1 0.474609375 0.419921875 0.03125 0.0361328125
1 0.162109375 0.3642578125 0.0107421875 0.0185546875
1 0.5498046875 0.44140625 0.015625 0.0234375
1 0.14453125 0.4130859375 0.013671875 0.033203125
1 0.455078125 0.7177734375 0.0205078125 0.0234375
1 0.58203125 0.3603515625 0.013671875 0.0205078125
1 0.5830078125 0.3837890625 0.0126953125 0.029296875
1 0.029296875 0.583984375 0.033203125 0.0859375
1 0.5947265625 0.466796875 0.013671875 0.0185546875
1 0.1953125 0.322265625 0.0185546875 0.0185546875
1 0.890625 0.384765625 0.015625 0.0234375