0 0.78515625 0.740234375 0.1796875 0.1923828125
0 0.5478515625 0.498046875 0.060546875 0.072265625
1 0.6201171875 0.568359375 0.041015625 0.0595703125
0 0.21875 0.5048828125 0.0625 0.068359375
1 0.2451171875 0.650390625 0.0341796875 0.060546875
1 0.4111328125 0.451171875 0.025390625 0.037109375
1 0.150390625 0.4833984375 0.0263671875 0.0390625
1 0.818359375 0.576171875 0.078125 0.0888671875
1 0.8955078125 0.65234375 0.078125 0.0703125
1 0.681640625 0.544921875 0.0517578125 0.0517578125
1 0.2802734375 0.5087890625 0.0263671875 0.0419921875
1 0.2646484375 0.5869140625 0.033203125 0.044921875
1 0.35546875 0.4365234375 0.0234375 0.029296875
1 0.57421875 0.47265625 0.0205078125 0.033203125
0 0.5234375 0.427734375 0.0439453125 0.048828125
1 0.7236328125 0.5361328125 0.0498046875 0.0498046875
1 0.1611328125 0.4609375 0.0185546875 0.0283203125
1 0.171875 0.6630859375 0.03125 0.0546875
1 0.625 0.505859375 0.021484375 0.037109375
1 0.134765625 0.552734375 0.025390625 0.0390625
1 0.6015625 0.4951171875 0.025390625 0.041015625
1 0.380859375 0.484375 0.029296875 0.0595703125
1 0.65234375 0.744140625 0.044921875 0.072265625
1 0.267578125 0.4541015625 0.017578125 0.0234375
1 0.162109375 0.419921875 0.0205078125 0.0283203125
0 0.5615234375 0.40625 0.033203125 0.041015625
1 0.646484375 0.630859375 0.0439453125 0.0625
1 0.9541015625 0.6513671875 0.0673828125 0.083984375
0 0.4638671875 0.4306640625 0.037109375 0.0390625
1 0.623046875 0.791015625 0.044921875 0.087890625
1 0.130859375 0.412109375 0.0283203125 0.0341796875
1 0.103515625 0.7109375 0.029296875 0.0439453125
1 0.1953125 0.412109375 0.015625 0.03125
1 0.060546875 0.4794921875 0.0263671875 0.037109375
1 0.21875 0.439453125 0.0185546875 0.029296875
1 0.1806640625 0.3818359375 0.0107421875 0.017578125
1 0.7412109375 0.6357421875 0.048828125 0.041015625
1 0.6103515625 0.5341796875 0.0205078125 0.0341796875
1 0.220703125 0.404296875 0.017578125 0.0263671875
0 0.4892578125 0.3564453125 0.0283203125 0.0283203125
1 0.896484375 0.541015625 0.033203125 0.0390625
1 0.3642578125 0.4033203125 0.0185546875 0.0341796875
1 0.080078125 0.400390625 0.033203125 0.037109375
0 0.228515625 0.3505859375 0.025390625 0.029296875
1 0.109375 0.4833984375 0.0341796875 0.033203125
1 0.201171875 0.4482421875 0.0205078125 0.03125
1 0.453125 0.36328125 0.0126953125 0.0234375
1 0.5966796875 0.4619140625 0.025390625 0.0361328125
1 0.935546875 0.705078125 0.041015625 0.052734375
1 0.7001953125 0.833984375 0.0283203125 0.052734375
0 0.228515625 0.376953125 0.0390625 0.03125
1 0.67578125 0.505859375 0.0263671875 0.0390625
1 0.46484375 0.548828125 0.0390625 0.0732421875
0 0.45703125 0.484375 0.048828125 0.0810546875
1 0.2578125 0.384765625 0.025390625 0.033203125
1 0.412109375 0.423828125 0.017578125 0.021484375
1 0.63671875 0.6865234375 0.029296875 0.0361328125
0 0.5322265625 0.353515625 0.0263671875 0.025390625
1 0.1025390625 0.40625 0.013671875 0.021484375
1 0.8974609375 0.5771484375 0.0419921875 0.044921875
0 0.572265625 0.375 0.0263671875 0.0283203125
1 0.63671875 0.439453125 0.0390625 0.0341796875
1 0.021484375 0.4873046875 0.0205078125 0.041015625
1 0.4228515625 0.509765625 0.0419921875 0.0654296875
1 0.705078125 0.701171875 0.025390625 0.068359375
1 0.130859375 0.4462890625 0.1044921875 0.111328125
1 0.0771484375 0.337890625 0.0205078125 0.0185546875
1 0.146484375 0.59375 0.037109375 0.0498046875
0 0.3525390625 0.318359375 0.029296875 0.0205078125
1 0.1826171875 0.638671875 0.181640625 0.154296875
1 0.5341796875 0.396484375 0.025390625 0.033203125
0 0.5166015625 0.33984375 0.0234375 0.0263671875