0 0.564453125 0.51171875 0.0751953125 0.0986328125
0 0.7275390625 0.716796875 0.1640625 0.1796875
0 0.3369140625 0.740234375 0.1044921875 0.1220703125
0 0.4873046875 0.361328125 0.037109375 0.03125
1 0.181640625 0.513671875 0.021484375 0.0390625
1 0.662109375 0.568359375 0.0361328125 0.0595703125
1 0.697265625 0.603515625 0.0439453125 0.064453125
1 0.794921875 0.57421875 0.0390625 0.0546875
0 0.62890625 0.4560546875 0.076171875 0.0654296875
1 0.8681640625 0.6533203125 0.060546875 0.0595703125
1 0.619140625 0.5224609375 0.0341796875 0.0546875
1 0.732421875 0.5771484375 0.0419921875 0.060546875
1 0.654296875 0.533203125 0.021484375 0.0341796875
1 0.3544921875 0.42578125 0.021484375 0.029296875
0 0.474609375 0.5048828125 0.048828125 0.072265625
0 0.533203125 0.623046875 0.107421875 0.125
1 0.9267578125 0.70703125 0.0439453125 0.060546875
1 0.11328125 0.482421875 0.0361328125 0.0361328125
0 0.224609375 0.3603515625 0.0283203125 0.033203125
1 0.689453125 0.5478515625 0.0341796875 0.0390625
1 0.783203125 0.6953125 0.033203125 0.0625
1 0.0615234375 0.4794921875 0.0263671875 0.0341796875
1 0.140625 0.439453125 0.021484375 0.0263671875
1 0.8671875 0.59375 0.0810546875 0.0595703125
1 0.705078125 0.5166015625 0.0205078125 0.029296875
0 0.513671875 0.330078125 0.0341796875 0.0234375
0 0.072265625 0.3876953125 0.0341796875 0.0283203125
1 0.8466796875 0.5537109375 0.0283203125 0.044921875
1 0.212890625 0.4833984375 0.0185546875 0.033203125
1 0.1875 0.390625 0.015625 0.021484375
0 0.3515625 0.3212890625 0.03125 0.017578125
1 0.9365234375 0.533203125 0.044921875 0.0283203125
1 0.955078125 0.6669921875 0.052734375 0.041015625
0 0.9453125 0.5810546875 0.0810546875 0.0654296875
1 0.9599609375 0.6240234375 0.033203125 0.0517578125
1 0.18359375 0.458984375 0.0234375 0.0341796875
1 0.9267578125 0.63671875 0.03125 0.0517578125
1 0.025390625 0.5625 0.025390625 0.046875
1 0.37890625 0.4462890625 0.0263671875 0.0419921875
1 0.0263671875 0.470703125 0.03125 0.037109375
1 0.6728515625 0.470703125 0.0263671875 0.0390625
0 0.8984375 0.818359375 0.068359375 0.1142578125
1 0.111328125 0.4091796875 0.0234375 0.0283203125
1 0.9716796875 0.7158203125 0.0283203125 0.041015625
1 0.18359375 0.3515625 0.0107421875 0.021484375
1 0.421875 0.419921875 0.03125 0.0341796875
1 0.56640625 0.5712890625 0.029296875 0.0576171875
1 0.591796875 0.421875 0.0185546875 0.0283203125
1 0.470703125 0.4248046875 0.021484375 0.046875
1 0.5126953125 0.4931640625 0.0439453125 0.0673828125
1 0.59765625 0.40234375 0.013671875 0.0234375
1 0.1806640625 0.48046875 0.091796875 0.095703125
1 0.4560546875 0.3583984375 0.021484375 0.029296875
0 0.2587890625 0.3330078125 0.033203125 0.021484375
1 0.2060546875 0.3515625 0.015625 0.021484375
1 0.5654296875 0.42578125 0.0185546875 0.0361328125
1 0.4775390625 0.5693359375 0.0234375 0.044921875
1 0.2421875 0.3447265625 0.0126953125 0.0205078125