0 0.322265625 0.798828125 0.146484375 0.1748046875
0 0.1220703125 0.5927734375 0.078125 0.091796875
0 0.203125 0.673828125 0.099609375 0.1171875
0 0.240234375 0.509765625 0.064453125 0.072265625
0 0.3203125 0.5478515625 0.068359375 0.0830078125
0 0.583984375 0.591796875 0.1220703125 0.125
0 0.31640625 0.6494140625 0.0888671875 0.111328125
1 0.8193359375 0.58203125 0.080078125 0.0830078125
0 0.22265625 0.580078125 0.076171875 0.087890625
1 0.896484375 0.654296875 0.078125 0.0751953125
1 0.4775390625 0.43359375 0.017578125 0.033203125
0 0.3212890625 0.478515625 0.064453125 0.0595703125
1 0.6220703125 0.52734375 0.025390625 0.0546875
1 0.5400390625 0.5087890625 0.0205078125 0.0419921875
1 0.947265625 0.69140625 0.0732421875 0.0830078125
1 0.5009765625 0.5146484375 0.0234375 0.0390625
1 0.4150390625 0.6162109375 0.0263671875 0.0546875
1 0.5146484375 0.435546875 0.0234375 0.0390625
1 0.09765625 0.765625 0.0517578125 0.068359375
1 0.1259765625 0.7021484375 0.0390625 0.0517578125
1 0.53125 0.478515625 0.0185546875 0.03125
1 0.5732421875 0.5078125 0.025390625 0.0341796875
1 0.6904296875 0.537109375 0.0341796875 0.048828125
1 0.728515625 0.5400390625 0.044921875 0.048828125
1 0.453125 0.4892578125 0.0283203125 0.072265625
1 0.47265625 0.51953125 0.0205078125 0.0361328125
1 0.1484375 0.3916015625 0.0126953125 0.0205078125
1 0.1806640625 0.408203125 0.0205078125 0.029296875
1 0.0341796875 0.572265625 0.0341796875 0.056640625
1 0.060546875 0.4873046875 0.0263671875 0.03125
0 0.498046875 0.353515625 0.0341796875 0.03125
1 0.076171875 0.681640625 0.03125 0.0498046875
1 0.6240234375 0.490234375 0.0205078125 0.0263671875
1 0.154296875 0.462890625 0.017578125 0.0234375
0 0.2431640625 0.3896484375 0.0517578125 0.0419921875
1 0.8974609375 0.5419921875 0.0361328125 0.0341796875
1 0.603515625 0.4697265625 0.0234375 0.0361328125
1 0.380859375 0.546875 0.0234375 0.041015625
1 0.1220703125 0.4267578125 0.021484375 0.0185546875
1 0.1884765625 0.5029296875 0.0234375 0.041015625
1 0.59375 0.5234375 0.025390625 0.041015625
1 0.931640625 0.615234375 0.041015625 0.044921875
1 0.126953125 0.6611328125 0.0283203125 0.041015625
1 0.2392578125 0.642578125 0.0283203125 0.0419921875
0 0.4736328125 0.373046875 0.0341796875 0.037109375
0 0.521484375 0.3857421875 0.0341796875 0.0341796875
1 0.2119140625 0.40625 0.013671875 0.025390625
1 0.203125 0.48046875 0.0185546875 0.0419921875
1 0.5751953125 0.4736328125 0.0283203125 0.041015625
1 0.080078125 0.341796875 0.0185546875 0.0205078125
1 0.9736328125 0.6337890625 0.03125 0.060546875
1 0.5419921875 0.486328125 0.166015625 0.138671875
1 0.1796875 0.7724609375 0.0625 0.0732421875
1 0.1015625 0.474609375 0.056640625 0.0498046875
1 0.1708984375 0.3798828125 0.0419921875 0.046875
0 0.95703125 0.576171875 0.0576171875 0.0595703125
1 0.244140625 0.3525390625 0.015625 0.0234375
1 0.19921875 0.380859375 0.017578125 0.029296875
1 0.025390625 0.373046875 0.0126953125 0.021484375
1 0.6435546875 0.4404296875 0.0283203125 0.03125
1 0.8203125 0.537109375 0.021484375 0.0361328125