0 0.1923828125 0.7451171875 0.1220703125 0.162109375
1 0.375 0.55078125 0.03125 0.0576171875
0 0.5166015625 0.4423828125 0.0576171875 0.0625
0 0.33984375 0.7275390625 0.095703125 0.1201171875
1 0.611328125 0.5458984375 0.03125 0.064453125
1 0.794921875 0.814453125 0.0498046875 0.095703125
1 0.146484375 0.619140625 0.041015625 0.0625
1 0.6865234375 0.591796875 0.0419921875 0.060546875
0 0.486328125 0.3623046875 0.0498046875 0.0341796875
0 0.5380859375 0.349609375 0.0390625 0.037109375
1 0.5625 0.517578125 0.03125 0.060546875
1 0.8740234375 0.607421875 0.064453125 0.064453125
1 0.0673828125 0.5361328125 0.0283203125 0.046875
1 0.630859375 0.6611328125 0.0341796875 0.0498046875
1 0.412109375 0.7744140625 0.041015625 0.064453125
1 0.419921875 0.419921875 0.017578125 0.03125
1 0.525390625 0.513671875 0.025390625 0.044921875
1 0.5771484375 0.466796875 0.0234375 0.0361328125
1 0.482421875 0.509765625 0.029296875 0.060546875
1 0.7255859375 0.701171875 0.0419921875 0.0859375
1 0.642578125 0.5205078125 0.0234375 0.041015625
1 0.8193359375 0.5654296875 0.0703125 0.0625
1 0.662109375 0.7626953125 0.046875 0.0966796875
1 0.427734375 0.4658203125 0.0205078125 0.037109375
1 0.74609375 0.6474609375 0.0390625 0.0576171875
1 0.6328125 0.609375 0.0283203125 0.041015625
1 0.9345703125 0.611328125 0.052734375 0.0625
1 0.5712890625 0.390625 0.0205078125 0.03125
0 0.509765625 0.3330078125 0.029296875 0.0283203125
1 0.4423828125 0.724609375 0.0341796875 0.0576171875
1 0.3935546875 0.42578125 0.0283203125 0.0361328125
1 0.455078125 0.5048828125 0.021484375 0.0439453125
1 0.3095703125 0.837890625 0.052734375 0.072265625
1 0.0244140625 0.5654296875 0.0263671875 0.052734375
1 0.9697265625 0.5654296875 0.033203125 0.041015625
1 0.2470703125 0.36328125 0.0185546875 0.0205078125
1 0.0625 0.611328125 0.03125 0.0595703125
1 0.595703125 0.4521484375 0.013671875 0.0263671875
1 0.6826171875 0.548828125 0.025390625 0.0361328125
1 0.041015625 0.7119140625 0.0576171875 0.064453125
0 0.1220703125 0.4072265625 0.0625 0.0419921875
1 0.615234375 0.50390625 0.021484375 0.0263671875
1 0.0634765625 0.482421875 0.033203125 0.0419921875
1 0.3681640625 0.4150390625 0.0205078125 0.0361328125
1 0.9345703125 0.572265625 0.03125 0.041015625
1 0.6474609375 0.490234375 0.017578125 0.025390625
1 0.462890625 0.4423828125 0.0107421875 0.025390625
1 0.521484375 0.48046875 0.0263671875 0.0361328125
1 0.025390625 0.8291015625 0.0283203125 0.0576171875
1 0.599609375 0.38671875 0.0205078125 0.033203125
0 0.416015625 0.638671875 0.0390625 0.076171875
1 0.166015625 0.36328125 0.015625 0.013671875
1 0.5458984375 0.759765625 0.0576171875 0.099609375
1 0.931640625 0.8564453125 0.0576171875 0.0654296875
1 0.455078125 0.361328125 0.0234375 0.0263671875
1 0.404296875 0.396484375 0.015625 0.017578125
1 0.689453125 0.462890625 0.037109375 0.0419921875
1 0.025390625 0.373046875 0.0126953125 0.0205078125
1 0.466796875 0.681640625 0.0283203125 0.0576171875
1 0.6650390625 0.494140625 0.013671875 0.0263671875
0 0.208984375 0.3271484375 0.064453125 0.0234375
0 0.193359375 0.875 0.1044921875 0.0283203125
1 0.5126953125 0.392578125 0.009765625 0.0283203125
1 0.052734375 0.763671875 0.044921875 0.044921875
0 0.353515625 0.3193359375 0.037109375 0.0205078125
1 0.720703125 0.515625 0.015625 0.0439453125
1 0.212890625 0.359375 0.0126953125 0.0185546875