0 0.3203125 0.7998046875 0.150390625 0.177734375
1 0.1484375 0.6142578125 0.0283203125 0.0439453125
1 0.37109375 0.4755859375 0.0205078125 0.0361328125
1 0.396484375 0.544921875 0.0283203125 0.044921875
1 0.6259765625 0.57421875 0.0419921875 0.0546875
0 0.13671875 0.5478515625 0.0673828125 0.0732421875
0 0.2060546875 0.6767578125 0.0966796875 0.115234375
1 0.09375 0.599609375 0.03125 0.044921875
1 0.5498046875 0.4873046875 0.021484375 0.041015625
0 0.240234375 0.509765625 0.0625 0.072265625
1 0.6865234375 0.587890625 0.0517578125 0.064453125
0 0.314453125 0.646484375 0.087890625 0.111328125
0 0.318359375 0.5234375 0.0625 0.0751953125
0 0.6982421875 0.78125 0.177734375 0.212890625
1 0.525390625 0.611328125 0.03125 0.060546875
1 0.11328125 0.673828125 0.029296875 0.044921875
1 0.6015625 0.45703125 0.021484375 0.029296875
0 0.224609375 0.5791015625 0.078125 0.0859375
1 0.494140625 0.537109375 0.0283203125 0.0419921875
1 0.5712890625 0.5400390625 0.0234375 0.044921875
1 0.8193359375 0.58203125 0.0830078125 0.0830078125
1 0.603515625 0.6142578125 0.029296875 0.0595703125
1 0.9482421875 0.689453125 0.072265625 0.076171875
1 0.0576171875 0.693359375 0.041015625 0.0546875
1 0.427734375 0.4384765625 0.017578125 0.029296875
1 0.5888671875 0.513671875 0.0185546875 0.0341796875
1 0.556640625 0.5966796875 0.033203125 0.056640625
1 0.509765625 0.4765625 0.0185546875 0.0341796875
1 0.7314453125 0.5400390625 0.0439453125 0.048828125
1 0.044921875 0.60546875 0.025390625 0.0390625
1 0.890625 0.6552734375 0.0810546875 0.0732421875
0 0.3173828125 0.46484375 0.0595703125 0.0517578125
1 0.6279296875 0.515625 0.025390625 0.037109375
0 0.4970703125 0.359375 0.037109375 0.037109375
0 0.5244140625 0.3818359375 0.0419921875 0.0546875
1 0.1708984375 0.390625 0.017578125 0.021484375
1 0.5791015625 0.4638671875 0.0263671875 0.041015625
1 0.146484375 0.7294921875 0.0439453125 0.056640625
1 0.6025390625 0.498046875 0.0205078125 0.03125
1 0.6923828125 0.5380859375 0.046875 0.044921875
1 0.900390625 0.541015625 0.037109375 0.041015625
1 0.150390625 0.380859375 0.013671875 0.0263671875
1 0.4951171875 0.3916015625 0.0185546875 0.033203125
1 0.177734375 0.435546875 0.0283203125 0.03125
1 0.189453125 0.486328125 0.0234375 0.0390625
1 0.5498046875 0.447265625 0.0185546875 0.025390625
1 0.455078125 0.365234375 0.015625 0.0263671875
1 0.509765625 0.439453125 0.0283203125 0.0419921875
1 0.9306640625 0.6103515625 0.048828125 0.044921875
1 0.072265625 0.4755859375 0.0439453125 0.0390625
1 0.55859375 0.4560546875 0.1171875 0.109375
1 0.0830078125 0.763671875 0.0341796875 0.046875
1 0.4541015625 0.419921875 0.017578125 0.0361328125
1 0.025390625 0.5634765625 0.025390625 0.048828125
0 0.2177734375 0.3564453125 0.0263671875 0.021484375
0 0.197265625 0.3505859375 0.0263671875 0.0234375
0 0.3017578125 0.4150390625 0.0595703125 0.076171875
1 0.642578125 0.4404296875 0.025390625 0.0283203125
1 0.818359375 0.5361328125 0.021484375 0.041015625
1 0.89453125 0.587890625 0.048828125 0.0576171875
0 0.2451171875 0.392578125 0.0625 0.056640625
1 0.0244140625 0.373046875 0.013671875 0.021484375
1 0.9736328125 0.630859375 0.0283203125 0.0546875
1 0.4599609375 0.4189453125 0.0732421875 0.0908203125