1 0.685546875 0.6005859375 0.048828125 0.0732421875
0 0.5263671875 0.4521484375 0.056640625 0.0703125
0 0.5693359375 0.4287109375 0.0517578125 0.060546875
1 0.734375 0.703125 0.0625 0.087890625
0 0.5791015625 0.5419921875 0.0859375 0.0966796875
1 0.2490234375 0.541015625 0.0263671875 0.056640625
1 0.134765625 0.5498046875 0.0263671875 0.041015625
1 0.16796875 0.515625 0.033203125 0.0625
1 0.7783203125 0.8076171875 0.0625 0.072265625
1 0.791015625 0.564453125 0.0361328125 0.052734375
1 0.2626953125 0.46875 0.025390625 0.0341796875
1 0.833984375 0.642578125 0.0732421875 0.068359375
0 0.193359375 0.4423828125 0.056640625 0.046875
1 0.1181640625 0.419921875 0.0205078125 0.021484375
1 0.138671875 0.427734375 0.015625 0.021484375
1 0.228515625 0.3984375 0.0185546875 0.021484375
0 0.5771484375 0.6494140625 0.138671875 0.1484375
1 0.6787109375 0.5400390625 0.0390625 0.048828125
0 0.45703125 0.470703125 0.048828125 0.048828125
1 0.634765625 0.5498046875 0.0283203125 0.056640625
1 0.4287109375 0.5126953125 0.0234375 0.056640625
1 0.41796875 0.47265625 0.029296875 0.0390625
1 0.205078125 0.3974609375 0.015625 0.0205078125
1 0.158203125 0.6943359375 0.044921875 0.095703125
1 0.1171875 0.6640625 0.041015625 0.083984375
1 0.1630859375 0.3876953125 0.013671875 0.025390625
0 0.4697265625 0.529296875 0.0673828125 0.095703125
1 0.232421875 0.419921875 0.033203125 0.03125
1 0.7255859375 0.5341796875 0.044921875 0.0498046875
1 0.4853515625 0.41796875 0.017578125 0.033203125
1 0.3671875 0.423828125 0.0283203125 0.029296875
1 0.150390625 0.470703125 0.0205078125 0.03125
1 0.607421875 0.4892578125 0.0205078125 0.041015625
1 0.720703125 0.623046875 0.033203125 0.0546875
1 0.9384765625 0.630859375 0.0517578125 0.048828125
1 0.1923828125 0.376953125 0.0126953125 0.025390625
1 0.830078125 0.564453125 0.03125 0.037109375
1 0.953125 0.70703125 0.0751953125 0.111328125
0 0.490234375 0.357421875 0.029296875 0.025390625
0 0.326171875 0.404296875 0.0986328125 0.0546875
1 0.623046875 0.5146484375 0.0263671875 0.044921875
1 0.244140625 0.4814453125 0.0185546875 0.0283203125
1 0.78125 0.86328125 0.0595703125 0.0517578125
1 0.9736328125 0.6357421875 0.0283203125 0.052734375
0 0.494140625 0.337890625 0.025390625 0.0185546875
1 0.08203125 0.400390625 0.0263671875 0.029296875
0 0.236328125 0.3330078125 0.0263671875 0.021484375
1 0.197265625 0.6005859375 0.0263671875 0.064453125
1 0.021484375 0.4775390625 0.021484375 0.0361328125
0 0.2275390625 0.373046875 0.0517578125 0.037109375
1 0.8486328125 0.6025390625 0.041015625 0.0361328125
1 0.0576171875 0.478515625 0.021484375 0.0341796875
1 0.1044921875 0.484375 0.03125 0.03125
1 0.8935546875 0.583984375 0.041015625 0.052734375
0 0.919921875 0.8681640625 0.1357421875 0.044921875
1 0.6044921875 0.4560546875 0.0185546875 0.0341796875
1 0.0283203125 0.56640625 0.03125 0.0546875
1 0.5888671875 0.490234375 0.025390625 0.0361328125
1 0.0361328125 0.84765625 0.041015625 0.0732421875
1 0.5908203125 0.396484375 0.0283203125 0.029296875
1 0.451171875 0.693359375 0.0361328125 0.087890625
1 0.896484375 0.5390625 0.0263671875 0.0439453125
1 0.443359375 0.4287109375 0.025390625 0.033203125
1 0.3779296875 0.451171875 0.021484375 0.03125
1 0.0263671875 0.373046875 0.015625 0.021484375
1 0.2548828125 0.388671875 0.025390625 0.0341796875
1 0.552734375 0.3828125 0.017578125 0.0341796875
1 0.1748046875 0.365234375 0.009765625 0.0185546875
0 0.5361328125 0.404296875 0.03125 0.0361328125
0 0.48046875 0.392578125 0.0830078125 0.109375
1 0.46484375 0.412109375 0.0234375 0.03125
1 0.9736328125 0.8447265625 0.0283203125 0.0361328125
1 0.4677734375 0.443359375 0.0234375 0.021484375