0 0.1923828125 0.75 0.125 0.162109375
0 0.5107421875 0.4248046875 0.046875 0.056640625
0 0.337890625 0.7275390625 0.0986328125 0.1171875
0 0.541015625 0.3525390625 0.0439453125 0.044921875
0 0.853515625 0.5634765625 0.166015625 0.076171875
1 0.19921875 0.5048828125 0.0205078125 0.037109375
1 0.2998046875 0.4892578125 0.03125 0.0341796875
1 0.5498046875 0.4736328125 0.03125 0.046875
0 0.162109375 0.408203125 0.064453125 0.044921875
1 0.580078125 0.486328125 0.025390625 0.0390625
1 0.6357421875 0.5107421875 0.021484375 0.037109375
0 0.4912109375 0.359375 0.0390625 0.037109375
1 0.2197265625 0.453125 0.0234375 0.025390625
1 0.240234375 0.443359375 0.0234375 0.0283203125
1 0.302734375 0.53125 0.0234375 0.037109375
1 0.068359375 0.5361328125 0.0263671875 0.041015625
1 0.306640625 0.826171875 0.044921875 0.080078125
1 0.560546875 0.435546875 0.0185546875 0.0283203125
0 0.060546875 0.384765625 0.0595703125 0.03125
1 0.0791015625 0.7587890625 0.044921875 0.0732421875
1 0.1474609375 0.4619140625 0.0234375 0.033203125
1 0.3798828125 0.501953125 0.041015625 0.044921875
1 0.416015625 0.7939453125 0.046875 0.0810546875
1 0.4287109375 0.6953125 0.048828125 0.083984375
0 0.509765625 0.333984375 0.03125 0.03125
1 0.580078125 0.5712890625 0.060546875 0.0576171875
1 0.2744140625 0.427734375 0.029296875 0.029296875
1 0.8388671875 0.5947265625 0.046875 0.0390625
1 0.130859375 0.560546875 0.0263671875 0.0419921875
1 0.0732421875 0.4814453125 0.025390625 0.0341796875
1 0.103515625 0.4189453125 0.0205078125 0.03125
1 0.5947265625 0.466796875 0.017578125 0.0263671875
1 0.458984375 0.7822265625 0.0390625 0.0546875
1 0.623046875 0.484375 0.0263671875 0.037109375
1 0.087890625 0.4052734375 0.025390625 0.0263671875
1 0.6201171875 0.451171875 0.015625 0.0205078125
1 0.4912109375 0.525390625 0.0517578125 0.0439453125
1 0.5185546875 0.5166015625 0.021484375 0.044921875
1 0.1083984375 0.4853515625 0.0361328125 0.033203125
1 0.583984375 0.36328125 0.015625 0.0205078125
1 0.03125 0.5830078125 0.0283203125 0.0751953125
0 0.234375 0.3642578125 0.056640625 0.0341796875
1 0.830078125 0.646484375 0.0673828125 0.0732421875
1 0.6044921875 0.4501953125 0.015625 0.021484375
1 0.197265625 0.4755859375 0.0185546875 0.0234375
1 0.1552734375 0.337890625 0.029296875 0.0205078125
1 0.021484375 0.458984375 0.0185546875 0.0234375
1 0.564453125 0.474609375 0.15625 0.095703125
1 0.462890625 0.4345703125 0.017578125 0.0283203125
1 0.1572265625 0.4306640625 0.017578125 0.033203125
1 0.9169921875 0.869140625 0.087890625 0.046875
1 0.04296875 0.6865234375 0.017578125 0.0263671875
1 0.021484375 0.373046875 0.021484375 0.021484375
1 0.7080078125 0.6416015625 0.03125 0.044921875
0 0.1923828125 0.875 0.099609375 0.0283203125
1 0.0390625 0.46875 0.0283203125 0.0283203125