0 0.3203125 0.798828125 0.146484375 0.177734375
1 0.1650390625 0.5576171875 0.0263671875 0.0498046875
0 0.1943359375 0.6982421875 0.107421875 0.1220703125
1 0.111328125 0.544921875 0.0234375 0.0341796875
1 0.521484375 0.673828125 0.029296875 0.052734375
0 0.240234375 0.5078125 0.0625 0.068359375
1 0.822265625 0.578125 0.083984375 0.0810546875
1 0.7236328125 0.5341796875 0.052734375 0.052734375
0 0.224609375 0.576171875 0.078125 0.0888671875
0 0.3173828125 0.6494140625 0.0908203125 0.111328125
1 0.380859375 0.4931640625 0.021484375 0.0390625
0 0.505859375 0.349609375 0.0341796875 0.0419921875
1 0.0478515625 0.595703125 0.0361328125 0.056640625
1 0.6474609375 0.478515625 0.0390625 0.041015625
1 0.1494140625 0.48046875 0.0234375 0.029296875
0 0.3212890625 0.5458984375 0.0703125 0.080078125
1 0.900390625 0.658203125 0.087890625 0.09375
1 0.0859375 0.775390625 0.0439453125 0.060546875
1 0.0693359375 0.4794921875 0.0390625 0.037109375
1 0.43359375 0.486328125 0.0205078125 0.0361328125
1 0.5625 0.380859375 0.025390625 0.0341796875
1 0.177734375 0.47265625 0.0234375 0.0390625
1 0.896484375 0.5478515625 0.041015625 0.044921875
1 0.12109375 0.669921875 0.0361328125 0.0703125
0 0.478515625 0.359375 0.033203125 0.037109375
0 0.41796875 0.3974609375 0.0419921875 0.044921875
1 0.9609375 0.7001953125 0.052734375 0.0751953125
1 0.8095703125 0.498046875 0.046875 0.033203125
0 0.251953125 0.3955078125 0.052734375 0.056640625
1 0.9736328125 0.521484375 0.03125 0.0283203125
1 0.634765625 0.4443359375 0.046875 0.0361328125
1 0.7451171875 0.4853515625 0.03125 0.033203125
1 0.5869140625 0.39453125 0.0107421875 0.0205078125
1 0.4013671875 0.4228515625 0.015625 0.033203125
1 0.6767578125 0.53515625 0.025390625 0.0390625
1 0.1806640625 0.515625 0.0234375 0.046875
1 0.3564453125 0.361328125 0.021484375 0.025390625
1 0.0244140625 0.564453125 0.0234375 0.0498046875
1 0.021484375 0.4765625 0.021484375 0.03125
1 0.1083984375 0.5869140625 0.029296875 0.0419921875
0 0.533203125 0.3291015625 0.0439453125 0.029296875
0 0.392578125 0.365234375 0.0361328125 0.0283203125
1 0.630859375 0.640625 0.0390625 0.072265625
1 0.1953125 0.4228515625 0.021484375 0.0263671875
1 0.11328125 0.5126953125 0.0205078125 0.0283203125
1 0.1728515625 0.4208984375 0.0205078125 0.0234375
1 0.216796875 0.412109375 0.03125 0.0341796875
1 0.12109375 0.4228515625 0.0234375 0.029296875
1 0.076171875 0.404296875 0.0263671875 0.0263671875
1 0.927734375 0.5146484375 0.0517578125 0.0361328125
1 0.205078125 0.4619140625 0.025390625 0.0390625
1 0.8388671875 0.5380859375 0.025390625 0.0390625
1 0.7568359375 0.8251953125 0.048828125 0.0751953125
0 0.9482421875 0.5771484375 0.0751953125 0.060546875
1 0.9716796875 0.630859375 0.0341796875 0.064453125
1 0.232421875 0.357421875 0.0205078125 0.021484375
1 0.2119140625 0.3564453125 0.0205078125 0.021484375
1 0.1474609375 0.4169921875 0.0263671875 0.03125