0 0.322265625 0.798828125 0.1455078125 0.1748046875
0 0.1201171875 0.595703125 0.078125 0.0908203125
0 0.203125 0.673828125 0.099609375 0.1123046875
0 0.580078125 0.587890625 0.1171875 0.125
0 0.240234375 0.509765625 0.0625 0.072265625
0 0.3212890625 0.548828125 0.0703125 0.080078125
1 0.53515625 0.4755859375 0.0263671875 0.0361328125
1 0.58984375 0.5234375 0.029296875 0.0341796875
0 0.3154296875 0.6494140625 0.0908203125 0.111328125
0 0.2216796875 0.580078125 0.0751953125 0.0859375
1 0.8212890625 0.583984375 0.0830078125 0.0810546875
1 0.896484375 0.6552734375 0.080078125 0.076171875
1 0.5390625 0.5078125 0.021484375 0.041015625
0 0.322265625 0.478515625 0.064453125 0.060546875
1 0.470703125 0.515625 0.0234375 0.041015625
1 0.947265625 0.69140625 0.0732421875 0.0830078125
1 0.7041015625 0.548828125 0.029296875 0.0419921875
1 0.6220703125 0.5361328125 0.021484375 0.041015625
1 0.4755859375 0.435546875 0.017578125 0.033203125
1 0.513671875 0.4345703125 0.021484375 0.0341796875
1 0.1513671875 0.724609375 0.0595703125 0.0654296875
1 0.380859375 0.548828125 0.025390625 0.0439453125
1 0.107421875 0.720703125 0.041015625 0.0595703125
1 0.5625 0.51171875 0.0185546875 0.029296875
1 0.1474609375 0.3916015625 0.013671875 0.0205078125
0 0.255859375 0.40234375 0.048828125 0.0361328125
0 0.498046875 0.353515625 0.0361328125 0.03125
1 0.076171875 0.6845703125 0.033203125 0.046875
1 0.1787109375 0.408203125 0.0205078125 0.029296875
1 0.498046875 0.509765625 0.025390625 0.0419921875
1 0.6025390625 0.4716796875 0.033203125 0.041015625
0 0.4736328125 0.3740234375 0.0341796875 0.0390625
0 0.521484375 0.3818359375 0.0341796875 0.0390625
1 0.2119140625 0.4072265625 0.013671875 0.0263671875
1 0.0390625 0.5771484375 0.025390625 0.048828125
1 0.8974609375 0.5439453125 0.0361328125 0.0341796875
1 0.623046875 0.486328125 0.0205078125 0.03125
1 0.1875 0.5029296875 0.025390625 0.041015625
1 0.931640625 0.615234375 0.041015625 0.044921875
1 0.07421875 0.478515625 0.0546875 0.041015625
0 0.3056640625 0.4189453125 0.0703125 0.083984375
1 0.1552734375 0.462890625 0.0205078125 0.0263671875
1 0.4560546875 0.357421875 0.0185546875 0.029296875
1 0.5751953125 0.4716796875 0.0283203125 0.037109375
1 0.125 0.4267578125 0.015625 0.0185546875
1 0.203125 0.4814453125 0.0185546875 0.0439453125
1 0.126953125 0.666015625 0.033203125 0.0517578125
1 0.7822265625 0.748046875 0.064453125 0.078125
0 0.236328125 0.3427734375 0.025390625 0.0263671875
1 0.5419921875 0.490234375 0.1689453125 0.1220703125
1 0.9736328125 0.634765625 0.03125 0.0595703125
1 0.4150390625 0.615234375 0.0263671875 0.0517578125
1 0.447265625 0.4658203125 0.03125 0.052734375
1 0.1787109375 0.7734375 0.0576171875 0.072265625
1 0.455078125 0.5029296875 0.021484375 0.046875
0 0.95703125 0.5771484375 0.0576171875 0.060546875
1 0.0791015625 0.783203125 0.0234375 0.046875
1 0.080078125 0.3408203125 0.0185546875 0.021484375
1 0.0244140625 0.373046875 0.013671875 0.021484375
1 0.818359375 0.5390625 0.0185546875 0.0341796875
1 0.6455078125 0.4404296875 0.0283203125 0.03125
1 0.1982421875 0.3818359375 0.0185546875 0.033203125
1 0.67578125 0.5234375 0.0205078125 0.0439453125