0 0.322265625 0.7978515625 0.1484375 0.1767578125
1 0.5107421875 0.513671875 0.025390625 0.0439453125
1 0.578125 0.5400390625 0.0283203125 0.0517578125
0 0.220703125 0.5986328125 0.0810546875 0.09375
0 0.3154296875 0.6494140625 0.0908203125 0.111328125
1 0.12109375 0.6884765625 0.033203125 0.064453125
1 0.8193359375 0.580078125 0.0830078125 0.0810546875
1 0.615234375 0.626953125 0.0341796875 0.0517578125
1 0.693359375 0.546875 0.046875 0.052734375
1 0.5634765625 0.390625 0.017578125 0.025390625
1 0.591796875 0.392578125 0.0185546875 0.029296875
0 0.791015625 0.7919921875 0.193359375 0.1845703125
1 0.5078125 0.611328125 0.03125 0.0576171875
1 0.9482421875 0.689453125 0.0751953125 0.076171875
1 0.576171875 0.6689453125 0.0361328125 0.0625
1 0.6865234375 0.4619140625 0.0263671875 0.029296875
1 0.466796875 0.4345703125 0.0205078125 0.03125
1 0.5302734375 0.533203125 0.0234375 0.0390625
1 0.6748046875 0.611328125 0.03125 0.0439453125
1 0.1630859375 0.6611328125 0.033203125 0.046875
1 0.61328125 0.451171875 0.0205078125 0.0361328125
1 0.365234375 0.38671875 0.021484375 0.033203125
1 0.123046875 0.5029296875 0.0283203125 0.037109375
0 0.322265625 0.55078125 0.072265625 0.080078125
1 0.5087890625 0.365234375 0.0205078125 0.0283203125
1 0.1025390625 0.50390625 0.0234375 0.044921875
1 0.419921875 0.6181640625 0.0546875 0.0546875
1 0.8994140625 0.5419921875 0.0390625 0.0439453125
0 0.240234375 0.509765625 0.064453125 0.0751953125
0 0.3271484375 0.490234375 0.0673828125 0.0595703125
1 0.892578125 0.6435546875 0.078125 0.072265625
0 0.4794921875 0.3603515625 0.0341796875 0.0361328125
1 0.166015625 0.5341796875 0.03125 0.056640625
1 0.4580078125 0.501953125 0.0283203125 0.0390625
1 0.111328125 0.578125 0.025390625 0.0439453125
1 0.166015625 0.462890625 0.025390625 0.03125
1 0.4638671875 0.3974609375 0.009765625 0.0234375
1 0.3994140625 0.6640625 0.0361328125 0.0595703125
1 0.384765625 0.3818359375 0.021484375 0.029296875
1 0.529296875 0.458984375 0.0185546875 0.041015625
1 0.5087890625 0.4609375 0.017578125 0.021484375
1 0.580078125 0.4970703125 0.025390625 0.046875
0 0.5322265625 0.357421875 0.0361328125 0.0390625
1 0.181640625 0.4912109375 0.03125 0.044921875
1 0.171875 0.427734375 0.025390625 0.033203125
1 0.21875 0.4130859375 0.0283203125 0.0361328125
1 0.73046875 0.5390625 0.0390625 0.0439453125
1 0.9697265625 0.521484375 0.0361328125 0.03125
0 0.255859375 0.3984375 0.052734375 0.0498046875
1 0.044921875 0.576171875 0.0263671875 0.0576171875
1 0.1484375 0.4150390625 0.0185546875 0.0263671875
1 0.060546875 0.4775390625 0.0263671875 0.0361328125
0 0.0498046875 0.5166015625 0.078125 0.0859375
1 0.63671875 0.4482421875 0.029296875 0.03125
1 0.4072265625 0.3818359375 0.013671875 0.0234375
0 0.0478515625 0.3818359375 0.0419921875 0.0263671875
1 0.509765625 0.5654296875 0.0283203125 0.0439453125
1 0.4951171875 0.5029296875 0.1064453125 0.150390625
1 0.6533203125 0.8720703125 0.037109375 0.0341796875
1 0.046875 0.7978515625 0.021484375 0.0361328125
1 0.8916015625 0.384765625 0.017578125 0.0283203125
1 0.02734375 0.341796875 0.0107421875 0.017578125
1 0.89453125 0.587890625 0.0517578125 0.0576171875
1 0.2216796875 0.326171875 0.0126953125 0.015625
1 0.9599609375 0.6259765625 0.0419921875 0.0576171875
1 0.1416015625 0.384765625 0.013671875 0.0205078125
1 0.455078125 0.361328125 0.017578125 0.037109375
1 0.09375 0.40625 0.0185546875 0.0283203125