0 0.798828125 0.720703125 0.1845703125 0.1826171875
0 0.5888671875 0.51171875 0.0751953125 0.095703125
1 0.314453125 0.583984375 0.0283203125 0.056640625
1 0.6611328125 0.662109375 0.041015625 0.0703125
0 0.55078125 0.62109375 0.123046875 0.1513671875
1 0.1279296875 0.5078125 0.03125 0.041015625
1 0.333984375 0.501953125 0.0205078125 0.0361328125
0 0.5625 0.384765625 0.0341796875 0.041015625
1 0.265625 0.572265625 0.0283203125 0.0498046875
1 0.125 0.6630859375 0.0439453125 0.0673828125
1 0.8173828125 0.572265625 0.078125 0.0810546875
1 0.1484375 0.54296875 0.025390625 0.0390625
1 0.2666015625 0.509765625 0.0205078125 0.0439453125
1 0.2255859375 0.5576171875 0.0234375 0.0439453125
1 0.6865234375 0.544921875 0.0517578125 0.0546875
1 0.2900390625 0.6650390625 0.0361328125 0.0732421875
1 0.298828125 0.51953125 0.021484375 0.0361328125
1 0.376953125 0.5576171875 0.0263671875 0.046875
1 0.728515625 0.5380859375 0.0419921875 0.048828125
1 0.1787109375 0.5205078125 0.033203125 0.041015625
1 0.111328125 0.4814453125 0.025390625 0.025390625
1 0.943359375 0.68359375 0.0830078125 0.091796875
1 0.2236328125 0.5078125 0.021484375 0.0341796875
1 0.3544921875 0.6728515625 0.0283203125 0.0703125
0 0.673828125 0.826171875 0.173828125 0.1220703125
1 0.169921875 0.478515625 0.0185546875 0.0283203125
0 0.529296875 0.392578125 0.041015625 0.0361328125
1 0.1953125 0.349609375 0.015625 0.015625
1 0.0595703125 0.4794921875 0.021484375 0.0341796875
1 0.373046875 0.6279296875 0.03125 0.0625
1 0.1943359375 0.755859375 0.0546875 0.0703125
1 0.2431640625 0.451171875 0.0205078125 0.029296875
1 0.267578125 0.4736328125 0.021484375 0.03125
1 0.1982421875 0.6044921875 0.0283203125 0.078125
1 0.908203125 0.541015625 0.025390625 0.0341796875
1 0.583984375 0.583984375 0.029296875 0.044921875
1 0.5263671875 0.5263671875 0.025390625 0.0439453125
0 0.4736328125 0.376953125 0.0341796875 0.041015625
1 0.2099609375 0.4501953125 0.017578125 0.025390625
1 0.20703125 0.4130859375 0.013671875 0.0263671875
1 0.2373046875 0.486328125 0.0185546875 0.0283203125
0 0.5390625 0.431640625 0.0439453125 0.0498046875
1 0.3603515625 0.451171875 0.017578125 0.029296875
1 0.59765625 0.44140625 0.0205078125 0.0263671875
1 0.189453125 0.3837890625 0.0205078125 0.0263671875
1 0.501953125 0.48046875 0.021484375 0.0361328125
1 0.125 0.36328125 0.0126953125 0.017578125
1 0.458984375 0.462890625 0.025390625 0.0361328125
1 0.0947265625 0.408203125 0.017578125 0.025390625
1 0.14453125 0.474609375 0.0234375 0.0390625
0 0.287109375 0.427734375 0.0546875 0.041015625
0 0.5439453125 0.341796875 0.025390625 0.025390625
1 0.1171875 0.607421875 0.03125 0.048828125
1 0.0224609375 0.4794921875 0.0234375 0.041015625
1 0.0771484375 0.3984375 0.029296875 0.03125
1 0.1640625 0.3720703125 0.015625 0.0185546875
1 0.6015625 0.6630859375 0.025390625 0.0546875
1 0.0302734375 0.5595703125 0.0361328125 0.0439453125
1 0.4921875 0.5283203125 0.015625 0.041015625
0 0.5029296875 0.349609375 0.0283203125 0.037109375
0 0.25390625 0.384765625 0.0732421875 0.0439453125
1 0.896484375 0.5869140625 0.041015625 0.0576171875
1 0.27734375 0.7666015625 0.0361328125 0.0546875
1 0.1767578125 0.48828125 0.130859375 0.1015625
1 0.138671875 0.431640625 0.017578125 0.033203125
1 0.158203125 0.3388671875 0.0185546875 0.0185546875
1 0.943359375 0.603515625 0.0810546875 0.064453125
1 0.26953125 0.5712890625 0.169921875 0.111328125
1 0.6103515625 0.7529296875 0.0517578125 0.078125
1 0.025390625 0.373046875 0.0126953125 0.021484375
1 0.14453125 0.8544921875 0.060546875 0.072265625
1 0.4736328125 0.6689453125 0.025390625 0.052734375
1 0.4736328125 0.4169921875 0.025390625 0.03125
1 0.498046875 0.392578125 0.029296875 0.0390625
0 0.3505859375 0.3203125 0.033203125 0.0185546875
1 0.423828125 0.5 0.0234375 0.03125
1 0.0771484375 0.337890625 0.0205078125 0.0185546875