0 0.322265625 0.798828125 0.150390625 0.1767578125
1 0.7275390625 0.7822265625 0.0546875 0.0830078125
1 0.580078125 0.5302734375 0.033203125 0.048828125
1 0.5205078125 0.4775390625 0.021484375 0.0419921875
1 0.51171875 0.5791015625 0.0263671875 0.060546875
1 0.783203125 0.7392578125 0.0439453125 0.087890625
1 0.599609375 0.6435546875 0.0341796875 0.056640625
0 0.3154296875 0.650390625 0.0908203125 0.107421875
1 0.384765625 0.63671875 0.0341796875 0.0546875
1 0.666015625 0.462890625 0.0390625 0.041015625
1 0.822265625 0.58203125 0.080078125 0.0830078125
1 0.5625 0.3916015625 0.015625 0.0234375
0 0.2216796875 0.5849609375 0.078125 0.0888671875
0 0.240234375 0.509765625 0.064453125 0.0732421875
1 0.6689453125 0.5849609375 0.0341796875 0.0546875
1 0.5703125 0.583984375 0.03125 0.0576171875
1 0.564453125 0.7158203125 0.0439453125 0.0908203125
1 0.591796875 0.39453125 0.0185546875 0.0263671875
1 0.1123046875 0.52734375 0.0283203125 0.0517578125
1 0.6796875 0.833984375 0.056640625 0.095703125
1 0.5146484375 0.408203125 0.017578125 0.025390625
1 0.494140625 0.408203125 0.015625 0.0263671875
1 0.6953125 0.552734375 0.041015625 0.044921875
1 0.9462890625 0.6923828125 0.076171875 0.078125
1 0.6572265625 0.6533203125 0.0419921875 0.0625
0 0.322265625 0.5517578125 0.072265625 0.0810546875
1 0.431640625 0.5751953125 0.0185546875 0.0439453125
1 0.1845703125 0.509765625 0.0341796875 0.0498046875
0 0.3271484375 0.490234375 0.0673828125 0.0595703125
1 0.1337890625 0.486328125 0.0205078125 0.0283203125
1 0.755859375 0.4794921875 0.03125 0.03125
1 0.8916015625 0.642578125 0.076171875 0.0732421875
0 0.5048828125 0.3427734375 0.03125 0.029296875
1 0.611328125 0.435546875 0.029296875 0.041015625
0 0.48046875 0.357421875 0.033203125 0.0341796875
1 0.728515625 0.537109375 0.0419921875 0.044921875
1 0.1435546875 0.6201171875 0.046875 0.0810546875
1 0.5068359375 0.3681640625 0.0205078125 0.0263671875
1 0.376953125 0.390625 0.0205078125 0.0283203125
1 0.044921875 0.57421875 0.0234375 0.0517578125
1 0.3974609375 0.3994140625 0.017578125 0.029296875
1 0.0859375 0.728515625 0.056640625 0.1171875
0 0.5439453125 0.333984375 0.0341796875 0.025390625
1 0.916015625 0.529296875 0.048828125 0.0361328125
0 0.25390625 0.3994140625 0.0517578125 0.0517578125
1 0.4248046875 0.396484375 0.015625 0.0234375
1 0.060546875 0.48046875 0.0283203125 0.0390625
1 0.388671875 0.423828125 0.013671875 0.0263671875
1 0.150390625 0.4140625 0.033203125 0.037109375
1 0.216796875 0.412109375 0.029296875 0.0361328125
1 0.896484375 0.5849609375 0.044921875 0.0576171875
0 0.380859375 0.3671875 0.0341796875 0.0341796875
1 0.966796875 0.525390625 0.029296875 0.0234375
1 0.244140625 0.3583984375 0.015625 0.0205078125
1 0.8916015625 0.384765625 0.017578125 0.0263671875
1 0.587890625 0.49609375 0.021484375 0.029296875
1 0.16015625 0.5712890625 0.029296875 0.0546875
1 0.4404296875 0.384765625 0.025390625 0.029296875
1 0.4267578125 0.62109375 0.0439453125 0.0517578125
1 0.021484375 0.564453125 0.021484375 0.0498046875
1 0.20703125 0.4609375 0.0234375 0.037109375
1 0.1806640625 0.470703125 0.0419921875 0.0419921875
1 0.841796875 0.5390625 0.0234375 0.0341796875
1 0.0283203125 0.857421875 0.0341796875 0.0673828125
1 0.361328125 0.3505859375 0.0107421875 0.0234375
1 0.95703125 0.6279296875 0.0361328125 0.052734375
1 0.2822265625 0.3623046875 0.017578125 0.021484375
1 0.109375 0.490234375 0.037109375 0.033203125
1 0.224609375 0.3564453125 0.0205078125 0.025390625