0 0.2099609375 0.6005859375 0.0888671875 0.095703125
1 0.279296875 0.6220703125 0.037109375 0.0751953125
1 0.1494140625 0.5283203125 0.0234375 0.037109375
0 0.666015625 0.6083984375 0.1142578125 0.126953125
1 0.208984375 0.78515625 0.060546875 0.0732421875
1 0.685546875 0.544921875 0.044921875 0.046875
1 0.1865234375 0.501953125 0.0234375 0.044921875
1 0.095703125 0.673828125 0.0361328125 0.060546875
0 0.5400390625 0.462890625 0.0517578125 0.064453125
1 0.8193359375 0.5859375 0.076171875 0.0751953125
1 0.580078125 0.63671875 0.0263671875 0.044921875
1 0.6123046875 0.5224609375 0.0283203125 0.0419921875
1 0.7919921875 0.806640625 0.0625 0.091796875
1 0.5546875 0.564453125 0.025390625 0.044921875
1 0.7373046875 0.541015625 0.025390625 0.0361328125
1 0.5478515625 0.6494140625 0.029296875 0.048828125
1 0.25 0.46484375 0.021484375 0.0361328125
1 0.3837890625 0.51171875 0.0234375 0.0517578125
1 0.119140625 0.5771484375 0.029296875 0.0517578125
1 0.3056640625 0.505859375 0.0205078125 0.048828125
1 0.888671875 0.654296875 0.078125 0.0751953125
1 0.2587890625 0.5029296875 0.0234375 0.037109375
0 0.521484375 0.4169921875 0.044921875 0.041015625
1 0.4296875 0.46484375 0.015625 0.029296875
0 0.560546875 0.3935546875 0.033203125 0.0439453125
1 0.267578125 0.4482421875 0.0185546875 0.025390625
1 0.1259765625 0.4228515625 0.017578125 0.0263671875
1 0.216796875 0.404296875 0.0283203125 0.0341796875
1 0.1748046875 0.458984375 0.0283203125 0.029296875
1 0.966796875 0.697265625 0.044921875 0.076171875
1 0.1923828125 0.3759765625 0.021484375 0.029296875
1 0.365234375 0.458984375 0.0205078125 0.033203125
1 0.0595703125 0.482421875 0.025390625 0.033203125
1 0.232421875 0.5234375 0.0234375 0.0341796875
1 0.5810546875 0.544921875 0.03125 0.044921875
0 0.462890625 0.408203125 0.0419921875 0.037109375
1 0.470703125 0.44140625 0.017578125 0.029296875
0 0.490234375 0.357421875 0.0390625 0.037109375
1 0.43359375 0.388671875 0.013671875 0.021484375
1 0.146484375 0.4501953125 0.0341796875 0.041015625
1 0.26953125 0.4033203125 0.017578125 0.0185546875
1 0.6201171875 0.6513671875 0.03125 0.0439453125
1 0.2861328125 0.474609375 0.0185546875 0.029296875
1 0.896484375 0.541015625 0.0341796875 0.0341796875
1 0.4111328125 0.4169921875 0.0185546875 0.021484375
1 0.2255859375 0.4560546875 0.0205078125 0.037109375
1 0.158203125 0.416015625 0.0205078125 0.0283203125
0 0.650390625 0.775390625 0.166015625 0.21875
0 0.224609375 0.357421875 0.025390625 0.021484375
1 0.236328125 0.3916015625 0.021484375 0.029296875
1 0.3525390625 0.419921875 0.0205078125 0.0263671875
0 0.5380859375 0.3525390625 0.029296875 0.033203125
1 0.251953125 0.4365234375 0.017578125 0.029296875
1 0.111328125 0.4833984375 0.037109375 0.033203125
1 0.609375 0.4765625 0.0185546875 0.0283203125
1 0.5068359375 0.4482421875 0.013671875 0.0283203125
1 0.744140625 0.5068359375 0.013671875 0.017578125
1 0.921875 0.6064453125 0.037109375 0.0341796875
1 0.7158203125 0.505859375 0.025390625 0.0263671875
1 0.6376953125 0.439453125 0.037109375 0.0341796875
1 0.0224609375 0.478515625 0.0234375 0.037109375
1 0.087890625 0.4130859375 0.013671875 0.0205078125
1 0.2548828125 0.478515625 0.119140625 0.111328125
1 0.58203125 0.73046875 0.048828125 0.091796875
1 0.97265625 0.630859375 0.033203125 0.060546875
1 0.87890625 0.869140625 0.044921875 0.0390625
1 0.689453125 0.51171875 0.017578125 0.0234375
1 0.46484375 0.369140625 0.013671875 0.0205078125
1 0.951171875 0.5302734375 0.021484375 0.017578125
1 0.8125 0.544921875 0.025390625 0.0390625
1 0.357421875 0.39453125 0.013671875 0.0263671875
1 0.5458984375 0.796875 0.048828125 0.0283203125
1 0.2314453125 0.4248046875 0.0185546875 0.021484375
1 0.7255859375 0.8486328125 0.033203125 0.0654296875
1 0.8974609375 0.5751953125 0.0390625 0.037109375
1 0.025390625 0.373046875 0.015625 0.021484375
1 0.451171875 0.6767578125 0.029296875 0.0654296875
1 0.03125 0.58203125 0.037109375 0.0859375
0 0.3525390625 0.3193359375 0.033203125 0.017578125
1 0.9345703125 0.6484375 0.025390625 0.0439453125