0 0.1923828125 0.7490234375 0.1220703125 0.1640625
0 0.337890625 0.728515625 0.0986328125 0.1201171875
0 0.509765625 0.4228515625 0.0576171875 0.0576171875
0 0.5400390625 0.3525390625 0.0419921875 0.0419921875
1 0.5087890625 0.4765625 0.0263671875 0.041015625
1 0.2626953125 0.4599609375 0.041015625 0.0419921875
1 0.4736328125 0.4404296875 0.0283203125 0.0341796875
1 0.609375 0.49609375 0.0439453125 0.048828125
1 0.0771484375 0.759765625 0.0390625 0.064453125
1 0.2119140625 0.45703125 0.0390625 0.044921875
1 0.541015625 0.4775390625 0.025390625 0.0390625
1 0.3125 0.4794921875 0.041015625 0.0439453125
1 0.0673828125 0.544921875 0.0283203125 0.0419921875
1 0.306640625 0.833984375 0.048828125 0.0908203125
0 0.4873046875 0.35546875 0.056640625 0.048828125
1 0.5537109375 0.376953125 0.0234375 0.03125
1 0.263671875 0.533203125 0.048828125 0.0595703125
1 0.345703125 0.470703125 0.0361328125 0.0361328125
1 0.376953125 0.4580078125 0.0341796875 0.041015625
1 0.1484375 0.4287109375 0.025390625 0.029296875
1 0.658203125 0.546875 0.033203125 0.0341796875
0 0.1298828125 0.4033203125 0.068359375 0.037109375
1 0.580078125 0.4697265625 0.021484375 0.0361328125
0 0.509765625 0.33203125 0.03125 0.0263671875
0 0.236328125 0.4208984375 0.072265625 0.0361328125
1 0.345703125 0.5302734375 0.0625 0.0517578125
1 0.568359375 0.5341796875 0.0390625 0.0439453125
1 0.5576171875 0.451171875 0.021484375 0.0263671875
1 0.4140625 0.8095703125 0.041015625 0.052734375
1 0.458984375 0.794921875 0.0361328125 0.048828125
1 0.08984375 0.4140625 0.033203125 0.025390625
1 0.4140625 0.5546875 0.041015625 0.037109375
1 0.4326171875 0.513671875 0.0283203125 0.0361328125
1 0.14453125 0.5126953125 0.0263671875 0.052734375
1 0.427734375 0.6728515625 0.041015625 0.044921875
1 0.435546875 0.3642578125 0.017578125 0.025390625
1 0.06640625 0.478515625 0.0390625 0.0361328125
1 0.0927734375 0.6484375 0.0390625 0.0439453125
1 0.0791015625 0.69140625 0.0419921875 0.060546875
1 0.6201171875 0.462890625 0.0185546875 0.029296875
1 0.9228515625 0.6005859375 0.064453125 0.048828125
1 0.6396484375 0.50390625 0.0205078125 0.0419921875
1 0.0458984375 0.677734375 0.0263671875 0.048828125
1 0.419921875 0.73828125 0.046875 0.0546875
0 0.7470703125 0.556640625 0.052734375 0.0419921875
1 0.5751953125 0.4208984375 0.0185546875 0.0390625
1 0.1083984375 0.484375 0.0361328125 0.03125
1 0.572265625 0.380859375 0.017578125 0.029296875
0 0.197265625 0.8759765625 0.095703125 0.0263671875
1 0.6474609375 0.6533203125 0.029296875 0.056640625
1 0.0302734375 0.59765625 0.0234375 0.0576171875
1 0.701171875 0.7001953125 0.03125 0.072265625
1 0.458984375 0.7451171875 0.0361328125 0.0654296875
0 0.353515625 0.3251953125 0.0263671875 0.0185546875
1 0.345703125 0.435546875 0.0205078125 0.0361328125
1 0.0732421875 0.3876953125 0.0341796875 0.021484375
1 0.3291015625 0.3544921875 0.0205078125 0.0283203125
1 0.0234375 0.458984375 0.015625 0.0283203125
1 0.5595703125 0.494140625 0.181640625 0.1376953125
1 0.041015625 0.5546875 0.015625 0.03125
1 0.84375 0.814453125 0.0810546875 0.080078125
1 0.0234375 0.5595703125 0.021484375 0.041015625
0 0.2353515625 0.365234375 0.060546875 0.0361328125