1 0.6611328125 0.564453125 0.041015625 0.0498046875
1 0.0693359375 0.716796875 0.0361328125 0.060546875
1 0.40234375 0.794921875 0.0390625 0.0673828125
1 0.7236328125 0.6181640625 0.041015625 0.048828125
1 0.6123046875 0.564453125 0.0283203125 0.0419921875
1 0.595703125 0.525390625 0.033203125 0.0517578125
0 0.3544921875 0.54296875 0.068359375 0.0830078125
0 0.126953125 0.4169921875 0.0498046875 0.037109375
0 0.5224609375 0.607421875 0.1171875 0.134765625
1 0.8154296875 0.587890625 0.0751953125 0.0751953125
1 0.6357421875 0.544921875 0.021484375 0.041015625
1 0.734375 0.705078125 0.0498046875 0.056640625
0 0.203125 0.541015625 0.072265625 0.099609375
0 0.537109375 0.4755859375 0.060546875 0.080078125
1 0.5966796875 0.46875 0.021484375 0.041015625
0 0.4853515625 0.5166015625 0.0576171875 0.060546875
1 0.7041015625 0.763671875 0.0517578125 0.0908203125
1 0.2919921875 0.7021484375 0.0439453125 0.0859375
1 0.943359375 0.6865234375 0.0810546875 0.0888671875
1 0.88671875 0.650390625 0.0732421875 0.0732421875
0 0.560546875 0.400390625 0.044921875 0.064453125
1 0.6162109375 0.623046875 0.029296875 0.0498046875
0 0.3271484375 0.470703125 0.060546875 0.0498046875
1 0.521484375 0.3935546875 0.025390625 0.0283203125
1 0.140625 0.6484375 0.0283203125 0.041015625
1 0.30078125 0.5732421875 0.033203125 0.0625
0 0.0419921875 0.37890625 0.0439453125 0.0234375
1 0.4921875 0.4111328125 0.03125 0.0439453125
1 0.6865234375 0.529296875 0.0361328125 0.0390625
0 0.455078125 0.4169921875 0.0439453125 0.056640625
1 0.703125 0.5537109375 0.021484375 0.033203125
1 0.166015625 0.67578125 0.0283203125 0.0576171875
0 0.8779296875 0.794921875 0.203125 0.1796875
1 0.7314453125 0.537109375 0.0341796875 0.0361328125
1 0.654296875 0.6982421875 0.0283203125 0.052734375
0 0.68359375 0.861328125 0.142578125 0.0546875
1 0.0400390625 0.587890625 0.029296875 0.068359375
1 0.927734375 0.6123046875 0.037109375 0.041015625
0 0.1796875 0.3642578125 0.03125 0.03125
1 0.2353515625 0.623046875 0.0263671875 0.046875
1 0.1484375 0.466796875 0.015625 0.021484375
1 0.7890625 0.552734375 0.025390625 0.0341796875
1 0.44140625 0.3671875 0.017578125 0.025390625
0 0.51953125 0.3564453125 0.0419921875 0.041015625
1 0.158203125 0.3876953125 0.015625 0.021484375
1 0.455078125 0.4677734375 0.025390625 0.0361328125
1 0.130859375 0.6064453125 0.0185546875 0.0341796875
0 0.5263671875 0.423828125 0.0439453125 0.0419921875
1 0.8955078125 0.587890625 0.0439453125 0.056640625
1 0.0595703125 0.4814453125 0.021484375 0.037109375
0 0.3994140625 0.4482421875 0.0234375 0.0439453125
1 0.595703125 0.4453125 0.0126953125 0.021484375
1 0.630859375 0.5068359375 0.021484375 0.0419921875
1 0.505859375 0.466796875 0.0205078125 0.041015625
1 0.63671875 0.4404296875 0.0390625 0.03125
0 0.9521484375 0.578125 0.0673828125 0.0595703125
0 0.275390625 0.404296875 0.080078125 0.060546875
1 0.0302734375 0.826171875 0.0361328125 0.0673828125
0 0.224609375 0.455078125 0.052734375 0.0361328125
1 0.095703125 0.4775390625 0.048828125 0.0419921875
1 0.4482421875 0.673828125 0.0283203125 0.080078125
0 0.3349609375 0.3974609375 0.0517578125 0.0419921875
0 0.2197265625 0.3486328125 0.033203125 0.0283203125
1 0.974609375 0.6337890625 0.0263671875 0.064453125
1 0.666015625 0.546875 0.15625 0.140625