0 0.5732421875 0.4375 0.0498046875 0.0595703125
1 0.66015625 0.5595703125 0.033203125 0.0625
1 0.142578125 0.5205078125 0.0234375 0.041015625
1 0.2490234375 0.5078125 0.0263671875 0.0498046875
1 0.7841796875 0.7578125 0.0595703125 0.068359375
0 0.6044921875 0.689453125 0.1533203125 0.177734375
0 0.529296875 0.4560546875 0.0546875 0.0751953125
1 0.7412109375 0.662109375 0.0419921875 0.0595703125
1 0.2001953125 0.5654296875 0.025390625 0.0439453125
0 0.5927734375 0.55859375 0.095703125 0.1044921875
1 0.791015625 0.5625 0.0361328125 0.0498046875
1 0.7060546875 0.6240234375 0.041015625 0.0546875
1 0.255859375 0.453125 0.025390625 0.03125
1 0.6103515625 0.486328125 0.0205078125 0.0390625
1 0.8115234375 0.638671875 0.0576171875 0.060546875
1 0.4248046875 0.490234375 0.0283203125 0.048828125
1 0.173828125 0.5087890625 0.021484375 0.033203125
1 0.4853515625 0.416015625 0.0205078125 0.033203125
1 0.6328125 0.537109375 0.021484375 0.0419921875
0 0.47265625 0.544921875 0.076171875 0.095703125
1 0.181640625 0.6533203125 0.033203125 0.0625
0 0.4599609375 0.4541015625 0.048828125 0.0546875
0 0.4921875 0.359375 0.037109375 0.03125
1 0.15625 0.451171875 0.025390625 0.0361328125
1 0.18359375 0.44140625 0.029296875 0.0234375
1 0.6943359375 0.548828125 0.0263671875 0.0439453125
1 0.1640625 0.3818359375 0.0185546875 0.029296875
1 0.216796875 0.4013671875 0.013671875 0.021484375
1 0.1181640625 0.7255859375 0.048828125 0.0546875
1 0.724609375 0.5322265625 0.0517578125 0.0517578125
1 0.19140625 0.7236328125 0.0517578125 0.0810546875
1 0.9482421875 0.6669921875 0.0751953125 0.072265625
1 0.830078125 0.5634765625 0.03125 0.0390625
1 0.8232421875 0.841796875 0.0751953125 0.0888671875
1 0.125 0.638671875 0.0498046875 0.0751953125
1 0.2392578125 0.470703125 0.0185546875 0.0341796875
1 0.9150390625 0.607421875 0.0390625 0.048828125
1 0.0859375 0.400390625 0.015625 0.025390625
1 0.9501953125 0.6259765625 0.025390625 0.0390625
1 0.197265625 0.380859375 0.0205078125 0.025390625
1 0.02734375 0.56640625 0.029296875 0.0546875
1 0.365234375 0.423828125 0.021484375 0.0283203125
0 0.2353515625 0.375 0.0576171875 0.0439453125
1 0.021484375 0.474609375 0.021484375 0.03125
1 0.1240234375 0.4208984375 0.0107421875 0.017578125
1 0.1923828125 0.361328125 0.0126953125 0.0205078125
1 0.201171875 0.47265625 0.1279296875 0.142578125
1 0.130859375 0.595703125 0.03125 0.0361328125
1 0.380859375 0.4541015625 0.0234375 0.029296875
1 0.0576171875 0.478515625 0.021484375 0.0361328125
1 0.591796875 0.400390625 0.0234375 0.0283203125
1 0.896484375 0.5400390625 0.0283203125 0.0419921875
1 0.853515625 0.6455078125 0.029296875 0.052734375
1 0.2392578125 0.4287109375 0.015625 0.0205078125
1 0.462890625 0.4169921875 0.017578125 0.03125
1 0.359375 0.400390625 0.0185546875 0.0263671875
1 0.02734375 0.373046875 0.017578125 0.021484375
1 0.970703125 0.625 0.021484375 0.046875
1 0.6767578125 0.50390625 0.025390625 0.0390625
1 0.5390625 0.384765625 0.0625 0.0546875
1 0.1796875 0.3583984375 0.009765625 0.017578125