0 0.193359375 0.75 0.123046875 0.162109375
0 0.5126953125 0.419921875 0.0498046875 0.0546875
0 0.736328125 0.8330078125 0.162109375 0.109375
0 0.7392578125 0.7080078125 0.1533203125 0.1533203125
0 0.337890625 0.7275390625 0.0986328125 0.1142578125
0 0.5390625 0.345703125 0.037109375 0.0283203125
0 0.494140625 0.34765625 0.0576171875 0.0546875
0 0.578125 0.638671875 0.119140625 0.1298828125
1 0.404296875 0.4970703125 0.037109375 0.0625
1 0.654296875 0.6083984375 0.041015625 0.0576171875
1 0.8564453125 0.654296875 0.046875 0.052734375
1 0.767578125 0.5927734375 0.041015625 0.0419921875
1 0.634765625 0.458984375 0.033203125 0.033203125
1 0.568359375 0.556640625 0.0263671875 0.037109375
1 0.521484375 0.5166015625 0.033203125 0.0517578125
1 0.5986328125 0.4560546875 0.025390625 0.041015625
1 0.537109375 0.5693359375 0.0283203125 0.0419921875
0 0.9326171875 0.580078125 0.1064453125 0.0673828125
1 0.705078125 0.587890625 0.041015625 0.0546875
1 0.4326171875 0.677734375 0.0341796875 0.064453125
1 0.490234375 0.591796875 0.029296875 0.0625
1 0.5537109375 0.4853515625 0.0419921875 0.044921875
1 0.6015625 0.576171875 0.03125 0.041015625
1 0.552734375 0.4013671875 0.015625 0.025390625
1 0.9453125 0.6396484375 0.078125 0.0703125
1 0.7783203125 0.6513671875 0.041015625 0.0498046875
1 0.666015625 0.5556640625 0.048828125 0.0546875
1 0.5546875 0.431640625 0.021484375 0.0390625
1 0.0771484375 0.7607421875 0.044921875 0.078125
1 0.236328125 0.6044921875 0.0576171875 0.0439453125
1 0.150390625 0.6005859375 0.033203125 0.0390625
0 0.3515625 0.3212890625 0.03125 0.017578125
1 0.611328125 0.5400390625 0.0390625 0.044921875
1 0.6787109375 0.5126953125 0.0517578125 0.046875
0 0.4638671875 0.515625 0.0751953125 0.09375
1 0.427734375 0.5576171875 0.025390625 0.052734375
1 0.7509765625 0.4833984375 0.044921875 0.033203125
1 0.416015625 0.4658203125 0.017578125 0.0283203125
1 0.486328125 0.462890625 0.0234375 0.033203125
1 0.0244140625 0.5634765625 0.0234375 0.0517578125
1 0.4404296875 0.359375 0.021484375 0.0283203125
1 0.681640625 0.6591796875 0.0390625 0.056640625
1 0.5478515625 0.373046875 0.017578125 0.029296875
1 0.615234375 0.5029296875 0.0341796875 0.041015625
1 0.0859375 0.638671875 0.0341796875 0.0517578125
1 0.0625 0.478515625 0.025390625 0.0361328125
1 0.443359375 0.435546875 0.0234375 0.037109375
1 0.28515625 0.603515625 0.044921875 0.0517578125
1 0.10546875 0.4873046875 0.029296875 0.03125
1 0.328125 0.357421875 0.021484375 0.0283203125
1 0.673828125 0.470703125 0.0234375 0.037109375
1 0.0751953125 0.3388671875 0.021484375 0.021484375
1 0.732421875 0.53125 0.056640625 0.041015625
0 0.455078125 0.4638671875 0.03125 0.03125
1 0.6259765625 0.6337890625 0.0205078125 0.029296875
1 0.4638671875 0.4208984375 0.0185546875 0.029296875
1 0.7998046875 0.5654296875 0.03125 0.037109375
1 0.8515625 0.576171875 0.0283203125 0.0419921875
0 0.185546875 0.875 0.1123046875 0.0283203125
1 0.1767578125 0.3251953125 0.021484375 0.021484375
1 0.5732421875 0.501953125 0.0185546875 0.0283203125