0 0.5517578125 0.494140625 0.068359375 0.0888671875
0 0.6005859375 0.44140625 0.0732421875 0.0576171875
1 0.1826171875 0.5830078125 0.0283203125 0.0625
0 0.3369140625 0.775390625 0.123046875 0.138671875
1 0.7724609375 0.6806640625 0.048828125 0.0888671875
1 0.791015625 0.5634765625 0.033203125 0.048828125
0 0.654296875 0.64453125 0.1298828125 0.1328125
1 0.7587890625 0.595703125 0.0419921875 0.056640625
1 0.6982421875 0.59765625 0.0283203125 0.044921875
0 0.4892578125 0.361328125 0.037109375 0.03125
1 0.6904296875 0.5537109375 0.0283203125 0.0390625
0 0.12109375 0.4072265625 0.0576171875 0.048828125
1 0.705078125 0.5126953125 0.0205078125 0.03125
1 0.6708984375 0.541015625 0.0234375 0.0390625
1 0.603515625 0.4794921875 0.021484375 0.037109375
1 0.6396484375 0.5361328125 0.0390625 0.068359375
1 0.8955078125 0.650390625 0.083984375 0.0673828125
1 0.35546875 0.4248046875 0.0234375 0.0283203125
1 0.7314453125 0.533203125 0.037109375 0.041015625
1 0.828125 0.818359375 0.0625 0.072265625
1 0.451171875 0.3798828125 0.0185546875 0.025390625
1 0.9677734375 0.7060546875 0.0390625 0.0654296875
1 0.1923828125 0.505859375 0.0185546875 0.029296875
1 0.205078125 0.419921875 0.015625 0.0263671875
0 0.474609375 0.4853515625 0.0595703125 0.080078125
1 0.3740234375 0.427734375 0.0205078125 0.0263671875
1 0.830078125 0.5595703125 0.0283203125 0.0341796875
1 0.224609375 0.537109375 0.0234375 0.044921875
1 0.244140625 0.443359375 0.0205078125 0.0263671875
0 0.50390625 0.583984375 0.0859375 0.1123046875
1 0.0625 0.478515625 0.0283203125 0.033203125
1 0.19921875 0.369140625 0.017578125 0.025390625
1 0.150390625 0.505859375 0.03125 0.060546875
1 0.37890625 0.455078125 0.0234375 0.03125
0 0.705078125 0.8037109375 0.1923828125 0.1669921875
1 0.673828125 0.49609375 0.021484375 0.0361328125
1 0.2275390625 0.4091796875 0.033203125 0.041015625
1 0.1474609375 0.4501953125 0.0234375 0.0439453125
1 0.8466796875 0.603515625 0.037109375 0.0341796875
1 0.48046875 0.431640625 0.0263671875 0.037109375
1 0.89453125 0.5849609375 0.0390625 0.048828125
0 0.5341796875 0.3447265625 0.046875 0.033203125
1 0.4287109375 0.408203125 0.0205078125 0.033203125
1 0.912109375 0.8671875 0.044921875 0.0439453125
1 0.376953125 0.3984375 0.0205078125 0.025390625
0 0.5244140625 0.3232421875 0.029296875 0.021484375
0 0.2236328125 0.3662109375 0.041015625 0.0390625
0 0.572265625 0.3974609375 0.0390625 0.0361328125
1 0.5458984375 0.400390625 0.0205078125 0.033203125
1 0.515625 0.431640625 0.0341796875 0.0419921875
1 0.451171875 0.52734375 0.029296875 0.033203125
1 0.025390625 0.4697265625 0.0283203125 0.0361328125
1 0.0244140625 0.56640625 0.0234375 0.0546875
1 0.1806640625 0.353515625 0.0205078125 0.025390625
1 0.8623046875 0.55859375 0.015625 0.0234375
1 0.193359375 0.4697265625 0.015625 0.0234375
1 0.595703125 0.40234375 0.013671875 0.0205078125
0 0.25390625 0.3857421875 0.029296875 0.037109375
1 0.3408203125 0.3408203125 0.015625 0.021484375
1 0.541015625 0.43359375 0.0263671875 0.0361328125
1 0.9658203125 0.626953125 0.0439453125 0.0673828125