0 0.193359375 0.7490234375 0.123046875 0.1640625
0 0.5107421875 0.421875 0.046875 0.0498046875
1 0.2109375 0.505859375 0.021484375 0.0419921875
0 0.3388671875 0.7265625 0.0966796875 0.119140625
1 0.4140625 0.80859375 0.041015625 0.0546875
0 0.486328125 0.3623046875 0.044921875 0.03125
1 0.068359375 0.533203125 0.0283203125 0.0419921875
0 0.5380859375 0.3505859375 0.0390625 0.0361328125
1 0.56640625 0.4951171875 0.0234375 0.041015625
1 0.634765625 0.546875 0.025390625 0.0439453125
1 0.3095703125 0.8505859375 0.0439453125 0.060546875
1 0.0791015625 0.755859375 0.044921875 0.078125
1 0.421875 0.4306640625 0.015625 0.029296875
1 0.490234375 0.513671875 0.021484375 0.0419921875
1 0.4052734375 0.435546875 0.0205078125 0.0263671875
1 0.5947265625 0.474609375 0.0234375 0.0341796875
1 0.529296875 0.501953125 0.0205078125 0.033203125
1 0.5673828125 0.4658203125 0.0185546875 0.03125
1 0.4560546875 0.7890625 0.03125 0.046875
1 0.15234375 0.48046875 0.017578125 0.033203125
1 0.462890625 0.42578125 0.017578125 0.0234375
1 0.646484375 0.4873046875 0.017578125 0.0341796875
1 0.2490234375 0.48046875 0.033203125 0.033203125
1 0.4794921875 0.4619140625 0.0283203125 0.0361328125
1 0.548828125 0.44921875 0.0205078125 0.033203125
1 0.619140625 0.47265625 0.0234375 0.033203125
0 0.5087890625 0.3310546875 0.029296875 0.025390625
1 0.591796875 0.4326171875 0.015625 0.025390625
1 0.3916015625 0.38671875 0.013671875 0.0234375
1 0.439453125 0.3623046875 0.017578125 0.025390625
1 0.603515625 0.548828125 0.025390625 0.048828125
1 0.4248046875 0.39453125 0.015625 0.0205078125
0 0.08984375 0.3955078125 0.048828125 0.03125
1 0.2109375 0.36328125 0.015625 0.0205078125
1 0.0234375 0.564453125 0.021484375 0.0498046875
1 0.564453125 0.431640625 0.0205078125 0.0341796875
1 0.578125 0.5693359375 0.025390625 0.0419921875
1 0.427734375 0.677734375 0.041015625 0.044921875
1 0.392578125 0.365234375 0.0107421875 0.0205078125
1 0.3642578125 0.359375 0.015625 0.021484375
0 0.1376953125 0.4130859375 0.03125 0.033203125
1 0.5185546875 0.5654296875 0.025390625 0.052734375
1 0.5693359375 0.3984375 0.0205078125 0.03125
0 0.353515625 0.318359375 0.0341796875 0.0185546875
1 0.2490234375 0.431640625 0.017578125 0.0283203125
1 0.0595703125 0.482421875 0.021484375 0.0361328125
0 0.2529296875 0.4482421875 0.083984375 0.046875
0 0.1875 0.32421875 0.037109375 0.0263671875
1 0.0654296875 0.505859375 0.0185546875 0.0283203125
1 0.64453125 0.4462890625 0.029296875 0.029296875
1 0.02734375 0.83984375 0.0390625 0.0673828125
1 0.228515625 0.357421875 0.0126953125 0.021484375
1 0.166015625 0.3623046875 0.015625 0.015625
1 0.529296875 0.466796875 0.015625 0.0283203125
1 0.1025390625 0.5185546875 0.029296875 0.052734375
1 0.435546875 0.755859375 0.025390625 0.048828125
1 0.515625 0.373046875 0.015625 0.017578125
1 0.5712890625 0.3759765625 0.048828125 0.033203125
1 0.9677734375 0.556640625 0.0361328125 0.025390625
1 0.025390625 0.763671875 0.025390625 0.0361328125
1 0.548828125 0.4208984375 0.015625 0.0263671875
1 0.041015625 0.5546875 0.0185546875 0.0341796875
1 0.599609375 0.509765625 0.0205078125 0.0341796875
0 0.4921875 0.318359375 0.0283203125 0.017578125
1 0.662109375 0.515625 0.0185546875 0.037109375
1 0.576171875 0.5283203125 0.1455078125 0.125
1 0.1181640625 0.3544921875 0.0205078125 0.025390625
1 0.2470703125 0.35546875 0.0126953125 0.0234375
0 0.1943359375 0.875 0.1015625 0.0283203125
1 0.3291015625 0.3564453125 0.0205078125 0.021484375
1 0.0224609375 0.373046875 0.0205078125 0.021484375