0 0.1904296875 0.748046875 0.125 0.1611328125
0 0.5107421875 0.4248046875 0.046875 0.052734375
0 0.3388671875 0.7265625 0.0966796875 0.119140625
0 0.537109375 0.3505859375 0.037109375 0.0390625
1 0.306640625 0.8544921875 0.0439453125 0.068359375
0 0.490234375 0.3603515625 0.037109375 0.033203125
1 0.548828125 0.4658203125 0.0263671875 0.0439453125
1 0.0771484375 0.755859375 0.044921875 0.0732421875
1 0.6103515625 0.494140625 0.0390625 0.046875
1 0.5146484375 0.46484375 0.0361328125 0.044921875
0 0.0458984375 0.3779296875 0.0517578125 0.0283203125
1 0.451171875 0.447265625 0.0439453125 0.0361328125
1 0.3994140625 0.8046875 0.0673828125 0.068359375
1 0.119140625 0.666015625 0.046875 0.064453125
0 0.521484375 0.5234375 0.1220703125 0.072265625
1 0.572265625 0.390625 0.017578125 0.0283203125
1 0.4580078125 0.779296875 0.037109375 0.0654296875
0 0.509765625 0.33203125 0.0283203125 0.0263671875
1 0.5859375 0.392578125 0.015625 0.029296875
1 0.671875 0.5576171875 0.072265625 0.0595703125
1 0.6435546875 0.494140625 0.021484375 0.033203125
1 0.619140625 0.4638671875 0.0205078125 0.03125
1 0.427734375 0.685546875 0.041015625 0.052734375
1 0.4208984375 0.736328125 0.044921875 0.052734375
1 0.06640625 0.55078125 0.029296875 0.080078125
1 0.03125 0.5654296875 0.037109375 0.0595703125
1 0.568359375 0.451171875 0.0185546875 0.0283203125
1 0.0537109375 0.4873046875 0.017578125 0.025390625
1 0.1279296875 0.4140625 0.0185546875 0.021484375
1 0.4609375 0.365234375 0.021484375 0.029296875
1 0.0283203125 0.779296875 0.0341796875 0.0703125
0 0.1875 0.3251953125 0.041015625 0.025390625
1 0.4375 0.42578125 0.015625 0.0234375
1 0.166015625 0.3662109375 0.0126953125 0.013671875
0 0.2314453125 0.369140625 0.0498046875 0.0341796875
1 0.330078125 0.3583984375 0.015625 0.0205078125
1 0.0771484375 0.400390625 0.0205078125 0.021484375
1 0.4716796875 0.3408203125 0.015625 0.0185546875
1 0.560546875 0.427734375 0.046875 0.0361328125
1 0.455078125 0.533203125 0.021484375 0.0283203125
1 0.841796875 0.642578125 0.046875 0.0673828125
1 0.67578125 0.5234375 0.044921875 0.03125