1 0.177734375 0.6201171875 0.03125 0.0498046875
0 0.552734375 0.505859375 0.0654296875 0.0830078125
1 0.2216796875 0.6953125 0.03125 0.046875
0 0.830078125 0.78515625 0.2001953125 0.1953125
0 0.2158203125 0.484375 0.0595703125 0.0625
1 0.115234375 0.662109375 0.0283203125 0.044921875
1 0.6826171875 0.544921875 0.0498046875 0.056640625
1 0.416015625 0.4619140625 0.0263671875 0.0419921875
1 0.818359375 0.568359375 0.080078125 0.0859375
1 0.14453125 0.421875 0.0205078125 0.03125
1 0.677734375 0.66015625 0.041015625 0.0732421875
1 0.1572265625 0.47265625 0.0205078125 0.033203125
1 0.7236328125 0.5341796875 0.0498046875 0.052734375
1 0.2666015625 0.548828125 0.029296875 0.0390625
1 0.603515625 0.501953125 0.0234375 0.0419921875
0 0.5234375 0.4306640625 0.046875 0.0517578125
1 0.279296875 0.4912109375 0.0263671875 0.0361328125
1 0.3544921875 0.4267578125 0.021484375 0.03125
1 0.640625 0.607421875 0.0439453125 0.0703125
0 0.2275390625 0.3564453125 0.033203125 0.0341796875
1 0.376953125 0.4765625 0.025390625 0.046875
1 0.25 0.5947265625 0.0283203125 0.0419921875
0 0.5595703125 0.4072265625 0.03125 0.0361328125
1 0.2080078125 0.416015625 0.021484375 0.03125
1 0.4560546875 0.525390625 0.03125 0.0546875
1 0.630859375 0.5224609375 0.0341796875 0.048828125
1 0.9501953125 0.66015625 0.072265625 0.076171875
1 0.2568359375 0.412109375 0.017578125 0.0263671875
1 0.884765625 0.646484375 0.078125 0.0751953125
1 0.123046875 0.412109375 0.0205078125 0.029296875
1 0.0615234375 0.4794921875 0.0263671875 0.037109375
1 0.083984375 0.404296875 0.0205078125 0.0283203125
1 0.181640625 0.376953125 0.0107421875 0.021484375
1 0.1884765625 0.408203125 0.0205078125 0.03125
1 0.673828125 0.505859375 0.03125 0.0439453125
1 0.642578125 0.8427734375 0.0439453125 0.076171875
0 0.4892578125 0.3583984375 0.03125 0.029296875
0 0.45703125 0.4296875 0.0419921875 0.056640625
1 0.6796875 0.8203125 0.046875 0.078125
1 0.1572265625 0.5625 0.033203125 0.046875
1 0.896484375 0.541015625 0.03125 0.0390625
1 0.3955078125 0.494140625 0.0283203125 0.0517578125
1 0.6015625 0.4521484375 0.015625 0.029296875
1 0.2568359375 0.4384765625 0.017578125 0.0263671875
0 0.3251953125 0.3994140625 0.0908203125 0.044921875
0 0.5224609375 0.5869140625 0.1142578125 0.126953125
1 0.140625 0.525390625 0.025390625 0.037109375
1 0.7978515625 0.681640625 0.0419921875 0.033203125
1 0.640625 0.443359375 0.0283203125 0.0263671875
1 0.185546875 0.4384765625 0.0234375 0.0263671875
0 0.060546875 0.37890625 0.052734375 0.0263671875
1 0.8974609375 0.5732421875 0.0419921875 0.041015625
1 0.4111328125 0.4296875 0.0185546875 0.0341796875
0 0.51953125 0.46875 0.0361328125 0.0439453125
1 0.4560546875 0.361328125 0.021484375 0.0263671875
1 0.1455078125 0.62890625 0.052734375 0.0830078125
0 0.53125 0.3544921875 0.025390625 0.025390625
1 0.423828125 0.5146484375 0.03125 0.0576171875
1 0.0244140625 0.373046875 0.013671875 0.0234375
0 0.5107421875 0.400390625 0.03125 0.0283203125
1 0.021484375 0.484375 0.0205078125 0.041015625
0 0.3515625 0.3193359375 0.03125 0.017578125
1 0.1796875 0.3291015625 0.0185546875 0.017578125
0 0.251953125 0.318359375 0.0263671875 0.0185546875
1 0.451171875 0.39453125 0.0185546875 0.0361328125
1 0.0771484375 0.337890625 0.0205078125 0.0185546875
1 0.4658203125 0.74609375 0.0625 0.0859375
1 0.107421875 0.3984375 0.0234375 0.0283203125
1 0.955078125 0.591796875 0.0341796875 0.041015625
1 0.8173828125 0.53125 0.021484375 0.03125
1 0.740234375 0.748046875 0.033203125 0.0810546875
1 0.5810546875 0.3916015625 0.025390625 0.033203125
1 0.1103515625 0.4833984375 0.0390625 0.0361328125
1 0.6787109375 0.4384765625 0.017578125 0.0361328125