0 0.1923828125 0.748046875 0.1220703125 0.1611328125
0 0.5146484375 0.423828125 0.0517578125 0.056640625
1 0.3095703125 0.8515625 0.0439453125 0.0654296875
0 0.3388671875 0.7275390625 0.0966796875 0.1171875
1 0.6103515625 0.494140625 0.0361328125 0.048828125
1 0.5166015625 0.4755859375 0.0361328125 0.048828125
0 0.4892578125 0.359375 0.041015625 0.0341796875
1 0.412109375 0.7998046875 0.0546875 0.0751953125
1 0.470703125 0.4521484375 0.0263671875 0.044921875
0 0.537109375 0.353515625 0.0390625 0.0419921875
1 0.55078125 0.4677734375 0.0205078125 0.0419921875
1 0.548828125 0.4384765625 0.0185546875 0.029296875
1 0.119140625 0.6669921875 0.046875 0.0595703125
1 0.521484375 0.548828125 0.056640625 0.0498046875
1 0.0732421875 0.765625 0.03125 0.052734375
1 0.64453125 0.4892578125 0.0234375 0.041015625
1 0.4267578125 0.677734375 0.046875 0.0576171875
1 0.439453125 0.4453125 0.0185546875 0.03125
0 0.9052734375 0.564453125 0.1611328125 0.083984375
1 0.45703125 0.7802734375 0.0361328125 0.064453125
1 0.5390625 0.4921875 0.025390625 0.041015625
1 0.564453125 0.4375 0.0185546875 0.025390625
1 0.0322265625 0.5673828125 0.0419921875 0.072265625
1 0.087890625 0.40234375 0.0205078125 0.0234375
0 0.509765625 0.333984375 0.0283203125 0.029296875
1 0.0283203125 0.7861328125 0.0341796875 0.0810546875
1 0.421875 0.7412109375 0.0498046875 0.0546875
1 0.056640625 0.4814453125 0.021484375 0.0341796875
1 0.4375 0.3623046875 0.015625 0.021484375
0 0.3984375 0.490234375 0.1123046875 0.0595703125
1 0.5791015625 0.392578125 0.017578125 0.0263671875
1 0.0654296875 0.5087890625 0.0185546875 0.0390625
1 0.560546875 0.376953125 0.025390625 0.03125
1 0.345703125 0.3525390625 0.0126953125 0.0205078125
1 0.4658203125 0.4228515625 0.0185546875 0.0263671875
1 0.35546875 0.4375 0.0234375 0.041015625
1 0.5947265625 0.46875 0.013671875 0.021484375
1 0.078125 0.564453125 0.0283203125 0.044921875
1 0.1650390625 0.3642578125 0.017578125 0.0185546875
1 0.62109375 0.462890625 0.017578125 0.029296875
1 0.369140625 0.345703125 0.021484375 0.0234375
0 0.19921875 0.84765625 0.1328125 0.0732421875
1 0.177734375 0.326171875 0.0185546875 0.021484375
0 0.2353515625 0.3701171875 0.0546875 0.03125
1 0.3291015625 0.357421875 0.017578125 0.0234375
1 0.20703125 0.357421875 0.013671875 0.017578125
1 0.462890625 0.365234375 0.017578125 0.0263671875
0 0.3212890625 0.400390625 0.0859375 0.0517578125
1 0.591796875 0.4462890625 0.017578125 0.0234375
1 0.8505859375 0.6279296875 0.0361328125 0.072265625
1 0.287109375 0.359375 0.0205078125 0.0283203125
1 0.025390625 0.373046875 0.021484375 0.0234375