0 0.193359375 0.75 0.123046875 0.166015625
0 0.509765625 0.4228515625 0.0576171875 0.0546875
1 0.5078125 0.4775390625 0.0283203125 0.0419921875
0 0.337890625 0.7275390625 0.0986328125 0.1201171875
0 0.54296875 0.3564453125 0.048828125 0.046875
1 0.5419921875 0.478515625 0.0283203125 0.0419921875
1 0.6103515625 0.494140625 0.0390625 0.044921875
0 0.4892578125 0.359375 0.046875 0.037109375
1 0.576171875 0.48828125 0.03125 0.0419921875
1 0.126953125 0.564453125 0.033203125 0.0517578125
1 0.5078125 0.576171875 0.0498046875 0.0517578125
1 0.0771484375 0.744140625 0.0576171875 0.095703125
0 0.283203125 0.443359375 0.091796875 0.0498046875
1 0.306640625 0.8349609375 0.044921875 0.091796875
1 0.0673828125 0.544921875 0.03125 0.0439453125
1 0.541015625 0.5498046875 0.0390625 0.041015625
1 0.3251953125 0.48046875 0.0595703125 0.044921875
0 0.1640625 0.416015625 0.0751953125 0.0439453125
1 0.41015625 0.7939453125 0.048828125 0.0810546875
1 0.1787109375 0.455078125 0.0390625 0.0390625
1 0.63671875 0.5048828125 0.0234375 0.0439453125
1 0.1416015625 0.4658203125 0.0263671875 0.041015625
1 0.412109375 0.4912109375 0.0283203125 0.0390625
1 0.5625 0.423828125 0.015625 0.0283203125
0 0.509765625 0.33203125 0.03125 0.0263671875
1 0.5537109375 0.447265625 0.0234375 0.029296875
1 0.455078125 0.783203125 0.046875 0.072265625
1 0.4287109375 0.671875 0.0419921875 0.0439453125
1 0.2529296875 0.4765625 0.0341796875 0.041015625
1 0.3798828125 0.4990234375 0.046875 0.0517578125
1 0.5947265625 0.466796875 0.0205078125 0.029296875
1 0.3310546875 0.5556640625 0.068359375 0.0517578125
1 0.1181640625 0.4208984375 0.0205078125 0.0263671875
1 0.466796875 0.4384765625 0.0185546875 0.0263671875
1 0.8037109375 0.572265625 0.048828125 0.0361328125
1 0.619140625 0.4638671875 0.0205078125 0.0283203125
1 0.6279296875 0.6142578125 0.041015625 0.087890625
1 0.0693359375 0.48046875 0.0419921875 0.0361328125
1 0.580078125 0.41796875 0.013671875 0.033203125
1 0.330078125 0.443359375 0.0185546875 0.0361328125
1 0.7099609375 0.5556640625 0.0576171875 0.0419921875
1 0.658203125 0.5556640625 0.060546875 0.0419921875
1 0.419921875 0.7353515625 0.0439453125 0.0517578125
1 0.78125 0.744140625 0.083984375 0.103515625
1 0.6396484375 0.7001953125 0.048828125 0.083984375
1 0.46875 0.4033203125 0.0185546875 0.0341796875
1 0.4375 0.36328125 0.0185546875 0.0263671875
1 0.0576171875 0.6806640625 0.0439453125 0.0517578125
1 0.4609375 0.7197265625 0.0283203125 0.0517578125
0 0.232421875 0.365234375 0.0625 0.0390625
1 0.400390625 0.447265625 0.021484375 0.0361328125
1 0.63671875 0.443359375 0.0390625 0.03125
1 0.0224609375 0.4599609375 0.017578125 0.029296875
1 0.9755859375 0.845703125 0.0234375 0.0673828125
1 0.205078125 0.359375 0.013671875 0.015625
1 0.328125 0.35546875 0.0185546875 0.029296875
1 0.0263671875 0.5908203125 0.0283203125 0.072265625
0 0.193359375 0.8759765625 0.107421875 0.029296875
1 0.1103515625 0.482421875 0.0390625 0.0390625
1 0.5390625 0.521484375 0.0185546875 0.033203125
1 0.904296875 0.576171875 0.0654296875 0.0390625
1 0.453125 0.5 0.025390625 0.0439453125
1 0.216796875 0.3330078125 0.021484375 0.0185546875
1 0.5751953125 0.53515625 0.181640625 0.123046875
1 0.365234375 0.322265625 0.025390625 0.021484375