0 0.1923828125 0.748046875 0.125 0.1611328125
0 0.513671875 0.423828125 0.0517578125 0.0546875
0 0.4609375 0.5205078125 0.1533203125 0.078125
0 0.337890625 0.7275390625 0.0986328125 0.1201171875
0 0.173828125 0.412109375 0.0654296875 0.037109375
1 0.4150390625 0.8095703125 0.0390625 0.052734375
0 0.5380859375 0.35546875 0.044921875 0.044921875
1 0.513671875 0.470703125 0.037109375 0.0517578125
1 0.611328125 0.4951171875 0.03125 0.0439453125
1 0.068359375 0.537109375 0.0283203125 0.0390625
1 0.4697265625 0.4541015625 0.033203125 0.044921875
0 0.486328125 0.361328125 0.0419921875 0.033203125
1 0.2822265625 0.5029296875 0.029296875 0.0341796875
1 0.080078125 0.755859375 0.0439453125 0.076171875
1 0.638671875 0.5068359375 0.029296875 0.0517578125
1 0.5791015625 0.4873046875 0.0234375 0.0439453125
0 0.509765625 0.333984375 0.03125 0.029296875
1 0.55859375 0.404296875 0.0205078125 0.0390625
1 0.564453125 0.376953125 0.025390625 0.03125
1 0.306640625 0.8349609375 0.046875 0.0888671875
1 0.5400390625 0.4697265625 0.0234375 0.044921875
1 0.1474609375 0.4609375 0.0205078125 0.0283203125
1 0.564453125 0.4501953125 0.017578125 0.0283203125
1 0.619140625 0.462890625 0.0205078125 0.029296875
1 0.23046875 0.4580078125 0.0234375 0.0283203125
1 0.458984375 0.7841796875 0.0361328125 0.056640625
1 0.06640625 0.478515625 0.0390625 0.0341796875
1 0.646484375 0.46875 0.0205078125 0.0283203125
1 0.2578125 0.3974609375 0.0185546875 0.0234375
1 0.427734375 0.6806640625 0.0419921875 0.0517578125
1 0.560546875 0.474609375 0.0185546875 0.0361328125
1 0.8466796875 0.63671875 0.037109375 0.0703125
1 0.130859375 0.423828125 0.0234375 0.0283203125
1 0.4208984375 0.7412109375 0.048828125 0.0673828125
1 0.43359375 0.376953125 0.013671875 0.029296875
1 0.125 0.4677734375 0.041015625 0.0517578125
1 0.1640625 0.365234375 0.0126953125 0.017578125
1 0.59375 0.466796875 0.015625 0.0234375
1 0.01953125 0.4970703125 0.017578125 0.037109375
1 0.5498046875 0.4443359375 0.0185546875 0.029296875
1 0.640625 0.4443359375 0.0283203125 0.0263671875
1 0.6640625 0.5078125 0.021484375 0.041015625
1 0.73046875 0.564453125 0.0732421875 0.0576171875
1 0.162109375 0.423828125 0.0107421875 0.017578125
0 0.9052734375 0.5654296875 0.0673828125 0.041015625
1 0.0712890625 0.4072265625 0.017578125 0.0263671875
0 0.234375 0.3662109375 0.0595703125 0.033203125
1 0.794921875 0.5712890625 0.068359375 0.0576171875
1 0.021484375 0.8173828125 0.0205078125 0.0625
1 0.1767578125 0.3271484375 0.0185546875 0.0205078125
1 0.029296875 0.37890625 0.03125 0.0205078125
1 0.20703125 0.3564453125 0.0107421875 0.021484375
0 0.1943359375 0.875 0.091796875 0.0283203125
1 0.455078125 0.7158203125 0.0205078125 0.0283203125
1 0.513671875 0.369140625 0.0205078125 0.0205078125
1 0.0322265625 0.583984375 0.033203125 0.0830078125
1 0.5009765625 0.5966796875 0.0517578125 0.0908203125
1 0.8212890625 0.5439453125 0.0205078125 0.021484375
1 0.466796875 0.419921875 0.017578125 0.021484375
1 0.1953125 0.322265625 0.015625 0.017578125