0 0.1923828125 0.7490234375 0.125 0.1640625
0 0.5107421875 0.423828125 0.0498046875 0.0517578125
0 0.337890625 0.728515625 0.0986328125 0.119140625
0 0.541015625 0.3525390625 0.0439453125 0.0419921875
0 0.494140625 0.353515625 0.046875 0.0439453125
1 0.076171875 0.759765625 0.0419921875 0.072265625
1 0.306640625 0.8466796875 0.0419921875 0.0654296875
0 0.724609375 0.54296875 0.154296875 0.076171875
1 0.369140625 0.4892578125 0.037109375 0.0341796875
1 0.505859375 0.4814453125 0.0234375 0.0341796875
1 0.1806640625 0.4814453125 0.0205078125 0.03125
1 0.30078125 0.4765625 0.0390625 0.037109375
1 0.248046875 0.5126953125 0.041015625 0.0439453125
1 0.560546875 0.453125 0.015625 0.025390625
1 0.6025390625 0.4931640625 0.0263671875 0.0419921875
1 0.580078125 0.486328125 0.025390625 0.0361328125
1 0.1513671875 0.52734375 0.025390625 0.0361328125
1 0.1806640625 0.427734375 0.0234375 0.029296875
1 0.068359375 0.5361328125 0.0283203125 0.041015625
1 0.607421875 0.560546875 0.0576171875 0.064453125
1 0.5400390625 0.392578125 0.0205078125 0.029296875
1 0.2421875 0.46484375 0.021484375 0.029296875
1 0.283203125 0.4521484375 0.025390625 0.033203125
1 0.634765625 0.4951171875 0.0263671875 0.046875
1 0.46484375 0.427734375 0.0205078125 0.0361328125
1 0.0869140625 0.408203125 0.0263671875 0.0341796875
1 0.392578125 0.4794921875 0.025390625 0.0341796875
1 0.208984375 0.4091796875 0.025390625 0.03125
1 0.525390625 0.4775390625 0.021484375 0.0390625
1 0.5263671875 0.392578125 0.0126953125 0.021484375
1 0.138671875 0.43359375 0.021484375 0.0361328125
1 0.43359375 0.6796875 0.0546875 0.1123046875
1 0.4140625 0.810546875 0.037109375 0.052734375
1 0.044921875 0.6982421875 0.037109375 0.0595703125
1 0.4580078125 0.7822265625 0.0439453125 0.0576171875
1 0.427734375 0.521484375 0.0341796875 0.0361328125
1 0.0322265625 0.580078125 0.0361328125 0.0830078125
1 0.9111328125 0.5791015625 0.0810546875 0.0546875
1 0.5673828125 0.4736328125 0.1435546875 0.0654296875
1 0.4267578125 0.736328125 0.03125 0.033203125
0 0.478515625 0.3212890625 0.0595703125 0.029296875
1 0.1103515625 0.482421875 0.0390625 0.037109375
1 0.060546875 0.482421875 0.0234375 0.0419921875
1 0.541015625 0.4775390625 0.0185546875 0.029296875
1 0.5927734375 0.466796875 0.013671875 0.0234375
1 0.564453125 0.431640625 0.013671875 0.0205078125
1 0.5810546875 0.365234375 0.021484375 0.0263671875
1 0.216796875 0.333984375 0.0185546875 0.0205078125
1 0.5498046875 0.4423828125 0.015625 0.025390625
1 0.6337890625 0.4423828125 0.0390625 0.0283203125
1 0.912109375 0.544921875 0.0205078125 0.0205078125
0 0.2333984375 0.3642578125 0.064453125 0.037109375
1 0.091796875 0.51171875 0.154296875 0.1171875
0 0.19140625 0.875 0.0986328125 0.0283203125