0 0.3212890625 0.80078125 0.142578125 0.1767578125
0 0.201171875 0.68359375 0.1044921875 0.1201171875
1 0.1142578125 0.671875 0.0439453125 0.0810546875
0 0.240234375 0.5078125 0.0625 0.068359375
0 0.4873046875 0.4833984375 0.099609375 0.0888671875
1 0.1162109375 0.552734375 0.0234375 0.0341796875
1 0.6884765625 0.5439453125 0.048828125 0.0595703125
1 0.1650390625 0.52734375 0.0234375 0.0390625
1 0.564453125 0.755859375 0.041015625 0.0673828125
1 0.12890625 0.5146484375 0.0205078125 0.029296875
0 0.3173828125 0.650390625 0.0908203125 0.109375
0 0.2255859375 0.580078125 0.080078125 0.091796875
1 0.861328125 0.591796875 0.0732421875 0.0751953125
1 0.8974609375 0.658203125 0.0830078125 0.087890625
1 0.4248046875 0.4716796875 0.0185546875 0.041015625
0 0.3212890625 0.546875 0.0703125 0.0810546875
1 0.5078125 0.607421875 0.03125 0.056640625
1 0.03515625 0.587890625 0.048828125 0.064453125
1 0.1767578125 0.466796875 0.021484375 0.03125
1 0.421875 0.421875 0.021484375 0.0341796875
1 0.0693359375 0.4794921875 0.0390625 0.037109375
1 0.896484375 0.546875 0.0390625 0.041015625
1 0.802734375 0.580078125 0.048828125 0.068359375
1 0.728515625 0.5361328125 0.046875 0.0439453125
1 0.5576171875 0.39453125 0.0185546875 0.029296875
0 0.505859375 0.3447265625 0.0341796875 0.033203125
0 0.4052734375 0.3759765625 0.0361328125 0.0390625
0 0.478515625 0.361328125 0.0361328125 0.0390625
1 0.958984375 0.6982421875 0.056640625 0.078125
1 0.150390625 0.607421875 0.03125 0.0546875
1 0.1474609375 0.4609375 0.0234375 0.0341796875
1 0.58984375 0.3955078125 0.0205078125 0.03125
1 0.4541015625 0.361328125 0.017578125 0.029296875
1 0.44921875 0.41015625 0.013671875 0.033203125
1 0.021484375 0.474609375 0.021484375 0.0283203125
1 0.36328125 0.458984375 0.017578125 0.029296875
1 0.7802734375 0.8359375 0.0576171875 0.103515625
1 0.505859375 0.3740234375 0.017578125 0.0263671875
1 0.216796875 0.84765625 0.044921875 0.080078125
1 0.185546875 0.5009765625 0.0234375 0.0419921875
1 0.9296875 0.6083984375 0.068359375 0.048828125
0 0.5341796875 0.330078125 0.0439453125 0.03125
0 0.255859375 0.4150390625 0.0390625 0.033203125
1 0.830078125 0.5419921875 0.037109375 0.052734375
1 0.7275390625 0.4638671875 0.0205078125 0.03125
1 0.1962890625 0.4248046875 0.017578125 0.021484375
1 0.15234375 0.5068359375 0.0986328125 0.111328125
1 0.119140625 0.423828125 0.0205078125 0.0234375
1 0.4091796875 0.8232421875 0.0595703125 0.083984375
1 0.4208984375 0.3798828125 0.013671875 0.015625
1 0.9638671875 0.5244140625 0.0439453125 0.029296875
1 0.9716796875 0.6318359375 0.0341796875 0.0673828125
0 0.9189453125 0.517578125 0.0595703125 0.046875
1 0.634765625 0.443359375 0.0439453125 0.0341796875