0 0.322265625 0.7978515625 0.146484375 0.1767578125
1 0.611328125 0.6279296875 0.0341796875 0.056640625
1 0.509765625 0.509765625 0.0263671875 0.0439453125
1 0.693359375 0.5458984375 0.046875 0.0517578125
0 0.220703125 0.5986328125 0.0810546875 0.09375
1 0.419921875 0.6142578125 0.0546875 0.0498046875
1 0.576171875 0.5390625 0.029296875 0.052734375
0 0.314453125 0.6494140625 0.0888671875 0.111328125
1 0.591796875 0.3935546875 0.0185546875 0.03125
1 0.6142578125 0.4541015625 0.0283203125 0.0361328125
1 0.5625 0.390625 0.015625 0.025390625
1 0.576171875 0.6630859375 0.0390625 0.0673828125
1 0.6728515625 0.609375 0.029296875 0.046875
1 0.8203125 0.580078125 0.083984375 0.0810546875
1 0.5068359375 0.609375 0.029296875 0.0595703125
1 0.1640625 0.533203125 0.03125 0.0576171875
1 0.947265625 0.689453125 0.076171875 0.076171875
1 0.685546875 0.4619140625 0.0283203125 0.033203125
1 0.1201171875 0.6904296875 0.03125 0.0625
1 0.162109375 0.662109375 0.033203125 0.0498046875
1 0.3623046875 0.3857421875 0.021484375 0.0341796875
1 0.4638671875 0.435546875 0.021484375 0.0361328125
1 0.529296875 0.529296875 0.0234375 0.0390625
1 0.123046875 0.50390625 0.029296875 0.0390625
0 0.240234375 0.509765625 0.064453125 0.076171875
1 0.5087890625 0.365234375 0.0205078125 0.029296875
1 0.4638671875 0.509765625 0.037109375 0.0439453125
0 0.322265625 0.55078125 0.0703125 0.080078125
1 0.046875 0.595703125 0.03125 0.0576171875
1 0.1630859375 0.462890625 0.0234375 0.029296875
1 0.111328125 0.580078125 0.0263671875 0.046875
0 0.328125 0.490234375 0.068359375 0.0595703125
1 0.400390625 0.66796875 0.0361328125 0.0576171875
1 0.099609375 0.513671875 0.021484375 0.0390625
1 0.5078125 0.4619140625 0.0185546875 0.0263671875
1 0.892578125 0.642578125 0.078125 0.0732421875
1 0.52734375 0.4619140625 0.017578125 0.033203125
1 0.177734375 0.4921875 0.03125 0.0439453125
0 0.4794921875 0.3583984375 0.0341796875 0.0361328125
0 0.7841796875 0.7880859375 0.193359375 0.189453125
1 0.171875 0.4306640625 0.025390625 0.0361328125
1 0.072265625 0.478515625 0.0361328125 0.0341796875
1 0.8984375 0.541015625 0.0341796875 0.041015625
1 0.73046875 0.5390625 0.0390625 0.0439453125
1 0.3837890625 0.3818359375 0.0205078125 0.029296875
1 0.2177734375 0.412109375 0.029296875 0.0341796875
0 0.5322265625 0.357421875 0.0361328125 0.0390625
1 0.095703125 0.4072265625 0.0205078125 0.029296875
1 0.185546875 0.46484375 0.0234375 0.029296875
0 0.255859375 0.3984375 0.052734375 0.0498046875
1 0.509765625 0.560546875 0.025390625 0.0390625
1 0.0615234375 0.390625 0.0205078125 0.025390625
1 0.205078125 0.458984375 0.0234375 0.0361328125
0 0.048828125 0.515625 0.0751953125 0.083984375
1 0.4609375 0.3955078125 0.0126953125 0.03125
1 0.142578125 0.384765625 0.015625 0.0205078125
1 0.1826171875 0.84765625 0.0439453125 0.048828125
1 0.4921875 0.533203125 0.099609375 0.189453125
1 0.716796875 0.4658203125 0.015625 0.025390625
1 0.283203125 0.3916015625 0.0205078125 0.0234375
1 0.1494140625 0.4169921875 0.0205078125 0.025390625
1 0.04296875 0.826171875 0.048828125 0.1171875
1 0.650390625 0.8671875 0.0439453125 0.046875
1 0.8916015625 0.384765625 0.017578125 0.0283203125
1 0.89453125 0.587890625 0.0517578125 0.0595703125
1 0.970703125 0.5224609375 0.03125 0.029296875
1 0.9609375 0.6240234375 0.0439453125 0.060546875
1 0.0234375 0.373046875 0.0185546875 0.0234375
1 0.455078125 0.361328125 0.0185546875 0.037109375
1 0.3603515625 0.361328125 0.0361328125 0.03125
1 0.8408203125 0.5390625 0.0283203125 0.0341796875
1 0.0283203125 0.3408203125 0.0126953125 0.0185546875
1 0.919921875 0.517578125 0.015625 0.0205078125
1 0.220703125 0.3271484375 0.0107421875 0.017578125