0 0.193359375 0.748046875 0.1220703125 0.162109375
0 0.337890625 0.728515625 0.099609375 0.1220703125
0 0.5107421875 0.4189453125 0.0439453125 0.0498046875
1 0.1728515625 0.583984375 0.033203125 0.0546875
0 0.486328125 0.361328125 0.0390625 0.033203125
1 0.23828125 0.4638671875 0.033203125 0.041015625
1 0.408203125 0.802734375 0.0546875 0.0703125
0 0.5380859375 0.3544921875 0.0419921875 0.0439453125
1 0.3056640625 0.8544921875 0.0419921875 0.0654296875
1 0.0791015625 0.755859375 0.048828125 0.0751953125
1 0.484375 0.4921875 0.0341796875 0.046875
1 0.607421875 0.490234375 0.041015625 0.056640625
1 0.5654296875 0.4521484375 0.021484375 0.0361328125
0 0.181640625 0.419921875 0.0625 0.041015625
1 0.64453125 0.4912109375 0.0234375 0.033203125
0 0.509765625 0.333984375 0.029296875 0.029296875
0 0.4111328125 0.5 0.119140625 0.0751953125
1 0.38671875 0.4033203125 0.0205078125 0.0341796875
1 0.521484375 0.5 0.0263671875 0.0439453125
1 0.458984375 0.7822265625 0.037109375 0.060546875
1 0.06640625 0.533203125 0.0263671875 0.0439453125
1 0.548828125 0.44140625 0.0205078125 0.033203125
1 0.5478515625 0.49609375 0.0263671875 0.048828125
1 0.408203125 0.38671875 0.0185546875 0.0234375
1 0.5107421875 0.369140625 0.0185546875 0.021484375
1 0.4267578125 0.6787109375 0.041015625 0.0986328125
1 0.4755859375 0.4541015625 0.0263671875 0.029296875
1 0.125 0.564453125 0.0283203125 0.046875
1 0.060546875 0.4775390625 0.0283203125 0.033203125
1 0.5654296875 0.376953125 0.021484375 0.0263671875
1 0.578125 0.4208984375 0.0283203125 0.0419921875
0 0.03515625 0.5166015625 0.0517578125 0.0830078125
1 0.634765625 0.4599609375 0.048828125 0.048828125
1 0.419921875 0.7392578125 0.044921875 0.052734375
1 0.021484375 0.568359375 0.0185546875 0.0546875
1 0.0283203125 0.783203125 0.037109375 0.080078125
0 0.236328125 0.369140625 0.056640625 0.0361328125
1 0.466796875 0.423828125 0.017578125 0.0283203125
1 0.1669921875 0.3662109375 0.015625 0.017578125
1 0.0390625 0.5595703125 0.0185546875 0.041015625
1 0.35546875 0.396484375 0.0205078125 0.0361328125
1 0.4580078125 0.361328125 0.025390625 0.0283203125
1 0.3818359375 0.361328125 0.0263671875 0.021484375
1 0.9775390625 0.6162109375 0.0234375 0.0390625
0 0.185546875 0.3251953125 0.0390625 0.025390625
1 0.025390625 0.373046875 0.0126953125 0.0185546875
1 0.5947265625 0.46875 0.013671875 0.021484375
1 0.5908203125 0.376953125 0.015625 0.021484375
1 0.1083984375 0.4853515625 0.0361328125 0.033203125
0 0.1923828125 0.875 0.099609375 0.0283203125
1 0.3271484375 0.3544921875 0.013671875 0.025390625
1 0.693359375 0.654296875 0.0341796875 0.080078125
1 0.890625 0.388671875 0.015625 0.029296875