1 0.6611328125 0.58984375 0.041015625 0.0703125
1 0.7578125 0.8427734375 0.0625 0.091796875
1 0.708984375 0.6005859375 0.0625 0.0859375
1 0.818359375 0.724609375 0.056640625 0.080078125
1 0.6123046875 0.5654296875 0.0341796875 0.068359375
1 0.109375 0.6201171875 0.0283203125 0.041015625
0 0.5595703125 0.6611328125 0.134765625 0.1533203125
0 0.1083984375 0.41015625 0.064453125 0.0361328125
0 0.3447265625 0.5087890625 0.060546875 0.0673828125
1 0.3857421875 0.6337890625 0.0283203125 0.0546875
1 0.1005859375 0.712890625 0.0390625 0.064453125
1 0.8173828125 0.583984375 0.0751953125 0.0810546875
0 0.564453125 0.416015625 0.041015625 0.048828125
1 0.6103515625 0.5029296875 0.029296875 0.0498046875
0 0.498046875 0.5498046875 0.0751953125 0.09375
1 0.2900390625 0.630859375 0.0361328125 0.052734375
0 0.541015625 0.4755859375 0.072265625 0.1044921875
0 0.314453125 0.4521484375 0.0576171875 0.044921875
0 0.2001953125 0.50390625 0.0654296875 0.0830078125
1 0.4990234375 0.4423828125 0.0234375 0.037109375
0 0.517578125 0.3486328125 0.0283203125 0.025390625
1 0.408203125 0.482421875 0.0234375 0.046875
1 0.728515625 0.5361328125 0.0390625 0.046875
1 0.890625 0.6552734375 0.078125 0.0830078125
1 0.6904296875 0.5361328125 0.041015625 0.046875
1 0.88671875 0.8544921875 0.0703125 0.072265625
1 0.935546875 0.7021484375 0.0439453125 0.0517578125
1 0.154296875 0.568359375 0.0341796875 0.052734375
1 0.2880859375 0.5244140625 0.029296875 0.0546875
1 0.189453125 0.609375 0.0283203125 0.0498046875
1 0.412109375 0.814453125 0.037109375 0.068359375
1 0.7001953125 0.705078125 0.041015625 0.0732421875
1 0.439453125 0.4873046875 0.0234375 0.0341796875
1 0.9609375 0.658203125 0.0498046875 0.078125
0 0.185546875 0.353515625 0.025390625 0.0263671875
1 0.6572265625 0.5380859375 0.033203125 0.0390625
1 0.521484375 0.4033203125 0.0205078125 0.025390625
1 0.029296875 0.5625 0.037109375 0.0439453125
1 0.927734375 0.611328125 0.0390625 0.0390625
1 0.439453125 0.365234375 0.013671875 0.0234375
0 0.2451171875 0.388671875 0.0439453125 0.046875
1 0.138671875 0.4208984375 0.0185546875 0.0263671875
1 0.1943359375 0.8388671875 0.0576171875 0.0654296875
1 0.232421875 0.564453125 0.0234375 0.0341796875
1 0.3544921875 0.869140625 0.0498046875 0.0439453125
0 0.220703125 0.34375 0.0234375 0.0185546875
1 0.447265625 0.416015625 0.0185546875 0.0419921875
1 0.8955078125 0.5859375 0.041015625 0.052734375
1 0.158203125 0.369140625 0.0185546875 0.0234375
1 0.060546875 0.4814453125 0.0234375 0.037109375
1 0.6376953125 0.439453125 0.037109375 0.033203125
0 0.548828125 0.3544921875 0.025390625 0.025390625
1 0.44921875 0.373046875 0.0107421875 0.0234375
0 0.2216796875 0.369140625 0.025390625 0.03125
1 0.6044921875 0.4609375 0.0185546875 0.03125
1 0.0361328125 0.85546875 0.03125 0.0517578125
1 0.423828125 0.421875 0.021484375 0.0283203125
1 0.447265625 0.7001953125 0.0439453125 0.109375
0 0.3291015625 0.3974609375 0.064453125 0.0390625
0 0.1865234375 0.326171875 0.033203125 0.0205078125
1 0.8359375 0.87890625 0.041015625 0.0205078125
1 0.8251953125 0.5361328125 0.021484375 0.041015625
1 0.4892578125 0.361328125 0.0126953125 0.017578125