0 0.1328125 0.740234375 0.130859375 0.1533203125
0 0.3173828125 0.796875 0.1376953125 0.177734375
0 0.341796875 0.5712890625 0.078125 0.0888671875
0 0.7158203125 0.7353515625 0.171875 0.201171875
1 0.5859375 0.5576171875 0.0341796875 0.0595703125
0 0.5146484375 0.587890625 0.076171875 0.1171875
1 0.580078125 0.48828125 0.03125 0.044921875
1 0.623046875 0.6044921875 0.033203125 0.056640625
0 0.5068359375 0.4345703125 0.048828125 0.0498046875
1 0.6298828125 0.5556640625 0.0283203125 0.0576171875
0 0.4912109375 0.353515625 0.0361328125 0.037109375
0 0.22265625 0.5341796875 0.064453125 0.072265625
1 0.13671875 0.568359375 0.0263671875 0.0498046875
1 0.6962890625 0.5419921875 0.044921875 0.056640625
1 0.796875 0.572265625 0.0439453125 0.0654296875
1 0.7919921875 0.6962890625 0.0498046875 0.0673828125
1 0.888671875 0.658203125 0.0810546875 0.0810546875
0 0.458984375 0.451171875 0.0498046875 0.052734375
1 0.5419921875 0.5322265625 0.03125 0.0546875
1 0.517578125 0.5166015625 0.025390625 0.0263671875
1 0.1435546875 0.5322265625 0.025390625 0.033203125
0 0.306640625 0.4814453125 0.0576171875 0.056640625
1 0.5537109375 0.4306640625 0.0263671875 0.0361328125
1 0.6123046875 0.5146484375 0.021484375 0.0419921875
1 0.2412109375 0.625 0.0361328125 0.052734375
1 0.5439453125 0.49609375 0.025390625 0.033203125
1 0.673828125 0.6181640625 0.0283203125 0.0390625
0 0.275390625 0.416015625 0.041015625 0.0361328125
1 0.1083984375 0.638671875 0.033203125 0.0517578125
1 0.8447265625 0.6005859375 0.044921875 0.048828125
1 0.69921875 0.4677734375 0.0361328125 0.029296875
1 0.408203125 0.4560546875 0.0205078125 0.046875
1 0.837890625 0.5595703125 0.0498046875 0.056640625
1 0.599609375 0.837890625 0.0517578125 0.0751953125
1 0.388671875 0.427734375 0.017578125 0.0283203125
1 0.5576171875 0.46484375 0.025390625 0.0390625
1 0.669921875 0.859375 0.052734375 0.0654296875
1 0.521484375 0.642578125 0.0263671875 0.0498046875
0 0.220703125 0.470703125 0.0546875 0.0625
1 0.587890625 0.673828125 0.0341796875 0.052734375
1 0.04296875 0.724609375 0.044921875 0.0595703125
1 0.587890625 0.435546875 0.0205078125 0.033203125
1 0.166015625 0.5283203125 0.029296875 0.037109375
1 0.1640625 0.408203125 0.0283203125 0.033203125
0 0.2294921875 0.3427734375 0.025390625 0.0234375
0 0.494140625 0.3974609375 0.037109375 0.0419921875
1 0.962890625 0.7021484375 0.046875 0.076171875
0 0.2451171875 0.3896484375 0.0625 0.044921875
1 0.94140625 0.615234375 0.0859375 0.0810546875
1 0.8798828125 0.826171875 0.0625 0.1142578125
0 0.189453125 0.341796875 0.025390625 0.021484375
1 0.232421875 0.4296875 0.0390625 0.0283203125
1 0.896484375 0.54296875 0.03125 0.033203125
1 0.033203125 0.57421875 0.041015625 0.0703125
1 0.3359375 0.451171875 0.021484375 0.0361328125
1 0.58984375 0.4619140625 0.0205078125 0.029296875
1 0.892578125 0.5869140625 0.0419921875 0.0576171875
1 0.615234375 0.76171875 0.048828125 0.076171875
1 0.439453125 0.408203125 0.029296875 0.046875
1 0.6337890625 0.4404296875 0.033203125 0.037109375
1 0.1669921875 0.466796875 0.015625 0.0283203125
1 0.0576171875 0.4814453125 0.0185546875 0.0341796875
1 0.4619140625 0.5048828125 0.029296875 0.041015625
0 0.349609375 0.3193359375 0.03125 0.017578125
1 0.5390625 0.388671875 0.025390625 0.0390625