0 0.193359375 0.748046875 0.123046875 0.1611328125
0 0.509765625 0.423828125 0.048828125 0.0576171875
0 0.3388671875 0.728515625 0.099609375 0.1220703125
0 0.48828125 0.36328125 0.0419921875 0.0361328125
1 0.6123046875 0.4833984375 0.03125 0.044921875
1 0.552734375 0.6923828125 0.0390625 0.0625
1 0.078125 0.7548828125 0.0439453125 0.0751953125
1 0.0966796875 0.6337890625 0.0283203125 0.044921875
1 0.6865234375 0.7275390625 0.0546875 0.111328125
1 0.115234375 0.53515625 0.025390625 0.0419921875
1 0.5517578125 0.431640625 0.025390625 0.0361328125
0 0.7841796875 0.5625 0.2001953125 0.0810546875
1 0.5771484375 0.486328125 0.0234375 0.0439453125
1 0.51953125 0.58203125 0.044921875 0.0732421875
1 0.564453125 0.59765625 0.037109375 0.060546875
1 0.63671875 0.5048828125 0.0263671875 0.0498046875
1 0.427734375 0.6865234375 0.0390625 0.0546875
1 0.5498046875 0.375 0.015625 0.0283203125
1 0.5966796875 0.5146484375 0.021484375 0.0390625
1 0.763671875 0.619140625 0.080078125 0.0732421875
1 0.666015625 0.6328125 0.0439453125 0.068359375
1 0.515625 0.5263671875 0.0625 0.0625
1 0.419921875 0.466796875 0.025390625 0.033203125
0 0.5390625 0.34375 0.0341796875 0.025390625
1 0.3798828125 0.470703125 0.03125 0.0341796875
1 0.529296875 0.373046875 0.017578125 0.0234375
1 0.59765625 0.6083984375 0.0390625 0.0732421875
0 0.5068359375 0.3330078125 0.033203125 0.0283203125
1 0.873046875 0.61328125 0.080078125 0.0673828125
1 0.115234375 0.4833984375 0.041015625 0.033203125
1 0.9208984375 0.5205078125 0.0390625 0.041015625
1 0.494140625 0.603515625 0.025390625 0.0517578125
1 0.30859375 0.845703125 0.044921875 0.060546875
1 0.3544921875 0.4501953125 0.025390625 0.0283203125
1 0.9287109375 0.595703125 0.044921875 0.056640625
1 0.7998046875 0.8505859375 0.0625 0.0732421875
1 0.525390625 0.478515625 0.015625 0.0263671875
1 0.482421875 0.517578125 0.0234375 0.0341796875
1 0.5673828125 0.365234375 0.015625 0.025390625
1 0.0234375 0.5615234375 0.021484375 0.044921875
1 0.3896484375 0.4375 0.0263671875 0.025390625
1 0.060546875 0.4794921875 0.0234375 0.0341796875
1 0.580078125 0.396484375 0.0126953125 0.029296875
1 0.228515625 0.419921875 0.0283203125 0.029296875
1 0.4189453125 0.595703125 0.046875 0.0498046875
1 0.5810546875 0.7919921875 0.0595703125 0.1064453125
1 0.8916015625 0.3837890625 0.017578125 0.029296875
1 0.4541015625 0.5234375 0.0263671875 0.037109375
1 0.595703125 0.5517578125 0.017578125 0.0341796875
1 0.861328125 0.5 0.03125 0.037109375
1 0.1484375 0.412109375 0.037109375 0.0263671875
1 0.369140625 0.5869140625 0.0341796875 0.0576171875
1 0.9677734375 0.5458984375 0.0361328125 0.0390625
1 0.025390625 0.783203125 0.0361328125 0.1123046875
1 0.6650390625 0.52734375 0.0234375 0.0546875
1 0.103515625 0.4267578125 0.013671875 0.015625
1 0.576171875 0.447265625 0.017578125 0.0283203125
1 0.0400390625 0.5546875 0.017578125 0.0283203125
1 0.4609375 0.3564453125 0.021484375 0.0341796875
1 0.7294921875 0.5341796875 0.025390625 0.025390625
1 0.087890625 0.3984375 0.013671875 0.0185546875
1 0.416015625 0.3837890625 0.0205078125 0.0234375
1 0.7021484375 0.6279296875 0.033203125 0.068359375
0 0.12890625 0.212890625 0.0361328125 0.017578125
1 0.193359375 0.341796875 0.033203125 0.021484375
1 0.5859375 0.474609375 0.140625 0.107421875
0 0.4189453125 0.771484375 0.0439453125 0.056640625
1 0.7451171875 0.48046875 0.0341796875 0.029296875
1 0.62890625 0.439453125 0.017578125 0.029296875
1 0.427734375 0.36328125 0.0107421875 0.0234375
1 0.4736328125 0.341796875 0.0126953125 0.013671875
1 0.7060546875 0.87109375 0.046875 0.0390625
0 0.23828125 0.3671875 0.0576171875 0.03125