0 0.1923828125 0.7490234375 0.125 0.1640625
0 0.509765625 0.4208984375 0.048828125 0.064453125
0 0.337890625 0.728515625 0.099609375 0.1220703125
0 0.4873046875 0.361328125 0.0439453125 0.033203125
1 0.7978515625 0.642578125 0.0888671875 0.0703125
1 0.7255859375 0.771484375 0.060546875 0.078125
1 0.63671875 0.5 0.0234375 0.0439453125
1 0.42578125 0.498046875 0.0390625 0.044921875
1 0.498046875 0.53515625 0.033203125 0.0419921875
0 0.541015625 0.34765625 0.041015625 0.033203125
1 0.630859375 0.58984375 0.0546875 0.0576171875
1 0.599609375 0.50390625 0.0283203125 0.0390625
1 0.564453125 0.47265625 0.029296875 0.0361328125
1 0.64453125 0.6689453125 0.0419921875 0.0625
1 0.4892578125 0.6171875 0.0498046875 0.068359375
1 0.5732421875 0.587890625 0.041015625 0.052734375
1 0.3994140625 0.458984375 0.029296875 0.03125
1 0.4130859375 0.8115234375 0.0517578125 0.0703125
1 0.0791015625 0.75390625 0.048828125 0.0859375
1 0.4287109375 0.6728515625 0.0390625 0.064453125
1 0.529296875 0.373046875 0.015625 0.0234375
1 0.1005859375 0.5810546875 0.0263671875 0.041015625
0 0.6123046875 0.751953125 0.134765625 0.1767578125
1 0.8271484375 0.7978515625 0.0703125 0.0986328125
0 0.81640625 0.5712890625 0.185546875 0.076171875
1 0.8828125 0.6279296875 0.046875 0.052734375
1 0.6728515625 0.46484375 0.0263671875 0.033203125
0 0.5087890625 0.3330078125 0.033203125 0.0283203125
1 0.541015625 0.576171875 0.0390625 0.0595703125
1 0.4970703125 0.4921875 0.0341796875 0.0341796875
1 0.5478515625 0.373046875 0.017578125 0.0263671875
1 0.4541015625 0.373046875 0.0234375 0.0263671875
1 0.306640625 0.849609375 0.0390625 0.0546875
1 0.064453125 0.4833984375 0.0361328125 0.033203125
1 0.5283203125 0.521484375 0.0185546875 0.037109375
1 0.1494140625 0.404296875 0.0234375 0.025390625
1 0.9619140625 0.5869140625 0.044921875 0.044921875
1 0.5654296875 0.447265625 0.021484375 0.0283203125
1 0.9365234375 0.6162109375 0.048828125 0.0517578125
1 0.0234375 0.5634765625 0.021484375 0.0419921875
1 0.8310546875 0.494140625 0.037109375 0.037109375
1 0.396484375 0.6201171875 0.0439453125 0.0595703125
1 0.525390625 0.6865234375 0.0361328125 0.080078125
1 0.283203125 0.443359375 0.033203125 0.0263671875
1 0.71484375 0.6328125 0.0703125 0.0595703125
1 0.451171875 0.5166015625 0.0263671875 0.0517578125
1 0.2158203125 0.4404296875 0.0283203125 0.0283203125
1 0.89453125 0.3798828125 0.0234375 0.03125
1 0.873046875 0.869140625 0.0654296875 0.0439453125
1 0.400390625 0.3701171875 0.0205078125 0.0283203125
1 0.107421875 0.4853515625 0.03125 0.033203125
1 0.0732421875 0.66015625 0.03125 0.0419921875
1 0.544921875 0.4208984375 0.037109375 0.0517578125
1 0.17578125 0.341796875 0.017578125 0.0205078125
1 0.3642578125 0.591796875 0.0283203125 0.0419921875
1 0.4365234375 0.4462890625 0.0234375 0.0361328125
1 0.560546875 0.537109375 0.1904296875 0.189453125
1 0.2177734375 0.3564453125 0.0107421875 0.015625
1 0.9189453125 0.5556640625 0.025390625 0.0361328125
1 0.041015625 0.5556640625 0.015625 0.0263671875
1 0.6044921875 0.447265625 0.021484375 0.0234375
1 0.416015625 0.7529296875 0.0341796875 0.0341796875
1 0.033203125 0.470703125 0.0419921875 0.041015625
0 0.1904296875 0.875 0.09375 0.0283203125
1 0.916015625 0.501953125 0.0205078125 0.0361328125
0 0.185546875 0.3232421875 0.041015625 0.025390625
1 0.7880859375 0.48828125 0.064453125 0.048828125
1 0.201171875 0.4091796875 0.0185546875 0.0283203125
1 0.9638671875 0.5380859375 0.0439453125 0.0419921875
1 0.025390625 0.373046875 0.0126953125 0.025390625