1 0.6875 0.603515625 0.0498046875 0.076171875
0 0.5263671875 0.4521484375 0.056640625 0.0732421875
0 0.5693359375 0.4296875 0.0517578125 0.0595703125
1 0.73046875 0.708984375 0.0517578125 0.072265625
1 0.25 0.537109375 0.0283203125 0.056640625
1 0.783203125 0.810546875 0.0654296875 0.080078125
1 0.13671875 0.546875 0.0263671875 0.041015625
1 0.26171875 0.466796875 0.0263671875 0.037109375
0 0.580078125 0.544921875 0.0859375 0.0908203125
0 0.1953125 0.439453125 0.056640625 0.044921875
1 0.833984375 0.6435546875 0.072265625 0.072265625
1 0.17578125 0.521484375 0.0234375 0.046875
1 0.1728515625 0.396484375 0.017578125 0.0263671875
1 0.791015625 0.5625 0.0361328125 0.052734375
1 0.4287109375 0.51171875 0.0234375 0.0576171875
1 0.2275390625 0.4130859375 0.0234375 0.029296875
1 0.6376953125 0.5478515625 0.03125 0.060546875
1 0.685546875 0.548828125 0.048828125 0.046875
1 0.486328125 0.416015625 0.0185546875 0.0341796875
1 0.1640625 0.712890625 0.03125 0.0546875
1 0.138671875 0.431640625 0.015625 0.021484375
1 0.724609375 0.5341796875 0.046875 0.0498046875
0 0.45703125 0.470703125 0.048828125 0.048828125
1 0.4169921875 0.4716796875 0.03125 0.041015625
0 0.580078125 0.6513671875 0.142578125 0.150390625
1 0.15234375 0.466796875 0.0205078125 0.037109375
1 0.2041015625 0.3984375 0.017578125 0.021484375
1 0.1171875 0.41015625 0.0185546875 0.029296875
1 0.3662109375 0.423828125 0.029296875 0.029296875
1 0.080078125 0.400390625 0.025390625 0.029296875
1 0.19140625 0.376953125 0.013671875 0.025390625
1 0.787109375 0.865234375 0.060546875 0.0517578125
0 0.490234375 0.357421875 0.03125 0.0263671875
1 0.6064453125 0.486328125 0.021484375 0.0361328125
1 0.201171875 0.6142578125 0.0263671875 0.037109375
0 0.470703125 0.529296875 0.068359375 0.09375
1 0.9580078125 0.6748046875 0.056640625 0.052734375
0 0.3251953125 0.404296875 0.103515625 0.0595703125
1 0.830078125 0.5634765625 0.03125 0.0390625
1 0.1181640625 0.681640625 0.044921875 0.0654296875
1 0.7294921875 0.6318359375 0.03125 0.0517578125
1 0.244140625 0.4921875 0.021484375 0.0341796875
0 0.23046875 0.3740234375 0.0546875 0.0361328125
1 0.021484375 0.4775390625 0.021484375 0.0361328125
0 0.494140625 0.337890625 0.025390625 0.0185546875
1 0.9365234375 0.630859375 0.048828125 0.0517578125
1 0.10546875 0.4833984375 0.029296875 0.029296875
1 0.97265625 0.6357421875 0.029296875 0.052734375
1 0.849609375 0.6025390625 0.0439453125 0.0390625
1 0.8935546875 0.583984375 0.041015625 0.052734375
1 0.376953125 0.455078125 0.0185546875 0.0283203125
1 0.05859375 0.478515625 0.0234375 0.0361328125
1 0.0283203125 0.56640625 0.03125 0.0546875
0 0.2412109375 0.33984375 0.0361328125 0.029296875
1 0.189453125 0.513671875 0.1357421875 0.115234375
1 0.591796875 0.3955078125 0.0263671875 0.0283203125
1 0.443359375 0.4296875 0.025390625 0.0341796875
1 0.931640625 0.732421875 0.0341796875 0.09375
1 0.8955078125 0.5400390625 0.0283203125 0.044921875
1 0.8642578125 0.556640625 0.03125 0.0517578125
1 0.451171875 0.6943359375 0.037109375 0.0888671875
1 0.552734375 0.384765625 0.017578125 0.0341796875
1 0.462890625 0.4130859375 0.0263671875 0.033203125
1 0.0263671875 0.3740234375 0.015625 0.0234375
1 0.5009765625 0.4306640625 0.0205078125 0.0361328125
0 0.921875 0.8720703125 0.134765625 0.037109375
1 0.1748046875 0.3623046875 0.009765625 0.015625