0 0.1923828125 0.748046875 0.125 0.162109375
0 0.51171875 0.421875 0.044921875 0.0498046875
0 0.3388671875 0.7275390625 0.0966796875 0.1171875
1 0.513671875 0.474609375 0.033203125 0.046875
1 0.3076171875 0.8515625 0.046875 0.068359375
0 0.490234375 0.359375 0.037109375 0.0341796875
0 0.5380859375 0.3515625 0.0390625 0.041015625
1 0.1162109375 0.673828125 0.044921875 0.0673828125
1 0.4130859375 0.8017578125 0.0517578125 0.068359375
1 0.103515625 0.408203125 0.0205078125 0.0263671875
1 0.5927734375 0.4833984375 0.0234375 0.0361328125
1 0.080078125 0.7568359375 0.048828125 0.0703125
1 0.427734375 0.654296875 0.037109375 0.0673828125
1 0.068359375 0.5361328125 0.0283203125 0.046875
1 0.6474609375 0.4853515625 0.0205078125 0.0361328125
0 0.509765625 0.333984375 0.0283203125 0.029296875
1 0.49609375 0.4541015625 0.017578125 0.033203125
1 0.80078125 0.5732421875 0.044921875 0.0498046875
1 0.458984375 0.78125 0.0361328125 0.0625
0 0.076171875 0.38671875 0.0654296875 0.033203125
1 0.15234375 0.419921875 0.017578125 0.0234375
1 0.4384765625 0.4345703125 0.017578125 0.0341796875
1 0.845703125 0.63671875 0.041015625 0.0830078125
1 0.548828125 0.439453125 0.0205078125 0.029296875
1 0.568359375 0.380859375 0.013671875 0.0234375
1 0.591796875 0.3916015625 0.009765625 0.013671875
1 0.6201171875 0.46484375 0.0185546875 0.033203125
1 0.4208984375 0.7412109375 0.048828125 0.0576171875
1 0.453125 0.373046875 0.015625 0.0263671875
1 0.0595703125 0.6005859375 0.0283203125 0.0361328125
1 0.5673828125 0.431640625 0.015625 0.025390625
1 0.466796875 0.4501953125 0.033203125 0.041015625
1 0.5615234375 0.4677734375 0.0205078125 0.033203125
1 0.751953125 0.5615234375 0.0341796875 0.0576171875
1 0.541015625 0.4765625 0.021484375 0.0341796875
1 0.0234375 0.5732421875 0.021484375 0.046875
0 0.60546875 0.533203125 0.1357421875 0.0673828125
1 0.0576171875 0.4775390625 0.0185546875 0.033203125
0 0.318359375 0.392578125 0.087890625 0.041015625
1 0.177734375 0.3271484375 0.0185546875 0.0205078125
1 0.166015625 0.365234375 0.0107421875 0.015625
1 0.02734375 0.826171875 0.033203125 0.060546875
1 0.041015625 0.5654296875 0.0234375 0.052734375
1 0.330078125 0.357421875 0.015625 0.021484375
1 0.232421875 0.5849609375 0.03125 0.0576171875
1 0.7763671875 0.54296875 0.0283203125 0.044921875