0 0.1923828125 0.748046875 0.125 0.1611328125
0 0.513671875 0.423828125 0.052734375 0.052734375
0 0.3388671875 0.7275390625 0.0966796875 0.1171875
0 0.5380859375 0.35546875 0.044921875 0.044921875
1 0.513671875 0.470703125 0.0361328125 0.0517578125
1 0.6123046875 0.4912109375 0.03125 0.044921875
1 0.6416015625 0.498046875 0.029296875 0.056640625
1 0.556640625 0.412109375 0.017578125 0.03125
0 0.486328125 0.361328125 0.0439453125 0.03125
1 0.4677734375 0.455078125 0.033203125 0.044921875
1 0.0673828125 0.5361328125 0.03125 0.046875
0 0.162109375 0.4091796875 0.0625 0.037109375
1 0.26171875 0.490234375 0.0263671875 0.033203125
0 0.427734375 0.509765625 0.140625 0.0751953125
1 0.4140625 0.8037109375 0.0439453125 0.0673828125
1 0.5791015625 0.4873046875 0.0234375 0.0439453125
1 0.5712890625 0.376953125 0.0234375 0.029296875
0 0.509765625 0.333984375 0.033203125 0.03125
1 0.740234375 0.572265625 0.056640625 0.0517578125
1 0.21875 0.4541015625 0.021484375 0.0263671875
1 0.541015625 0.4697265625 0.025390625 0.048828125
1 0.306640625 0.8369140625 0.046875 0.0859375
1 0.1435546875 0.455078125 0.0185546875 0.0283203125
1 0.0595703125 0.484375 0.021484375 0.0283203125
1 0.1875 0.427734375 0.0185546875 0.025390625
1 0.080078125 0.740234375 0.046875 0.0810546875
1 0.458984375 0.783203125 0.037109375 0.0546875
1 0.564453125 0.451171875 0.017578125 0.0283203125
1 0.427734375 0.689453125 0.044921875 0.095703125
1 0.677734375 0.55859375 0.0419921875 0.048828125
1 0.0185546875 0.494140625 0.015625 0.0361328125
1 0.439453125 0.3798828125 0.021484375 0.03125
1 0.1650390625 0.365234375 0.0107421875 0.017578125
1 0.634765625 0.4443359375 0.0390625 0.029296875
1 0.587890625 0.4521484375 0.0185546875 0.029296875
1 0.177734375 0.330078125 0.013671875 0.0185546875
1 0.55078125 0.443359375 0.017578125 0.03125
1 0.13671875 0.4208984375 0.013671875 0.0263671875
1 0.4375 0.765625 0.021484375 0.037109375
1 0.158203125 0.423828125 0.0126953125 0.0234375
1 0.466796875 0.4208984375 0.017578125 0.0234375
0 0.8203125 0.5595703125 0.068359375 0.056640625
1 0.2470703125 0.357421875 0.0126953125 0.0205078125
1 0.025390625 0.375 0.0126953125 0.0185546875
1 0.2060546875 0.3564453125 0.0126953125 0.0185546875
1 0.337890625 0.3525390625 0.0126953125 0.0205078125
1 0.2568359375 0.3955078125 0.0205078125 0.0283203125
1 0.5947265625 0.369140625 0.017578125 0.0205078125
0 0.197265625 0.8759765625 0.0966796875 0.029296875
1 0.708984375 0.5498046875 0.025390625 0.0498046875
1 0.455078125 0.716796875 0.0205078125 0.0263671875
1 0.068359375 0.33984375 0.0126953125 0.017578125
1 0.9033203125 0.49609375 0.03125 0.0390625