0 0.3212890625 0.798828125 0.1484375 0.1767578125
0 0.1298828125 0.5712890625 0.072265625 0.0859375
1 0.376953125 0.513671875 0.021484375 0.041015625
1 0.5244140625 0.544921875 0.029296875 0.048828125
0 0.6298828125 0.6650390625 0.140625 0.154296875
0 0.240234375 0.5087890625 0.0625 0.0732421875
0 0.2041015625 0.671875 0.1015625 0.1123046875
1 0.587890625 0.548828125 0.029296875 0.0498046875
1 0.697265625 0.544921875 0.046875 0.0546875
0 0.3193359375 0.537109375 0.064453125 0.080078125
1 0.548828125 0.494140625 0.0205078125 0.0361328125
0 0.3154296875 0.6494140625 0.0908203125 0.111328125
1 0.564453125 0.544921875 0.025390625 0.048828125
0 0.2236328125 0.580078125 0.0751953125 0.0859375
1 0.8203125 0.580078125 0.083984375 0.0830078125
1 0.650390625 0.5478515625 0.033203125 0.0517578125
1 0.611328125 0.5029296875 0.0205078125 0.03125
1 0.494140625 0.5517578125 0.0283203125 0.056640625
1 0.896484375 0.6533203125 0.078125 0.078125
0 0.3212890625 0.47265625 0.064453125 0.0576171875
1 0.490234375 0.462890625 0.015625 0.03125
0 0.521484375 0.4208984375 0.0576171875 0.0703125
1 0.1376953125 0.646484375 0.03125 0.0595703125
1 0.615234375 0.4736328125 0.015625 0.025390625
1 0.177734375 0.443359375 0.0263671875 0.0283203125
1 0.578125 0.482421875 0.021484375 0.037109375
1 0.103515625 0.7001953125 0.029296875 0.0498046875
1 0.9599609375 0.697265625 0.0546875 0.0751953125
1 0.6611328125 0.5986328125 0.0439453125 0.072265625
1 0.9150390625 0.533203125 0.0673828125 0.052734375
1 0.470703125 0.50390625 0.0205078125 0.0419921875
1 0.173828125 0.4013671875 0.015625 0.021484375
1 0.087890625 0.751953125 0.0361328125 0.0576171875
1 0.0361328125 0.6103515625 0.0439453125 0.0703125
1 0.1484375 0.3857421875 0.0126953125 0.0185546875
1 0.9521484375 0.5322265625 0.0263671875 0.029296875
1 0.1884765625 0.4990234375 0.0234375 0.0361328125
1 0.4921875 0.4365234375 0.015625 0.0263671875
0 0.5078125 0.3447265625 0.0908203125 0.0576171875
1 0.068359375 0.482421875 0.0439453125 0.0390625
0 0.3037109375 0.4130859375 0.0673828125 0.076171875
1 0.1865234375 0.3876953125 0.0205078125 0.025390625
1 0.048828125 0.740234375 0.037109375 0.048828125
1 0.248046875 0.408203125 0.0263671875 0.0234375
1 0.080078125 0.62109375 0.0361328125 0.0576171875
1 0.0302734375 0.5615234375 0.0361328125 0.044921875
1 0.1513671875 0.4482421875 0.021484375 0.0283203125
1 0.640625 0.5087890625 0.025390625 0.033203125
1 0.9580078125 0.6259765625 0.0498046875 0.060546875
1 0.2060546875 0.40234375 0.0126953125 0.0234375
1 0.421875 0.4228515625 0.0185546875 0.0263671875
1 0.099609375 0.673828125 0.1171875 0.1767578125
1 0.1064453125 0.416015625 0.0185546875 0.0205078125
1 0.6826171875 0.716796875 0.037109375 0.052734375
1 0.720703125 0.5126953125 0.025390625 0.041015625
1 0.55078125 0.5322265625 0.158203125 0.1015625
1 0.154296875 0.7646484375 0.0263671875 0.060546875
1 0.8994140625 0.591796875 0.033203125 0.0498046875
1 0.408203125 0.5810546875 0.0263671875 0.041015625
1 0.107421875 0.4853515625 0.0341796875 0.033203125
1 0.8203125 0.5361328125 0.021484375 0.037109375
1 0.189453125 0.4599609375 0.0205078125 0.0263671875