0 0.3212890625 0.7998046875 0.1484375 0.1748046875
1 0.251953125 0.76171875 0.0361328125 0.064453125
0 0.5302734375 0.5234375 0.091796875 0.103515625
0 0.1982421875 0.677734375 0.103515625 0.1171875
0 0.224609375 0.580078125 0.078125 0.091796875
1 0.8154296875 0.57421875 0.0751953125 0.0830078125
0 0.31640625 0.6494140625 0.091796875 0.107421875
1 0.109375 0.69140625 0.041015625 0.0576171875
1 0.1611328125 0.4970703125 0.021484375 0.037109375
1 0.134765625 0.6181640625 0.037109375 0.0419921875
1 0.724609375 0.53515625 0.0498046875 0.0517578125
1 0.54296875 0.3916015625 0.013671875 0.0234375
0 0.240234375 0.5166015625 0.064453125 0.064453125
1 0.55859375 0.4013671875 0.013671875 0.025390625
1 0.5869140625 0.4052734375 0.013671875 0.0263671875
0 0.5048828125 0.3408203125 0.03125 0.025390625
1 0.900390625 0.54296875 0.0517578125 0.044921875
1 0.896484375 0.6572265625 0.087890625 0.0888671875
0 0.3212890625 0.546875 0.0703125 0.0810546875
1 0.498046875 0.3935546875 0.0185546875 0.0283203125
1 0.033203125 0.583984375 0.0419921875 0.0595703125
1 0.1904296875 0.4853515625 0.025390625 0.0517578125
1 0.072265625 0.4794921875 0.037109375 0.037109375
0 0.4140625 0.388671875 0.041015625 0.0341796875
1 0.9599609375 0.697265625 0.0546875 0.0810546875
1 0.1513671875 0.4169921875 0.021484375 0.0283203125
1 0.142578125 0.47265625 0.0205078125 0.0419921875
0 0.478515625 0.3515625 0.0341796875 0.0283203125
0 0.45703125 0.4228515625 0.0576171875 0.048828125
1 0.1953125 0.421875 0.0185546875 0.025390625
1 0.240234375 0.64453125 0.0263671875 0.0390625
1 0.2236328125 0.4111328125 0.0283203125 0.03125
0 0.2626953125 0.4140625 0.046875 0.0341796875
1 0.21484375 0.8232421875 0.0419921875 0.0439453125
1 0.6279296875 0.74609375 0.041015625 0.091796875
0 0.533203125 0.330078125 0.041015625 0.03125
1 0.1708984375 0.46484375 0.017578125 0.0263671875
1 0.427734375 0.712890625 0.033203125 0.0673828125
1 0.9287109375 0.6083984375 0.064453125 0.048828125
1 0.630859375 0.4423828125 0.046875 0.0341796875
1 0.505859375 0.369140625 0.015625 0.0263671875
1 0.263671875 0.5849609375 0.015625 0.048828125
1 0.9794921875 0.51953125 0.015625 0.0234375
1 0.541015625 0.7451171875 0.052734375 0.109375
1 0.1767578125 0.416015625 0.025390625 0.0341796875
1 0.125 0.5107421875 0.025390625 0.037109375
1 0.162109375 0.5576171875 0.0263671875 0.046875
1 0.693359375 0.5244140625 0.0263671875 0.033203125
0 0.2470703125 0.384765625 0.056640625 0.0390625
1 0.5673828125 0.3857421875 0.072265625 0.0625
1 0.9716796875 0.6318359375 0.03125 0.0673828125
0 0.3125 0.439453125 0.072265625 0.0830078125
1 0.1298828125 0.5830078125 0.015625 0.0283203125
0 0.1220703125 0.4169921875 0.041015625 0.0341796875
1 0.369140625 0.35546875 0.0205078125 0.0234375
1 0.392578125 0.4892578125 0.013671875 0.025390625
1 0.09765625 0.400390625 0.017578125 0.029296875