0 0.189453125 0.779296875 0.130859375 0.1904296875
0 0.7041015625 0.6748046875 0.158203125 0.171875
0 0.5341796875 0.5986328125 0.099609375 0.103515625
1 0.1552734375 0.4921875 0.0234375 0.0341796875
0 0.5107421875 0.4052734375 0.041015625 0.044921875
0 0.490234375 0.361328125 0.0361328125 0.03125
1 0.310546875 0.5029296875 0.025390625 0.037109375
0 0.3388671875 0.7265625 0.099609375 0.115234375
0 0.58984375 0.544921875 0.0830078125 0.0859375
1 0.7177734375 0.5771484375 0.0419921875 0.048828125
1 0.537109375 0.5185546875 0.0361328125 0.0498046875
0 0.916015625 0.5166015625 0.142578125 0.0673828125
0 0.48046875 0.5146484375 0.0732421875 0.0830078125
1 0.8759765625 0.662109375 0.0830078125 0.080078125
1 0.7470703125 0.533203125 0.0341796875 0.0341796875
1 0.68359375 0.564453125 0.0390625 0.0439453125
1 0.646484375 0.525390625 0.0283203125 0.033203125
1 0.4697265625 0.423828125 0.017578125 0.033203125
1 0.7900390625 0.5712890625 0.064453125 0.060546875
0 0.509765625 0.333984375 0.03125 0.029296875
1 0.8447265625 0.5556640625 0.048828125 0.048828125
1 0.404296875 0.4931640625 0.033203125 0.0390625
1 0.8671875 0.751953125 0.0751953125 0.111328125
1 0.724609375 0.8681640625 0.076171875 0.044921875
0 0.537109375 0.3427734375 0.03125 0.0263671875
1 0.556640625 0.4912109375 0.0234375 0.0390625
1 0.6337890625 0.4921875 0.029296875 0.037109375
1 0.583984375 0.4384765625 0.0390625 0.044921875
1 0.7861328125 0.681640625 0.0498046875 0.083984375
1 0.892578125 0.572265625 0.033203125 0.0419921875
1 0.05859375 0.478515625 0.0263671875 0.037109375
1 0.029296875 0.5595703125 0.037109375 0.046875
0 0.935546875 0.5947265625 0.099609375 0.107421875
1 0.4912109375 0.455078125 0.0263671875 0.0341796875
1 0.419921875 0.43359375 0.0205078125 0.0263671875
1 0.5107421875 0.486328125 0.025390625 0.0361328125
1 0.1376953125 0.724609375 0.021484375 0.03125
1 0.5986328125 0.494140625 0.0283203125 0.033203125
1 0.697265625 0.8330078125 0.0390625 0.0595703125
1 0.0634765625 0.7802734375 0.0419921875 0.0703125
1 0.107421875 0.4814453125 0.0341796875 0.0341796875
1 0.4951171875 0.4306640625 0.015625 0.029296875
1 0.2421875 0.3486328125 0.021484375 0.021484375
1 0.58984375 0.4052734375 0.0263671875 0.0390625
1 0.453125 0.4130859375 0.015625 0.033203125
1 0.109375 0.6533203125 0.0751953125 0.056640625
1 0.193359375 0.3544921875 0.017578125 0.0185546875
1 0.5322265625 0.369140625 0.0205078125 0.0283203125
1 0.453125 0.3603515625 0.0185546875 0.0234375
1 0.4814453125 0.7421875 0.041015625 0.1064453125
1 0.44140625 0.4501953125 0.033203125 0.041015625
1 0.396484375 0.853515625 0.041015625 0.0419921875
1 0.5478515625 0.39453125 0.029296875 0.0361328125
1 0.7978515625 0.5322265625 0.029296875 0.0361328125
1 0.447265625 0.685546875 0.029296875 0.0732421875
1 0.021484375 0.3740234375 0.0185546875 0.0234375
1 0.693359375 0.4736328125 0.017578125 0.025390625
1 0.56640625 0.37109375 0.013671875 0.0263671875
1 0.3291015625 0.359375 0.017578125 0.021484375