0 0.1923828125 0.748046875 0.125 0.162109375
0 0.5126953125 0.421875 0.0498046875 0.052734375
1 0.4111328125 0.8076171875 0.0439453125 0.056640625
0 0.337890625 0.728515625 0.0986328125 0.119140625
1 0.0673828125 0.5390625 0.0283203125 0.046875
0 0.4892578125 0.361328125 0.037109375 0.03125
0 0.5380859375 0.3544921875 0.0419921875 0.0439453125
1 0.609375 0.4951171875 0.041015625 0.046875
1 0.646484375 0.4873046875 0.0205078125 0.037109375
1 0.509765625 0.470703125 0.033203125 0.0498046875
0 0.509765625 0.333984375 0.029296875 0.029296875
1 0.53515625 0.474609375 0.0234375 0.046875
0 0.302734375 0.46875 0.0986328125 0.0625
1 0.306640625 0.833984375 0.046875 0.0888671875
1 0.578125 0.482421875 0.025390625 0.046875
1 0.658203125 0.544921875 0.021484375 0.0390625
1 0.078125 0.7490234375 0.052734375 0.091796875
1 0.5673828125 0.376953125 0.021484375 0.03125
1 0.4150390625 0.533203125 0.029296875 0.044921875
1 0.458984375 0.7822265625 0.0361328125 0.0576171875
1 0.564453125 0.435546875 0.017578125 0.025390625
1 0.427734375 0.7001953125 0.048828125 0.0654296875
0 0.0908203125 0.3935546875 0.056640625 0.037109375
1 0.126953125 0.416015625 0.03125 0.0283203125
1 0.583984375 0.380859375 0.017578125 0.029296875
1 0.5478515625 0.4208984375 0.017578125 0.0263671875
1 0.4931640625 0.5322265625 0.0234375 0.0517578125
1 0.470703125 0.4609375 0.0341796875 0.052734375
1 0.845703125 0.638671875 0.0361328125 0.072265625
1 0.439453125 0.3623046875 0.0205078125 0.025390625
1 0.1904296875 0.4345703125 0.0283203125 0.0341796875
1 0.4541015625 0.373046875 0.017578125 0.029296875
1 0.62890625 0.447265625 0.033203125 0.029296875
1 0.5517578125 0.447265625 0.0185546875 0.03125
1 0.5615234375 0.46875 0.0205078125 0.037109375
1 0.1650390625 0.365234375 0.0107421875 0.015625
1 0.4375 0.763671875 0.021484375 0.0390625
1 0.02734375 0.5869140625 0.033203125 0.0673828125
1 0.0556640625 0.48046875 0.0205078125 0.0361328125
1 0.466796875 0.4208984375 0.015625 0.0234375
0 0.228515625 0.3662109375 0.0576171875 0.0361328125
1 0.595703125 0.46484375 0.015625 0.0234375
0 0.1943359375 0.8759765625 0.123046875 0.029296875
1 0.173828125 0.33203125 0.015625 0.0205078125
0 0.353515625 0.3203125 0.0361328125 0.021484375
1 0.025390625 0.375 0.0126953125 0.0185546875
1 0.021484375 0.478515625 0.0205078125 0.033203125
1 0.533203125 0.4697265625 0.1875 0.1328125
1 0.892578125 0.380859375 0.017578125 0.03125
1 0.453125 0.513671875 0.0283203125 0.052734375
1 0.166015625 0.4150390625 0.0185546875 0.029296875
1 0.365234375 0.388671875 0.03125 0.0390625
1 0.9033203125 0.494140625 0.03125 0.0390625