0 0.3232421875 0.798828125 0.1435546875 0.1767578125
0 0.19921875 0.6806640625 0.1015625 0.1171875
0 0.5087890625 0.5009765625 0.095703125 0.095703125
0 0.240234375 0.5107421875 0.0625 0.072265625
1 0.7236328125 0.5361328125 0.052734375 0.052734375
0 0.224609375 0.580078125 0.078125 0.0908203125
0 0.31640625 0.650390625 0.0888671875 0.109375
1 0.8193359375 0.5771484375 0.0830078125 0.0859375
1 0.162109375 0.50390625 0.025390625 0.044921875
1 0.556640625 0.6748046875 0.033203125 0.052734375
1 0.119140625 0.53515625 0.021484375 0.033203125
1 0.58984375 0.4033203125 0.013671875 0.025390625
0 0.44140625 0.4169921875 0.0517578125 0.052734375
0 0.3212890625 0.546875 0.0703125 0.0810546875
1 0.0419921875 0.587890625 0.0341796875 0.052734375
1 0.896484375 0.6552734375 0.0830078125 0.0830078125
0 0.5048828125 0.3427734375 0.0341796875 0.029296875
1 0.1865234375 0.498046875 0.0205078125 0.0361328125
1 0.1396484375 0.486328125 0.0234375 0.0419921875
0 0.4794921875 0.357421875 0.037109375 0.0361328125
1 0.146484375 0.4619140625 0.0205078125 0.0234375
1 0.9609375 0.697265625 0.052734375 0.080078125
1 0.1259765625 0.646484375 0.0419921875 0.056640625
1 0.2265625 0.8046875 0.0341796875 0.056640625
1 0.59375 0.8046875 0.0498046875 0.0908203125
1 0.0693359375 0.478515625 0.0419921875 0.0390625
1 0.435546875 0.486328125 0.021484375 0.0419921875
1 0.556640625 0.388671875 0.0263671875 0.03125
0 0.4130859375 0.3623046875 0.0361328125 0.021484375
1 0.892578125 0.5732421875 0.033203125 0.0341796875
1 0.1484375 0.419921875 0.021484375 0.0283203125
1 0.501953125 0.3798828125 0.017578125 0.025390625
1 0.173828125 0.462890625 0.0234375 0.0263671875
1 0.470703125 0.3974609375 0.015625 0.033203125
1 0.830078125 0.5439453125 0.025390625 0.041015625
1 0.443359375 0.78515625 0.0390625 0.1015625
1 0.091796875 0.71875 0.0439453125 0.083984375
1 0.7607421875 0.47265625 0.021484375 0.0263671875
1 0.111328125 0.41796875 0.015625 0.0205078125
1 0.958984375 0.529296875 0.0498046875 0.0439453125
0 0.533203125 0.330078125 0.0419921875 0.03125
0 0.2568359375 0.4140625 0.0390625 0.0283203125
1 0.3525390625 0.431640625 0.0234375 0.041015625
1 0.220703125 0.412109375 0.03125 0.033203125
1 0.1953125 0.4248046875 0.015625 0.021484375
1 0.4560546875 0.349609375 0.015625 0.029296875
1 0.1552734375 0.5810546875 0.029296875 0.0498046875
1 0.6337890625 0.4423828125 0.0419921875 0.0341796875
1 0.91015625 0.537109375 0.0576171875 0.0439453125
1 0.3603515625 0.353515625 0.013671875 0.0205078125
1 0.42578125 0.3876953125 0.013671875 0.0185546875
1 0.685546875 0.5263671875 0.0283203125 0.041015625
1 0.369140625 0.3876953125 0.021484375 0.025390625
1 0.357421875 0.3994140625 0.0107421875 0.017578125
0 0.9443359375 0.578125 0.0830078125 0.0625
1 0.0234375 0.55859375 0.025390625 0.0419921875
1 0.9716796875 0.6328125 0.0341796875 0.0654296875
0 0.1923828125 0.4013671875 0.041015625 0.03125