0 0.193359375 0.748046875 0.123046875 0.162109375
0 0.509765625 0.4091796875 0.046875 0.046875
0 0.634765625 0.720703125 0.1455078125 0.1669921875
0 0.33984375 0.724609375 0.0986328125 0.115234375
0 0.48828125 0.361328125 0.0361328125 0.033203125
0 0.9501953125 0.5205078125 0.072265625 0.056640625
0 0.521484375 0.5751953125 0.0859375 0.109375
1 0.73046875 0.5849609375 0.095703125 0.076171875
1 0.8232421875 0.6591796875 0.09375 0.072265625
1 0.701171875 0.5283203125 0.041015625 0.037109375
1 0.07421875 0.759765625 0.033203125 0.0576171875
0 0.5087890625 0.33203125 0.029296875 0.0263671875
1 0.4248046875 0.716796875 0.0283203125 0.0517578125
0 0.841796875 0.80078125 0.275390625 0.173828125
1 0.787109375 0.580078125 0.041015625 0.044921875
1 0.953125 0.638671875 0.0654296875 0.080078125
0 0.951171875 0.578125 0.072265625 0.0595703125
0 0.541015625 0.341796875 0.03125 0.021484375
0 0.4541015625 0.4658203125 0.0361328125 0.046875
1 0.392578125 0.466796875 0.033203125 0.037109375
1 0.365234375 0.4892578125 0.033203125 0.0595703125
1 0.8251953125 0.572265625 0.0341796875 0.048828125
1 0.029296875 0.568359375 0.029296875 0.0390625
1 0.076171875 0.4755859375 0.0576171875 0.0419921875
1 0.4169921875 0.4775390625 0.021484375 0.0419921875
1 0.892578125 0.6328125 0.0419921875 0.078125
0 0.353515625 0.3203125 0.0341796875 0.0185546875
1 0.576171875 0.49609375 0.046875 0.048828125
1 0.439453125 0.421875 0.0185546875 0.021484375
1 0.673828125 0.46875 0.029296875 0.0439453125
1 0.162109375 0.619140625 0.044921875 0.0703125
1 0.033203125 0.4814453125 0.0439453125 0.046875
1 0.8525390625 0.55078125 0.033203125 0.029296875
0 0.513671875 0.4619140625 0.0517578125 0.0673828125
1 0.6201171875 0.490234375 0.0185546875 0.0283203125
1 0.083984375 0.591796875 0.0263671875 0.068359375
1 0.4443359375 0.357421875 0.0234375 0.029296875
1 0.04296875 0.814453125 0.060546875 0.142578125
1 0.5966796875 0.427734375 0.0439453125 0.056640625
1 0.56640625 0.587890625 0.0205078125 0.0263671875
1 0.544921875 0.37109375 0.0263671875 0.0361328125