0 0.5986328125 0.705078125 0.140625 0.154296875
0 0.552734375 0.474609375 0.0673828125 0.0654296875
1 0.71484375 0.6171875 0.0361328125 0.0498046875
0 0.349609375 0.6455078125 0.083984375 0.130859375
1 0.1005859375 0.7080078125 0.033203125 0.056640625
0 0.1962890625 0.62890625 0.095703125 0.1142578125
1 0.451171875 0.494140625 0.0263671875 0.0361328125
1 0.431640625 0.724609375 0.03125 0.0625
1 0.78125 0.7734375 0.052734375 0.0966796875
0 0.603515625 0.568359375 0.111328125 0.123046875
1 0.8193359375 0.580078125 0.0859375 0.087890625
1 0.259765625 0.4833984375 0.0234375 0.033203125
1 0.7265625 0.5380859375 0.046875 0.044921875
0 0.5615234375 0.4248046875 0.0390625 0.037109375
1 0.158203125 0.515625 0.021484375 0.0283203125
1 0.1728515625 0.541015625 0.0234375 0.0361328125
1 0.958984375 0.66796875 0.052734375 0.080078125
1 0.8896484375 0.654296875 0.076171875 0.076171875
1 0.4970703125 0.607421875 0.046875 0.076171875
1 0.685546875 0.541015625 0.0390625 0.0498046875
0 0.521484375 0.333984375 0.033203125 0.0263671875
0 0.4970703125 0.3515625 0.0341796875 0.0341796875
1 0.2470703125 0.728515625 0.0283203125 0.0390625
1 0.130859375 0.5771484375 0.0263671875 0.0517578125
1 0.5869140625 0.412109375 0.0263671875 0.041015625
0 0.3154296875 0.44921875 0.056640625 0.048828125
1 0.419921875 0.5107421875 0.0205078125 0.03125
1 0.65234375 0.58984375 0.0234375 0.0546875
1 0.1484375 0.4892578125 0.015625 0.025390625
1 0.291015625 0.478515625 0.0234375 0.0361328125
0 0.54296875 0.373046875 0.033203125 0.0234375
1 0.1572265625 0.7353515625 0.029296875 0.0390625
1 0.498046875 0.4638671875 0.021484375 0.037109375
1 0.0859375 0.7724609375 0.0341796875 0.076171875
1 0.30078125 0.716796875 0.029296875 0.064453125
0 0.2626953125 0.4130859375 0.087890625 0.0390625
1 0.203125 0.455078125 0.021484375 0.025390625
1 0.5771484375 0.4599609375 0.017578125 0.0234375
1 0.927734375 0.609375 0.044921875 0.037109375
1 0.060546875 0.48046875 0.0263671875 0.0361328125
1 0.931640625 0.7060546875 0.0341796875 0.046875
1 0.515625 0.435546875 0.015625 0.0341796875
0 0.2705078125 0.6533203125 0.0810546875 0.1279296875
1 0.0234375 0.5654296875 0.021484375 0.056640625
0 0.953125 0.5751953125 0.068359375 0.052734375
1 0.6572265625 0.5419921875 0.0205078125 0.0439453125
1 0.939453125 0.8544921875 0.060546875 0.0654296875
1 0.369140625 0.4248046875 0.015625 0.025390625
1 0.896484375 0.5791015625 0.0439453125 0.044921875
1 0.439453125 0.365234375 0.015625 0.0234375
0 0.1787109375 0.4140625 0.095703125 0.0498046875
1 0.638671875 0.439453125 0.041015625 0.0341796875
1 0.533203125 0.41015625 0.0205078125 0.0390625
1 0.1962890625 0.48046875 0.017578125 0.029296875
1 0.10546875 0.484375 0.033203125 0.03125
1 0.166015625 0.466796875 0.0234375 0.025390625
1 0.861328125 0.560546875 0.017578125 0.0234375
1 0.384765625 0.59375 0.0126953125 0.0185546875