0 0.1923828125 0.748046875 0.125 0.162109375
0 0.51171875 0.4228515625 0.048828125 0.0546875
0 0.337890625 0.7265625 0.0986328125 0.119140625
1 0.306640625 0.85546875 0.048828125 0.0576171875
0 0.5380859375 0.353515625 0.0419921875 0.0439453125
1 0.5146484375 0.4755859375 0.033203125 0.044921875
1 0.068359375 0.53125 0.029296875 0.052734375
0 0.16796875 0.4111328125 0.0703125 0.041015625
1 0.412109375 0.806640625 0.048828125 0.0595703125
1 0.25390625 0.4619140625 0.029296875 0.0361328125
1 0.11328125 0.677734375 0.0517578125 0.060546875
1 0.0771484375 0.759765625 0.0390625 0.0703125
1 0.427734375 0.654296875 0.037109375 0.0673828125
0 0.490234375 0.3603515625 0.0361328125 0.033203125
1 0.64453125 0.490234375 0.0234375 0.041015625
1 0.498046875 0.451171875 0.0205078125 0.0341796875
0 0.509765625 0.3330078125 0.029296875 0.0283203125
1 0.556640625 0.4423828125 0.03125 0.037109375
1 0.5771484375 0.3955078125 0.0234375 0.03125
1 0.466796875 0.451171875 0.03125 0.041015625
1 0.5390625 0.4775390625 0.025390625 0.0419921875
1 0.6103515625 0.4912109375 0.0361328125 0.044921875
1 0.45703125 0.783203125 0.0390625 0.0546875
1 0.626953125 0.71875 0.0390625 0.072265625
1 0.177734375 0.4541015625 0.0205078125 0.029296875
1 0.2119140625 0.4130859375 0.0234375 0.0263671875
0 0.869140625 0.56640625 0.1533203125 0.0732421875
1 0.4658203125 0.419921875 0.0185546875 0.029296875
1 0.4541015625 0.365234375 0.017578125 0.03125
1 0.4208984375 0.73828125 0.048828125 0.044921875
1 0.5673828125 0.3759765625 0.0185546875 0.0234375
1 0.9716796875 0.5615234375 0.03125 0.0419921875
1 0.595703125 0.39453125 0.017578125 0.0263671875
1 0.5947265625 0.46875 0.0205078125 0.0283203125
0 0.228515625 0.3623046875 0.0576171875 0.0341796875
1 0.8466796875 0.6474609375 0.037109375 0.060546875
1 0.060546875 0.48046875 0.0283203125 0.0419921875
1 0.576171875 0.4638671875 0.0185546875 0.0341796875
1 0.6201171875 0.4619140625 0.0185546875 0.029296875
0 0.3173828125 0.392578125 0.087890625 0.044921875
1 0.4384765625 0.3623046875 0.017578125 0.025390625
1 0.330078125 0.3583984375 0.015625 0.0205078125
1 0.0390625 0.568359375 0.056640625 0.0859375
0 0.1826171875 0.8759765625 0.140625 0.029296875
1 0.4052734375 0.4208984375 0.0234375 0.029296875
1 0.6787109375 0.509765625 0.0205078125 0.041015625
1 0.86328125 0.42578125 0.029296875 0.0263671875
1 0.0322265625 0.7275390625 0.0361328125 0.044921875
1 0.1669921875 0.365234375 0.0126953125 0.017578125
1 0.392578125 0.490234375 0.0126953125 0.0263671875
1 0.021484375 0.478515625 0.021484375 0.0341796875
1 0.5478515625 0.4169921875 0.013671875 0.021484375
1 0.455078125 0.71875 0.0185546875 0.021484375
1 0.177734375 0.3251953125 0.021484375 0.021484375
1 0.0244140625 0.373046875 0.017578125 0.0234375