0 0.193359375 0.7470703125 0.123046875 0.162109375
0 0.513671875 0.423828125 0.060546875 0.056640625
0 0.3388671875 0.728515625 0.103515625 0.123046875
1 0.099609375 0.6015625 0.0341796875 0.046875
0 0.6533203125 0.5263671875 0.15625 0.068359375
1 0.166015625 0.490234375 0.0283203125 0.044921875
1 0.322265625 0.5263671875 0.046875 0.0439453125
1 0.544921875 0.470703125 0.0390625 0.0439453125
1 0.2333984375 0.458984375 0.0263671875 0.0341796875
1 0.580078125 0.486328125 0.025390625 0.0390625
0 0.541015625 0.3466796875 0.041015625 0.0283203125
1 0.6025390625 0.623046875 0.048828125 0.0703125
1 0.6201171875 0.4833984375 0.041015625 0.0390625
0 0.3984375 0.4912109375 0.1064453125 0.0673828125
0 0.5087890625 0.333984375 0.033203125 0.029296875
1 0.1220703125 0.416015625 0.021484375 0.025390625
1 0.0791015625 0.7509765625 0.0673828125 0.1044921875
1 0.111328125 0.4853515625 0.037109375 0.0419921875
1 0.5517578125 0.384765625 0.015625 0.0263671875
1 0.3759765625 0.546875 0.0517578125 0.046875
1 0.529296875 0.3720703125 0.0205078125 0.025390625
1 0.3076171875 0.833984375 0.046875 0.0986328125
0 0.4912109375 0.361328125 0.0390625 0.033203125
1 0.4853515625 0.458984375 0.033203125 0.041015625
1 0.822265625 0.623046875 0.046875 0.0419921875
1 0.767578125 0.5966796875 0.076171875 0.0625
1 0.4609375 0.3671875 0.0341796875 0.0341796875
1 0.505859375 0.5419921875 0.0498046875 0.0439453125
1 0.201171875 0.4296875 0.021484375 0.025390625
1 0.330078125 0.453125 0.0361328125 0.0283203125
1 0.6962890625 0.5693359375 0.0576171875 0.0576171875
1 0.455078125 0.5537109375 0.052734375 0.0517578125
1 0.0595703125 0.4794921875 0.021484375 0.0341796875
1 0.943359375 0.6318359375 0.068359375 0.0517578125
1 0.470703125 0.611328125 0.0283203125 0.0595703125
1 0.435546875 0.744140625 0.0751953125 0.087890625
1 0.564453125 0.3662109375 0.017578125 0.029296875
1 0.6279296875 0.578125 0.041015625 0.046875
1 0.544921875 0.650390625 0.03125 0.0576171875
1 0.369140625 0.357421875 0.021484375 0.025390625
1 0.0400390625 0.5595703125 0.017578125 0.03125
1 0.0224609375 0.4775390625 0.0263671875 0.0361328125
1 0.4267578125 0.6865234375 0.041015625 0.060546875
1 0.9462890625 0.517578125 0.0263671875 0.03125
1 0.15234375 0.439453125 0.017578125 0.0283203125
1 0.177734375 0.3251953125 0.025390625 0.021484375
1 0.2158203125 0.408203125 0.015625 0.025390625
1 0.951171875 0.5712890625 0.0283203125 0.0361328125
1 0.89453125 0.5537109375 0.044921875 0.0361328125
1 0.029296875 0.6025390625 0.033203125 0.060546875
1 0.8115234375 0.544921875 0.0419921875 0.0390625
1 0.3955078125 0.451171875 0.0185546875 0.025390625
1 0.783203125 0.5556640625 0.025390625 0.0419921875
0 0.240234375 0.3798828125 0.0625 0.03125
1 0.5224609375 0.6123046875 0.033203125 0.056640625
1 0.384765625 0.32421875 0.021484375 0.0205078125
1 0.5537109375 0.439453125 0.017578125 0.025390625
1 0.2255859375 0.353515625 0.029296875 0.0205078125
1 0.5927734375 0.466796875 0.017578125 0.0234375
1 0.9326171875 0.3828125 0.041015625 0.046875
1 0.427734375 0.634765625 0.033203125 0.044921875
1 0.7880859375 0.865234375 0.0576171875 0.0498046875
1 0.330078125 0.357421875 0.0126953125 0.021484375
0 0.1875 0.875 0.109375 0.03125
1 0.0576171875 0.6787109375 0.037109375 0.060546875
1 0.75390625 0.5263671875 0.0576171875 0.041015625
1 0.5927734375 0.54296875 0.0263671875 0.033203125
1 0.466796875 0.34375 0.015625 0.021484375