0 0.7744140625 0.779296875 0.1826171875 0.2060546875
0 0.57421875 0.5361328125 0.080078125 0.119140625
1 0.681640625 0.576171875 0.052734375 0.083984375
0 0.4755859375 0.505859375 0.064453125 0.0830078125
0 0.669921875 0.4609375 0.103515625 0.0595703125
1 0.8154296875 0.576171875 0.078125 0.0908203125
0 0.4892578125 0.3603515625 0.037109375 0.029296875
0 0.3388671875 0.728515625 0.099609375 0.1142578125
0 0.513671875 0.3291015625 0.029296875 0.0234375
1 0.623046875 0.525390625 0.037109375 0.0595703125
0 0.548828125 0.6533203125 0.1220703125 0.1376953125
1 0.1767578125 0.4853515625 0.025390625 0.0419921875
1 0.736328125 0.642578125 0.068359375 0.0830078125
1 0.9638671875 0.6220703125 0.041015625 0.056640625
1 0.9443359375 0.6923828125 0.080078125 0.0810546875
1 0.912109375 0.5400390625 0.0576171875 0.0419921875
1 0.37890625 0.4521484375 0.0234375 0.0390625
1 0.490234375 0.451171875 0.021484375 0.0361328125
0 0.5400390625 0.3427734375 0.033203125 0.0234375
1 0.1083984375 0.478515625 0.0361328125 0.0390625
1 0.728515625 0.5380859375 0.0361328125 0.0419921875
0 0.52734375 0.4580078125 0.0517578125 0.0595703125
1 0.1435546875 0.4501953125 0.021484375 0.0283203125
1 0.6689453125 0.5302734375 0.03125 0.0419921875
1 0.9169921875 0.615234375 0.0498046875 0.060546875
1 0.208984375 0.3955078125 0.03125 0.0341796875
1 0.5673828125 0.4638671875 0.025390625 0.0283203125
1 0.712890625 0.5087890625 0.0341796875 0.0390625
0 0.2353515625 0.369140625 0.0673828125 0.0361328125
1 0.486328125 0.564453125 0.0361328125 0.0517578125
1 0.126953125 0.423828125 0.037109375 0.033203125
1 0.3583984375 0.427734375 0.0205078125 0.025390625
1 0.666015625 0.486328125 0.0205078125 0.0390625
1 0.5947265625 0.427734375 0.017578125 0.0283203125
1 0.0576171875 0.4794921875 0.021484375 0.037109375
1 0.7294921875 0.5732421875 0.025390625 0.046875
1 0.6298828125 0.4775390625 0.015625 0.029296875
1 0.130859375 0.7099609375 0.03125 0.044921875
1 0.087890625 0.4072265625 0.0205078125 0.0205078125
1 0.021484375 0.4775390625 0.025390625 0.0390625
1 0.1787109375 0.4462890625 0.0234375 0.0234375
1 0.455078125 0.3642578125 0.017578125 0.0283203125
0 0.3525390625 0.3212890625 0.033203125 0.017578125
1 0.59765625 0.3974609375 0.017578125 0.029296875
1 0.568359375 0.4287109375 0.021484375 0.029296875
1 0.025390625 0.5634765625 0.025390625 0.048828125
1 0.890625 0.384765625 0.015625 0.0263671875
1 0.205078125 0.4609375 0.0107421875 0.021484375
0 0.0458984375 0.3798828125 0.033203125 0.0185546875
1 0.8642578125 0.4306640625 0.0283203125 0.0419921875
1 0.24609375 0.345703125 0.0234375 0.021484375
0 0.5166015625 0.392578125 0.029296875 0.03125
1 0.4091796875 0.4208984375 0.0341796875 0.033203125