0 0.8212890625 0.7451171875 0.1923828125 0.2001953125
0 0.59375 0.5185546875 0.0751953125 0.099609375
1 0.6748046875 0.658203125 0.041015625 0.09375
1 0.330078125 0.4931640625 0.0185546875 0.033203125
1 0.310546875 0.572265625 0.025390625 0.0517578125
1 0.150390625 0.533203125 0.0234375 0.041015625
1 0.2958984375 0.505859375 0.0205078125 0.041015625
0 0.55859375 0.6328125 0.123046875 0.1533203125
1 0.1982421875 0.591796875 0.025390625 0.0419921875
1 0.6875 0.544921875 0.0498046875 0.0546875
0 0.5615234375 0.384765625 0.033203125 0.0419921875
1 0.291015625 0.642578125 0.0341796875 0.0703125
1 0.728515625 0.5390625 0.044921875 0.0498046875
1 0.822265625 0.576171875 0.083984375 0.0859375
1 0.34765625 0.6689453125 0.029296875 0.052734375
1 0.123046875 0.490234375 0.037109375 0.046875
1 0.943359375 0.68359375 0.0830078125 0.0888671875
1 0.375 0.5400390625 0.021484375 0.0361328125
1 0.59375 0.5927734375 0.03125 0.0517578125
1 0.375 0.6201171875 0.025390625 0.052734375
0 0.173828125 0.7783203125 0.1123046875 0.150390625
1 0.2646484375 0.50390625 0.0263671875 0.060546875
1 0.16796875 0.46484375 0.017578125 0.029296875
1 0.263671875 0.560546875 0.0283203125 0.044921875
1 0.462890625 0.4658203125 0.021484375 0.0341796875
1 0.2255859375 0.501953125 0.0205078125 0.033203125
0 0.52734375 0.392578125 0.0390625 0.037109375
1 0.2470703125 0.46484375 0.021484375 0.0361328125
1 0.224609375 0.546875 0.021484375 0.041015625
1 0.134765625 0.642578125 0.0439453125 0.0673828125
0 0.6787109375 0.8359375 0.1611328125 0.1064453125
1 0.1669921875 0.365234375 0.0126953125 0.021484375
1 0.0595703125 0.4794921875 0.021484375 0.0341796875
1 0.5966796875 0.443359375 0.021484375 0.029296875
1 0.177734375 0.5087890625 0.03125 0.044921875
0 0.537109375 0.431640625 0.041015625 0.046875
0 0.283203125 0.4228515625 0.0498046875 0.0419921875
1 0.271484375 0.6923828125 0.025390625 0.0625
1 0.548828125 0.681640625 0.033203125 0.0546875
0 0.470703125 0.3896484375 0.03125 0.0361328125
1 0.1474609375 0.4755859375 0.0234375 0.0390625
1 0.1767578125 0.4443359375 0.0185546875 0.0263671875
1 0.529296875 0.5302734375 0.025390625 0.0517578125
1 0.189453125 0.380859375 0.015625 0.025390625
1 0.623046875 0.7822265625 0.0439453125 0.060546875
1 0.12109375 0.595703125 0.029296875 0.0419921875
1 0.2529296875 0.4013671875 0.0341796875 0.0341796875
1 0.0302734375 0.5576171875 0.0361328125 0.0439453125
0 0.5439453125 0.341796875 0.025390625 0.021484375
1 0.2783203125 0.7373046875 0.0283203125 0.0498046875
0 0.4970703125 0.3349609375 0.021484375 0.0205078125
1 0.0224609375 0.4794921875 0.0234375 0.041015625
1 0.6103515625 0.673828125 0.0263671875 0.0517578125
1 0.2001953125 0.349609375 0.021484375 0.021484375
1 0.3603515625 0.4462890625 0.017578125 0.029296875
1 0.478515625 0.671875 0.037109375 0.0625
1 0.6025390625 0.46484375 0.0205078125 0.0234375
1 0.125 0.3642578125 0.0126953125 0.0185546875
1 0.560546875 0.49609375 0.0205078125 0.0419921875
1 0.0693359375 0.7822265625 0.029296875 0.0703125
1 0.134765625 0.42578125 0.017578125 0.0234375
0 0.4462890625 0.435546875 0.0419921875 0.044921875
1 0.2392578125 0.5078125 0.193359375 0.1279296875
1 0.201171875 0.4091796875 0.015625 0.0283203125
1 0.96484375 0.6025390625 0.0419921875 0.064453125
1 0.5791015625 0.423828125 0.0205078125 0.037109375
1 0.498046875 0.5126953125 0.03125 0.0751953125
1 0.9462890625 0.5322265625 0.029296875 0.0263671875
1 0.4248046875 0.5048828125 0.025390625 0.0341796875
1 0.896484375 0.5869140625 0.041015625 0.0576171875
1 0.4716796875 0.4208984375 0.025390625 0.029296875
1 0.49609375 0.388671875 0.0263671875 0.029296875
0 0.033203125 0.3330078125 0.025390625 0.021484375
1 0.025390625 0.373046875 0.0126953125 0.0205078125
0 0.3505859375 0.3193359375 0.033203125 0.0205078125