0 0.322265625 0.798828125 0.1435546875 0.1767578125
1 0.71875 0.611328125 0.037109375 0.064453125
1 0.642578125 0.5771484375 0.03125 0.0546875
1 0.759765625 0.75 0.0546875 0.0810546875
0 0.201171875 0.673828125 0.1015625 0.115234375
0 0.158203125 0.4912109375 0.052734375 0.0546875
1 0.59375 0.6083984375 0.0341796875 0.0703125
1 0.490234375 0.529296875 0.025390625 0.0498046875
0 0.31640625 0.619140625 0.0830078125 0.099609375
1 0.796875 0.5751953125 0.0439453125 0.0625
1 0.666015625 0.6357421875 0.033203125 0.056640625
0 0.4765625 0.455078125 0.0498046875 0.0546875
1 0.6748046875 0.720703125 0.041015625 0.0703125
1 0.69140625 0.53125 0.0361328125 0.037109375
1 0.5966796875 0.4580078125 0.0185546875 0.0341796875
0 0.2255859375 0.576171875 0.080078125 0.087890625
1 0.6162109375 0.7470703125 0.0419921875 0.0625
0 0.5361328125 0.439453125 0.0595703125 0.0576171875
1 0.611328125 0.5068359375 0.025390625 0.0576171875
1 0.947265625 0.6884765625 0.0732421875 0.0830078125
1 0.1640625 0.560546875 0.03125 0.056640625
0 0.310546875 0.484375 0.052734375 0.0625
1 0.1220703125 0.6767578125 0.0439453125 0.0654296875
0 0.240234375 0.505859375 0.060546875 0.064453125
1 0.8525390625 0.591796875 0.060546875 0.068359375
1 0.5 0.4208984375 0.0185546875 0.0361328125
1 0.740234375 0.865234375 0.052734375 0.0498046875
0 0.2021484375 0.40625 0.0419921875 0.037109375
1 0.111328125 0.5234375 0.0283203125 0.041015625
1 0.728515625 0.537109375 0.0419921875 0.046875
1 0.109375 0.6142578125 0.03125 0.046875
1 0.5908203125 0.5537109375 0.0283203125 0.033203125
1 0.8212890625 0.8583984375 0.0517578125 0.060546875
0 0.51953125 0.38671875 0.0361328125 0.033203125
1 0.6591796875 0.87109375 0.0498046875 0.0419921875
0 0.048828125 0.78515625 0.0703125 0.076171875
1 0.884765625 0.8271484375 0.041015625 0.048828125
1 0.0576171875 0.482421875 0.025390625 0.03125
1 0.1748046875 0.82421875 0.0439453125 0.060546875
0 0.5166015625 0.333984375 0.0390625 0.0283203125
1 0.638671875 0.4619140625 0.017578125 0.029296875
1 0.1484375 0.392578125 0.021484375 0.025390625
0 0.48828125 0.3525390625 0.029296875 0.029296875
1 0.037109375 0.5830078125 0.041015625 0.0751953125
1 0.4248046875 0.3935546875 0.015625 0.021484375
1 0.1025390625 0.560546875 0.029296875 0.041015625
1 0.9326171875 0.611328125 0.056640625 0.0498046875
0 0.3486328125 0.322265625 0.025390625 0.015625
0 0.2177734375 0.3447265625 0.033203125 0.029296875
1 0.478515625 0.4150390625 0.0205078125 0.033203125
1 0.4453125 0.41015625 0.0185546875 0.033203125
1 0.59375 0.39453125 0.0185546875 0.033203125
1 0.3662109375 0.4599609375 0.017578125 0.033203125
1 0.2412109375 0.642578125 0.0263671875 0.0439453125
1 0.8955078125 0.5859375 0.037109375 0.0595703125
1 0.4619140625 0.3681640625 0.029296875 0.0361328125
1 0.658203125 0.595703125 0.1376953125 0.1953125
1 0.6435546875 0.537109375 0.0283203125 0.0419921875
1 0.1845703125 0.451171875 0.015625 0.025390625
1 0.9755859375 0.6318359375 0.0263671875 0.0576171875
1 0.89453125 0.650390625 0.0732421875 0.0732421875
1 0.755859375 0.70703125 0.0263671875 0.0390625
1 0.078125 0.341796875 0.0185546875 0.0185546875
1 0.478515625 0.37890625 0.017578125 0.0263671875
0 0.943359375 0.56640625 0.083984375 0.0576171875
1 0.06640625 0.3427734375 0.0078125 0.017578125
1 0.796875 0.8388671875 0.3125 0.103515625
1 0.5712890625 0.392578125 0.0205078125 0.025390625
1 0.021484375 0.474609375 0.0205078125 0.0234375
1 0.90234375 0.7294921875 0.029296875 0.072265625
1 0.818359375 0.537109375 0.0263671875 0.0498046875