0 0.1923828125 0.748046875 0.125 0.162109375
0 0.337890625 0.7265625 0.0986328125 0.119140625
1 0.0810546875 0.759765625 0.046875 0.0732421875
0 0.5380859375 0.3544921875 0.0419921875 0.0439453125
1 0.3076171875 0.833984375 0.0498046875 0.0908203125
1 0.515625 0.474609375 0.0341796875 0.046875
0 0.1337890625 0.4013671875 0.064453125 0.037109375
0 0.490234375 0.361328125 0.0361328125 0.033203125
1 0.4130859375 0.8017578125 0.0546875 0.072265625
1 0.6103515625 0.4951171875 0.033203125 0.037109375
1 0.1123046875 0.6748046875 0.046875 0.0595703125
0 0.513671875 0.4208984375 0.0546875 0.0576171875
1 0.5751953125 0.4052734375 0.0126953125 0.0205078125
0 0.5087890625 0.333984375 0.029296875 0.029296875
1 0.068359375 0.5380859375 0.029296875 0.0517578125
1 0.4521484375 0.37109375 0.017578125 0.029296875
1 0.64453125 0.490234375 0.0234375 0.041015625
1 0.5537109375 0.4423828125 0.0263671875 0.0341796875
1 0.4970703125 0.453125 0.0185546875 0.0341796875
1 0.427734375 0.701171875 0.0419921875 0.0673828125
1 0.21484375 0.4501953125 0.0205078125 0.025390625
1 0.58984375 0.482421875 0.0205078125 0.037109375
1 0.55078125 0.47265625 0.0205078125 0.0419921875
1 0.4580078125 0.7822265625 0.041015625 0.060546875
1 0.9697265625 0.5888671875 0.0361328125 0.041015625
1 0.4189453125 0.427734375 0.021484375 0.033203125
1 0.4638671875 0.4501953125 0.041015625 0.0498046875
0 0.7802734375 0.55859375 0.1513671875 0.076171875
1 0.845703125 0.646484375 0.0390625 0.064453125
1 0.892578125 0.5625 0.0390625 0.0341796875
1 0.041015625 0.5576171875 0.0185546875 0.0341796875
0 0.2333984375 0.3701171875 0.0546875 0.03125
1 0.462890625 0.4208984375 0.0205078125 0.0234375
1 0.029296875 0.6025390625 0.03125 0.0419921875
1 0.6201171875 0.462890625 0.0185546875 0.0283203125
0 0.326171875 0.3955078125 0.0732421875 0.041015625
1 0.970703125 0.544921875 0.025390625 0.025390625
0 0.19921875 0.875 0.107421875 0.03125
1 0.931640625 0.572265625 0.0595703125 0.052734375
1 0.6796875 0.509765625 0.021484375 0.041015625
1 0.2490234375 0.35546875 0.013671875 0.0234375
1 0.025390625 0.373046875 0.0126953125 0.0205078125
1 0.0458984375 0.37890625 0.0107421875 0.013671875
1 0.1669921875 0.365234375 0.0126953125 0.017578125
1 0.5458984375 0.416015625 0.013671875 0.0205078125
1 0.06640625 0.349609375 0.0234375 0.0263671875