0 0.3330078125 0.740234375 0.115234375 0.158203125
0 0.5634765625 0.501953125 0.0673828125 0.0888671875
0 0.55859375 0.5849609375 0.0830078125 0.1015625
0 0.212890625 0.6376953125 0.09375 0.1064453125
0 0.146484375 0.4208984375 0.037109375 0.0390625
1 0.6220703125 0.501953125 0.025390625 0.041015625
1 0.658203125 0.5791015625 0.0439453125 0.060546875
1 0.818359375 0.5859375 0.078125 0.0810546875
0 0.322265625 0.552734375 0.072265625 0.080078125
1 0.6943359375 0.548828125 0.048828125 0.0498046875
0 0.2314453125 0.5390625 0.068359375 0.078125
1 0.4013671875 0.607421875 0.025390625 0.0439453125
1 0.640625 0.53515625 0.021484375 0.0361328125
0 0.240234375 0.478515625 0.0517578125 0.056640625
1 0.80078125 0.744140625 0.0576171875 0.087890625
1 0.4873046875 0.505859375 0.025390625 0.041015625
1 0.4873046875 0.580078125 0.0283203125 0.0498046875
0 0.5126953125 0.40234375 0.041015625 0.0419921875
0 0.5078125 0.33984375 0.037109375 0.033203125
1 0.6142578125 0.4697265625 0.025390625 0.0263671875
0 0.298828125 0.447265625 0.044921875 0.0546875
0 0.46484375 0.4404296875 0.0390625 0.056640625
1 0.4130859375 0.4423828125 0.017578125 0.03125
0 0.189453125 0.376953125 0.03125 0.0341796875
1 0.947265625 0.689453125 0.076171875 0.083984375
1 0.4384765625 0.4990234375 0.017578125 0.029296875
1 0.8916015625 0.6435546875 0.0732421875 0.078125
1 0.513671875 0.478515625 0.0263671875 0.037109375
1 0.75390625 0.6376953125 0.044921875 0.0751953125
1 0.1337890625 0.650390625 0.0263671875 0.037109375
1 0.572265625 0.4384765625 0.0185546875 0.033203125
1 0.443359375 0.3916015625 0.015625 0.029296875
1 0.59375 0.4208984375 0.015625 0.0390625
1 0.060546875 0.482421875 0.0234375 0.033203125
1 0.55078125 0.43359375 0.029296875 0.0390625
0 0.552734375 0.3740234375 0.03125 0.033203125
1 0.8935546875 0.5791015625 0.037109375 0.044921875
1 0.716796875 0.517578125 0.037109375 0.03125
0 0.9482421875 0.5751953125 0.0751953125 0.056640625
1 0.4794921875 0.3583984375 0.015625 0.0234375
1 0.029296875 0.560546875 0.033203125 0.044921875
0 0.140625 0.478515625 0.03125 0.052734375
1 0.5751953125 0.54296875 0.025390625 0.029296875
1 0.2587890625 0.6826171875 0.033203125 0.0595703125
1 0.4599609375 0.369140625 0.0361328125 0.0361328125
1 0.958984375 0.626953125 0.044921875 0.0595703125
1 0.1904296875 0.466796875 0.015625 0.0283203125
1 0.8974609375 0.544921875 0.029296875 0.0361328125
1 0.16015625 0.5029296875 0.029296875 0.046875
0 0.162109375 0.341796875 0.0263671875 0.025390625
1 0.080078125 0.728515625 0.0498046875 0.0751953125
0 0.2890625 0.4130859375 0.0439453125 0.029296875
0 0.2255859375 0.3544921875 0.0234375 0.025390625
1 0.4873046875 0.427734375 0.021484375 0.0419921875
1 0.4541015625 0.505859375 0.0234375 0.044921875
1 0.0908203125 0.65625 0.0283203125 0.046875
1 0.63671875 0.439453125 0.0390625 0.0361328125