0 0.326171875 0.798828125 0.1376953125 0.1796875
0 0.2041015625 0.662109375 0.1015625 0.111328125
0 0.537109375 0.462890625 0.060546875 0.068359375
0 0.5009765625 0.509765625 0.0703125 0.083984375
1 0.150390625 0.578125 0.033203125 0.0498046875
1 0.576171875 0.66796875 0.033203125 0.0546875
0 0.322265625 0.583984375 0.076171875 0.0859375
0 0.228515625 0.5615234375 0.076171875 0.0830078125
1 0.693359375 0.5830078125 0.0439453125 0.0751953125
0 0.240234375 0.4990234375 0.0576171875 0.0576171875
1 0.8232421875 0.576171875 0.083984375 0.0908203125
1 0.1611328125 0.4853515625 0.0185546875 0.029296875
0 0.306640625 0.4677734375 0.0498046875 0.0546875
1 0.767578125 0.7041015625 0.041015625 0.0859375
1 0.5986328125 0.501953125 0.021484375 0.0390625
1 0.4404296875 0.7255859375 0.03125 0.0546875
0 0.1640625 0.455078125 0.041015625 0.0498046875
1 0.126953125 0.7294921875 0.041015625 0.0625
1 0.658203125 0.56640625 0.0361328125 0.060546875
1 0.6171875 0.4873046875 0.015625 0.0341796875
0 0.455078125 0.42578125 0.0419921875 0.048828125
1 0.416015625 0.4365234375 0.0185546875 0.033203125
1 0.0595703125 0.482421875 0.025390625 0.03125
1 0.568359375 0.447265625 0.025390625 0.0361328125
1 0.94921875 0.6884765625 0.0732421875 0.0859375
1 0.7333984375 0.5419921875 0.0390625 0.0439453125
1 0.1904296875 0.513671875 0.0185546875 0.041015625
1 0.173828125 0.396484375 0.015625 0.021484375
1 0.2353515625 0.779296875 0.0390625 0.052734375
0 0.298828125 0.427734375 0.0517578125 0.0419921875
0 0.5126953125 0.3369140625 0.041015625 0.033203125
1 0.8955078125 0.6494140625 0.072265625 0.076171875
0 0.033203125 0.8173828125 0.0439453125 0.087890625
1 0.5087890625 0.4443359375 0.0205078125 0.029296875
0 0.6337890625 0.44140625 0.044921875 0.0419921875
1 0.9140625 0.8310546875 0.0595703125 0.0908203125
1 0.6904296875 0.533203125 0.0341796875 0.046875
1 0.5712890625 0.419921875 0.0234375 0.03125
1 0.89453125 0.5791015625 0.0361328125 0.048828125
1 0.130859375 0.5244140625 0.03125 0.048828125
1 0.03125 0.5712890625 0.037109375 0.064453125
0 0.1103515625 0.474609375 0.0517578125 0.044921875
1 0.7353515625 0.8349609375 0.0703125 0.1044921875
1 0.927734375 0.607421875 0.0498046875 0.0390625
1 0.591796875 0.41015625 0.015625 0.033203125
0 0.48046875 0.384765625 0.0361328125 0.0439453125
1 0.4638671875 0.36328125 0.015625 0.0263671875
0 0.517578125 0.392578125 0.033203125 0.0341796875
1 0.8984375 0.544921875 0.0283203125 0.037109375
1 0.095703125 0.689453125 0.0234375 0.041015625
1 0.0693359375 0.697265625 0.0390625 0.0595703125
1 0.736328125 0.7578125 0.0390625 0.0654296875
1 0.236328125 0.72265625 0.015625 0.0234375
1 0.716796875 0.466796875 0.025390625 0.037109375
0 0.3525390625 0.3203125 0.033203125 0.015625
1 0.9716796875 0.638671875 0.0283203125 0.052734375
1 0.4365234375 0.40625 0.017578125 0.0283203125
1 0.421875 0.412109375 0.0185546875 0.0234375
0 0.453125 0.470703125 0.037109375 0.0439453125