0 0.1923828125 0.7470703125 0.1220703125 0.162109375
0 0.51171875 0.4228515625 0.0546875 0.0576171875
0 0.337890625 0.7265625 0.0986328125 0.119140625
1 0.306640625 0.8525390625 0.0498046875 0.064453125
0 0.5380859375 0.35546875 0.0419921875 0.044921875
1 0.0791015625 0.7587890625 0.044921875 0.076171875
0 0.142578125 0.4052734375 0.0654296875 0.0419921875
0 0.490234375 0.361328125 0.037109375 0.033203125
1 0.515625 0.474609375 0.037109375 0.048828125
1 0.427734375 0.654296875 0.037109375 0.0654296875
1 0.57421875 0.396484375 0.0205078125 0.03125
1 0.453125 0.369140625 0.021484375 0.029296875
1 0.6103515625 0.4970703125 0.033203125 0.037109375
1 0.64453125 0.4912109375 0.0234375 0.0390625
0 0.5087890625 0.333984375 0.029296875 0.029296875
1 0.5546875 0.4404296875 0.0283203125 0.037109375
1 0.412109375 0.806640625 0.048828125 0.060546875
1 0.111328125 0.6728515625 0.056640625 0.0673828125
1 0.068359375 0.5341796875 0.029296875 0.0498046875
1 0.5908203125 0.482421875 0.021484375 0.0390625
1 0.458984375 0.7822265625 0.0390625 0.0576171875
1 0.55078125 0.47265625 0.0205078125 0.0419921875
1 0.2265625 0.4501953125 0.025390625 0.03125
1 0.4150390625 0.427734375 0.0234375 0.03125
1 0.904296875 0.560546875 0.0498046875 0.0390625
1 0.4970703125 0.453125 0.0185546875 0.0341796875
1 0.46484375 0.4521484375 0.0361328125 0.044921875
0 0.8017578125 0.5615234375 0.140625 0.0732421875
1 0.4208984375 0.7373046875 0.048828125 0.0498046875
1 0.56640625 0.3759765625 0.0205078125 0.0234375
1 0.154296875 0.435546875 0.021484375 0.0234375
1 0.845703125 0.6474609375 0.0361328125 0.060546875
0 0.2333984375 0.369140625 0.0517578125 0.029296875
0 0.95703125 0.572265625 0.0576171875 0.0595703125
1 0.6201171875 0.462890625 0.0185546875 0.03125
1 0.4609375 0.421875 0.0283203125 0.025390625
1 0.873046875 0.544921875 0.0234375 0.0234375
1 0.677734375 0.509765625 0.021484375 0.0419921875
1 0.4287109375 0.357421875 0.0107421875 0.0185546875
1 0.7177734375 0.876953125 0.0390625 0.0283203125
1 0.029296875 0.734375 0.037109375 0.0498046875
1 0.0595703125 0.478515625 0.025390625 0.0390625
0 0.1962890625 0.8759765625 0.1044921875 0.029296875
0 0.322265625 0.3955078125 0.087890625 0.0439453125
1 0.8935546875 0.5244140625 0.03125 0.0390625
1 0.0302734375 0.5771484375 0.033203125 0.0673828125
1 0.1669921875 0.365234375 0.0126953125 0.0185546875
0 0.185546875 0.3251953125 0.037109375 0.025390625
1 0.5478515625 0.416015625 0.013671875 0.0205078125
1 0.5556640625 0.833984375 0.064453125 0.1015625
1 0.2490234375 0.3544921875 0.013671875 0.021484375
1 0.3291015625 0.357421875 0.017578125 0.021484375