0 0.1923828125 0.75 0.125 0.162109375
1 0.52734375 0.685546875 0.048828125 0.0703125
0 0.3388671875 0.7265625 0.099609375 0.119140625
1 0.568359375 0.767578125 0.044921875 0.0908203125
0 0.5107421875 0.4267578125 0.046875 0.0595703125
1 0.591796875 0.462890625 0.03125 0.0419921875
1 0.80078125 0.6640625 0.0673828125 0.0810546875
1 0.7138671875 0.6875 0.041015625 0.0654296875
1 0.615234375 0.697265625 0.0419921875 0.0654296875
1 0.8623046875 0.6728515625 0.078125 0.080078125
1 0.6357421875 0.7890625 0.046875 0.087890625
1 0.634765625 0.490234375 0.025390625 0.033203125
1 0.841796875 0.7861328125 0.0703125 0.087890625
0 0.4873046875 0.3603515625 0.0439453125 0.033203125
0 0.5380859375 0.34765625 0.0419921875 0.033203125
1 0.4296875 0.677734375 0.041015625 0.060546875
1 0.5791015625 0.5703125 0.0361328125 0.0498046875
1 0.5146484375 0.5166015625 0.044921875 0.0576171875
1 0.5771484375 0.4384765625 0.0234375 0.0361328125
1 0.560546875 0.5380859375 0.0263671875 0.0419921875
0 0.9306640625 0.578125 0.1142578125 0.0595703125
1 0.7509765625 0.7763671875 0.0546875 0.0908203125
1 0.0791015625 0.7587890625 0.044921875 0.076171875
1 0.498046875 0.4775390625 0.041015625 0.0361328125
1 0.4091796875 0.5322265625 0.03125 0.0546875
1 0.716796875 0.6298828125 0.041015625 0.046875
1 0.708984375 0.466796875 0.0263671875 0.03125
1 0.666015625 0.7060546875 0.0439453125 0.0498046875
1 0.3056640625 0.8623046875 0.0361328125 0.056640625
1 0.9501953125 0.6357421875 0.068359375 0.068359375
1 0.451171875 0.373046875 0.0185546875 0.0283203125
0 0.5078125 0.3369140625 0.037109375 0.033203125
1 0.033203125 0.7880859375 0.0419921875 0.0673828125
1 0.34375 0.443359375 0.03125 0.0283203125
1 0.5390625 0.5380859375 0.021484375 0.044921875
1 0.673828125 0.638671875 0.0361328125 0.0546875
1 0.61328125 0.5849609375 0.033203125 0.0546875
1 0.7392578125 0.583984375 0.037109375 0.0390625
1 0.4521484375 0.509765625 0.0361328125 0.0517578125
1 0.48046875 0.4326171875 0.0234375 0.037109375
1 0.5537109375 0.4248046875 0.017578125 0.0341796875
1 0.3330078125 0.591796875 0.1064453125 0.0546875
1 0.65625 0.4619140625 0.025390625 0.033203125
1 0.650390625 0.5224609375 0.0341796875 0.0419921875
1 0.6484375 0.5830078125 0.0341796875 0.0439453125
1 0.5390625 0.583984375 0.025390625 0.041015625
1 0.595703125 0.5205078125 0.048828125 0.046875
1 0.0966796875 0.5859375 0.0283203125 0.0498046875
1 0.841796875 0.587890625 0.0390625 0.041015625
1 0.890625 0.384765625 0.0185546875 0.0263671875
1 0.2666015625 0.59375 0.033203125 0.0498046875
0 0.9326171875 0.529296875 0.1064453125 0.060546875
1 0.328125 0.423828125 0.015625 0.0283203125
1 0.0791015625 0.478515625 0.064453125 0.041015625
1 0.4619140625 0.724609375 0.0361328125 0.1015625
1 0.8798828125 0.6123046875 0.03125 0.037109375
1 0.67578125 0.66015625 0.2080078125 0.263671875
1 0.5234375 0.642578125 0.0341796875 0.041015625
0 0.3525390625 0.3212890625 0.033203125 0.017578125
1 0.5771484375 0.3759765625 0.017578125 0.033203125
1 0.4931640625 0.595703125 0.029296875 0.037109375
1 0.634765625 0.55859375 0.025390625 0.033203125
1 0.615234375 0.630859375 0.037109375 0.046875
1 0.220703125 0.6220703125 0.037109375 0.083984375
1 0.83203125 0.4892578125 0.013671875 0.0185546875
1 0.6025390625 0.455078125 0.154296875 0.1142578125
1 0.759765625 0.5546875 0.0283203125 0.0341796875
1 0.076171875 0.337890625 0.015625 0.021484375
1 0.5458984375 0.400390625 0.013671875 0.03125
1 0.025390625 0.564453125 0.025390625 0.052734375
1 0.7275390625 0.5517578125 0.0205078125 0.03125
1 0.0302734375 0.84375 0.0419921875 0.0595703125
1 0.6767578125 0.513671875 0.0283203125 0.037109375
1 0.7861328125 0.865234375 0.03125 0.0498046875
1 0.2822265625 0.412109375 0.0576171875 0.037109375
1 0.0244140625 0.3740234375 0.0107421875 0.0234375
1 0.79296875 0.5751953125 0.029296875 0.037109375
1 0.873046875 0.357421875 0.0234375 0.0263671875
1 0.52734375 0.400390625 0.013671875 0.0341796875
1 0.7724609375 0.4775390625 0.0205078125 0.0263671875