0 0.1923828125 0.7490234375 0.125 0.1640625
0 0.51171875 0.4267578125 0.0576171875 0.0595703125
0 0.337890625 0.7275390625 0.0986328125 0.1201171875
1 0.2744140625 0.4638671875 0.0263671875 0.03125
0 0.4765625 0.505859375 0.119140625 0.0703125
1 0.078125 0.75 0.052734375 0.087890625
0 0.5400390625 0.3525390625 0.044921875 0.0419921875
1 0.0673828125 0.537109375 0.0283203125 0.037109375
1 0.580078125 0.490234375 0.0283203125 0.0390625
1 0.3369140625 0.4990234375 0.0361328125 0.0390625
1 0.595703125 0.3935546875 0.0185546875 0.03125
1 0.1484375 0.4541015625 0.025390625 0.033203125
1 0.119140625 0.568359375 0.033203125 0.048828125
1 0.564453125 0.3740234375 0.0283203125 0.033203125
1 0.1748046875 0.482421875 0.025390625 0.03125
1 0.0986328125 0.4140625 0.025390625 0.025390625
1 0.2333984375 0.447265625 0.0263671875 0.03125
1 0.46875 0.4462890625 0.0283203125 0.0361328125
1 0.4560546875 0.779296875 0.037109375 0.0625
1 0.306640625 0.8330078125 0.046875 0.087890625
0 0.4931640625 0.361328125 0.0390625 0.0341796875
1 0.6044921875 0.5009765625 0.0283203125 0.0361328125
1 0.5390625 0.462890625 0.025390625 0.0390625
1 0.4970703125 0.455078125 0.0185546875 0.03125
1 0.2080078125 0.474609375 0.0283203125 0.0390625
1 0.1494140625 0.4208984375 0.0205078125 0.029296875
1 0.4150390625 0.791015625 0.0576171875 0.083984375
1 0.837890625 0.5986328125 0.0390625 0.041015625
1 0.458984375 0.3623046875 0.0234375 0.03125
1 0.07421875 0.404296875 0.0205078125 0.021484375
1 0.5859375 0.455078125 0.0185546875 0.021484375
1 0.18359375 0.4140625 0.0205078125 0.0283203125
0 0.0390625 0.3759765625 0.041015625 0.0263671875
1 0.640625 0.4677734375 0.03125 0.033203125
1 0.560546875 0.451171875 0.015625 0.025390625
1 0.5771484375 0.564453125 0.064453125 0.060546875
1 0.064453125 0.4814453125 0.0263671875 0.0341796875
1 0.427734375 0.6806640625 0.0361328125 0.0390625
1 0.662109375 0.509765625 0.021484375 0.0341796875
1 0.2265625 0.41796875 0.0283203125 0.0263671875
1 0.1171875 0.4013671875 0.0185546875 0.0283203125
0 0.509765625 0.3330078125 0.029296875 0.025390625
1 0.064453125 0.650390625 0.0703125 0.0751953125
0 0.2353515625 0.361328125 0.0546875 0.03125
1 0.46484375 0.4228515625 0.013671875 0.017578125
1 0.1591796875 0.337890625 0.025390625 0.0205078125
1 0.5830078125 0.361328125 0.0185546875 0.0263671875
1 0.681640625 0.447265625 0.017578125 0.0205078125
1 0.8916015625 0.3857421875 0.017578125 0.025390625
1 0.0302734375 0.58203125 0.029296875 0.0859375
1 0.623046875 0.5439453125 0.0625 0.056640625
1 0.880859375 0.5966796875 0.0234375 0.0283203125
1 0.548828125 0.443359375 0.017578125 0.0263671875
0 0.1923828125 0.875 0.09375 0.0283203125
1 0.6181640625 0.4599609375 0.0205078125 0.029296875
0 0.146484375 0.3740234375 0.048828125 0.033203125
1 0.1845703125 0.326171875 0.0341796875 0.0234375