0 0.3203125 0.798828125 0.146484375 0.1767578125
1 0.166015625 0.5576171875 0.0263671875 0.046875
1 0.521484375 0.6728515625 0.03125 0.0546875
0 0.1943359375 0.697265625 0.107421875 0.1201171875
0 0.240234375 0.5078125 0.0625 0.068359375
1 0.822265625 0.5771484375 0.083984375 0.080078125
1 0.7236328125 0.533203125 0.052734375 0.052734375
1 0.6552734375 0.482421875 0.0419921875 0.0419921875
1 0.1123046875 0.544921875 0.021484375 0.033203125
0 0.224609375 0.576171875 0.078125 0.0888671875
0 0.3173828125 0.6494140625 0.0908203125 0.111328125
1 0.107421875 0.603515625 0.025390625 0.0390625
1 0.380859375 0.494140625 0.0205078125 0.0341796875
1 0.8037109375 0.49609375 0.0390625 0.029296875
0 0.505859375 0.349609375 0.0341796875 0.0390625
1 0.1494140625 0.48046875 0.0234375 0.029296875
1 0.046875 0.595703125 0.037109375 0.0576171875
0 0.3212890625 0.5458984375 0.0703125 0.080078125
0 0.4189453125 0.3984375 0.041015625 0.0439453125
1 0.748046875 0.48828125 0.037109375 0.033203125
0 0.466796875 0.4541015625 0.0673828125 0.0703125
1 0.8974609375 0.544921875 0.0419921875 0.0439453125
1 0.630859375 0.443359375 0.037109375 0.03125
1 0.560546875 0.390625 0.015625 0.021484375
1 0.0869140625 0.775390625 0.044921875 0.064453125
1 0.0693359375 0.4794921875 0.0390625 0.037109375
1 0.4033203125 0.419921875 0.015625 0.0283203125
1 0.8974609375 0.6533203125 0.080078125 0.0810546875
1 0.181640625 0.521484375 0.021484375 0.0341796875
1 0.123046875 0.6689453125 0.0390625 0.0751953125
1 0.17578125 0.47265625 0.0234375 0.0390625
0 0.478515625 0.359375 0.033203125 0.037109375
0 0.2509765625 0.3955078125 0.0546875 0.056640625
1 0.9609375 0.7001953125 0.052734375 0.0751953125
1 0.587890625 0.3935546875 0.0126953125 0.021484375
1 0.896484375 0.587890625 0.044921875 0.0576171875
1 0.970703125 0.5224609375 0.03125 0.029296875
1 0.435546875 0.4912109375 0.021484375 0.0361328125
0 0.392578125 0.3662109375 0.0419921875 0.029296875
1 0.6376953125 0.6552734375 0.0439453125 0.0546875
1 0.357421875 0.3603515625 0.0205078125 0.0234375
1 0.0244140625 0.564453125 0.0234375 0.0498046875
1 0.443359375 0.40625 0.021484375 0.03125
0 0.533203125 0.3291015625 0.0439453125 0.029296875
1 0.021484375 0.4765625 0.021484375 0.03125
1 0.171875 0.421875 0.021484375 0.025390625
1 0.826171875 0.4970703125 0.015625 0.0185546875
1 0.560546875 0.3701171875 0.025390625 0.03125
1 0.1318359375 0.427734375 0.0205078125 0.033203125
1 0.9130859375 0.513671875 0.0205078125 0.0283203125
1 0.216796875 0.4130859375 0.03125 0.033203125
1 0.759765625 0.8330078125 0.0419921875 0.052734375
1 0.2041015625 0.4619140625 0.0263671875 0.0390625
1 0.837890625 0.537109375 0.0263671875 0.037109375
1 0.4228515625 0.369140625 0.0234375 0.0283203125
0 0.9521484375 0.576171875 0.0673828125 0.0595703125
1 0.9716796875 0.630859375 0.03125 0.064453125
0 0.3125 0.4462890625 0.068359375 0.0859375
1 0.23046875 0.357421875 0.017578125 0.021484375