0 0.3203125 0.798828125 0.150390625 0.1767578125
1 0.5546875 0.560546875 0.03125 0.0595703125
1 0.162109375 0.580078125 0.033203125 0.060546875
0 0.193359375 0.7158203125 0.1201171875 0.1376953125
1 0.509765625 0.6435546875 0.0341796875 0.0625
1 0.404296875 0.4609375 0.025390625 0.037109375
0 0.3173828125 0.6484375 0.0908203125 0.109375
1 0.822265625 0.5810546875 0.0830078125 0.083984375
0 0.240234375 0.5087890625 0.064453125 0.0703125
1 0.3818359375 0.5302734375 0.0234375 0.048828125
1 0.5625 0.392578125 0.015625 0.025390625
1 0.6865234375 0.5498046875 0.0517578125 0.056640625
1 0.587890625 0.4541015625 0.0361328125 0.0517578125
0 0.2255859375 0.5771484375 0.080078125 0.0888671875
1 0.8466796875 0.8017578125 0.072265625 0.1533203125
1 0.943359375 0.68359375 0.083984375 0.091796875
0 0.41015625 0.3916015625 0.0419921875 0.0361328125
0 0.505859375 0.3466796875 0.033203125 0.0341796875
1 0.09765625 0.6416015625 0.029296875 0.044921875
1 0.0458984375 0.5849609375 0.029296875 0.044921875
0 0.3212890625 0.548828125 0.0703125 0.080078125
0 0.3271484375 0.4912109375 0.0673828125 0.060546875
0 0.4794921875 0.357421875 0.03125 0.033203125
1 0.1025390625 0.5751953125 0.0234375 0.037109375
1 0.1513671875 0.4833984375 0.025390625 0.0419921875
1 0.689453125 0.474609375 0.0361328125 0.0361328125
1 0.5927734375 0.3974609375 0.017578125 0.0234375
1 0.6953125 0.681640625 0.03125 0.0673828125
1 0.609375 0.4560546875 0.015625 0.03125
1 0.060546875 0.4814453125 0.0263671875 0.037109375
1 0.3876953125 0.3955078125 0.015625 0.025390625
1 0.19140625 0.486328125 0.0205078125 0.037109375
0 0.2548828125 0.3955078125 0.052734375 0.0595703125
1 0.193359375 0.42578125 0.0234375 0.0263671875
1 0.8955078125 0.5849609375 0.046875 0.060546875
1 0.0498046875 0.849609375 0.0341796875 0.0732421875
1 0.1015625 0.724609375 0.041015625 0.0732421875
1 0.216796875 0.4140625 0.03125 0.0341796875
0 0.5302734375 0.3291015625 0.0419921875 0.029296875
1 0.025390625 0.564453125 0.025390625 0.0517578125
1 0.134765625 0.478515625 0.0185546875 0.03125
1 0.4423828125 0.447265625 0.015625 0.021484375
1 0.150390625 0.416015625 0.033203125 0.041015625
1 0.7841796875 0.4814453125 0.0341796875 0.041015625
1 0.4755859375 0.4453125 0.017578125 0.0439453125
1 0.9658203125 0.603515625 0.037109375 0.0576171875
0 0.3857421875 0.357421875 0.0439453125 0.0263671875
1 0.642578125 0.4423828125 0.0361328125 0.03125
1 0.6181640625 0.431640625 0.017578125 0.03125
0 0.443359375 0.400390625 0.029296875 0.037109375
1 0.9755859375 0.5205078125 0.0234375 0.0283203125
1 0.4287109375 0.427734375 0.013671875 0.0390625
0 0.494140625 0.318359375 0.0341796875 0.021484375
1 0.17578125 0.5302734375 0.0263671875 0.0517578125
1 0.353515625 0.3544921875 0.0283203125 0.025390625