0 0.7763671875 0.7265625 0.1748046875 0.181640625
0 0.548828125 0.498046875 0.064453125 0.0673828125
0 0.2197265625 0.5107421875 0.064453125 0.072265625
1 0.2412109375 0.666015625 0.0361328125 0.0654296875
1 0.28125 0.513671875 0.0283203125 0.046875
1 0.818359375 0.5732421875 0.0810546875 0.0908203125
1 0.6826171875 0.544921875 0.0498046875 0.052734375
0 0.5234375 0.4287109375 0.046875 0.0517578125
1 0.134765625 0.4189453125 0.0263671875 0.03125
1 0.41015625 0.4521484375 0.0205078125 0.029296875
1 0.166015625 0.68359375 0.029296875 0.0546875
1 0.1689453125 0.4580078125 0.021484375 0.0341796875
1 0.9052734375 0.654296875 0.0673828125 0.068359375
1 0.7236328125 0.5361328125 0.0498046875 0.0498046875
1 0.6025390625 0.4970703125 0.0263671875 0.046875
1 0.267578125 0.435546875 0.021484375 0.0263671875
1 0.619140625 0.5791015625 0.0439453125 0.0673828125
0 0.4619140625 0.4296875 0.0390625 0.041015625
1 0.3564453125 0.4365234375 0.021484375 0.029296875
1 0.1318359375 0.5634765625 0.0263671875 0.0419921875
0 0.5595703125 0.4033203125 0.0341796875 0.037109375
1 0.1474609375 0.4951171875 0.0234375 0.037109375
1 0.642578125 0.6181640625 0.03125 0.0576171875
1 0.623046875 0.509765625 0.0205078125 0.03125
1 0.2041015625 0.4521484375 0.0205078125 0.033203125
1 0.18359375 0.380859375 0.013671875 0.021484375
1 0.369140625 0.49609375 0.0419921875 0.0546875
1 0.630859375 0.669921875 0.037109375 0.0498046875
1 0.263671875 0.5908203125 0.0361328125 0.0498046875
1 0.224609375 0.44140625 0.0205078125 0.033203125
1 0.64453125 0.7421875 0.0390625 0.068359375
0 0.228515625 0.3505859375 0.025390625 0.029296875
1 0.060546875 0.4794921875 0.0263671875 0.037109375
1 0.462890625 0.52734375 0.037109375 0.060546875
1 0.57421875 0.4697265625 0.017578125 0.0263671875
1 0.26953125 0.3984375 0.017578125 0.025390625
1 0.1083984375 0.4833984375 0.033203125 0.033203125
1 0.896484375 0.541015625 0.033203125 0.0390625
1 0.6142578125 0.779296875 0.041015625 0.080078125
1 0.73046875 0.626953125 0.0419921875 0.0361328125
1 0.1669921875 0.421875 0.0185546875 0.03125
1 0.96484375 0.6650390625 0.0419921875 0.048828125
1 0.0859375 0.4033203125 0.03125 0.0341796875
1 0.201171875 0.4208984375 0.017578125 0.0234375
1 0.4521484375 0.3642578125 0.013671875 0.025390625
1 0.4697265625 0.4521484375 0.017578125 0.0263671875
1 0.1923828125 0.365234375 0.0126953125 0.017578125
1 0.189453125 0.490234375 0.0126953125 0.017578125
0 0.4970703125 0.341796875 0.0283203125 0.0283203125
1 0.103515625 0.7314453125 0.0341796875 0.041015625
0 0.5341796875 0.3564453125 0.0283203125 0.0283203125
1 0.67578125 0.5048828125 0.0263671875 0.041015625
1 0.2255859375 0.41015625 0.0205078125 0.029296875
1 0.3642578125 0.4033203125 0.0185546875 0.0341796875
1 0.8974609375 0.5751953125 0.0419921875 0.0439453125
1 0.63671875 0.439453125 0.0390625 0.0341796875
1 0.1796875 0.330078125 0.0185546875 0.0185546875
1 0.4912109375 0.408203125 0.017578125 0.03125
1 0.244140625 0.4931640625 0.013671875 0.0234375
0 0.5703125 0.3759765625 0.0283203125 0.029296875
1 0.021484375 0.4873046875 0.0205078125 0.041015625
1 0.2265625 0.4267578125 0.109375 0.087890625
1 0.693359375 0.6865234375 0.025390625 0.0576171875
1 0.4111328125 0.42578125 0.0185546875 0.0263671875
1 0.142578125 0.6064453125 0.0361328125 0.052734375
0 0.951171875 0.5830078125 0.0703125 0.068359375
1 0.0771484375 0.337890625 0.0205078125 0.0205078125
1 0.1923828125 0.626953125 0.181640625 0.181640625
0 0.5126953125 0.392578125 0.03125 0.029296875
1 0.705078125 0.7939453125 0.046875 0.083984375
0 0.3525390625 0.3193359375 0.029296875 0.0205078125
1 0.423828125 0.509765625 0.041015625 0.0673828125
1 0.8173828125 0.533203125 0.021484375 0.033203125
1 0.9384765625 0.732421875 0.033203125 0.083984375
1 0.0224609375 0.373046875 0.017578125 0.0234375
1 0.6787109375 0.439453125 0.017578125 0.0341796875