0 0.322265625 0.798828125 0.146484375 0.1767578125
0 0.5380859375 0.4833984375 0.080078125 0.0859375
0 0.3154296875 0.6474609375 0.0908203125 0.111328125
1 0.623046875 0.6884765625 0.048828125 0.0888671875
0 0.2412109375 0.5126953125 0.064453125 0.0810546875
1 0.12890625 0.5390625 0.0263671875 0.037109375
1 0.5224609375 0.421875 0.0361328125 0.041015625
1 0.822265625 0.5751953125 0.087890625 0.083984375
1 0.560546875 0.439453125 0.0283203125 0.0341796875
1 0.4033203125 0.626953125 0.0283203125 0.046875
0 0.1484375 0.798828125 0.171875 0.1767578125
1 0.9462890625 0.689453125 0.076171875 0.080078125
1 0.716796875 0.7109375 0.056640625 0.056640625
1 0.693359375 0.5458984375 0.0517578125 0.0546875
1 0.3984375 0.423828125 0.025390625 0.0390625
0 0.505859375 0.345703125 0.029296875 0.0361328125
1 0.4267578125 0.4453125 0.015625 0.0283203125
0 0.751953125 0.8046875 0.208984375 0.162109375
1 0.890625 0.64453125 0.078125 0.080078125
1 0.12109375 0.6279296875 0.033203125 0.0498046875
1 0.6591796875 0.462890625 0.0341796875 0.041015625
0 0.326171875 0.4912109375 0.068359375 0.060546875
1 0.0869140625 0.6533203125 0.0361328125 0.0625
1 0.0439453125 0.564453125 0.021484375 0.0419921875
0 0.4794921875 0.357421875 0.0341796875 0.041015625
1 0.5615234375 0.3876953125 0.017578125 0.025390625
0 0.5419921875 0.3349609375 0.0439453125 0.029296875
1 0.6787109375 0.62890625 0.048828125 0.060546875
1 0.9033203125 0.541015625 0.0341796875 0.037109375
1 0.5927734375 0.392578125 0.0205078125 0.0283203125
1 0.46484375 0.404296875 0.017578125 0.0419921875
1 0.5576171875 0.416015625 0.0185546875 0.0205078125
0 0.2529296875 0.3955078125 0.0498046875 0.052734375
1 0.169921875 0.5693359375 0.03125 0.0517578125
0 0.3203125 0.548828125 0.072265625 0.080078125
1 0.0634765625 0.763671875 0.048828125 0.09375
0 0.1396484375 0.419921875 0.0390625 0.033203125
1 0.1455078125 0.4951171875 0.03125 0.041015625
1 0.880859375 0.8115234375 0.0595703125 0.0888671875
1 0.408203125 0.388671875 0.025390625 0.0283203125
1 0.1875 0.5302734375 0.0439453125 0.0546875
1 0.5087890625 0.53515625 0.0234375 0.0390625
1 0.05859375 0.4794921875 0.0263671875 0.037109375
1 0.435546875 0.4013671875 0.025390625 0.03125
1 0.2138671875 0.4111328125 0.03125 0.037109375
1 0.96875 0.521484375 0.037109375 0.029296875
1 0.6318359375 0.642578125 0.0234375 0.0361328125
1 0.404296875 0.365234375 0.015625 0.015625
1 0.1083984375 0.4853515625 0.0361328125 0.0361328125
1 0.90625 0.583984375 0.0654296875 0.0625
1 0.7216796875 0.513671875 0.021484375 0.029296875
0 0.3740234375 0.3935546875 0.060546875 0.046875
1 0.830078125 0.4931640625 0.0517578125 0.033203125
1 0.470703125 0.455078125 0.015625 0.033203125
0 0.3525390625 0.3212890625 0.033203125 0.017578125
0 0.61328125 0.4189453125 0.0390625 0.0654296875
0 0.95703125 0.576171875 0.060546875 0.056640625
1 0.8671875 0.4912109375 0.0185546875 0.029296875