0 0.1923828125 0.7509765625 0.125 0.1640625
0 0.509765625 0.4111328125 0.0517578125 0.056640625
0 0.8125 0.7841796875 0.2060546875 0.2060546875
0 0.580078125 0.6494140625 0.1220703125 0.1328125
1 0.353515625 0.583984375 0.033203125 0.0703125
0 0.3388671875 0.72265625 0.099609375 0.1142578125
0 0.4892578125 0.361328125 0.0341796875 0.03125
1 0.70703125 0.5947265625 0.048828125 0.0576171875
1 0.5888671875 0.419921875 0.0283203125 0.0341796875
1 0.849609375 0.669921875 0.091796875 0.0673828125
0 0.5087890625 0.3349609375 0.033203125 0.029296875
1 0.076171875 0.7646484375 0.0498046875 0.0888671875
0 0.5 0.544921875 0.0810546875 0.095703125
0 0.9375 0.517578125 0.09375 0.0703125
1 0.55078125 0.431640625 0.0205078125 0.0341796875
1 0.7373046875 0.5380859375 0.03125 0.0361328125
1 0.666015625 0.533203125 0.0498046875 0.056640625
1 0.4189453125 0.7587890625 0.041015625 0.0859375
1 0.0361328125 0.5888671875 0.0498046875 0.0625
1 0.41015625 0.455078125 0.029296875 0.0439453125
0 0.5380859375 0.341796875 0.0263671875 0.0234375
1 0.021484375 0.474609375 0.021484375 0.0341796875
1 0.9453125 0.853515625 0.0751953125 0.0732421875
0 0.4482421875 0.5078125 0.046875 0.0625
1 0.453125 0.3623046875 0.0185546875 0.025390625
1 0.802734375 0.58203125 0.0419921875 0.0419921875
0 0.9345703125 0.591796875 0.1064453125 0.0966796875
1 0.5517578125 0.40234375 0.0283203125 0.0361328125
1 0.54296875 0.5146484375 0.044921875 0.0517578125
1 0.533203125 0.376953125 0.021484375 0.03125
1 0.123046875 0.6455078125 0.0546875 0.0595703125
1 0.57421875 0.52734375 0.0234375 0.0361328125
1 0.6171875 0.515625 0.0625 0.0654296875
1 0.55078125 0.369140625 0.017578125 0.029296875
1 0.5107421875 0.478515625 0.0283203125 0.037109375
1 0.52734375 0.4501953125 0.0205078125 0.0341796875
0 0.623046875 0.458984375 0.052734375 0.0498046875
1 0.4638671875 0.423828125 0.025390625 0.0341796875
1 0.2490234375 0.435546875 0.0205078125 0.0263671875
1 0.484375 0.46484375 0.0283203125 0.0361328125
1 0.0595703125 0.4794921875 0.025390625 0.037109375
1 0.3486328125 0.4580078125 0.025390625 0.03125
1 0.552734375 0.4736328125 0.0263671875 0.037109375
1 0.77734375 0.486328125 0.0361328125 0.029296875
1 0.595703125 0.4931640625 0.015625 0.0234375
1 0.470703125 0.3427734375 0.0107421875 0.017578125
0 0.2802734375 0.3974609375 0.158203125 0.064453125
1 0.14453125 0.783203125 0.033203125 0.044921875
1 0.869140625 0.55078125 0.0439453125 0.044921875
1 0.494140625 0.439453125 0.0126953125 0.0263671875
0 0.701171875 0.4482421875 0.0439453125 0.021484375