0 0.193359375 0.75 0.123046875 0.166015625
0 0.51171875 0.4208984375 0.044921875 0.048828125
0 0.337890625 0.728515625 0.0986328125 0.1220703125
1 0.1611328125 0.603515625 0.0341796875 0.0517578125
1 0.4091796875 0.80859375 0.046875 0.0546875
1 0.275390625 0.4775390625 0.037109375 0.0419921875
0 0.486328125 0.3623046875 0.037109375 0.03125
1 0.3056640625 0.8544921875 0.044921875 0.0654296875
1 0.0673828125 0.5302734375 0.025390625 0.0419921875
0 0.537109375 0.353515625 0.041015625 0.0419921875
1 0.0771484375 0.759765625 0.048828125 0.076171875
0 0.509765625 0.5234375 0.099609375 0.0751953125
1 0.5712890625 0.39453125 0.017578125 0.0263671875
1 0.458984375 0.7822265625 0.0390625 0.060546875
1 0.6083984375 0.498046875 0.0390625 0.044921875
0 0.509765625 0.3330078125 0.029296875 0.0283203125
1 0.384765625 0.392578125 0.0205078125 0.0283203125
1 0.4765625 0.4638671875 0.025390625 0.0341796875
1 0.560546875 0.4482421875 0.0234375 0.03125
1 0.5478515625 0.47265625 0.0205078125 0.0361328125
1 0.427734375 0.6513671875 0.0341796875 0.0625
1 0.6474609375 0.48828125 0.0205078125 0.0361328125
1 0.5283203125 0.552734375 0.025390625 0.0283203125
1 0.107421875 0.587890625 0.03125 0.044921875
1 0.5244140625 0.462890625 0.0263671875 0.0419921875
1 0.5126953125 0.3681640625 0.021484375 0.0234375
1 0.595703125 0.5732421875 0.060546875 0.0498046875
1 0.0615234375 0.4765625 0.029296875 0.03125
1 0.423828125 0.70703125 0.037109375 0.0546875
0 0.21484375 0.431640625 0.064453125 0.0419921875
1 0.021484375 0.568359375 0.0185546875 0.0517578125
1 0.4052734375 0.376953125 0.013671875 0.0205078125
1 0.44921875 0.44140625 0.017578125 0.0234375
1 0.4658203125 0.4228515625 0.0185546875 0.0263671875
0 0.0654296875 0.50390625 0.109375 0.1171875
1 0.498046875 0.4560546875 0.0205078125 0.03125
1 0.369140625 0.36328125 0.0126953125 0.017578125
1 0.0244140625 0.76171875 0.0263671875 0.033203125
1 0.2451171875 0.3564453125 0.015625 0.021484375
1 0.4541015625 0.36328125 0.017578125 0.0234375
1 0.548828125 0.4189453125 0.015625 0.021484375
1 0.4345703125 0.51953125 0.03125 0.048828125
1 0.0224609375 0.814453125 0.0234375 0.044921875
1 0.5908203125 0.3759765625 0.015625 0.0205078125
1 0.1767578125 0.326171875 0.0185546875 0.021484375
1 0.0390625 0.556640625 0.0185546875 0.0361328125
1 0.474609375 0.66015625 0.037109375 0.0576171875
1 0.62890625 0.455078125 0.044921875 0.044921875
1 0.025390625 0.373046875 0.0126953125 0.0205078125
1 0.255859375 0.3916015625 0.0263671875 0.029296875
1 0.6474609375 0.642578125 0.0263671875 0.076171875
1 0.2861328125 0.44921875 0.025390625 0.0234375
0 0.19140625 0.875 0.1015625 0.0283203125
1 0.3291015625 0.35546875 0.017578125 0.0234375
0 0.173828125 0.3779296875 0.0751953125 0.041015625