0 0.193359375 0.748046875 0.123046875 0.1640625
0 0.5107421875 0.41796875 0.0439453125 0.044921875
0 0.3388671875 0.7275390625 0.0966796875 0.1171875
1 0.609375 0.494140625 0.0341796875 0.048828125
0 0.5390625 0.3505859375 0.041015625 0.0361328125
1 0.30859375 0.8564453125 0.0419921875 0.0625
1 0.068359375 0.53515625 0.0283203125 0.0390625
1 0.2177734375 0.4609375 0.029296875 0.03125
1 0.134765625 0.5419921875 0.0283203125 0.041015625
1 0.18359375 0.5654296875 0.033203125 0.056640625
1 0.416015625 0.798828125 0.0517578125 0.072265625
1 0.5546875 0.5029296875 0.025390625 0.0439453125
0 0.486328125 0.361328125 0.0439453125 0.033203125
1 0.4931640625 0.486328125 0.0205078125 0.046875
1 0.427734375 0.677734375 0.037109375 0.0419921875
1 0.078125 0.7578125 0.046875 0.0751953125
0 0.3828125 0.4912109375 0.130859375 0.076171875
1 0.5302734375 0.505859375 0.0234375 0.0439453125
1 0.6435546875 0.490234375 0.025390625 0.0419921875
1 0.548828125 0.4404296875 0.0185546875 0.03125
1 0.3876953125 0.4091796875 0.015625 0.0283203125
0 0.1591796875 0.4150390625 0.0595703125 0.0361328125
1 0.5302734375 0.3720703125 0.017578125 0.021484375
1 0.45703125 0.7822265625 0.0361328125 0.060546875
1 0.564453125 0.451171875 0.017578125 0.0283203125
1 0.51953125 0.474609375 0.0205078125 0.0341796875
0 0.5087890625 0.333984375 0.029296875 0.03125
1 0.4775390625 0.455078125 0.0205078125 0.0263671875
1 0.466796875 0.423828125 0.017578125 0.0283203125
1 0.5849609375 0.4697265625 0.017578125 0.029296875
1 0.166015625 0.3623046875 0.013671875 0.021484375
1 0.4072265625 0.3974609375 0.0263671875 0.0419921875
1 0.5791015625 0.423828125 0.0234375 0.0341796875
1 0.4208984375 0.740234375 0.044921875 0.0517578125
1 0.029296875 0.5634765625 0.037109375 0.0546875
1 0.060546875 0.4794921875 0.0234375 0.037109375
0 0.1865234375 0.3251953125 0.0390625 0.025390625
1 0.400390625 0.361328125 0.017578125 0.0205078125
1 0.376953125 0.3623046875 0.0107421875 0.0185546875
1 0.4384765625 0.36328125 0.0205078125 0.0234375
1 0.0205078125 0.494140625 0.0185546875 0.033203125
1 0.634765625 0.4462890625 0.041015625 0.0361328125
1 0.5146484375 0.3720703125 0.013671875 0.0185546875
0 0.236328125 0.3720703125 0.056640625 0.03125
1 0.525390625 0.47265625 0.123046875 0.1044921875
1 0.205078125 0.3583984375 0.013671875 0.017578125
1 0.55859375 0.404296875 0.0263671875 0.0341796875
1 0.02734375 0.7939453125 0.033203125 0.083984375
1 0.724609375 0.6552734375 0.041015625 0.0703125
1 0.251953125 0.35546875 0.015625 0.0234375
1 0.58984375 0.3798828125 0.013671875 0.021484375
1 0.46484375 0.4462890625 0.013671875 0.017578125
0 0.314453125 0.3466796875 0.078125 0.037109375
0 0.3203125 0.3935546875 0.09375 0.041015625
1 0.0654296875 0.505859375 0.0185546875 0.029296875
1 0.109375 0.484375 0.037109375 0.0341796875
0 0.1953125 0.875 0.0966796875 0.0283203125
1 0.5244140625 0.822265625 0.0205078125 0.0439453125
1 0.970703125 0.6162109375 0.029296875 0.0419921875