0 0.1923828125 0.7509765625 0.125 0.1640625
0 0.509765625 0.412109375 0.046875 0.0498046875
0 0.6728515625 0.7763671875 0.1611328125 0.1875
1 0.4267578125 0.677734375 0.03125 0.0830078125
1 0.08203125 0.7578125 0.0517578125 0.078125
0 0.673828125 0.6416015625 0.126953125 0.1142578125
0 0.33984375 0.7255859375 0.0986328125 0.1142578125
1 0.419921875 0.4921875 0.025390625 0.041015625
1 0.7998046875 0.654296875 0.0751953125 0.0673828125
0 0.5380859375 0.591796875 0.1044921875 0.109375
1 0.775390625 0.587890625 0.0595703125 0.052734375
1 0.5751953125 0.4404296875 0.0341796875 0.041015625
1 0.388671875 0.48828125 0.0283203125 0.0390625
0 0.4892578125 0.361328125 0.0341796875 0.033203125
0 0.5400390625 0.34375 0.033203125 0.025390625
1 0.5966796875 0.4951171875 0.0341796875 0.046875
1 0.8720703125 0.6630859375 0.0625 0.0673828125
0 0.939453125 0.580078125 0.09375 0.0654296875
1 0.548828125 0.486328125 0.041015625 0.0439453125
0 0.9599609375 0.5185546875 0.0517578125 0.046875
1 0.685546875 0.5244140625 0.041015625 0.0361328125
1 0.38671875 0.52734375 0.029296875 0.048828125
1 0.6953125 0.5810546875 0.0439453125 0.0498046875
1 0.63671875 0.521484375 0.0390625 0.052734375
0 0.5087890625 0.333984375 0.029296875 0.029296875
1 0.96484375 0.6494140625 0.0419921875 0.064453125
1 0.4609375 0.5283203125 0.0439453125 0.0595703125
1 0.5869140625 0.556640625 0.033203125 0.0439453125
1 0.6279296875 0.5732421875 0.037109375 0.046875
1 0.4453125 0.423828125 0.025390625 0.0283203125
1 0.5146484375 0.513671875 0.0263671875 0.046875
1 0.111328125 0.6103515625 0.0361328125 0.0546875
1 0.693359375 0.470703125 0.037109375 0.0390625
1 0.548828125 0.416015625 0.025390625 0.0439453125
1 0.0400390625 0.552734375 0.017578125 0.0283203125
1 0.73828125 0.5556640625 0.0419921875 0.044921875
0 0.455078125 0.466796875 0.0341796875 0.044921875
1 0.4990234375 0.4482421875 0.0205078125 0.0341796875
1 0.6123046875 0.521484375 0.025390625 0.0341796875
1 0.8427734375 0.5654296875 0.064453125 0.0625
0 0.353515625 0.318359375 0.033203125 0.021484375
1 0.02734375 0.59765625 0.033203125 0.111328125
1 0.4873046875 0.474609375 0.025390625 0.0341796875
1 0.2421875 0.5986328125 0.03125 0.041015625
1 0.0595703125 0.478515625 0.025390625 0.0390625
1 0.6162109375 0.439453125 0.0205078125 0.0234375
1 0.0322265625 0.48046875 0.0419921875 0.044921875
1 0.908203125 0.6416015625 0.03125 0.060546875
1 0.5498046875 0.3720703125 0.015625 0.03125
1 0.6513671875 0.4560546875 0.0654296875 0.041015625
1 0.5341796875 0.3818359375 0.015625 0.029296875
1 0.2685546875 0.48828125 0.021484375 0.0361328125
1 0.48828125 0.51171875 0.0205078125 0.0263671875
1 0.455078125 0.359375 0.0263671875 0.03125
0 0.240234375 0.3779296875 0.064453125 0.025390625
0 0.1953125 0.8466796875 0.1435546875 0.072265625