0 0.19140625 0.7509765625 0.126953125 0.1669921875
0 0.509765625 0.419921875 0.046875 0.0595703125
0 0.337890625 0.7275390625 0.099609375 0.1201171875
1 0.623046875 0.6435546875 0.0361328125 0.0595703125
1 0.0927734375 0.607421875 0.029296875 0.0517578125
1 0.32421875 0.451171875 0.0361328125 0.033203125
1 0.693359375 0.72265625 0.044921875 0.060546875
1 0.830078125 0.646484375 0.0703125 0.064453125
0 0.4912109375 0.361328125 0.0390625 0.0341796875
0 0.541015625 0.3466796875 0.041015625 0.03125
1 0.6494140625 0.6025390625 0.044921875 0.048828125
0 0.591796875 0.716796875 0.138671875 0.1591796875
1 0.529296875 0.373046875 0.013671875 0.021484375
1 0.72265625 0.6318359375 0.080078125 0.060546875
1 0.4921875 0.5107421875 0.03125 0.037109375
1 0.544921875 0.43359375 0.0205078125 0.0263671875
1 0.427734375 0.6748046875 0.041015625 0.0625
0 0.8330078125 0.5703125 0.177734375 0.0625
1 0.513671875 0.642578125 0.0439453125 0.044921875
1 0.5595703125 0.5732421875 0.0439453125 0.0498046875
1 0.3076171875 0.85546875 0.037109375 0.0546875
1 0.681640625 0.5107421875 0.0341796875 0.041015625
0 0.5078125 0.3330078125 0.03125 0.0283203125
1 0.900390625 0.630859375 0.0498046875 0.052734375
1 0.89453125 0.373046875 0.0234375 0.033203125
1 0.603515625 0.4638671875 0.0205078125 0.0283203125
1 0.0654296875 0.4833984375 0.037109375 0.033203125
1 0.548828125 0.373046875 0.0185546875 0.0263671875
1 0.1875 0.4140625 0.0185546875 0.021484375
1 0.5634765625 0.470703125 0.0205078125 0.0263671875
1 0.0771484375 0.7548828125 0.0546875 0.078125
1 0.95703125 0.6220703125 0.0517578125 0.046875
1 0.5615234375 0.44921875 0.017578125 0.0234375
1 0.6767578125 0.576171875 0.037109375 0.0419921875
1 0.7646484375 0.736328125 0.0703125 0.076171875
1 0.6240234375 0.513671875 0.0361328125 0.0390625
1 0.33984375 0.6025390625 0.0517578125 0.044921875
1 0.529296875 0.5654296875 0.0283203125 0.0439453125
1 0.5986328125 0.5458984375 0.0439453125 0.0517578125
1 0.923828125 0.8642578125 0.0751953125 0.0498046875
1 0.3994140625 0.8466796875 0.0576171875 0.0751953125
1 0.255859375 0.455078125 0.0341796875 0.0283203125
1 0.484375 0.556640625 0.025390625 0.0361328125
1 0.376953125 0.595703125 0.0263671875 0.0517578125
1 0.5654296875 0.64453125 0.0751953125 0.044921875
1 0.240234375 0.4169921875 0.015625 0.03125
1 0.107421875 0.486328125 0.029296875 0.03125
1 0.580078125 0.478515625 0.0205078125 0.0263671875
1 0.9091796875 0.505859375 0.0283203125 0.037109375
1 0.8173828125 0.490234375 0.025390625 0.0341796875
1 0.580078125 0.3740234375 0.021484375 0.029296875
1 0.021484375 0.5595703125 0.0185546875 0.041015625
1 0.048828125 0.720703125 0.0234375 0.037109375
1 0.46484375 0.591796875 0.0390625 0.0517578125
1 0.537109375 0.509765625 0.029296875 0.0341796875
1 0.427734375 0.462890625 0.025390625 0.041015625
1 0.6396484375 0.478515625 0.013671875 0.0283203125
1 0.9755859375 0.5537109375 0.0234375 0.033203125
1 0.4560546875 0.365234375 0.025390625 0.03125
1 0.806640625 0.8125 0.056640625 0.078125
1 0.6376953125 0.451171875 0.0126953125 0.0205078125
1 0.041015625 0.556640625 0.015625 0.0283203125
0 0.2392578125 0.3671875 0.0654296875 0.0341796875
1 0.4658203125 0.669921875 0.025390625 0.0673828125
1 0.599609375 0.564453125 0.166015625 0.1357421875
1 0.8447265625 0.494140625 0.017578125 0.033203125
1 0.798828125 0.595703125 0.0263671875 0.044921875
1 0.5966796875 0.3896484375 0.0185546875 0.0234375
1 0.5869140625 0.4560546875 0.095703125 0.0751953125
1 0.771484375 0.4765625 0.0419921875 0.0341796875
1 0.5322265625 0.404296875 0.013671875 0.021484375
1 0.7880859375 0.548828125 0.0263671875 0.0234375
1 0.810546875 0.712890625 0.0234375 0.068359375
1 0.48046875 0.45703125 0.029296875 0.0390625
1 0.9453125 0.513671875 0.015625 0.0205078125
0 0.4521484375 0.5078125 0.0263671875 0.052734375
0 0.4111328125 0.388671875 0.087890625 0.052734375
0 0.193359375 0.8740234375 0.0908203125 0.029296875
1 0.0810546875 0.4130859375 0.0185546875 0.017578125
1 0.037109375 0.4697265625 0.0361328125 0.0361328125
1 0.765625 0.6015625 0.0498046875 0.046875
1 0.8037109375 0.865234375 0.076171875 0.0517578125