0 0.322265625 0.80078125 0.142578125 0.1767578125
0 0.10546875 0.646484375 0.0888671875 0.107421875
0 0.201171875 0.677734375 0.1044921875 0.123046875
1 0.630859375 0.576171875 0.0361328125 0.0498046875
0 0.5244140625 0.51953125 0.091796875 0.0986328125
0 0.240234375 0.509765625 0.0625 0.0751953125
0 0.224609375 0.5771484375 0.078125 0.0888671875
0 0.31640625 0.6494140625 0.091796875 0.111328125
1 0.689453125 0.54296875 0.0439453125 0.048828125
1 0.892578125 0.6513671875 0.0888671875 0.0810546875
0 0.326171875 0.4892578125 0.0673828125 0.0654296875
1 0.8212890625 0.576171875 0.0859375 0.091796875
0 0.3212890625 0.548828125 0.0703125 0.0830078125
1 0.5390625 0.470703125 0.021484375 0.0341796875
1 0.513671875 0.451171875 0.021484375 0.0361328125
1 0.58203125 0.484375 0.0205078125 0.0439453125
1 0.60546875 0.4873046875 0.013671875 0.03125
1 0.5625 0.458984375 0.025390625 0.041015625
0 0.4755859375 0.3642578125 0.0361328125 0.03125
1 0.439453125 0.478515625 0.025390625 0.041015625
1 0.1435546875 0.7509765625 0.0439453125 0.0517578125
0 0.2587890625 0.40625 0.0517578125 0.041015625
0 0.2353515625 0.349609375 0.0390625 0.0341796875
1 0.533203125 0.44140625 0.021484375 0.0361328125
1 0.390625 0.5986328125 0.0283203125 0.0625
1 0.205078125 0.8173828125 0.048828125 0.0625
1 0.958984375 0.69921875 0.056640625 0.0732421875
1 0.177734375 0.41796875 0.021484375 0.029296875
1 0.89453125 0.587890625 0.044921875 0.0595703125
1 0.4921875 0.435546875 0.0283203125 0.0361328125
1 0.0634765625 0.7060546875 0.0361328125 0.0595703125
1 0.1884765625 0.5 0.0263671875 0.046875
1 0.13671875 0.705078125 0.029296875 0.056640625
1 0.4208984375 0.6513671875 0.0361328125 0.0751953125
1 0.9326171875 0.6123046875 0.0439453125 0.046875
1 0.0654296875 0.7734375 0.052734375 0.087890625
1 0.033203125 0.60546875 0.041015625 0.0703125
0 0.3505859375 0.318359375 0.033203125 0.015625
1 0.1494140625 0.40234375 0.013671875 0.0234375
1 0.0703125 0.478515625 0.046875 0.0390625
1 0.4208984375 0.44140625 0.0205078125 0.0390625
1 0.0224609375 0.560546875 0.0234375 0.044921875
1 0.4677734375 0.41796875 0.0263671875 0.0390625
0 0.5244140625 0.3349609375 0.0576171875 0.0390625
1 0.62890625 0.544921875 0.0205078125 0.033203125
1 0.97265625 0.6328125 0.033203125 0.0625
1 0.8984375 0.544921875 0.041015625 0.037109375
1 0.169921875 0.7919921875 0.0341796875 0.068359375
1 0.6787109375 0.51171875 0.0234375 0.0361328125
1 0.6357421875 0.44140625 0.0439453125 0.0361328125
1 0.8173828125 0.5341796875 0.025390625 0.041015625
1 0.20703125 0.4814453125 0.017578125 0.046875
1 0.966796875 0.5205078125 0.041015625 0.0341796875
1 0.466796875 0.4501953125 0.015625 0.021484375
1 0.708984375 0.5244140625 0.0185546875 0.0263671875
1 0.2392578125 0.6455078125 0.0283203125 0.0439453125