0 0.193359375 0.75 0.123046875 0.162109375
1 0.599609375 0.673828125 0.041015625 0.0703125
0 0.337890625 0.7265625 0.0986328125 0.115234375
1 0.55859375 0.74609375 0.0419921875 0.0859375
1 0.69921875 0.673828125 0.0419921875 0.0751953125
1 0.5185546875 0.671875 0.0439453125 0.0625
0 0.5107421875 0.4287109375 0.046875 0.0576171875
1 0.623046875 0.759765625 0.046875 0.0888671875
1 0.7373046875 0.75390625 0.052734375 0.0830078125
1 0.876953125 0.677734375 0.060546875 0.0732421875
1 0.8076171875 0.744140625 0.068359375 0.0888671875
0 0.5361328125 0.34765625 0.0439453125 0.033203125
0 0.490234375 0.3603515625 0.041015625 0.033203125
1 0.076171875 0.7607421875 0.041015625 0.0751953125
1 0.5869140625 0.462890625 0.0361328125 0.0498046875
1 0.630859375 0.4853515625 0.0283203125 0.033203125
1 0.431640625 0.677734375 0.041015625 0.064453125
1 0.427734375 0.533203125 0.0283203125 0.052734375
1 0.306640625 0.8642578125 0.0341796875 0.052734375
1 0.486328125 0.49609375 0.029296875 0.0390625
1 0.80078125 0.67578125 0.060546875 0.0703125
1 0.607421875 0.5712890625 0.03125 0.0546875
1 0.6318359375 0.5830078125 0.029296875 0.052734375
1 0.455078125 0.5166015625 0.037109375 0.0517578125
1 0.724609375 0.6298828125 0.0419921875 0.0498046875
1 0.6611328125 0.6240234375 0.0341796875 0.0517578125
1 0.5302734375 0.533203125 0.0263671875 0.052734375
1 0.087890625 0.599609375 0.03125 0.044921875
0 0.9248046875 0.5673828125 0.1220703125 0.068359375
1 0.55078125 0.4248046875 0.0205078125 0.0341796875
1 0.3720703125 0.451171875 0.0341796875 0.025390625
1 0.7041015625 0.578125 0.0517578125 0.052734375
1 0.408203125 0.513671875 0.0234375 0.0595703125
1 0.501953125 0.6181640625 0.044921875 0.0576171875
1 0.6201171875 0.5263671875 0.046875 0.046875
1 0.4521484375 0.373046875 0.0205078125 0.0283203125
1 0.7724609375 0.5830078125 0.0517578125 0.046875
1 0.6572265625 0.697265625 0.0576171875 0.0498046875
1 0.51953125 0.48046875 0.0263671875 0.0390625
1 0.029296875 0.798828125 0.037109375 0.060546875
1 0.5751953125 0.43359375 0.0185546875 0.0263671875
1 0.3447265625 0.4267578125 0.0205078125 0.021484375
1 0.6845703125 0.46484375 0.03125 0.033203125
1 0.6416015625 0.455078125 0.0390625 0.0419921875
1 0.888671875 0.607421875 0.0517578125 0.0419921875
1 0.029296875 0.5654296875 0.033203125 0.046875
1 0.5732421875 0.5693359375 0.0283203125 0.044921875
1 0.96484375 0.634765625 0.0390625 0.0498046875
1 0.564453125 0.533203125 0.021484375 0.0341796875
1 0.474609375 0.423828125 0.03125 0.037109375
1 0.0771484375 0.3427734375 0.017578125 0.017578125
1 0.662109375 0.525390625 0.0341796875 0.0419921875
1 0.533203125 0.580078125 0.025390625 0.037109375
1 0.8603515625 0.876953125 0.0419921875 0.0283203125
1 0.251953125 0.6123046875 0.029296875 0.0498046875
1 0.5625 0.447265625 0.015625 0.025390625
1 0.548828125 0.3759765625 0.017578125 0.029296875
1 0.662109375 0.6611328125 0.1904296875 0.259765625
1 0.84765625 0.5888671875 0.029296875 0.037109375
1 0.2294921875 0.3505859375 0.025390625 0.0263671875
1 0.330078125 0.5947265625 0.107421875 0.0576171875
1 0.5927734375 0.5185546875 0.0205078125 0.0341796875
1 0.5751953125 0.388671875 0.015625 0.0361328125
1 0.060546875 0.4775390625 0.025390625 0.0390625
1 0.03125 0.857421875 0.041015625 0.0546875
1 0.462890625 0.7294921875 0.0341796875 0.103515625
1 0.3193359375 0.4052734375 0.060546875 0.0263671875
0 0.3525390625 0.3212890625 0.033203125 0.017578125
1 0.0380859375 0.47265625 0.029296875 0.0390625
1 0.0234375 0.3740234375 0.0126953125 0.0234375
1 0.8876953125 0.384765625 0.0126953125 0.0263671875
1 0.466796875 0.3544921875 0.0126953125 0.0283203125
1 0.212890625 0.630859375 0.0361328125 0.0546875
1 0.603515625 0.6123046875 0.033203125 0.041015625
1 0.486328125 0.5869140625 0.0263671875 0.0361328125
0 0.2431640625 0.3759765625 0.064453125 0.0234375
1 0.5458984375 0.400390625 0.013671875 0.0283203125
1 0.9541015625 0.5205078125 0.0576171875 0.0283203125
1 0.7353515625 0.5546875 0.0263671875 0.037109375
1 0.12109375 0.35546875 0.0263671875 0.0263671875
1 0.103515625 0.4853515625 0.029296875 0.029296875
1 0.802734375 0.5771484375 0.025390625 0.0361328125
0 0.19921875 0.8759765625 0.0830078125 0.029296875
1 0.7705078125 0.50390625 0.025390625 0.0546875