0 0.193359375 0.7490234375 0.123046875 0.1640625
0 0.337890625 0.728515625 0.099609375 0.1201171875
0 0.51171875 0.419921875 0.044921875 0.048828125
1 0.2548828125 0.4677734375 0.0341796875 0.0419921875
0 0.486328125 0.361328125 0.0390625 0.03125
1 0.1669921875 0.5927734375 0.03125 0.0517578125
1 0.0673828125 0.533203125 0.0283203125 0.0439453125
1 0.3056640625 0.85546875 0.0419921875 0.064453125
0 0.5380859375 0.3544921875 0.0419921875 0.0439453125
1 0.408203125 0.810546875 0.048828125 0.0546875
1 0.548828125 0.4931640625 0.0263671875 0.044921875
1 0.564453125 0.451171875 0.0185546875 0.03125
0 0.193359375 0.423828125 0.0625 0.0361328125
1 0.59375 0.486328125 0.021484375 0.0341796875
1 0.384765625 0.3994140625 0.017578125 0.0263671875
0 0.509765625 0.3330078125 0.029296875 0.0283203125
1 0.5263671875 0.4970703125 0.03125 0.046875
0 0.4521484375 0.5078125 0.138671875 0.068359375
1 0.115234375 0.5732421875 0.0361328125 0.0498046875
1 0.458984375 0.783203125 0.037109375 0.0595703125
1 0.0712890625 0.763671875 0.0390625 0.0654296875
1 0.48046875 0.4619140625 0.029296875 0.033203125
1 0.548828125 0.4404296875 0.0205078125 0.03125
1 0.6474609375 0.486328125 0.0205078125 0.037109375
1 0.40625 0.384765625 0.015625 0.0234375
1 0.5244140625 0.556640625 0.0576171875 0.052734375
1 0.51171875 0.3671875 0.0205078125 0.025390625
1 0.0625 0.4775390625 0.03125 0.033203125
1 0.5654296875 0.3759765625 0.021484375 0.0263671875
1 0.4267578125 0.681640625 0.046875 0.0498046875
1 0.5693359375 0.4140625 0.017578125 0.03125
1 0.6181640625 0.4853515625 0.029296875 0.033203125
1 0.021484375 0.5673828125 0.0185546875 0.052734375
1 0.4189453125 0.7373046875 0.0439453125 0.0498046875
1 0.0283203125 0.78125 0.037109375 0.0810546875
1 0.4541015625 0.4404296875 0.0205078125 0.025390625
1 0.638671875 0.455078125 0.0263671875 0.0283203125
1 0.0400390625 0.5576171875 0.0205078125 0.041015625
1 0.5888671875 0.3779296875 0.0126953125 0.021484375
1 0.4658203125 0.423828125 0.0185546875 0.0283203125
1 0.4541015625 0.3623046875 0.013671875 0.021484375
1 0.521484375 0.814453125 0.0185546875 0.0419921875
1 0.1669921875 0.3662109375 0.015625 0.013671875
1 0.373046875 0.369140625 0.0126953125 0.015625
0 0.185546875 0.3251953125 0.037109375 0.025390625
1 0.3740234375 0.35546875 0.0205078125 0.0205078125
1 0.25 0.341796875 0.0126953125 0.017578125
0 0.193359375 0.875 0.1015625 0.0283203125
1 0.236328125 0.357421875 0.015625 0.0205078125
1 0.025390625 0.373046875 0.0126953125 0.0205078125
1 0.35546875 0.396484375 0.0205078125 0.0361328125
1 0.5478515625 0.416015625 0.013671875 0.021484375