0 0.3212890625 0.798828125 0.142578125 0.1767578125
0 0.107421875 0.6396484375 0.0859375 0.1044921875
0 0.2001953125 0.677734375 0.1064453125 0.123046875
1 0.64453125 0.587890625 0.0390625 0.048828125
0 0.5263671875 0.5244140625 0.09375 0.0986328125
0 0.240234375 0.509765625 0.0625 0.0751953125
0 0.224609375 0.5771484375 0.078125 0.0888671875
0 0.31640625 0.6484375 0.0888671875 0.109375
1 0.54296875 0.458984375 0.0205078125 0.029296875
0 0.326171875 0.48828125 0.0673828125 0.064453125
0 0.3212890625 0.5498046875 0.0703125 0.0810546875
1 0.892578125 0.6513671875 0.0888671875 0.0810546875
1 0.8212890625 0.5751953125 0.0859375 0.0908203125
1 0.685546875 0.541015625 0.0361328125 0.044921875
0 0.4765625 0.359375 0.03125 0.0283203125
1 0.4404296875 0.482421875 0.025390625 0.0361328125
1 0.5634765625 0.4619140625 0.0263671875 0.0419921875
1 0.4921875 0.435546875 0.021484375 0.0390625
1 0.5185546875 0.455078125 0.0283203125 0.0341796875
0 0.2578125 0.4052734375 0.056640625 0.0390625
1 0.3916015625 0.591796875 0.0263671875 0.060546875
1 0.4638671875 0.47265625 0.025390625 0.0361328125
1 0.6064453125 0.4833984375 0.0185546875 0.0419921875
0 0.2333984375 0.349609375 0.033203125 0.0341796875
1 0.138671875 0.7421875 0.0439453125 0.052734375
1 0.421875 0.4443359375 0.021484375 0.033203125
1 0.0654296875 0.755859375 0.041015625 0.0703125
1 0.9599609375 0.69921875 0.0546875 0.0732421875
1 0.5634765625 0.5556640625 0.0234375 0.0361328125
1 0.5888671875 0.4931640625 0.021484375 0.044921875
0 0.521484375 0.3369140625 0.0595703125 0.0419921875
1 0.189453125 0.501953125 0.025390625 0.0419921875
1 0.17578125 0.419921875 0.0205078125 0.029296875
1 0.044921875 0.6044921875 0.025390625 0.046875
1 0.419921875 0.666015625 0.0283203125 0.052734375
1 0.1943359375 0.767578125 0.064453125 0.0751953125
1 0.447265625 0.3798828125 0.033203125 0.041015625
1 0.931640625 0.611328125 0.044921875 0.048828125
1 0.96484375 0.5244140625 0.0361328125 0.029296875
1 0.1474609375 0.3955078125 0.0234375 0.0283203125
1 0.6640625 0.505859375 0.0185546875 0.0283203125
1 0.072265625 0.478515625 0.0498046875 0.0390625
1 0.21875 0.41015625 0.0185546875 0.033203125
1 0.0234375 0.560546875 0.025390625 0.044921875
0 0.3505859375 0.3193359375 0.033203125 0.017578125
1 0.89453125 0.587890625 0.044921875 0.0546875
1 0.466796875 0.416015625 0.0283203125 0.048828125
1 0.97265625 0.6318359375 0.033203125 0.060546875
1 0.193359375 0.37890625 0.0283203125 0.033203125
1 0.63671875 0.4404296875 0.0419921875 0.037109375
1 0.8154296875 0.5341796875 0.025390625 0.041015625
1 0.564453125 0.4140625 0.0830078125 0.103515625
1 0.7099609375 0.525390625 0.0205078125 0.03125
1 0.205078125 0.4765625 0.0205078125 0.056640625
1 0.1357421875 0.44921875 0.025390625 0.0234375
1 0.15625 0.486328125 0.021484375 0.033203125
1 0.6396484375 0.552734375 0.0205078125 0.0341796875