1 0.115234375 0.6455078125 0.03125 0.052734375
1 0.2275390625 0.6826171875 0.033203125 0.0498046875
0 0.837890625 0.791015625 0.2109375 0.189453125
0 0.556640625 0.5048828125 0.0654296875 0.083984375
0 0.2158203125 0.4794921875 0.0595703125 0.0625
1 0.681640625 0.71875 0.052734375 0.087890625
0 0.5224609375 0.439453125 0.048828125 0.060546875
1 0.68359375 0.5458984375 0.048828125 0.048828125
1 0.60546875 0.509765625 0.0263671875 0.0439453125
1 0.7998046875 0.5869140625 0.041015625 0.064453125
1 0.2783203125 0.486328125 0.025390625 0.0390625
1 0.138671875 0.421875 0.0185546875 0.0283203125
1 0.15625 0.4677734375 0.021484375 0.0361328125
0 0.5615234375 0.41015625 0.0361328125 0.048828125
1 0.41796875 0.4638671875 0.0263671875 0.041015625
1 0.646484375 0.607421875 0.0439453125 0.0703125
1 0.2509765625 0.5830078125 0.029296875 0.052734375
1 0.7275390625 0.5390625 0.0419921875 0.046875
1 0.0771484375 0.40234375 0.0205078125 0.0263671875
1 0.6337890625 0.5302734375 0.0361328125 0.0419921875
1 0.412109375 0.435546875 0.0205078125 0.0263671875
1 0.177734375 0.591796875 0.033203125 0.064453125
1 0.3544921875 0.4296875 0.0185546875 0.025390625
1 0.1181640625 0.41015625 0.0205078125 0.0263671875
1 0.5888671875 0.4765625 0.015625 0.0341796875
1 0.8447265625 0.6015625 0.0419921875 0.046875
1 0.6484375 0.8515625 0.046875 0.0654296875
1 0.9482421875 0.666015625 0.0625 0.060546875
0 0.4609375 0.435546875 0.037109375 0.037109375
0 0.4892578125 0.357421875 0.03125 0.0283203125
1 0.685546875 0.837890625 0.0439453125 0.072265625
1 0.1826171875 0.4326171875 0.021484375 0.025390625
1 0.255859375 0.408203125 0.021484375 0.0341796875
1 0.2666015625 0.5380859375 0.0234375 0.033203125
1 0.458984375 0.525390625 0.048828125 0.0654296875
0 0.2265625 0.365234375 0.03125 0.0361328125
1 0.060546875 0.4794921875 0.0263671875 0.037109375
1 0.4912109375 0.607421875 0.033203125 0.0517578125
1 0.2041015625 0.416015625 0.017578125 0.03125
1 0.8369140625 0.5556640625 0.044921875 0.0546875
1 0.8974609375 0.541015625 0.029296875 0.0361328125
1 0.376953125 0.470703125 0.0263671875 0.052734375
1 0.181640625 0.404296875 0.013671875 0.029296875
1 0.6015625 0.451171875 0.015625 0.0234375
1 0.1416015625 0.5234375 0.0234375 0.03125
1 0.8779296875 0.6630859375 0.0625 0.0673828125
1 0.099609375 0.400390625 0.0185546875 0.029296875
1 0.6376953125 0.439453125 0.037109375 0.0361328125
1 0.158203125 0.5595703125 0.0341796875 0.0439453125
1 0.921875 0.6025390625 0.046875 0.044921875
1 0.5302734375 0.4912109375 0.013671875 0.033203125
1 0.2236328125 0.412109375 0.0185546875 0.03125
0 0.4951171875 0.337890625 0.025390625 0.0205078125
0 0.53125 0.353515625 0.025390625 0.0234375
1 0.8125 0.7001953125 0.0439453125 0.03125
1 0.2548828125 0.4375 0.015625 0.021484375
0 0.509765625 0.400390625 0.0361328125 0.03125
1 0.6865234375 0.6572265625 0.0361328125 0.064453125
1 0.138671875 0.400390625 0.015625 0.0205078125
1 0.392578125 0.490234375 0.015625 0.029296875
1 0.451171875 0.384765625 0.013671875 0.0205078125
1 0.677734375 0.5068359375 0.033203125 0.0419921875
0 0.232421875 0.341796875 0.0234375 0.0205078125
1 0.025390625 0.373046875 0.0107421875 0.021484375
1 0.9755859375 0.6318359375 0.0263671875 0.060546875
0 0.32421875 0.396484375 0.0888671875 0.0439453125
1 0.021484375 0.490234375 0.0205078125 0.0390625
1 0.4873046875 0.3818359375 0.015625 0.029296875
1 0.53515625 0.392578125 0.0234375 0.0361328125
1 0.3662109375 0.39453125 0.0205078125 0.0205078125
0 0.251953125 0.318359375 0.0263671875 0.0185546875
1 0.45703125 0.3603515625 0.0234375 0.0234375
0 0.572265625 0.3779296875 0.0283203125 0.0283203125
1 0.591796875 0.431640625 0.0185546875 0.037109375
1 0.0771484375 0.337890625 0.0205078125 0.0185546875
1 0.9541015625 0.5302734375 0.0205078125 0.017578125
1 0.6796875 0.439453125 0.0185546875 0.0341796875
1 0.189453125 0.6044921875 0.169921875 0.1845703125