0 0.5537109375 0.4951171875 0.0673828125 0.083984375
0 0.603515625 0.4423828125 0.0751953125 0.056640625
1 0.69921875 0.595703125 0.033203125 0.0576171875
1 0.1826171875 0.5791015625 0.0283203125 0.0576171875
1 0.7578125 0.6005859375 0.0498046875 0.064453125
1 0.224609375 0.5390625 0.0205078125 0.037109375
0 0.333984375 0.7734375 0.1201171875 0.134765625
1 0.783203125 0.6962890625 0.056640625 0.0888671875
1 0.8173828125 0.5771484375 0.0625 0.060546875
0 0.654296875 0.6494140625 0.134765625 0.1357421875
1 0.892578125 0.6552734375 0.083984375 0.0703125
1 0.642578125 0.552734375 0.0419921875 0.0595703125
1 0.6708984375 0.5400390625 0.0234375 0.0390625
0 0.4892578125 0.3515625 0.0439453125 0.037109375
1 0.603515625 0.4853515625 0.017578125 0.029296875
1 0.3544921875 0.423828125 0.021484375 0.0263671875
1 0.705078125 0.513671875 0.0205078125 0.029296875
1 0.8388671875 0.814453125 0.0595703125 0.099609375
1 0.1123046875 0.4794921875 0.0283203125 0.0341796875
1 0.1923828125 0.5029296875 0.0185546875 0.025390625
1 0.451171875 0.3828125 0.0185546875 0.025390625
1 0.203125 0.4169921875 0.015625 0.03125
1 0.73046875 0.5322265625 0.0390625 0.0390625
1 0.146484375 0.44921875 0.025390625 0.0390625
0 0.1162109375 0.40625 0.060546875 0.046875
1 0.5029296875 0.52734375 0.046875 0.033203125
1 0.2275390625 0.408203125 0.029296875 0.0341796875
1 0.1494140625 0.494140625 0.029296875 0.060546875
1 0.375 0.4267578125 0.0185546875 0.025390625
1 0.37890625 0.4521484375 0.0234375 0.033203125
1 0.9619140625 0.6923828125 0.0517578125 0.0751953125
0 0.4619140625 0.4814453125 0.0546875 0.078125
1 0.2431640625 0.44140625 0.017578125 0.0234375
1 0.13671875 0.4287109375 0.0205078125 0.0234375
1 0.0625 0.478515625 0.0283203125 0.0341796875
0 0.224609375 0.361328125 0.03125 0.03125
0 0.5341796875 0.341796875 0.0439453125 0.0283203125
1 0.5703125 0.455078125 0.015625 0.025390625
0 0.505859375 0.5888671875 0.091796875 0.109375
1 0.1865234375 0.3603515625 0.0234375 0.029296875
0 0.5234375 0.3232421875 0.03125 0.021484375
1 0.89453125 0.5849609375 0.0390625 0.048828125
1 0.3779296875 0.3994140625 0.0185546875 0.0263671875
1 0.451171875 0.5283203125 0.0283203125 0.0341796875
1 0.671875 0.49609375 0.0185546875 0.033203125
0 0.708984375 0.8095703125 0.193359375 0.15625
1 0.6318359375 0.466796875 0.0107421875 0.0185546875
1 0.193359375 0.46484375 0.013671875 0.0234375
1 0.5419921875 0.4375 0.021484375 0.0283203125
1 0.427734375 0.4091796875 0.021484375 0.03125
1 0.4814453125 0.4345703125 0.03125 0.0439453125
1 0.634765625 0.509765625 0.021484375 0.0361328125
1 0.0244140625 0.5625 0.0234375 0.046875
1 0.1806640625 0.537109375 0.0205078125 0.03125
1 0.0234375 0.4697265625 0.025390625 0.0361328125
1 0.5966796875 0.40234375 0.015625 0.0205078125
1 0.546875 0.4013671875 0.021484375 0.0341796875
1 0.861328125 0.55859375 0.015625 0.0205078125
1 0.3408203125 0.3408203125 0.015625 0.021484375
1 0.943359375 0.87109375 0.083984375 0.0419921875
0 0.3076171875 0.341796875 0.0654296875 0.068359375
1 0.515625 0.427734375 0.0439453125 0.052734375