0 0.1904296875 0.7509765625 0.1279296875 0.1640625
0 0.5107421875 0.421875 0.046875 0.0498046875
0 0.337890625 0.7265625 0.0986328125 0.119140625
1 0.2236328125 0.478515625 0.03125 0.0390625
0 0.5380859375 0.353515625 0.0419921875 0.044921875
1 0.412109375 0.8095703125 0.044921875 0.056640625
1 0.3076171875 0.85546875 0.0439453125 0.0673828125
1 0.513671875 0.47265625 0.03125 0.044921875
0 0.2060546875 0.42578125 0.0751953125 0.048828125
1 0.0673828125 0.541015625 0.0283203125 0.046875
1 0.3056640625 0.482421875 0.033203125 0.0390625
0 0.490234375 0.361328125 0.0390625 0.0341796875
1 0.5615234375 0.5771484375 0.0263671875 0.0517578125
1 0.572265625 0.3837890625 0.015625 0.0263671875
1 0.61328125 0.486328125 0.0390625 0.044921875
1 0.822265625 0.7763671875 0.048828125 0.078125
0 0.509765625 0.3330078125 0.029296875 0.0283203125
1 0.5517578125 0.44140625 0.025390625 0.033203125
1 0.49609375 0.451171875 0.017578125 0.033203125
1 0.458984375 0.7841796875 0.0341796875 0.056640625
1 0.646484375 0.490234375 0.0205078125 0.0361328125
1 0.39453125 0.408203125 0.0205078125 0.03125
1 0.07421875 0.7685546875 0.029296875 0.052734375
1 0.2705078125 0.4345703125 0.025390625 0.0283203125
1 0.548828125 0.474609375 0.021484375 0.0419921875
1 0.4541015625 0.369140625 0.017578125 0.03125
1 0.46875 0.4501953125 0.0283203125 0.041015625
1 0.095703125 0.6845703125 0.0673828125 0.068359375
1 0.080078125 0.4013671875 0.0205078125 0.021484375
1 0.166015625 0.365234375 0.013671875 0.015625
1 0.427734375 0.697265625 0.0439453125 0.064453125
1 0.5791015625 0.46484375 0.0234375 0.0361328125
1 0.125 0.3994140625 0.021484375 0.0234375
0 0.9423828125 0.5703125 0.0908203125 0.072265625
1 0.4375 0.3662109375 0.0185546875 0.0234375
1 0.466796875 0.423828125 0.017578125 0.025390625
1 0.46484375 0.3974609375 0.013671875 0.0205078125
1 0.20703125 0.357421875 0.013671875 0.0205078125
1 0.2841796875 0.3623046875 0.0185546875 0.025390625
1 0.5478515625 0.4189453125 0.013671875 0.021484375
1 0.0283203125 0.578125 0.03125 0.068359375
1 0.59375 0.390625 0.0126953125 0.021484375
1 0.4375 0.7646484375 0.021484375 0.0361328125
0 0.193359375 0.8759765625 0.125 0.029296875
1 0.05859375 0.478515625 0.0205078125 0.0361328125
1 0.357421875 0.3955078125 0.013671875 0.0283203125
1 0.177734375 0.326171875 0.0205078125 0.021484375
1 0.8466796875 0.662109375 0.0439453125 0.046875
1 0.6357421875 0.44140625 0.0341796875 0.0361328125
1 0.0224609375 0.47265625 0.0205078125 0.0390625
1 0.9052734375 0.49609375 0.0263671875 0.029296875
1 0.2275390625 0.359375 0.0107421875 0.015625
1 0.107421875 0.486328125 0.037109375 0.033203125
1 0.4130859375 0.73828125 0.0263671875 0.0361328125
1 0.24609375 0.353515625 0.0107421875 0.0234375