1 0.615234375 0.509765625 0.029296875 0.0390625
1 0.66015625 0.64453125 0.044921875 0.064453125
1 0.7236328125 0.65625 0.0439453125 0.0751953125
0 0.5146484375 0.5810546875 0.0986328125 0.1220703125
1 0.8056640625 0.587890625 0.0546875 0.0625
0 0.5966796875 0.716796875 0.150390625 0.173828125
1 0.7890625 0.6826171875 0.0498046875 0.078125
0 0.330078125 0.8212890625 0.142578125 0.1298828125
1 0.283203125 0.5751953125 0.033203125 0.052734375
1 0.681640625 0.5390625 0.0341796875 0.037109375
1 0.634765625 0.548828125 0.03125 0.0498046875
1 0.7197265625 0.603515625 0.0390625 0.052734375
1 0.126953125 0.56640625 0.0263671875 0.0517578125
1 0.4189453125 0.5146484375 0.025390625 0.048828125
0 0.3388671875 0.4892578125 0.056640625 0.0595703125
1 0.8818359375 0.66796875 0.0703125 0.0703125
1 0.3759765625 0.5458984375 0.0263671875 0.048828125
0 0.564453125 0.421875 0.041015625 0.052734375
0 0.5126953125 0.361328125 0.0439453125 0.044921875
1 0.1591796875 0.5419921875 0.025390625 0.03125
0 0.306640625 0.439453125 0.046875 0.0390625
1 0.73046875 0.5341796875 0.0361328125 0.037109375
1 0.6123046875 0.4814453125 0.021484375 0.0283203125
1 0.41015625 0.451171875 0.017578125 0.029296875
1 0.2021484375 0.560546875 0.0263671875 0.056640625
1 0.955078125 0.6748046875 0.060546875 0.083984375
0 0.224609375 0.3447265625 0.03125 0.029296875
1 0.8447265625 0.603515625 0.0390625 0.041015625
1 0.2783203125 0.498046875 0.025390625 0.037109375
1 0.2265625 0.5244140625 0.025390625 0.0361328125
1 0.791015625 0.8251953125 0.0595703125 0.087890625
1 0.703125 0.552734375 0.0283203125 0.033203125
1 0.517578125 0.4111328125 0.0185546875 0.025390625
1 0.0947265625 0.41796875 0.017578125 0.0263671875
1 0.1328125 0.62890625 0.03125 0.0546875
1 0.439453125 0.50390625 0.0263671875 0.0361328125
0 0.1923828125 0.349609375 0.03125 0.0283203125
1 0.4970703125 0.451171875 0.0283203125 0.0361328125
0 0.5546875 0.388671875 0.0341796875 0.033203125
1 0.841796875 0.5537109375 0.029296875 0.044921875
1 0.373046875 0.671875 0.0341796875 0.0498046875
1 0.208984375 0.44921875 0.013671875 0.0263671875
1 0.931640625 0.8388671875 0.076171875 0.0966796875
0 0.53125 0.439453125 0.0439453125 0.0419921875
1 0.927734375 0.611328125 0.0419921875 0.037109375
1 0.06640625 0.478515625 0.0390625 0.0390625
0 0.189453125 0.7744140625 0.0986328125 0.0986328125
1 0.03125 0.5791015625 0.037109375 0.0732421875
1 0.7890625 0.552734375 0.025390625 0.03125
1 0.4404296875 0.365234375 0.0185546875 0.0263671875
0 0.1240234375 0.6962890625 0.0390625 0.080078125
1 0.4833984375 0.5009765625 0.0234375 0.033203125
1 0.861328125 0.55859375 0.017578125 0.0234375
0 0.458984375 0.435546875 0.0595703125 0.0576171875
1 0.7841796875 0.7705078125 0.037109375 0.046875
1 0.1240234375 0.4248046875 0.013671875 0.021484375
1 0.4501953125 0.666015625 0.0341796875 0.078125
1 0.896484375 0.5771484375 0.0439453125 0.0419921875
1 0.578125 0.486328125 0.0185546875 0.0263671875
0 0.55078125 0.357421875 0.0390625 0.0341796875
1 0.1533203125 0.5126953125 0.015625 0.025390625
1 0.904296875 0.544921875 0.017578125 0.0234375
1 0.587890625 0.39453125 0.03125 0.0390625
1 0.7275390625 0.615234375 0.1611328125 0.2080078125
1 0.134765625 0.4453125 0.0263671875 0.0341796875
1 0.6953125 0.5205078125 0.015625 0.025390625
1 0.2255859375 0.4951171875 0.0205078125 0.025390625
1 0.20703125 0.427734375 0.0205078125 0.025390625