0 0.318359375 0.7998046875 0.150390625 0.1748046875
0 0.5771484375 0.552734375 0.0830078125 0.1044921875
0 0.3173828125 0.6494140625 0.0908203125 0.111328125
1 0.658203125 0.7890625 0.048828125 0.109375
1 0.5517578125 0.4384765625 0.025390625 0.029296875
1 0.5751953125 0.484375 0.021484375 0.03125
1 0.513671875 0.458984375 0.025390625 0.0361328125
1 0.8154296875 0.5693359375 0.078125 0.076171875
0 0.240234375 0.5126953125 0.0625 0.078125
1 0.181640625 0.5439453125 0.0390625 0.0439453125
1 0.3818359375 0.4814453125 0.029296875 0.037109375
1 0.5634765625 0.3916015625 0.017578125 0.0263671875
1 0.6943359375 0.552734375 0.048828125 0.056640625
1 0.177734375 0.59765625 0.0283203125 0.0419921875
0 0.5078125 0.341796875 0.03125 0.03125
1 0.4921875 0.4775390625 0.021484375 0.0390625
1 0.439453125 0.48046875 0.021484375 0.0419921875
1 0.1181640625 0.583984375 0.029296875 0.0341796875
1 0.4111328125 0.4482421875 0.021484375 0.0341796875
1 0.0625 0.4775390625 0.0283203125 0.033203125
1 0.638671875 0.673828125 0.0283203125 0.0546875
1 0.8916015625 0.6591796875 0.080078125 0.072265625
1 0.39453125 0.384765625 0.017578125 0.0283203125
0 0.3271484375 0.4892578125 0.064453125 0.056640625
0 0.4794921875 0.35546875 0.0341796875 0.0361328125
1 0.1689453125 0.5107421875 0.021484375 0.0341796875
1 0.1279296875 0.544921875 0.025390625 0.0390625
1 0.044921875 0.59765625 0.0341796875 0.0576171875
1 0.193359375 0.6982421875 0.0361328125 0.0625
1 0.228515625 0.6064453125 0.0341796875 0.068359375
1 0.4130859375 0.3818359375 0.0205078125 0.029296875
1 0.111328125 0.4931640625 0.037109375 0.0390625
0 0.322265625 0.552734375 0.068359375 0.0830078125
1 0.439453125 0.380859375 0.015625 0.0263671875
1 0.955078125 0.6962890625 0.0654296875 0.0673828125
1 0.595703125 0.40234375 0.013671875 0.0263671875
1 0.1904296875 0.423828125 0.03125 0.033203125
0 0.919921875 0.5224609375 0.115234375 0.0703125
0 0.255859375 0.400390625 0.0498046875 0.0517578125
1 0.41796875 0.4091796875 0.013671875 0.025390625
0 0.541015625 0.3349609375 0.037109375 0.029296875
1 0.388671875 0.560546875 0.0361328125 0.048828125
1 0.34765625 0.353515625 0.0234375 0.0283203125
1 0.7109375 0.4677734375 0.0283203125 0.029296875
1 0.21875 0.4169921875 0.0283203125 0.037109375
1 0.041015625 0.5595703125 0.0185546875 0.0341796875
0 0.169921875 0.466796875 0.0576171875 0.0595703125
1 0.939453125 0.615234375 0.056640625 0.048828125
1 0.587890625 0.396484375 0.009765625 0.0185546875
1 0.283203125 0.361328125 0.0185546875 0.021484375
0 0.2197265625 0.330078125 0.048828125 0.03125
1 0.8916015625 0.587890625 0.0419921875 0.0546875
1 0.205078125 0.4619140625 0.017578125 0.029296875
1 0.54296875 0.791015625 0.0517578125 0.1015625
1 0.466796875 0.421875 0.015625 0.021484375
1 0.1259765625 0.728515625 0.0263671875 0.029296875
1 0.150390625 0.392578125 0.021484375 0.0234375
1 0.498046875 0.416015625 0.017578125 0.0341796875
1 0.474609375 0.4482421875 0.1357421875 0.099609375
1 0.0224609375 0.51953125 0.0234375 0.0205078125
1 0.7861328125 0.4892578125 0.046875 0.03125
1 0.439453125 0.4384765625 0.017578125 0.033203125
1 0.47265625 0.455078125 0.0234375 0.041015625
1 0.01953125 0.6357421875 0.017578125 0.0810546875
1 0.6357421875 0.439453125 0.041015625 0.033203125
1 0.4560546875 0.5068359375 0.021484375 0.044921875