0 0.322265625 0.80078125 0.1484375 0.1767578125
1 0.603515625 0.666015625 0.044921875 0.0810546875
0 0.31640625 0.6494140625 0.091796875 0.111328125
1 0.6572265625 0.6064453125 0.0390625 0.046875
1 0.6953125 0.5478515625 0.0498046875 0.0517578125
0 0.2412109375 0.513671875 0.0673828125 0.0830078125
1 0.5146484375 0.4208984375 0.029296875 0.029296875
1 0.548828125 0.43359375 0.0234375 0.0263671875
1 0.126953125 0.544921875 0.029296875 0.044921875
0 0.5322265625 0.4755859375 0.076171875 0.0830078125
1 0.822265625 0.5849609375 0.0859375 0.076171875
1 0.5634765625 0.3896484375 0.017578125 0.0263671875
1 0.689453125 0.6826171875 0.048828125 0.052734375
1 0.39453125 0.4248046875 0.017578125 0.0341796875
1 0.400390625 0.609375 0.0283203125 0.072265625
0 0.5068359375 0.3447265625 0.029296875 0.0361328125
1 0.947265625 0.689453125 0.0732421875 0.0830078125
1 0.1708984375 0.57421875 0.029296875 0.0546875
1 0.591796875 0.3955078125 0.0185546875 0.025390625
0 0.326171875 0.4912109375 0.068359375 0.060546875
1 0.1201171875 0.6376953125 0.0341796875 0.046875
1 0.666015625 0.7919921875 0.0703125 0.103515625
1 0.4248046875 0.439453125 0.0185546875 0.0390625
1 0.04296875 0.564453125 0.0234375 0.0439453125
1 0.0830078125 0.6806640625 0.03125 0.0546875
1 0.8359375 0.7607421875 0.0654296875 0.09375
0 0.4794921875 0.3564453125 0.03125 0.037109375
1 0.142578125 0.5078125 0.0234375 0.0341796875
1 0.0595703125 0.48046875 0.0283203125 0.0390625
0 0.3203125 0.548828125 0.072265625 0.080078125
1 0.8896484375 0.6455078125 0.080078125 0.0810546875
1 0.4619140625 0.4521484375 0.0234375 0.0361328125
1 0.6171875 0.4384765625 0.0283203125 0.033203125
1 0.6416015625 0.458984375 0.0361328125 0.0390625
0 0.251953125 0.396484375 0.048828125 0.0517578125
1 0.083984375 0.486328125 0.0263671875 0.0361328125
0 0.541015625 0.3359375 0.0390625 0.03125
1 0.193359375 0.560546875 0.0283203125 0.0439453125
1 0.1875 0.529296875 0.03125 0.0390625
0 0.142578125 0.42578125 0.044921875 0.0419921875
1 0.1748046875 0.4912109375 0.0439453125 0.048828125
1 0.130859375 0.8720703125 0.078125 0.041015625
1 0.037109375 0.81640625 0.0341796875 0.0703125
1 0.4013671875 0.3623046875 0.0185546875 0.021484375
1 0.2119140625 0.4111328125 0.033203125 0.037109375
1 0.89453125 0.583984375 0.0419921875 0.052734375
1 0.8232421875 0.8740234375 0.037109375 0.033203125
1 0.494140625 0.509765625 0.0185546875 0.0361328125
1 0.8408203125 0.5439453125 0.0341796875 0.0439453125
1 0.9716796875 0.5244140625 0.0283203125 0.0263671875
1 0.8955078125 0.541015625 0.0283203125 0.0341796875
1 0.1318359375 0.470703125 0.0205078125 0.0263671875
0 0.958984375 0.576171875 0.0576171875 0.0576171875
1 0.943359375 0.5146484375 0.03125 0.0263671875
1 0.603515625 0.59375 0.029296875 0.046875
1 0.2060546875 0.7646484375 0.041015625 0.0576171875
0 0.408203125 0.3896484375 0.0361328125 0.033203125
1 0.2841796875 0.361328125 0.0185546875 0.025390625
1 0.958984375 0.6259765625 0.041015625 0.0576171875
1 0.060546875 0.861328125 0.044921875 0.044921875
1 0.259765625 0.86328125 0.0703125 0.0546875
1 0.46484375 0.671875 0.0263671875 0.0654296875
0 0.9130859375 0.501953125 0.0517578125 0.041015625
1 0.5478515625 0.41015625 0.013671875 0.0234375
0 0.072265625 0.322265625 0.0263671875 0.021484375