0 0.193359375 0.7490234375 0.123046875 0.1611328125
0 0.337890625 0.7275390625 0.099609375 0.1171875
0 0.5107421875 0.42578125 0.0498046875 0.0517578125
0 0.65625 0.75390625 0.162109375 0.1796875
1 0.6708984375 0.6484375 0.048828125 0.0625
1 0.4150390625 0.52734375 0.048828125 0.0546875
1 0.744140625 0.705078125 0.0751953125 0.0830078125
1 0.587890625 0.46484375 0.0341796875 0.0419921875
1 0.5390625 0.701171875 0.041015625 0.0830078125
1 0.431640625 0.6748046875 0.041015625 0.0625
1 0.576171875 0.65234375 0.0390625 0.048828125
0 0.4921875 0.3583984375 0.037109375 0.033203125
1 0.8076171875 0.64453125 0.046875 0.0576171875
1 0.4560546875 0.5224609375 0.0283203125 0.044921875
1 0.486328125 0.4853515625 0.0234375 0.0361328125
1 0.5234375 0.525390625 0.0341796875 0.0517578125
1 0.5771484375 0.5341796875 0.029296875 0.0498046875
1 0.0810546875 0.75390625 0.0498046875 0.091796875
1 0.5029296875 0.6416015625 0.041015625 0.048828125
1 0.2919921875 0.5986328125 0.0654296875 0.0439453125
1 0.5400390625 0.4052734375 0.033203125 0.044921875
0 0.9267578125 0.578125 0.119140625 0.0595703125
1 0.701171875 0.5791015625 0.060546875 0.0546875
1 0.56640625 0.4169921875 0.0205078125 0.0341796875
1 0.6240234375 0.646484375 0.0390625 0.0517578125
0 0.537109375 0.3447265625 0.033203125 0.0263671875
1 0.6298828125 0.4765625 0.021484375 0.0283203125
0 0.505859375 0.3349609375 0.0341796875 0.033203125
1 0.78515625 0.5869140625 0.064453125 0.044921875
1 0.470703125 0.423828125 0.0283203125 0.037109375
1 0.345703125 0.421875 0.0283203125 0.021484375
0 0.880859375 0.83203125 0.1767578125 0.1142578125
1 0.5380859375 0.4873046875 0.044921875 0.041015625
1 0.560546875 0.4453125 0.0185546875 0.03125
1 0.6279296875 0.517578125 0.046875 0.0439453125
1 0.392578125 0.427734375 0.025390625 0.03125
1 0.7421875 0.6416015625 0.03125 0.0419921875
1 0.87890625 0.6416015625 0.044921875 0.0703125
1 0.583984375 0.591796875 0.0341796875 0.0576171875
1 0.6328125 0.5986328125 0.03125 0.0498046875
1 0.837890625 0.5361328125 0.068359375 0.046875
1 0.0322265625 0.814453125 0.0390625 0.078125
1 0.6484375 0.458984375 0.021484375 0.0263671875
1 0.93359375 0.666015625 0.0576171875 0.083984375
1 0.6044921875 0.5517578125 0.0283203125 0.046875
1 0.181640625 0.337890625 0.0263671875 0.0205078125
1 0.548828125 0.373046875 0.017578125 0.0263671875
1 0.625 0.4501953125 0.021484375 0.0283203125
1 0.3408203125 0.59375 0.052734375 0.056640625
1 0.59375 0.705078125 0.0439453125 0.0625
1 0.5224609375 0.564453125 0.0234375 0.033203125
1 0.224609375 0.6142578125 0.029296875 0.046875
1 0.736328125 0.47265625 0.021484375 0.029296875
1 0.45703125 0.3603515625 0.0263671875 0.0263671875
1 0.69140625 0.4599609375 0.033203125 0.029296875
1 0.4345703125 0.4599609375 0.021484375 0.0390625
0 0.240234375 0.3779296875 0.0654296875 0.03125
1 0.7177734375 0.5263671875 0.0205078125 0.0283203125
1 0.0234375 0.564453125 0.021484375 0.048828125
1 0.66015625 0.501953125 0.0361328125 0.0341796875
1 0.408203125 0.4912109375 0.0185546875 0.029296875
1 0.4765625 0.572265625 0.025390625 0.033203125
1 0.060546875 0.478515625 0.0234375 0.037109375
1 0.8466796875 0.576171875 0.021484375 0.037109375
1 0.78515625 0.556640625 0.0234375 0.037109375
0 0.353515625 0.3212890625 0.0341796875 0.017578125
1 0.3291015625 0.357421875 0.0205078125 0.025390625
1 0.5791015625 0.3681640625 0.0205078125 0.033203125
1 0.0732421875 0.337890625 0.0126953125 0.0185546875
1 0.306640625 0.865234375 0.0517578125 0.0498046875
1 0.4150390625 0.58984375 0.0390625 0.080078125
1 0.107421875 0.486328125 0.0341796875 0.0341796875
1 0.822265625 0.578125 0.0263671875 0.037109375
1 0.1796875 0.6171875 0.025390625 0.068359375
1 0.072265625 0.615234375 0.033203125 0.044921875