0 0.728515625 0.6767578125 0.1513671875 0.1591796875
0 0.5439453125 0.4755859375 0.0595703125 0.0732421875
1 0.8154296875 0.578125 0.0751953125 0.0751953125
0 0.216796875 0.541015625 0.0751953125 0.0810546875
1 0.1611328125 0.4912109375 0.021484375 0.0361328125
1 0.177734375 0.4716796875 0.0234375 0.03125
1 0.1220703125 0.5966796875 0.03125 0.052734375
1 0.607421875 0.59765625 0.046875 0.064453125
1 0.681640625 0.5439453125 0.0517578125 0.0498046875
1 0.1376953125 0.521484375 0.025390625 0.041015625
1 0.4052734375 0.4384765625 0.0205078125 0.0263671875
1 0.2099609375 0.7509765625 0.044921875 0.0830078125
1 0.25390625 0.6533203125 0.0419921875 0.056640625
1 0.283203125 0.55078125 0.03125 0.0517578125
1 0.7275390625 0.537109375 0.0419921875 0.046875
1 0.5947265625 0.54296875 0.0390625 0.0546875
0 0.46875 0.4248046875 0.041015625 0.041015625
1 0.359375 0.443359375 0.0185546875 0.0263671875
1 0.876953125 0.658203125 0.076171875 0.083984375
1 0.576171875 0.462890625 0.0185546875 0.0341796875
1 0.21484375 0.470703125 0.0234375 0.0390625
1 0.6201171875 0.51953125 0.025390625 0.0419921875
1 0.1904296875 0.375 0.015625 0.0283203125
1 0.2841796875 0.474609375 0.021484375 0.0361328125
1 0.5078125 0.458984375 0.0185546875 0.0341796875
0 0.521484375 0.421875 0.041015625 0.0439453125
1 0.951171875 0.708984375 0.0751953125 0.103515625
1 0.3818359375 0.4833984375 0.0263671875 0.044921875
0 0.55859375 0.400390625 0.0361328125 0.048828125
1 0.236328125 0.45703125 0.0234375 0.0390625
1 0.2119140625 0.435546875 0.0205078125 0.0283203125
1 0.125 0.6923828125 0.0439453125 0.0625
1 0.1484375 0.41796875 0.021484375 0.0263671875
0 0.2275390625 0.3505859375 0.0263671875 0.0234375
1 0.2763671875 0.4443359375 0.0283203125 0.033203125
1 0.1611328125 0.443359375 0.025390625 0.0283203125
1 0.615234375 0.693359375 0.0361328125 0.0546875
1 0.587890625 0.724609375 0.0390625 0.068359375
1 0.2373046875 0.416015625 0.021484375 0.03125
1 0.1201171875 0.4130859375 0.021484375 0.029296875
1 0.05859375 0.48046875 0.0234375 0.0361328125
1 0.896484375 0.541015625 0.03125 0.037109375
0 0.3505859375 0.318359375 0.029296875 0.0185546875
1 0.0224609375 0.4833984375 0.0234375 0.0390625
0 0.4990234375 0.3486328125 0.0361328125 0.041015625
1 0.6416015625 0.4423828125 0.0234375 0.0283203125
1 0.470703125 0.4453125 0.015625 0.025390625
1 0.0810546875 0.4052734375 0.015625 0.0234375
1 0.92578125 0.611328125 0.0546875 0.052734375
1 0.419921875 0.4111328125 0.0205078125 0.0283203125
1 0.6767578125 0.509765625 0.0283203125 0.033203125
1 0.111328125 0.482421875 0.037109375 0.0341796875
1 0.263671875 0.4091796875 0.03125 0.03125
1 0.6279296875 0.8173828125 0.056640625 0.09375
1 0.2958984375 0.4052734375 0.044921875 0.029296875
0 0.51171875 0.3837890625 0.033203125 0.033203125
1 0.9736328125 0.6328125 0.03125 0.0654296875
1 0.2177734375 0.40625 0.0234375 0.03125
0 0.2314453125 0.3740234375 0.0439453125 0.029296875
1 0.4482421875 0.6650390625 0.03125 0.060546875
1 0.8974609375 0.57421875 0.0419921875 0.0390625
1 0.2255859375 0.4453125 0.1455078125 0.109375
1 0.6142578125 0.484375 0.021484375 0.0341796875
1 0.4541015625 0.5478515625 0.0361328125 0.095703125
1 0.53515625 0.380859375 0.0234375 0.029296875
1 0.125 0.3583984375 0.015625 0.0234375
1 0.8173828125 0.537109375 0.025390625 0.0390625
1 0.453125 0.46875 0.0283203125 0.0341796875
1 0.462890625 0.3642578125 0.033203125 0.041015625
1 0.0771484375 0.337890625 0.0205078125 0.0185546875
0 0.521484375 0.3310546875 0.029296875 0.025390625
1 0.2529296875 0.611328125 0.021484375 0.0283203125
1 0.890625 0.3857421875 0.015625 0.025390625
1 0.931640625 0.6533203125 0.03125 0.0439453125
1 0.9521484375 0.53125 0.0205078125 0.015625
1 0.58984375 0.4052734375 0.0263671875 0.0390625
1 0.0302734375 0.580078125 0.0361328125 0.083984375