0 0.583984375 0.435546875 0.056640625 0.0517578125
0 0.533203125 0.48046875 0.0673828125 0.095703125
1 0.693359375 0.5986328125 0.0341796875 0.052734375
1 0.646484375 0.5556640625 0.025390625 0.044921875
0 0.4873046875 0.361328125 0.0341796875 0.033203125
1 0.6083984375 0.515625 0.0361328125 0.0439453125
1 0.1572265625 0.484375 0.0390625 0.056640625
0 0.640625 0.751953125 0.1748046875 0.2236328125
1 0.6845703125 0.5478515625 0.0498046875 0.0546875
1 0.8291015625 0.6494140625 0.0390625 0.0546875
1 0.1416015625 0.580078125 0.029296875 0.0419921875
1 0.1943359375 0.58984375 0.033203125 0.0546875
1 0.8017578125 0.728515625 0.056640625 0.0625
1 0.2490234375 0.474609375 0.0263671875 0.0439453125
1 0.740234375 0.685546875 0.0419921875 0.0703125
1 0.150390625 0.658203125 0.0439453125 0.087890625
1 0.8759765625 0.8291015625 0.0888671875 0.111328125
1 0.365234375 0.4189453125 0.0361328125 0.0341796875
1 0.7294921875 0.533203125 0.041015625 0.0439453125
1 0.791015625 0.630859375 0.0517578125 0.0751953125
0 0.330078125 0.8271484375 0.1279296875 0.1201171875
1 0.1943359375 0.365234375 0.013671875 0.025390625
1 0.4384765625 0.5263671875 0.0234375 0.0439453125
1 0.224609375 0.6484375 0.0283203125 0.056640625
1 0.0625 0.478515625 0.0283203125 0.0361328125
1 0.9638671875 0.705078125 0.046875 0.0751953125
1 0.9189453125 0.650390625 0.0625 0.0625
1 0.6005859375 0.46875 0.033203125 0.0439453125
1 0.7900390625 0.5576171875 0.029296875 0.0439453125
1 0.1650390625 0.3720703125 0.013671875 0.025390625
1 0.822265625 0.5673828125 0.0517578125 0.0498046875
1 0.380859375 0.447265625 0.0263671875 0.044921875
1 0.140625 0.43359375 0.025390625 0.033203125
1 0.439453125 0.4345703125 0.0185546875 0.03125
1 0.23828125 0.43359375 0.044921875 0.0517578125
0 0.4775390625 0.5556640625 0.0888671875 0.0986328125
1 0.19921875 0.5224609375 0.0205078125 0.033203125
1 0.140625 0.5498046875 0.025390625 0.03125
1 0.025390625 0.5615234375 0.0263671875 0.044921875
1 0.6435546875 0.44140625 0.041015625 0.033203125
1 0.0234375 0.470703125 0.025390625 0.0390625
0 0.6083984375 0.583984375 0.091796875 0.107421875
0 0.576171875 0.38671875 0.0341796875 0.033203125
1 0.4814453125 0.4169921875 0.021484375 0.03125
1 0.4365234375 0.3984375 0.017578125 0.03125
1 0.67578125 0.5107421875 0.0263671875 0.0341796875
1 0.89453125 0.5859375 0.0390625 0.0498046875
1 0.6962890625 0.505859375 0.0234375 0.033203125
0 0.958984375 0.580078125 0.052734375 0.056640625
1 0.845703125 0.6025390625 0.037109375 0.0361328125
1 0.619140625 0.48046875 0.0185546875 0.0361328125
1 0.09765625 0.412109375 0.0234375 0.021484375
1 0.833984375 0.748046875 0.03125 0.044921875
1 0.876953125 0.6435546875 0.2080078125 0.2216796875
0 0.224609375 0.361328125 0.0283203125 0.0283203125
1 0.876953125 0.7802734375 0.0283203125 0.029296875
1 0.548828125 0.8310546875 0.056640625 0.09375
1 0.9599609375 0.634765625 0.029296875 0.056640625
0 0.455078125 0.3583984375 0.0234375 0.0263671875
1 0.46484375 0.4033203125 0.0234375 0.03125
1 0.9052734375 0.548828125 0.017578125 0.03125
1 0.681640625 0.439453125 0.021484375 0.03125
1 0.5029296875 0.4423828125 0.0283203125 0.0439453125