0 0.1923828125 0.75 0.125 0.162109375
0 0.5107421875 0.423828125 0.0498046875 0.0576171875
0 0.337890625 0.7275390625 0.0986328125 0.1201171875
0 0.7939453125 0.5517578125 0.150390625 0.0751953125
0 0.5400390625 0.353515625 0.044921875 0.044921875
0 0.138671875 0.40234375 0.0625 0.0390625
1 0.501953125 0.5498046875 0.044921875 0.056640625
1 0.306640625 0.84765625 0.044921875 0.064453125
1 0.2744140625 0.478515625 0.0263671875 0.0361328125
1 0.580078125 0.4892578125 0.0283203125 0.041015625
0 0.494140625 0.353515625 0.044921875 0.0439453125
1 0.513671875 0.47265625 0.029296875 0.044921875
1 0.189453125 0.494140625 0.0205078125 0.0263671875
1 0.337890625 0.4873046875 0.041015625 0.041015625
1 0.201171875 0.4404296875 0.0234375 0.025390625
1 0.28125 0.5205078125 0.0283203125 0.037109375
1 0.4189453125 0.4990234375 0.046875 0.0517578125
1 0.466796875 0.439453125 0.013671875 0.0234375
1 0.140625 0.453125 0.0185546875 0.0283203125
1 0.0791015625 0.7587890625 0.044921875 0.0732421875
1 0.5615234375 0.4677734375 0.0205078125 0.0361328125
1 0.0673828125 0.5361328125 0.0283203125 0.041015625
1 0.1416015625 0.541015625 0.0263671875 0.0390625
1 0.634765625 0.509765625 0.0234375 0.0439453125
1 0.541015625 0.4794921875 0.021484375 0.037109375
1 0.2431640625 0.416015625 0.0263671875 0.0263671875
1 0.416015625 0.79296875 0.048828125 0.0859375
1 0.095703125 0.419921875 0.0234375 0.029296875
1 0.537109375 0.388671875 0.013671875 0.0283203125
1 0.5556640625 0.443359375 0.0263671875 0.029296875
1 0.220703125 0.4091796875 0.0185546875 0.021484375
1 0.0322265625 0.580078125 0.0361328125 0.0810546875
1 0.455078125 0.7802734375 0.044921875 0.060546875
1 0.43359375 0.6787109375 0.0546875 0.1142578125
1 0.7275390625 0.595703125 0.0419921875 0.107421875
0 0.0478515625 0.380859375 0.0517578125 0.029296875
1 0.63671875 0.4755859375 0.0234375 0.029296875
1 0.0244140625 0.7607421875 0.0263671875 0.072265625
1 0.6064453125 0.509765625 0.041015625 0.044921875
1 0.5927734375 0.466796875 0.017578125 0.0263671875
0 0.2353515625 0.36328125 0.0546875 0.033203125
1 0.5830078125 0.36328125 0.0185546875 0.0234375
1 0.1083984375 0.484375 0.0361328125 0.0341796875
1 0.060546875 0.482421875 0.0234375 0.041015625
1 0.318359375 0.4609375 0.03125 0.0341796875
1 0.849609375 0.666015625 0.0419921875 0.0595703125
1 0.4609375 0.412109375 0.0185546875 0.048828125
1 0.0712890625 0.4013671875 0.013671875 0.0283203125
1 0.04296875 0.6865234375 0.017578125 0.0234375
1 0.4560546875 0.3603515625 0.0185546875 0.0205078125
1 0.5673828125 0.47265625 0.1591796875 0.0986328125
1 0.6396484375 0.443359375 0.033203125 0.0283203125
0 0.1943359375 0.875 0.095703125 0.0283203125
1 0.4541015625 0.5263671875 0.0205078125 0.0341796875
1 0.1826171875 0.330078125 0.0185546875 0.021484375