0 0.1923828125 0.7490234375 0.1220703125 0.1640625
0 0.51171875 0.4189453125 0.048828125 0.052734375
0 0.7109375 0.8154296875 0.162109375 0.1435546875
0 0.7060546875 0.677734375 0.1376953125 0.1328125
0 0.5390625 0.345703125 0.037109375 0.029296875
0 0.3388671875 0.7275390625 0.099609375 0.1142578125
1 0.5908203125 0.4560546875 0.021484375 0.03125
0 0.5625 0.619140625 0.1123046875 0.1220703125
1 0.623046875 0.455078125 0.0234375 0.033203125
1 0.6396484375 0.6015625 0.0390625 0.0625
1 0.3916015625 0.4990234375 0.0263671875 0.0390625
1 0.517578125 0.521484375 0.03125 0.0498046875
1 0.482421875 0.568359375 0.033203125 0.064453125
1 0.431640625 0.6767578125 0.0419921875 0.068359375
0 0.9296875 0.572265625 0.1123046875 0.0703125
0 0.4951171875 0.3466796875 0.056640625 0.056640625
1 0.078125 0.755859375 0.0439453125 0.078125
1 0.685546875 0.59375 0.0498046875 0.046875
1 0.4150390625 0.4736328125 0.0263671875 0.041015625
1 0.7841796875 0.650390625 0.052734375 0.0625
1 0.412109375 0.5546875 0.03125 0.052734375
1 0.572265625 0.494140625 0.0283203125 0.0361328125
1 0.5595703125 0.44140625 0.03125 0.044921875
1 0.619140625 0.54296875 0.0419921875 0.0517578125
1 0.9482421875 0.64453125 0.072265625 0.0732421875
1 0.5068359375 0.4873046875 0.0234375 0.0341796875
1 0.8720703125 0.6572265625 0.0625 0.064453125
1 0.224609375 0.6103515625 0.060546875 0.048828125
1 0.130859375 0.6044921875 0.033203125 0.041015625
1 0.548828125 0.541015625 0.052734375 0.0517578125
1 0.443359375 0.4296875 0.017578125 0.0283203125
1 0.677734375 0.525390625 0.0419921875 0.037109375
1 0.662109375 0.4716796875 0.03125 0.041015625
0 0.4638671875 0.505859375 0.0654296875 0.099609375
1 0.498046875 0.4501953125 0.021484375 0.025390625
1 0.73828125 0.591796875 0.029296875 0.0419921875
1 0.0703125 0.478515625 0.0498046875 0.0390625
0 0.3525390625 0.3212890625 0.033203125 0.017578125
1 0.546875 0.3701171875 0.0185546875 0.0283203125
1 0.7265625 0.478515625 0.037109375 0.0361328125
1 0.55078125 0.3974609375 0.013671875 0.0263671875
1 0.611328125 0.59375 0.0283203125 0.052734375
1 0.4404296875 0.3583984375 0.021484375 0.029296875
1 0.0244140625 0.564453125 0.0234375 0.0498046875
1 0.7685546875 0.6015625 0.0341796875 0.0498046875
1 0.0361328125 0.8310546875 0.037109375 0.103515625
1 0.435546875 0.466796875 0.0185546875 0.033203125
1 0.5380859375 0.4833984375 0.017578125 0.033203125
1 0.4658203125 0.42578125 0.015625 0.029296875
1 0.767578125 0.576171875 0.1796875 0.119140625
1 0.2197265625 0.361328125 0.017578125 0.021484375
1 0.8544921875 0.7275390625 0.03125 0.0859375
1 0.2734375 0.6005859375 0.052734375 0.0517578125
1 0.1044921875 0.486328125 0.03125 0.033203125
1 0.0634765625 0.6396484375 0.033203125 0.0546875
0 0.30859375 0.345703125 0.0673828125 0.076171875
1 0.7138671875 0.6025390625 0.021484375 0.0361328125
1 0.08203125 0.337890625 0.029296875 0.021484375
0 0.1953125 0.8740234375 0.0966796875 0.029296875