0 0.3212890625 0.796875 0.1484375 0.177734375
1 0.6943359375 0.5458984375 0.048828125 0.0517578125
0 0.7412109375 0.7412109375 0.1796875 0.2109375
1 0.5791015625 0.572265625 0.029296875 0.0673828125
0 0.220703125 0.60546875 0.0830078125 0.095703125
0 0.314453125 0.6484375 0.0908203125 0.109375
1 0.5966796875 0.44921875 0.025390625 0.033203125
1 0.548828125 0.6201171875 0.0361328125 0.056640625
1 0.5498046875 0.5146484375 0.0283203125 0.0517578125
1 0.1162109375 0.712890625 0.029296875 0.0576171875
1 0.8212890625 0.580078125 0.0830078125 0.0830078125
1 0.4892578125 0.5576171875 0.0283203125 0.046875
1 0.634765625 0.5732421875 0.03125 0.0439453125
0 0.240234375 0.509765625 0.0654296875 0.076171875
1 0.9482421875 0.689453125 0.0751953125 0.078125
1 0.158203125 0.5556640625 0.0263671875 0.048828125
1 0.5625 0.390625 0.015625 0.025390625
1 0.09765625 0.5263671875 0.0234375 0.037109375
1 0.681640625 0.48046875 0.03125 0.0419921875
1 0.486328125 0.4814453125 0.029296875 0.0498046875
1 0.654296875 0.46875 0.0205078125 0.03125
1 0.119140625 0.51171875 0.025390625 0.0361328125
1 0.13671875 0.490234375 0.0234375 0.029296875
0 0.3203125 0.5478515625 0.072265625 0.080078125
1 0.8916015625 0.642578125 0.076171875 0.0732421875
1 0.6123046875 0.8193359375 0.041015625 0.0830078125
0 0.3271484375 0.490234375 0.0703125 0.0595703125
1 0.111328125 0.60546875 0.025390625 0.0390625
1 0.18359375 0.484375 0.0361328125 0.0498046875
1 0.5068359375 0.3662109375 0.0205078125 0.029296875
0 0.4794921875 0.3603515625 0.0341796875 0.0361328125
1 0.427734375 0.607421875 0.056640625 0.064453125
1 0.16796875 0.517578125 0.0205078125 0.0361328125
1 0.162109375 0.673828125 0.037109375 0.0810546875
1 0.107421875 0.41796875 0.0234375 0.0390625
1 0.5888671875 0.3974609375 0.0126953125 0.0205078125
1 0.44140625 0.46484375 0.0205078125 0.0390625
1 0.7314453125 0.541015625 0.037109375 0.0439453125
1 0.509765625 0.4462890625 0.015625 0.0263671875
1 0.1767578125 0.427734375 0.0283203125 0.037109375
1 0.2177734375 0.412109375 0.029296875 0.0361328125
0 0.2548828125 0.3955078125 0.0498046875 0.0498046875
1 0.4111328125 0.6923828125 0.0341796875 0.052734375
0 0.5048828125 0.337890625 0.0283203125 0.025390625
1 0.0595703125 0.478515625 0.025390625 0.0361328125
1 0.939453125 0.533203125 0.025390625 0.03125
0 0.533203125 0.3564453125 0.0341796875 0.037109375
0 0.3505859375 0.353515625 0.0419921875 0.0341796875
0 0.384765625 0.3740234375 0.0390625 0.0390625
1 0.1064453125 0.4833984375 0.03125 0.033203125
1 0.5078125 0.5263671875 0.015625 0.037109375
1 0.0830078125 0.396484375 0.0185546875 0.0283203125
1 0.142578125 0.384765625 0.015625 0.0234375
1 0.9443359375 0.607421875 0.0703125 0.052734375
0 0.931640625 0.53125 0.1044921875 0.078125
0 0.63671875 0.4423828125 0.060546875 0.0439453125
1 0.447265625 0.421875 0.0107421875 0.03125
1 0.353515625 0.3896484375 0.017578125 0.033203125
1 0.138671875 0.509765625 0.111328125 0.1220703125
1 0.2060546875 0.4599609375 0.021484375 0.0390625
1 0.5166015625 0.51953125 0.123046875 0.138671875
1 0.8974609375 0.5859375 0.0517578125 0.0595703125
1 0.8916015625 0.384765625 0.017578125 0.0283203125
1 0.03515625 0.587890625 0.048828125 0.087890625
1 0.6787109375 0.4365234375 0.017578125 0.033203125
1 0.2060546875 0.3251953125 0.009765625 0.015625
1 0.841796875 0.5380859375 0.0263671875 0.033203125
1 0.0234375 0.8466796875 0.025390625 0.0498046875
1 0.0224609375 0.373046875 0.0205078125 0.0234375
1 0.48828125 0.443359375 0.017578125 0.0205078125
1 0.240234375 0.357421875 0.015625 0.021484375
1 0.041015625 0.5576171875 0.017578125 0.021484375