0 0.318359375 0.7998046875 0.140625 0.1748046875
0 0.083984375 0.751953125 0.0986328125 0.1357421875
0 0.201171875 0.6767578125 0.1044921875 0.119140625
0 0.3154296875 0.6484375 0.0908203125 0.109375
1 0.689453125 0.54296875 0.044921875 0.0576171875
0 0.4775390625 0.375 0.033203125 0.037109375
0 0.74609375 0.787109375 0.1923828125 0.193359375
1 0.9013671875 0.650390625 0.087890625 0.083984375
0 0.224609375 0.578125 0.078125 0.087890625
1 0.8203125 0.572265625 0.083984375 0.091796875
0 0.2412109375 0.513671875 0.064453125 0.064453125
0 0.501953125 0.345703125 0.037109375 0.03125
0 0.59765625 0.4658203125 0.107421875 0.0625
0 0.3203125 0.548828125 0.072265625 0.080078125
0 0.3271484375 0.4912109375 0.0673828125 0.060546875
0 0.2265625 0.357421875 0.0283203125 0.0263671875
0 0.5390625 0.33203125 0.0341796875 0.0263671875
1 0.755859375 0.48046875 0.0205078125 0.029296875
1 0.9609375 0.6982421875 0.052734375 0.0751953125
0 0.1884765625 0.3818359375 0.0361328125 0.0263671875
1 0.537109375 0.423828125 0.0185546875 0.033203125
1 0.513671875 0.4228515625 0.017578125 0.029296875
1 0.1494140625 0.490234375 0.0263671875 0.0361328125
1 0.435546875 0.759765625 0.037109375 0.0732421875
1 0.4892578125 0.404296875 0.021484375 0.0341796875
1 0.58203125 0.419921875 0.017578125 0.029296875
1 0.896484375 0.5419921875 0.037109375 0.0341796875
1 0.1884765625 0.5068359375 0.0263671875 0.0390625
1 0.37890625 0.46875 0.0205078125 0.041015625
1 0.068359375 0.4794921875 0.0361328125 0.0341796875
1 0.400390625 0.43359375 0.0185546875 0.029296875
0 0.3515625 0.3203125 0.03125 0.015625
1 0.033203125 0.5927734375 0.0390625 0.076171875
0 0.0673828125 0.322265625 0.037109375 0.0205078125
1 0.4375 0.36328125 0.015625 0.0205078125
1 0.630859375 0.4384765625 0.021484375 0.033203125
1 0.4736328125 0.4794921875 0.021484375 0.046875
1 0.8955078125 0.57421875 0.041015625 0.0390625
1 0.0205078125 0.4716796875 0.0185546875 0.025390625
1 0.1669921875 0.537109375 0.03125 0.060546875
0 0.251953125 0.388671875 0.064453125 0.0390625
1 0.427734375 0.455078125 0.021484375 0.0498046875
1 0.4306640625 0.4033203125 0.0234375 0.0341796875
1 0.9619140625 0.62109375 0.048828125 0.0732421875
1 0.146484375 0.412109375 0.0234375 0.0361328125
1 0.712890625 0.521484375 0.0205078125 0.033203125
1 0.1884765625 0.4716796875 0.0234375 0.0341796875
1 0.5576171875 0.392578125 0.078125 0.0654296875
1 0.40234375 0.3994140625 0.017578125 0.029296875
1 0.8173828125 0.5341796875 0.0283203125 0.041015625
1 0.6826171875 0.51171875 0.021484375 0.029296875
1 0.5419921875 0.833984375 0.0625 0.103515625
1 0.1875 0.427734375 0.0126953125 0.0205078125
1 0.1923828125 0.8427734375 0.072265625 0.095703125