0 0.173828125 0.607421875 0.0908203125 0.0986328125
1 0.6142578125 0.6025390625 0.041015625 0.0576171875
1 0.6787109375 0.5927734375 0.0576171875 0.076171875
0 0.3486328125 0.568359375 0.068359375 0.083984375
0 0.650390625 0.8173828125 0.1640625 0.1435546875
1 0.759765625 0.7177734375 0.0810546875 0.1015625
1 0.8037109375 0.5869140625 0.048828125 0.0673828125
1 0.12890625 0.5478515625 0.0234375 0.0419921875
1 0.5673828125 0.7001953125 0.041015625 0.0810546875
0 0.5166015625 0.478515625 0.0546875 0.0625
1 0.6318359375 0.71484375 0.044921875 0.0673828125
0 0.310546875 0.4853515625 0.0654296875 0.064453125
1 0.6240234375 0.5029296875 0.0263671875 0.0439453125
1 0.5908203125 0.5 0.03125 0.0439453125
1 0.603515625 0.5439453125 0.037109375 0.0498046875
1 0.8486328125 0.8466796875 0.083984375 0.0810546875
0 0.2197265625 0.4716796875 0.0546875 0.056640625
1 0.427734375 0.5068359375 0.0263671875 0.044921875
1 0.943359375 0.685546875 0.0810546875 0.0830078125
1 0.7646484375 0.6279296875 0.0263671875 0.03125
0 0.482421875 0.365234375 0.0361328125 0.0341796875
1 0.6943359375 0.5439453125 0.0361328125 0.046875
1 0.2666015625 0.5771484375 0.0234375 0.048828125
0 0.2822265625 0.435546875 0.048828125 0.044921875
1 0.845703125 0.6005859375 0.0390625 0.044921875
0 0.201171875 0.4208984375 0.044921875 0.0419921875
1 0.595703125 0.458984375 0.0234375 0.0341796875
0 0.478515625 0.4228515625 0.0439453125 0.0546875
1 0.873046875 0.669921875 0.078125 0.078125
1 0.0283203125 0.580078125 0.0341796875 0.060546875
1 0.4326171875 0.427734375 0.015625 0.0341796875
1 0.837890625 0.55859375 0.0546875 0.0576171875
1 0.181640625 0.5078125 0.0205078125 0.0341796875
1 0.0654296875 0.4814453125 0.037109375 0.037109375
0 0.5224609375 0.365234375 0.033203125 0.0390625
1 0.1025390625 0.6396484375 0.0263671875 0.0419921875
1 0.888671875 0.595703125 0.052734375 0.0546875
1 0.42578125 0.474609375 0.017578125 0.0283203125
1 0.568359375 0.642578125 0.03125 0.044921875
1 0.587890625 0.435546875 0.015625 0.0263671875
1 0.064453125 0.708984375 0.0439453125 0.046875
1 0.662109375 0.5458984375 0.0234375 0.0390625
1 0.16015625 0.4755859375 0.017578125 0.033203125
1 0.5537109375 0.431640625 0.0205078125 0.0283203125
0 0.2529296875 0.3935546875 0.041015625 0.037109375
0 0.4775390625 0.568359375 0.0703125 0.1689453125
0 0.9443359375 0.58203125 0.080078125 0.0703125
1 0.248046875 0.8623046875 0.0673828125 0.052734375
1 0.1455078125 0.4609375 0.025390625 0.025390625
1 0.974609375 0.634765625 0.0283203125 0.0576171875
1 0.62109375 0.4736328125 0.017578125 0.0283203125
0 0.3525390625 0.3212890625 0.033203125 0.017578125
0 0.203125 0.3427734375 0.021484375 0.0234375
0 0.08984375 0.826171875 0.1455078125 0.130859375
1 0.443359375 0.396484375 0.033203125 0.052734375
1 0.4453125 0.671875 0.0341796875 0.0654296875
1 0.5087890625 0.400390625 0.0234375 0.033203125
1 0.650390625 0.630859375 0.0283203125 0.048828125
1 0.181640625 0.447265625 0.0234375 0.0263671875
1 0.533203125 0.4296875 0.033203125 0.0498046875
1 0.9716796875 0.740234375 0.025390625 0.0830078125