0 0.3232421875 0.8017578125 0.1435546875 0.1748046875
0 0.091796875 0.720703125 0.095703125 0.1298828125
0 0.2001953125 0.677734375 0.1064453125 0.1201171875
0 0.318359375 0.646484375 0.095703125 0.1064453125
1 0.69140625 0.546875 0.048828125 0.052734375
0 0.240234375 0.5068359375 0.0625 0.0703125
1 0.8203125 0.5751953125 0.083984375 0.0908203125
0 0.224609375 0.5771484375 0.076171875 0.0888671875
0 0.322265625 0.5478515625 0.072265625 0.0830078125
0 0.638671875 0.474609375 0.1064453125 0.072265625
1 0.900390625 0.6494140625 0.0732421875 0.076171875
1 0.951171875 0.681640625 0.0673828125 0.087890625
0 0.1865234375 0.3779296875 0.033203125 0.03125
0 0.328125 0.490234375 0.068359375 0.0595703125
1 0.666015625 0.5009765625 0.0234375 0.0390625
1 0.552734375 0.453125 0.0205078125 0.037109375
0 0.2265625 0.3515625 0.0341796875 0.0341796875
0 0.4970703125 0.345703125 0.052734375 0.0419921875
1 0.4365234375 0.72265625 0.033203125 0.0673828125
0 0.779296875 0.833984375 0.1689453125 0.109375
1 0.4091796875 0.4482421875 0.0185546875 0.03125
0 0.5390625 0.3310546875 0.037109375 0.0283203125
1 0.4794921875 0.4853515625 0.052734375 0.0390625
1 0.8955078125 0.57421875 0.041015625 0.044921875
1 0.93359375 0.61328125 0.0419921875 0.044921875
1 0.1455078125 0.4013671875 0.021484375 0.025390625
0 0.0673828125 0.322265625 0.0341796875 0.0205078125
1 0.82421875 0.490234375 0.0263671875 0.025390625
1 0.033203125 0.591796875 0.0390625 0.0830078125
1 0.185546875 0.423828125 0.013671875 0.0234375
1 0.8974609375 0.541015625 0.0361328125 0.033203125
1 0.0673828125 0.4794921875 0.041015625 0.037109375
1 0.720703125 0.51953125 0.021484375 0.033203125
1 0.681640625 0.4775390625 0.025390625 0.0234375
1 0.197265625 0.412109375 0.0185546875 0.03125
1 0.1884765625 0.505859375 0.0263671875 0.0419921875
1 0.1171875 0.861328125 0.0341796875 0.0546875
1 0.2099609375 0.8515625 0.060546875 0.068359375
1 0.173828125 0.4638671875 0.0263671875 0.03125
1 0.38671875 0.66015625 0.048828125 0.0703125
0 0.3525390625 0.3203125 0.033203125 0.015625
1 0.1533203125 0.4755859375 0.025390625 0.033203125
1 0.81640625 0.5341796875 0.0263671875 0.037109375
1 0.5390625 0.833984375 0.0625 0.1015625
1 0.080078125 0.87109375 0.0517578125 0.0419921875
1 0.4453125 0.4619140625 0.03125 0.064453125