0 0.193359375 0.7490234375 0.123046875 0.1640625
0 0.5107421875 0.4189453125 0.0439453125 0.046875
1 0.197265625 0.541015625 0.0283203125 0.046875
0 0.3388671875 0.7265625 0.0966796875 0.119140625
1 0.30859375 0.8525390625 0.044921875 0.060546875
1 0.068359375 0.533203125 0.0283203125 0.037109375
1 0.611328125 0.5078125 0.0283203125 0.041015625
0 0.486328125 0.361328125 0.0439453125 0.033203125
0 0.5390625 0.349609375 0.037109375 0.037109375
1 0.4140625 0.8076171875 0.0439453125 0.0595703125
1 0.466796875 0.4873046875 0.029296875 0.041015625
1 0.642578125 0.501953125 0.0205078125 0.0361328125
1 0.568359375 0.521484375 0.021484375 0.0361328125
1 0.427734375 0.673828125 0.041015625 0.048828125
1 0.4560546875 0.7890625 0.03125 0.046875
1 0.078125 0.755859375 0.046875 0.078125
1 0.58984375 0.494140625 0.0205078125 0.03125
1 0.5205078125 0.4814453125 0.021484375 0.0341796875
1 0.189453125 0.4482421875 0.0283203125 0.0283203125
0 0.318359375 0.466796875 0.1044921875 0.064453125
1 0.5 0.51171875 0.0185546875 0.0419921875
1 0.1455078125 0.51171875 0.0185546875 0.029296875
0 0.126953125 0.40625 0.056640625 0.0341796875
1 0.5302734375 0.3720703125 0.017578125 0.021484375
1 0.41796875 0.37890625 0.013671875 0.0263671875
1 0.46484375 0.423828125 0.017578125 0.0283203125
1 0.544921875 0.4619140625 0.0185546875 0.029296875
1 0.390625 0.4189453125 0.0185546875 0.03125
1 0.326171875 0.5087890625 0.0439453125 0.0390625
1 0.546875 0.525390625 0.025390625 0.046875
1 0.416015625 0.41015625 0.015625 0.0361328125
1 0.0224609375 0.568359375 0.0205078125 0.041015625
1 0.6669921875 0.513671875 0.0283203125 0.0419921875
1 0.421875 0.7412109375 0.046875 0.0517578125
1 0.166015625 0.36328125 0.013671875 0.0205078125
1 0.564453125 0.4375 0.0185546875 0.0283203125
0 0.1865234375 0.32421875 0.0419921875 0.0263671875
0 0.5087890625 0.3291015625 0.0234375 0.0205078125
1 0.5634765625 0.4765625 0.013671875 0.021484375
1 0.3857421875 0.392578125 0.015625 0.021484375
1 0.4384765625 0.3623046875 0.0205078125 0.025390625
1 0.1767578125 0.4228515625 0.0185546875 0.0263671875
1 0.6455078125 0.46875 0.0185546875 0.0283203125
1 0.634765625 0.4462890625 0.0439453125 0.033203125
1 0.482421875 0.458984375 0.013671875 0.0234375
1 0.548828125 0.4345703125 0.017578125 0.025390625
1 0.0263671875 0.771484375 0.0283203125 0.048828125
1 0.03125 0.8486328125 0.041015625 0.052734375
1 0.583984375 0.46875 0.015625 0.03125
1 0.0654296875 0.50390625 0.0185546875 0.029296875
1 0.205078125 0.361328125 0.0126953125 0.0185546875
1 0.0986328125 0.5244140625 0.025390625 0.0546875
1 0.3564453125 0.357421875 0.015625 0.015625
1 0.525390625 0.8232421875 0.021484375 0.0439453125
1 0.56640625 0.505859375 0.158203125 0.0830078125
0 0.1962890625 0.875 0.095703125 0.0283203125
1 0.041015625 0.5537109375 0.017578125 0.033203125
1 0.455078125 0.3642578125 0.0185546875 0.025390625
1 0.515625 0.373046875 0.015625 0.017578125
1 0.2294921875 0.357421875 0.015625 0.0205078125
1 0.572265625 0.3935546875 0.0546875 0.0625