0 0.591796875 0.5498046875 0.087890625 0.109375
1 0.7294921875 0.6396484375 0.0498046875 0.076171875
0 0.4873046875 0.5234375 0.0625 0.083984375
0 0.337890625 0.7255859375 0.099609375 0.1142578125
1 0.662109375 0.5439453125 0.03125 0.0498046875
0 0.5888671875 0.7099609375 0.130859375 0.158203125
0 0.7314453125 0.48046875 0.125 0.080078125
1 0.1533203125 0.623046875 0.03125 0.052734375
0 0.48828125 0.361328125 0.033203125 0.029296875
1 0.7919921875 0.572265625 0.046875 0.052734375
1 0.673828125 0.689453125 0.0576171875 0.0810546875
0 0.513671875 0.392578125 0.0498046875 0.044921875
1 0.587890625 0.474609375 0.0205078125 0.0341796875
1 0.6318359375 0.5302734375 0.029296875 0.044921875
1 0.5185546875 0.623046875 0.03125 0.046875
0 0.853515625 0.8369140625 0.1845703125 0.1044921875
1 0.900390625 0.615234375 0.072265625 0.056640625
1 0.1474609375 0.6787109375 0.033203125 0.0546875
1 0.8388671875 0.6005859375 0.0595703125 0.0546875
1 0.421875 0.7646484375 0.037109375 0.0888671875
1 0.935546875 0.6982421875 0.09375 0.072265625
1 0.9638671875 0.6220703125 0.0439453125 0.052734375
1 0.7109375 0.556640625 0.025390625 0.0419921875
1 0.7734375 0.6953125 0.0283203125 0.056640625
0 0.509765625 0.3359375 0.03125 0.0341796875
1 0.833984375 0.650390625 0.0419921875 0.041015625
1 0.1748046875 0.36328125 0.0126953125 0.017578125
1 0.916015625 0.541015625 0.0390625 0.033203125
0 0.4541015625 0.4716796875 0.0361328125 0.046875
0 0.5419921875 0.33984375 0.03125 0.029296875
0 0.541015625 0.478515625 0.046875 0.052734375
1 0.5029296875 0.4599609375 0.0341796875 0.0390625
1 0.197265625 0.380859375 0.0205078125 0.0283203125
1 0.861328125 0.5556640625 0.025390625 0.033203125
1 0.072265625 0.4765625 0.052734375 0.0439453125
1 0.8203125 0.537109375 0.0283203125 0.041015625
1 0.7099609375 0.5146484375 0.0234375 0.029296875
1 0.453125 0.521484375 0.021484375 0.0439453125
1 0.55078125 0.447265625 0.017578125 0.025390625
1 0.091796875 0.412109375 0.015625 0.0185546875
1 0.568359375 0.43359375 0.0185546875 0.0390625
1 0.603515625 0.4404296875 0.017578125 0.03125
1 0.1064453125 0.4853515625 0.03125 0.033203125
1 0.021484375 0.4814453125 0.0234375 0.0439453125
0 0.5849609375 0.4033203125 0.0419921875 0.046875
1 0.529296875 0.5107421875 0.0234375 0.0341796875
1 0.8896484375 0.380859375 0.017578125 0.033203125
1 0.162109375 0.458984375 0.013671875 0.0234375
0 0.3798828125 0.439453125 0.03125 0.044921875
0 0.3544921875 0.3212890625 0.03125 0.017578125
1 0.02734375 0.7158203125 0.029296875 0.052734375
1 0.830078125 0.634765625 0.3017578125 0.2626953125
1 0.0224609375 0.560546875 0.0205078125 0.0439453125
1 0.451171875 0.388671875 0.0107421875 0.017578125
0 0.2275390625 0.361328125 0.029296875 0.0341796875
1 0.4375 0.4501953125 0.0185546875 0.0341796875
1 0.1806640625 0.4287109375 0.013671875 0.017578125
1 0.416015625 0.421875 0.037109375 0.037109375