0 0.193359375 0.748046875 0.1220703125 0.162109375
0 0.5107421875 0.419921875 0.046875 0.0498046875
0 0.337890625 0.728515625 0.099609375 0.1201171875
0 0.5380859375 0.3544921875 0.0419921875 0.0439453125
0 0.46484375 0.5146484375 0.1357421875 0.0732421875
1 0.162109375 0.599609375 0.0341796875 0.0546875
1 0.0673828125 0.533203125 0.025390625 0.046875
1 0.3046875 0.8544921875 0.0439453125 0.0654296875
0 0.486328125 0.361328125 0.0390625 0.03125
1 0.263671875 0.470703125 0.041015625 0.044921875
0 0.203125 0.427734375 0.0654296875 0.041015625
1 0.412109375 0.791015625 0.0546875 0.087890625
1 0.548828125 0.4853515625 0.025390625 0.0517578125
1 0.5634765625 0.451171875 0.0205078125 0.033203125
0 0.509765625 0.333984375 0.029296875 0.029296875
1 0.609375 0.494140625 0.041015625 0.052734375
1 0.0703125 0.7646484375 0.041015625 0.0673828125
1 0.384765625 0.3955078125 0.017578125 0.03125
1 0.458984375 0.7822265625 0.0390625 0.060546875
1 0.646484375 0.486328125 0.021484375 0.0390625
1 0.11328125 0.576171875 0.033203125 0.0498046875
1 0.568359375 0.412109375 0.0205078125 0.03125
1 0.55078125 0.55859375 0.0517578125 0.0419921875
1 0.42578125 0.6875 0.0419921875 0.0810546875
1 0.5126953125 0.3671875 0.021484375 0.025390625
1 0.4755859375 0.4619140625 0.033203125 0.0361328125
1 0.0615234375 0.4755859375 0.029296875 0.033203125
1 0.56640625 0.376953125 0.0234375 0.0283203125
1 0.40625 0.37890625 0.0126953125 0.0234375
1 0.021484375 0.568359375 0.0185546875 0.0517578125
0 0.06640625 0.5048828125 0.111328125 0.115234375
1 0.458984375 0.4365234375 0.029296875 0.0361328125
1 0.02734375 0.794921875 0.033203125 0.083984375
1 0.25 0.380859375 0.025390625 0.0341796875
1 0.3720703125 0.3642578125 0.015625 0.0185546875
0 0.185546875 0.3251953125 0.037109375 0.025390625
1 0.634765625 0.447265625 0.037109375 0.037109375
1 0.248046875 0.35546875 0.013671875 0.0234375
1 0.4560546875 0.361328125 0.025390625 0.029296875
1 0.43359375 0.73828125 0.0234375 0.0361328125
1 0.47265625 0.6591796875 0.0361328125 0.0625
1 0.0390625 0.556640625 0.0185546875 0.037109375
1 0.58984375 0.376953125 0.017578125 0.0234375
1 0.025390625 0.373046875 0.0126953125 0.0185546875
1 0.1669921875 0.3671875 0.015625 0.015625
1 0.548828125 0.41796875 0.015625 0.0234375
0 0.193359375 0.875 0.1015625 0.0283203125
1 0.501953125 0.599609375 0.052734375 0.0986328125
1 0.3291015625 0.3544921875 0.017578125 0.025390625
1 0.28515625 0.3623046875 0.013671875 0.021484375