0 0.193359375 0.658203125 0.103515625 0.1123046875
0 0.640625 0.5751953125 0.087890625 0.09375
1 0.787109375 0.830078125 0.0625 0.1064453125
1 0.5498046875 0.5712890625 0.0283203125 0.0517578125
1 0.19140625 0.490234375 0.0234375 0.029296875
0 0.615234375 0.7177734375 0.154296875 0.201171875
1 0.607421875 0.498046875 0.025390625 0.029296875
1 0.1044921875 0.634765625 0.0341796875 0.0517578125
1 0.2607421875 0.72265625 0.037109375 0.060546875
1 0.138671875 0.556640625 0.0263671875 0.0390625
1 0.275390625 0.54296875 0.0263671875 0.0419921875
0 0.525390625 0.392578125 0.044921875 0.046875
1 0.064453125 0.7705078125 0.0283203125 0.0595703125
1 0.5126953125 0.439453125 0.0185546875 0.029296875
1 0.8173828125 0.576171875 0.0810546875 0.0859375
1 0.2802734375 0.46875 0.017578125 0.025390625
1 0.3232421875 0.5634765625 0.025390625 0.044921875
1 0.6875 0.544921875 0.0439453125 0.0498046875
1 0.3046875 0.4462890625 0.015625 0.0234375
1 0.369140625 0.4833984375 0.021484375 0.033203125
1 0.158203125 0.4892578125 0.0205078125 0.03125
1 0.423828125 0.4072265625 0.015625 0.0234375
1 0.2939453125 0.50390625 0.021484375 0.033203125
1 0.2490234375 0.580078125 0.0263671875 0.037109375
1 0.529296875 0.5322265625 0.0234375 0.0390625
1 0.9404296875 0.681640625 0.087890625 0.0908203125
1 0.2548828125 0.4951171875 0.025390625 0.0341796875
1 0.1435546875 0.4677734375 0.021484375 0.033203125
1 0.1806640625 0.54296875 0.029296875 0.0517578125
1 0.1962890625 0.43359375 0.0234375 0.0263671875
1 0.162109375 0.4189453125 0.0263671875 0.0283203125
1 0.23046875 0.458984375 0.0205078125 0.0263671875
0 0.5615234375 0.388671875 0.0390625 0.037109375
1 0.728515625 0.5400390625 0.0419921875 0.048828125
1 0.0595703125 0.482421875 0.025390625 0.03125
1 0.517578125 0.6005859375 0.025390625 0.0517578125
1 0.3828125 0.529296875 0.025390625 0.0498046875
1 0.896484375 0.5419921875 0.033203125 0.037109375
1 0.255859375 0.4521484375 0.0185546875 0.033203125
1 0.146484375 0.4267578125 0.017578125 0.0185546875
1 0.115234375 0.427734375 0.017578125 0.0205078125
1 0.228515625 0.423828125 0.021484375 0.029296875
1 0.228515625 0.486328125 0.0205078125 0.033203125
1 0.205078125 0.400390625 0.017578125 0.0205078125
1 0.041015625 0.583984375 0.0263671875 0.060546875
1 0.1865234375 0.3798828125 0.013671875 0.0185546875
0 0.931640625 0.849609375 0.109375 0.078125
1 0.451171875 0.380859375 0.017578125 0.025390625
1 0.4697265625 0.4326171875 0.0205078125 0.0283203125
1 0.7001953125 0.708984375 0.0341796875 0.0595703125
1 0.5673828125 0.4951171875 0.0283203125 0.041015625
1 0.0224609375 0.478515625 0.0234375 0.0390625
1 0.26171875 0.46484375 0.0986328125 0.076171875
0 0.4658203125 0.404296875 0.03125 0.03125
0 0.541015625 0.3447265625 0.03125 0.0234375
1 0.951171875 0.529296875 0.0234375 0.017578125
0 0.4521484375 0.490234375 0.060546875 0.087890625
1 0.490234375 0.390625 0.0263671875 0.0341796875
1 0.4677734375 0.36328125 0.013671875 0.0263671875
1 0.7236328125 0.853515625 0.0498046875 0.068359375
1 0.5869140625 0.599609375 0.0234375 0.037109375
1 0.6005859375 0.4638671875 0.0263671875 0.0498046875
1 0.44921875 0.4150390625 0.013671875 0.0263671875
1 0.0927734375 0.40625 0.017578125 0.021484375
1 0.185546875 0.8212890625 0.041015625 0.0390625
1 0.962890625 0.595703125 0.044921875 0.056640625
0 0.4951171875 0.3427734375 0.0283203125 0.0263671875
1 0.896484375 0.587890625 0.041015625 0.056640625
1 0.236328125 0.3876953125 0.0185546875 0.0283203125
1 0.451171875 0.693359375 0.03125 0.091796875
1 0.6787109375 0.76953125 0.033203125 0.064453125
1 0.3505859375 0.423828125 0.017578125 0.025390625
1 0.0244140625 0.3740234375 0.013671875 0.0234375