0 0.1923828125 0.748046875 0.125 0.162109375
0 0.513671875 0.4228515625 0.052734375 0.0546875
1 0.5146484375 0.470703125 0.0419921875 0.056640625
0 0.337890625 0.7275390625 0.0966796875 0.1171875
1 0.642578125 0.498046875 0.03125 0.056640625
1 0.251953125 0.484375 0.025390625 0.03125
1 0.2138671875 0.4482421875 0.021484375 0.0283203125
0 0.537109375 0.3544921875 0.0439453125 0.0439453125
0 0.486328125 0.361328125 0.0439453125 0.03125
1 0.412109375 0.8037109375 0.046875 0.0673828125
1 0.06640625 0.537109375 0.033203125 0.048828125
0 0.154296875 0.408203125 0.064453125 0.041015625
0 0.412109375 0.5078125 0.134765625 0.078125
1 0.4697265625 0.4580078125 0.029296875 0.041015625
1 0.580078125 0.486328125 0.025390625 0.044921875
1 0.5576171875 0.421875 0.0185546875 0.0283203125
1 0.607421875 0.4921875 0.0341796875 0.052734375
0 0.509765625 0.333984375 0.03125 0.029296875
1 0.080078125 0.759765625 0.046875 0.0751953125
1 0.5654296875 0.375 0.025390625 0.0283203125
1 0.439453125 0.384765625 0.021484375 0.0263671875
1 0.306640625 0.837890625 0.046875 0.083984375
1 0.7197265625 0.5712890625 0.0517578125 0.0517578125
1 0.564453125 0.453125 0.0185546875 0.03125
1 0.458984375 0.783203125 0.037109375 0.0546875
1 0.0595703125 0.4833984375 0.025390625 0.029296875
1 0.140625 0.435546875 0.025390625 0.033203125
1 0.1650390625 0.3642578125 0.0107421875 0.0185546875
1 0.6611328125 0.55859375 0.0498046875 0.048828125
1 0.01953125 0.4921875 0.017578125 0.037109375
1 0.845703125 0.6396484375 0.033203125 0.0673828125
1 0.1826171875 0.421875 0.0185546875 0.0283203125
1 0.6357421875 0.443359375 0.037109375 0.0283203125
1 0.177734375 0.330078125 0.013671875 0.0185546875
1 0.541015625 0.4765625 0.021484375 0.041015625
1 0.419921875 0.7392578125 0.046875 0.056640625
1 0.5947265625 0.369140625 0.017578125 0.0205078125
1 0.556640625 0.3935546875 0.015625 0.025390625
1 0.2294921875 0.3291015625 0.021484375 0.017578125
1 0.4267578125 0.681640625 0.03125 0.033203125
1 0.7822265625 0.5556640625 0.064453125 0.044921875
1 0.59375 0.466796875 0.015625 0.025390625
1 0.466796875 0.421875 0.017578125 0.025390625
1 0.025390625 0.375 0.0126953125 0.0185546875
0 0.2294921875 0.3642578125 0.056640625 0.0341796875
1 0.20703125 0.35546875 0.0107421875 0.0205078125
1 0.255859375 0.384765625 0.0205078125 0.033203125
1 0.3310546875 0.35546875 0.021484375 0.0263671875
1 0.068359375 0.33984375 0.0126953125 0.017578125
1 0.025390625 0.8173828125 0.03125 0.083984375
1 0.892578125 0.380859375 0.017578125 0.029296875
0 0.197265625 0.875 0.09375 0.0283203125
1 0.427734375 0.646484375 0.0341796875 0.0546875
1 0.9033203125 0.4951171875 0.03125 0.037109375
1 0.455078125 0.716796875 0.0205078125 0.025390625