1 0.1806640625 0.5341796875 0.029296875 0.0498046875
0 0.5595703125 0.505859375 0.072265625 0.095703125
0 0.693359375 0.6865234375 0.1484375 0.1513671875
0 0.6201171875 0.4501953125 0.083984375 0.0625
1 0.7412109375 0.6318359375 0.0390625 0.064453125
0 0.3369140625 0.751953125 0.111328125 0.126953125
1 0.611328125 0.49609375 0.0263671875 0.0576171875
1 0.818359375 0.58203125 0.0751953125 0.0703125
1 0.6484375 0.56640625 0.0283203125 0.048828125
1 0.689453125 0.5439453125 0.0341796875 0.041015625
0 0.48828125 0.361328125 0.0361328125 0.03125
1 0.841796875 0.763671875 0.0595703125 0.09375
1 0.705078125 0.513671875 0.0185546875 0.0283203125
1 0.19140625 0.478515625 0.017578125 0.029296875
1 0.8984375 0.646484375 0.0439453125 0.0517578125
1 0.564453125 0.4375 0.013671875 0.0283203125
1 0.2197265625 0.5029296875 0.0234375 0.041015625
1 0.1923828125 0.40625 0.015625 0.0283203125
0 0.451171875 0.451171875 0.0517578125 0.068359375
1 0.1845703125 0.3583984375 0.015625 0.0234375
1 0.9638671875 0.7021484375 0.0439453125 0.076171875
1 0.728515625 0.5380859375 0.0361328125 0.0419921875
1 0.111328125 0.4814453125 0.033203125 0.037109375
1 0.673828125 0.583984375 0.0341796875 0.0439453125
1 0.357421875 0.423828125 0.0263671875 0.029296875
1 0.37890625 0.447265625 0.0263671875 0.0419921875
1 0.9287109375 0.736328125 0.0361328125 0.087890625
0 0.095703125 0.4091796875 0.080078125 0.0625
1 0.234375 0.41796875 0.0185546875 0.029296875
0 0.3515625 0.3212890625 0.03125 0.017578125
0 0.234375 0.3623046875 0.0625 0.0439453125
1 0.060546875 0.478515625 0.0234375 0.033203125
1 0.9169921875 0.60546875 0.037109375 0.048828125
0 0.947265625 0.564453125 0.0810546875 0.0546875
0 0.736328125 0.8408203125 0.162109375 0.09375
1 0.671875 0.494140625 0.0185546875 0.03125
1 0.1474609375 0.4501953125 0.0205078125 0.041015625
1 0.958984375 0.6396484375 0.03125 0.0419921875
1 0.455078125 0.513671875 0.03125 0.064453125
1 0.185546875 0.4453125 0.017578125 0.03125
1 0.7509765625 0.583984375 0.0234375 0.056640625
1 0.0263671875 0.470703125 0.03125 0.037109375
1 0.376953125 0.408203125 0.029296875 0.044921875
1 0.42578125 0.416015625 0.0263671875 0.033203125
0 0.5185546875 0.6064453125 0.0966796875 0.1123046875
1 0.025390625 0.5634765625 0.025390625 0.0517578125
1 0.5244140625 0.478515625 0.0234375 0.044921875
1 0.197265625 0.35546875 0.0126953125 0.0263671875
1 0.48046875 0.4384765625 0.0263671875 0.0390625
0 0.521484375 0.3251953125 0.03125 0.021484375
1 0.453125 0.37109375 0.015625 0.033203125
1 0.646484375 0.5234375 0.021484375 0.037109375
1 0.478515625 0.408203125 0.021484375 0.0341796875
1 0.904296875 0.6552734375 0.15625 0.2138671875
1 0.5107421875 0.4296875 0.025390625 0.041015625
1 0.8505859375 0.55078125 0.0263671875 0.0419921875