0 0.322265625 0.798828125 0.150390625 0.1748046875
1 0.6923828125 0.546875 0.046875 0.052734375
1 0.4404296875 0.431640625 0.021484375 0.0390625
0 0.6181640625 0.6611328125 0.142578125 0.166015625
0 0.5 0.439453125 0.0654296875 0.060546875
0 0.314453125 0.6484375 0.09375 0.109375
1 0.5322265625 0.595703125 0.033203125 0.064453125
1 0.74609375 0.6923828125 0.064453125 0.0810546875
1 0.4130859375 0.6708984375 0.0390625 0.091796875
0 0.505859375 0.3447265625 0.029296875 0.0361328125
1 0.5966796875 0.5888671875 0.056640625 0.0654296875
1 0.822265625 0.5859375 0.0810546875 0.072265625
1 0.9453125 0.6884765625 0.078125 0.080078125
1 0.5654296875 0.5166015625 0.03125 0.048828125
1 0.521484375 0.5244140625 0.029296875 0.044921875
1 0.677734375 0.61328125 0.037109375 0.0517578125
0 0.2412109375 0.509765625 0.060546875 0.076171875
1 0.1298828125 0.583984375 0.03125 0.044921875
0 0.4814453125 0.353515625 0.03125 0.0361328125
1 0.4072265625 0.4140625 0.0205078125 0.0341796875
1 0.73046875 0.53515625 0.0419921875 0.048828125
1 0.05859375 0.4814453125 0.0263671875 0.0341796875
0 0.326171875 0.4921875 0.0673828125 0.0625
1 0.1767578125 0.59765625 0.03125 0.0546875
1 0.3662109375 0.45703125 0.0205078125 0.0361328125
1 0.5537109375 0.427734375 0.0205078125 0.0263671875
1 0.892578125 0.6474609375 0.080078125 0.0732421875
0 0.150390625 0.4384765625 0.044921875 0.048828125
1 0.7509765625 0.4853515625 0.033203125 0.033203125
1 0.466796875 0.3994140625 0.015625 0.029296875
1 0.5634765625 0.390625 0.017578125 0.025390625
0 0.2529296875 0.396484375 0.0498046875 0.052734375
1 0.818359375 0.4921875 0.0341796875 0.03125
0 0.1845703125 0.322265625 0.056640625 0.0263671875
1 0.591796875 0.396484375 0.0185546875 0.0234375
0 0.5322265625 0.341796875 0.0263671875 0.0283203125
1 0.10546875 0.7197265625 0.0263671875 0.0390625
1 0.5908203125 0.5537109375 0.0283203125 0.033203125
1 0.212890625 0.4140625 0.029296875 0.03125
1 0.0458984375 0.5712890625 0.029296875 0.044921875
1 0.8408203125 0.541015625 0.037109375 0.041015625
1 0.353515625 0.39453125 0.015625 0.0263671875
1 0.1865234375 0.544921875 0.0234375 0.029296875
1 0.966796875 0.5244140625 0.033203125 0.033203125
1 0.9013671875 0.5380859375 0.0283203125 0.0419921875
1 0.4091796875 0.3662109375 0.015625 0.0234375
1 0.111328125 0.4873046875 0.037109375 0.041015625
1 0.212890625 0.58984375 0.033203125 0.0546875
1 0.498046875 0.3984375 0.0341796875 0.03125
1 0.8896484375 0.5849609375 0.0419921875 0.0546875
1 0.4296875 0.369140625 0.021484375 0.03125
1 0.37890625 0.3544921875 0.017578125 0.021484375
0 0.248046875 0.333984375 0.044921875 0.029296875
1 0.3837890625 0.3876953125 0.048828125 0.041015625
1 0.0625 0.7724609375 0.0439453125 0.0673828125
1 0.638671875 0.443359375 0.044921875 0.0341796875
0 0.951171875 0.578125 0.072265625 0.0625
1 0.9599609375 0.626953125 0.0390625 0.056640625
1 0.2822265625 0.36328125 0.013671875 0.0205078125
1 0.1103515625 0.6396484375 0.048828125 0.048828125
1 0.1396484375 0.4833984375 0.0263671875 0.0390625
1 0.169921875 0.513671875 0.0595703125 0.0595703125