0 0.5302734375 0.466796875 0.0576171875 0.0859375
0 0.576171875 0.44140625 0.0498046875 0.0673828125
1 0.6787109375 0.5595703125 0.048828125 0.072265625
1 0.244140625 0.4912109375 0.033203125 0.0546875
0 0.59765625 0.5634765625 0.095703125 0.107421875
1 0.712890625 0.640625 0.0390625 0.0625
0 0.61328125 0.7041015625 0.158203125 0.1923828125
1 0.146484375 0.509765625 0.0263671875 0.048828125
1 0.169921875 0.498046875 0.0234375 0.037109375
1 0.791015625 0.5625 0.0361328125 0.0498046875
1 0.19921875 0.5498046875 0.0234375 0.0439453125
0 0.4912109375 0.3603515625 0.0390625 0.033203125
1 0.43359375 0.517578125 0.0263671875 0.046875
1 0.814453125 0.7705078125 0.080078125 0.099609375
1 0.6357421875 0.541015625 0.021484375 0.0390625
1 0.61328125 0.490234375 0.0205078125 0.041015625
1 0.2119140625 0.400390625 0.013671875 0.021484375
1 0.1884765625 0.63671875 0.033203125 0.0517578125
1 0.484375 0.419921875 0.025390625 0.037109375
1 0.80859375 0.626953125 0.0546875 0.0654296875
1 0.1025390625 0.412109375 0.044921875 0.03125
1 0.72265625 0.53515625 0.0576171875 0.0576171875
1 0.7548828125 0.6796875 0.0498046875 0.0595703125
1 0.5009765625 0.4423828125 0.017578125 0.0341796875
1 0.251953125 0.4462890625 0.03125 0.0361328125
1 0.9306640625 0.640625 0.048828125 0.056640625
1 0.0732421875 0.3974609375 0.015625 0.0263671875
0 0.1806640625 0.419921875 0.0546875 0.037109375
1 0.1943359375 0.3837890625 0.017578125 0.0234375
1 0.212890625 0.7109375 0.0361328125 0.0654296875
1 0.166015625 0.380859375 0.017578125 0.0263671875
0 0.4775390625 0.5439453125 0.0732421875 0.0908203125
1 0.13671875 0.7314453125 0.033203125 0.052734375
1 0.369140625 0.4248046875 0.03125 0.0283203125
0 0.4599609375 0.4638671875 0.0419921875 0.0498046875
1 0.8212890625 0.8623046875 0.0390625 0.056640625
1 0.8291015625 0.5615234375 0.029296875 0.0390625
1 0.158203125 0.466796875 0.0283203125 0.0390625
1 0.380859375 0.4541015625 0.0234375 0.033203125
1 0.1337890625 0.607421875 0.033203125 0.048828125
1 0.1953125 0.478515625 0.115234375 0.1201171875
1 0.552734375 0.408203125 0.013671875 0.0283203125
1 0.0283203125 0.56640625 0.03125 0.0546875
1 0.060546875 0.4794921875 0.0234375 0.0341796875
1 0.7841796875 0.697265625 0.0283203125 0.044921875
1 0.021484375 0.4755859375 0.021484375 0.033203125
0 0.2314453125 0.3720703125 0.046875 0.037109375
1 0.970703125 0.638671875 0.0283203125 0.0498046875
1 0.1484375 0.443359375 0.0185546875 0.0283203125
1 0.59375 0.50390625 0.0185546875 0.0263671875
1 0.193359375 0.3603515625 0.0107421875 0.017578125
1 0.890625 0.6171875 0.1845703125 0.1533203125
1 0.89453125 0.58203125 0.0390625 0.0517578125
1 0.439453125 0.3984375 0.017578125 0.025390625
1 0.462890625 0.4189453125 0.017578125 0.03125
1 0.85546875 0.6494140625 0.033203125 0.044921875
1 0.173828125 0.3583984375 0.0205078125 0.0205078125
1 0.1591796875 0.658203125 0.125 0.181640625
1 0.896484375 0.5390625 0.029296875 0.0439453125
1 0.4248046875 0.4814453125 0.021484375 0.037109375
1 0.5947265625 0.400390625 0.0234375 0.0283203125
1 0.44140625 0.4345703125 0.0234375 0.037109375
1 0.0263671875 0.3740234375 0.015625 0.0234375
1 0.392578125 0.498046875 0.0126953125 0.029296875
1 0.6767578125 0.50390625 0.025390625 0.0390625