0 0.6328125 0.7041015625 0.1376953125 0.1513671875
0 0.369140625 0.740234375 0.107421875 0.1435546875
0 0.154296875 0.55078125 0.0625 0.0732421875
1 0.6923828125 0.544921875 0.046875 0.052734375
1 0.818359375 0.5810546875 0.072265625 0.0751953125
1 0.6416015625 0.599609375 0.0361328125 0.0546875
1 0.5625 0.427734375 0.021484375 0.03125
1 0.751953125 0.6943359375 0.044921875 0.060546875
1 0.5947265625 0.43359375 0.0234375 0.0263671875
0 0.21484375 0.654296875 0.1611328125 0.1748046875
0 0.6123046875 0.4951171875 0.072265625 0.0966796875
0 0.505859375 0.5244140625 0.0732421875 0.0859375
0 0.1884765625 0.466796875 0.048828125 0.056640625
0 0.4423828125 0.423828125 0.0498046875 0.056640625
1 0.728515625 0.5390625 0.0439453125 0.0498046875
1 0.939453125 0.68359375 0.0859375 0.091796875
1 0.51171875 0.6513671875 0.0361328125 0.056640625
1 0.494140625 0.4638671875 0.0234375 0.041015625
1 0.5458984375 0.619140625 0.0390625 0.0595703125
1 0.64453125 0.8330078125 0.064453125 0.109375
0 0.2685546875 0.416015625 0.046875 0.037109375
1 0.279296875 0.5302734375 0.0234375 0.0419921875
1 0.892578125 0.8486328125 0.0673828125 0.078125
0 0.3515625 0.4814453125 0.0751953125 0.109375
0 0.298828125 0.447265625 0.052734375 0.048828125
1 0.5546875 0.7490234375 0.046875 0.0986328125
0 0.228515625 0.353515625 0.025390625 0.0263671875
0 0.5341796875 0.4541015625 0.0625 0.0703125
1 0.9140625 0.541015625 0.0595703125 0.046875
1 0.1640625 0.609375 0.03125 0.0498046875
1 0.5517578125 0.404296875 0.015625 0.0263671875
1 0.943359375 0.6123046875 0.068359375 0.0595703125
1 0.064453125 0.4794921875 0.041015625 0.041015625
1 0.89453125 0.5859375 0.0419921875 0.0595703125
0 0.189453125 0.40234375 0.0419921875 0.0361328125
1 0.1005859375 0.705078125 0.0419921875 0.068359375
1 0.025390625 0.560546875 0.0283203125 0.044921875
1 0.080078125 0.341796875 0.013671875 0.015625
1 0.1728515625 0.4248046875 0.017578125 0.021484375
1 0.2880859375 0.6015625 0.029296875 0.0595703125
1 0.0830078125 0.4150390625 0.015625 0.0205078125
1 0.8115234375 0.5400390625 0.033203125 0.044921875
1 0.681640625 0.513671875 0.0234375 0.029296875
0 0.5673828125 0.384765625 0.025390625 0.03125
0 0.5048828125 0.4033203125 0.0439453125 0.0595703125
0 0.490234375 0.3642578125 0.029296875 0.037109375
1 0.216796875 0.5390625 0.0390625 0.0751953125
1 0.03125 0.478515625 0.041015625 0.044921875
0 0.23828125 0.3837890625 0.0673828125 0.0390625
1 0.4775390625 0.3896484375 0.0263671875 0.0361328125
1 0.44140625 0.361328125 0.017578125 0.021484375
1 0.142578125 0.4443359375 0.021484375 0.0263671875
1 0.5380859375 0.3828125 0.0234375 0.03125
1 0.134765625 0.423828125 0.013671875 0.029296875
1 0.109375 0.4853515625 0.037109375 0.033203125
1 0.9609375 0.7392578125 0.03125 0.078125
0 0.3515625 0.3212890625 0.03125 0.017578125
1 0.2314453125 0.8408203125 0.068359375 0.078125
1 0.0810546875 0.7646484375 0.041015625 0.0703125
1 0.04296875 0.837890625 0.048828125 0.09375