0 0.322265625 0.7998046875 0.140625 0.1748046875
1 0.6533203125 0.6005859375 0.03125 0.064453125
1 0.701171875 0.5888671875 0.0361328125 0.0595703125
0 0.15625 0.49609375 0.056640625 0.0576171875
0 0.201171875 0.673828125 0.099609375 0.1171875
1 0.7314453125 0.7041015625 0.0498046875 0.064453125
0 0.318359375 0.6259765625 0.0859375 0.1044921875
0 0.521484375 0.431640625 0.0498046875 0.0625
1 0.583984375 0.5810546875 0.0341796875 0.0625
1 0.1591796875 0.5791015625 0.0283203125 0.0546875
1 0.6318359375 0.5634765625 0.0263671875 0.048828125
1 0.7958984375 0.572265625 0.0419921875 0.0625
1 0.564453125 0.4423828125 0.0234375 0.0439453125
0 0.2265625 0.5771484375 0.078125 0.0888671875
1 0.6884765625 0.541015625 0.0390625 0.046875
1 0.478515625 0.5107421875 0.0234375 0.056640625
1 0.947265625 0.685546875 0.0751953125 0.087890625
1 0.1103515625 0.529296875 0.0263671875 0.041015625
1 0.654296875 0.689453125 0.0341796875 0.0595703125
1 0.716796875 0.841796875 0.052734375 0.0732421875
0 0.3125 0.4873046875 0.052734375 0.0625
1 0.8701171875 0.818359375 0.068359375 0.099609375
1 0.5947265625 0.685546875 0.044921875 0.0810546875
1 0.783203125 0.8203125 0.0595703125 0.103515625
0 0.205078125 0.4072265625 0.041015625 0.0390625
0 0.240234375 0.509765625 0.060546875 0.0625
1 0.625 0.462890625 0.021484375 0.041015625
1 0.8505859375 0.591796875 0.0576171875 0.068359375
1 0.484375 0.41015625 0.0185546875 0.0361328125
1 0.1796875 0.8369140625 0.046875 0.080078125
0 0.47265625 0.4560546875 0.0546875 0.072265625
1 0.123046875 0.701171875 0.0390625 0.052734375
1 0.6005859375 0.443359375 0.0263671875 0.0390625
1 0.6337890625 0.52734375 0.0263671875 0.0263671875
1 0.177734375 0.40234375 0.0234375 0.033203125
1 0.03125 0.599609375 0.037109375 0.0654296875
1 0.451171875 0.412109375 0.029296875 0.0439453125
1 0.6376953125 0.8349609375 0.046875 0.0703125
0 0.4892578125 0.3544921875 0.0341796875 0.03125
1 0.607421875 0.4990234375 0.029296875 0.0576171875
1 0.9287109375 0.798828125 0.064453125 0.1064453125
1 0.375 0.466796875 0.025390625 0.0546875
1 0.1025390625 0.630859375 0.029296875 0.046875
1 0.15625 0.5302734375 0.021484375 0.0390625
0 0.5166015625 0.3330078125 0.0390625 0.0283203125
1 0.931640625 0.6103515625 0.052734375 0.0517578125
1 0.576171875 0.5341796875 0.0263671875 0.0341796875
0 0.21875 0.3486328125 0.03125 0.025390625
0 0.521484375 0.3857421875 0.033203125 0.0341796875
1 0.185546875 0.455078125 0.0185546875 0.03125
1 0.728515625 0.5380859375 0.0439453125 0.048828125
1 0.0771484375 0.478515625 0.0419921875 0.037109375
1 0.0751953125 0.3427734375 0.021484375 0.0205078125
1 0.89453125 0.5849609375 0.0390625 0.060546875
0 0.3515625 0.3212890625 0.0341796875 0.017578125
1 0.892578125 0.650390625 0.072265625 0.072265625
1 0.458984375 0.369140625 0.03125 0.0361328125
1 0.9755859375 0.6298828125 0.0263671875 0.0595703125
1 0.6318359375 0.7734375 0.029296875 0.046875
1 0.021484375 0.47265625 0.0205078125 0.0234375
1 0.48046875 0.3759765625 0.017578125 0.0234375
1 0.0966796875 0.5751953125 0.03125 0.046875
1 0.16796875 0.359375 0.0205078125 0.025390625