0 0.19140625 0.748046875 0.123046875 0.162109375
0 0.5146484375 0.435546875 0.0546875 0.0517578125
0 0.3388671875 0.7255859375 0.0966796875 0.1171875
1 0.666015625 0.568359375 0.021484375 0.041015625
0 0.486328125 0.3623046875 0.048828125 0.0341796875
0 0.5380859375 0.349609375 0.0390625 0.037109375
1 0.6572265625 0.615234375 0.033203125 0.0517578125
1 0.4140625 0.62890625 0.037109375 0.076171875
1 0.1015625 0.7099609375 0.056640625 0.0703125
1 0.4970703125 0.470703125 0.025390625 0.0419921875
1 0.0673828125 0.5361328125 0.0283203125 0.046875
1 0.591796875 0.4833984375 0.0185546875 0.033203125
1 0.466796875 0.43359375 0.0185546875 0.0263671875
1 0.580078125 0.5302734375 0.0263671875 0.048828125
1 0.6171875 0.5576171875 0.021484375 0.0498046875
1 0.7353515625 0.62109375 0.0263671875 0.044921875
1 0.396484375 0.408203125 0.025390625 0.03125
1 0.841796875 0.5830078125 0.033203125 0.052734375
1 0.5634765625 0.4482421875 0.0263671875 0.0341796875
1 0.45703125 0.7802734375 0.0390625 0.0673828125
1 0.3076171875 0.857421875 0.041015625 0.048828125
1 0.431640625 0.466796875 0.021484375 0.037109375
0 0.5107421875 0.333984375 0.03125 0.029296875
1 0.412109375 0.806640625 0.044921875 0.060546875
1 0.619140625 0.724609375 0.046875 0.0908203125
1 0.4130859375 0.388671875 0.017578125 0.025390625
1 0.455078125 0.369140625 0.0234375 0.029296875
1 0.646484375 0.494140625 0.0185546875 0.037109375
1 0.6884765625 0.6767578125 0.0390625 0.056640625
1 0.544921875 0.580078125 0.021484375 0.044921875
1 0.0634765625 0.48046875 0.033203125 0.0419921875
1 0.56640625 0.478515625 0.0263671875 0.037109375
1 0.248046875 0.3623046875 0.0234375 0.021484375
1 0.4208984375 0.4248046875 0.013671875 0.025390625
1 0.216796875 0.458984375 0.0205078125 0.0361328125
1 0.142578125 0.4501953125 0.021484375 0.025390625
1 0.392578125 0.3603515625 0.0185546875 0.0234375
1 0.4326171875 0.439453125 0.015625 0.029296875
1 0.021484375 0.5654296875 0.021484375 0.052734375
1 0.552734375 0.5341796875 0.0263671875 0.041015625
1 0.021484375 0.8330078125 0.0205078125 0.0439453125
0 0.193359375 0.419921875 0.0859375 0.0419921875
0 0.626953125 0.4443359375 0.0517578125 0.0361328125
1 0.423828125 0.728515625 0.0419921875 0.0498046875
0 0.1923828125 0.326171875 0.0439453125 0.0234375
1 0.552734375 0.423828125 0.015625 0.029296875
1 0.1015625 0.40625 0.021484375 0.03125
1 0.025390625 0.771484375 0.029296875 0.048828125
0 0.34765625 0.3583984375 0.0361328125 0.0234375
1 0.544921875 0.396484375 0.0126953125 0.0263671875
1 0.419921875 0.671875 0.021484375 0.0283203125
1 0.564453125 0.3779296875 0.025390625 0.025390625
1 0.373046875 0.388671875 0.025390625 0.0234375
1 0.8466796875 0.6650390625 0.078125 0.0517578125
1 0.6279296875 0.498046875 0.021484375 0.0361328125
1 0.568359375 0.509765625 0.0830078125 0.181640625
1 0.572265625 0.412109375 0.0126953125 0.0234375
0 0.197265625 0.875 0.099609375 0.0283203125
1 0.076171875 0.3984375 0.013671875 0.015625
1 0.228515625 0.357421875 0.0107421875 0.021484375
1 0.9638671875 0.607421875 0.046875 0.056640625
1 0.560546875 0.8310546875 0.064453125 0.1123046875
1 0.2119140625 0.359375 0.0107421875 0.0185546875
1 0.7470703125 0.5380859375 0.021484375 0.0546875
1 0.0390625 0.705078125 0.025390625 0.044921875
0 0.90625 0.59765625 0.083984375 0.0703125
1 0.166015625 0.359375 0.015625 0.0185546875
0 0.353515625 0.318359375 0.037109375 0.0185546875
1 0.09765625 0.5126953125 0.0205078125 0.0498046875
1 0.0400390625 0.556640625 0.0205078125 0.0341796875