0 0.193359375 0.748046875 0.123046875 0.1611328125
0 0.513671875 0.4228515625 0.052734375 0.0517578125
0 0.337890625 0.7275390625 0.0986328125 0.1171875
1 0.513671875 0.470703125 0.037109375 0.0517578125
0 0.486328125 0.361328125 0.0439453125 0.029296875
0 0.5390625 0.3525390625 0.041015625 0.0419921875
1 0.306640625 0.8349609375 0.048828125 0.091796875
1 0.412109375 0.806640625 0.046875 0.0654296875
1 0.068359375 0.5390625 0.029296875 0.046875
0 0.3583984375 0.490234375 0.1171875 0.072265625
1 0.615234375 0.4853515625 0.037109375 0.0419921875
1 0.578125 0.486328125 0.025390625 0.0419921875
1 0.470703125 0.44921875 0.029296875 0.044921875
1 0.0751953125 0.763671875 0.037109375 0.0654296875
0 0.509765625 0.333984375 0.03125 0.029296875
0 0.123046875 0.400390625 0.0625 0.03125
1 0.5517578125 0.412109375 0.0185546875 0.029296875
1 0.564453125 0.43359375 0.0205078125 0.033203125
1 0.4462890625 0.4013671875 0.017578125 0.0283203125
1 0.568359375 0.3759765625 0.0390625 0.0361328125
1 0.646484375 0.4814453125 0.0234375 0.041015625
1 0.142578125 0.423828125 0.0439453125 0.0361328125
1 0.4599609375 0.783203125 0.0361328125 0.0546875
1 0.552734375 0.4716796875 0.021484375 0.046875
1 0.5810546875 0.55859375 0.0654296875 0.048828125
1 0.2216796875 0.4609375 0.021484375 0.0283203125
1 0.4970703125 0.451171875 0.0185546875 0.03125
1 0.0712890625 0.478515625 0.0263671875 0.033203125
1 0.19140625 0.4306640625 0.0234375 0.029296875
1 0.439453125 0.3623046875 0.0205078125 0.021484375
1 0.4267578125 0.6806640625 0.041015625 0.044921875
1 0.0224609375 0.7744140625 0.0234375 0.064453125
1 0.841796875 0.6455078125 0.0498046875 0.0654296875
1 0.1640625 0.365234375 0.0126953125 0.0185546875
1 0.419921875 0.740234375 0.046875 0.0517578125
1 0.1767578125 0.330078125 0.0126953125 0.0185546875
1 0.021484375 0.4765625 0.021484375 0.037109375
1 0.212890625 0.33203125 0.009765625 0.013671875
1 0.63671875 0.443359375 0.0419921875 0.0341796875
1 0.5927734375 0.46484375 0.017578125 0.0234375
1 0.0244140625 0.3740234375 0.0107421875 0.0205078125
1 0.3505859375 0.3583984375 0.017578125 0.0263671875
0 0.1923828125 0.875 0.0966796875 0.0283203125
0 0.2294921875 0.3662109375 0.0595703125 0.0361328125
1 0.4375 0.765625 0.021484375 0.03125
1 0.455078125 0.716796875 0.0185546875 0.025390625
1 0.466796875 0.4228515625 0.015625 0.0263671875
1 0.330078125 0.3603515625 0.0185546875 0.0234375
1 0.119140625 0.4130859375 0.013671875 0.0263671875