0 0.322265625 0.798828125 0.1484375 0.1767578125
0 0.576171875 0.529296875 0.095703125 0.107421875
1 0.494140625 0.5146484375 0.025390625 0.0576171875
0 0.185546875 0.716796875 0.1279296875 0.150390625
1 0.4990234375 0.455078125 0.0205078125 0.0361328125
0 0.31640625 0.6494140625 0.091796875 0.111328125
1 0.5908203125 0.4599609375 0.0283203125 0.033203125
1 0.5634765625 0.3916015625 0.017578125 0.0234375
1 0.59375 0.396484375 0.0185546875 0.0263671875
1 0.69140625 0.5517578125 0.0517578125 0.0595703125
1 0.822265625 0.5830078125 0.0830078125 0.0810546875
1 0.802734375 0.7548828125 0.0654296875 0.083984375
1 0.49609375 0.416015625 0.0205078125 0.0263671875
1 0.7451171875 0.8427734375 0.072265625 0.0888671875
1 0.4384765625 0.40625 0.0205078125 0.0283203125
1 0.8935546875 0.66015625 0.083984375 0.0830078125
1 0.6318359375 0.4638671875 0.033203125 0.0341796875
1 0.423828125 0.603515625 0.046875 0.068359375
1 0.462890625 0.42578125 0.0185546875 0.029296875
1 0.552734375 0.4296875 0.0205078125 0.0283203125
1 0.7431640625 0.4765625 0.0361328125 0.0283203125
0 0.240234375 0.513671875 0.064453125 0.0810546875
1 0.1357421875 0.5166015625 0.03125 0.0361328125
1 0.1123046875 0.673828125 0.0341796875 0.052734375
0 0.3271484375 0.490234375 0.0673828125 0.0595703125
1 0.5068359375 0.3671875 0.017578125 0.025390625
1 0.416015625 0.447265625 0.0205078125 0.0341796875
1 0.95703125 0.69921875 0.060546875 0.0732421875
1 0.90234375 0.54296875 0.029296875 0.0361328125
1 0.4248046875 0.3916015625 0.0185546875 0.0263671875
0 0.3193359375 0.548828125 0.0703125 0.0810546875
0 0.478515625 0.357421875 0.033203125 0.037109375
1 0.1171875 0.5859375 0.0283203125 0.046875
0 0.505859375 0.3427734375 0.0263671875 0.029296875
0 0.2548828125 0.3955078125 0.0498046875 0.056640625
1 0.607421875 0.4375 0.025390625 0.037109375
0 0.12109375 0.408203125 0.0419921875 0.03125
1 0.095703125 0.599609375 0.0283203125 0.048828125
1 0.1611328125 0.5595703125 0.0283203125 0.0439453125
1 0.5810546875 0.6337890625 0.03125 0.0546875
1 0.3779296875 0.361328125 0.0126953125 0.021484375
1 0.3857421875 0.41015625 0.021484375 0.0263671875
1 0.625 0.435546875 0.015625 0.0263671875
1 0.9638671875 0.51953125 0.0439453125 0.033203125
1 0.06640625 0.478515625 0.0361328125 0.0390625
1 0.3515625 0.3564453125 0.015625 0.021484375
1 0.880859375 0.861328125 0.0703125 0.0546875
0 0.533203125 0.3505859375 0.0283203125 0.033203125
1 0.0478515625 0.5693359375 0.0234375 0.0419921875
1 0.8955078125 0.5830078125 0.046875 0.056640625
1 0.458984375 0.361328125 0.017578125 0.0283203125
0 0.525390625 0.32421875 0.0283203125 0.017578125
1 0.712890625 0.515625 0.0419921875 0.037109375
1 0.1884765625 0.419921875 0.0419921875 0.0390625
0 0.0693359375 0.3212890625 0.0390625 0.0205078125
1 0.0634765625 0.767578125 0.0419921875 0.0732421875
1 0.1552734375 0.419921875 0.0205078125 0.0283203125
1 0.2265625 0.814453125 0.0498046875 0.0595703125
1 0.962890625 0.6103515625 0.044921875 0.0732421875
1 0.8427734375 0.5390625 0.0234375 0.0341796875
1 0.4296875 0.3603515625 0.009765625 0.017578125
1 0.509765625 0.4140625 0.1982421875 0.099609375
1 0.025390625 0.5634765625 0.025390625 0.0517578125