0 0.3203125 0.7998046875 0.150390625 0.1748046875
1 0.720703125 0.662109375 0.044921875 0.0703125
0 0.65234375 0.701171875 0.1640625 0.203125
1 0.1083984375 0.681640625 0.033203125 0.048828125
1 0.59375 0.537109375 0.0283203125 0.0576171875
0 0.314453125 0.6494140625 0.091796875 0.111328125
1 0.5810546875 0.435546875 0.021484375 0.037109375
0 0.2421875 0.51171875 0.0595703125 0.076171875
1 0.822265625 0.580078125 0.087890625 0.083984375
1 0.693359375 0.548828125 0.0498046875 0.0517578125
1 0.9453125 0.685546875 0.078125 0.0859375
1 0.5634765625 0.390625 0.017578125 0.021484375
0 0.505859375 0.341796875 0.0263671875 0.029296875
1 0.8916015625 0.638671875 0.076171875 0.0810546875
1 0.443359375 0.416015625 0.0185546875 0.0263671875
1 0.12890625 0.568359375 0.029296875 0.0419921875
1 0.552734375 0.609375 0.0390625 0.0751953125
0 0.4814453125 0.353515625 0.03125 0.033203125
0 0.326171875 0.4921875 0.0673828125 0.0625
1 0.474609375 0.4072265625 0.017578125 0.0205078125
1 0.513671875 0.412109375 0.0283203125 0.025390625
0 0.51171875 0.451171875 0.064453125 0.0673828125
1 0.072265625 0.724609375 0.0390625 0.0732421875
0 0.3203125 0.548828125 0.072265625 0.080078125
1 0.412109375 0.423828125 0.017578125 0.029296875
1 0.3837890625 0.3642578125 0.017578125 0.021484375
1 0.05859375 0.482421875 0.0263671875 0.03125
1 0.5068359375 0.365234375 0.013671875 0.0283203125
1 0.6240234375 0.5791015625 0.029296875 0.0390625
1 0.8984375 0.541015625 0.03125 0.0341796875
1 0.4375 0.3837890625 0.025390625 0.033203125
1 0.0478515625 0.572265625 0.0234375 0.041015625
1 0.40234375 0.3935546875 0.033203125 0.037109375
1 0.400390625 0.646484375 0.0390625 0.083984375
0 0.2529296875 0.396484375 0.0498046875 0.0517578125
1 0.78125 0.48828125 0.0341796875 0.033203125
1 0.8056640625 0.75390625 0.064453125 0.095703125
1 0.5888671875 0.3974609375 0.0126953125 0.0205078125
1 0.1748046875 0.5927734375 0.0283203125 0.0517578125
0 0.533203125 0.3427734375 0.025390625 0.0234375
1 0.5478515625 0.5546875 0.029296875 0.0439453125
1 0.841796875 0.4990234375 0.0439453125 0.0361328125
1 0.8916015625 0.5849609375 0.044921875 0.0546875
1 0.2138671875 0.412109375 0.0283203125 0.0341796875
1 0.97265625 0.5224609375 0.029296875 0.029296875
1 0.35546875 0.3984375 0.013671875 0.021484375
1 0.1435546875 0.5224609375 0.0283203125 0.0361328125
1 0.947265625 0.609375 0.076171875 0.078125
1 0.41796875 0.365234375 0.0107421875 0.0185546875
1 0.9208984375 0.5087890625 0.0205078125 0.0234375
0 0.146484375 0.431640625 0.048828125 0.0439453125
1 0.2060546875 0.5771484375 0.03125 0.048828125
1 0.6806640625 0.5126953125 0.0234375 0.03125
0 0.193359375 0.322265625 0.048828125 0.025390625
1 0.03125 0.4833984375 0.041015625 0.044921875
1 0.6357421875 0.44140625 0.03125 0.029296875
1 0.3564453125 0.4423828125 0.021484375 0.0283203125
1 0.8447265625 0.541015625 0.0234375 0.0283203125
1 0.4658203125 0.673828125 0.025390625 0.0654296875