0 0.322265625 0.7998046875 0.1533203125 0.177734375
1 0.380859375 0.6044921875 0.03125 0.068359375
1 0.525390625 0.634765625 0.029296875 0.060546875
1 0.642578125 0.705078125 0.03125 0.052734375
0 0.31640625 0.6494140625 0.0888671875 0.107421875
0 0.2236328125 0.5830078125 0.078125 0.087890625
0 0.240234375 0.5078125 0.0625 0.072265625
1 0.7080078125 0.6923828125 0.037109375 0.0654296875
1 0.6005859375 0.791015625 0.0390625 0.0810546875
1 0.8212890625 0.5810546875 0.0830078125 0.083984375
1 0.40234375 0.427734375 0.0205078125 0.044921875
1 0.5634765625 0.392578125 0.017578125 0.021484375
0 0.3212890625 0.546875 0.0703125 0.0810546875
1 0.61328125 0.5546875 0.029296875 0.041015625
1 0.1123046875 0.705078125 0.0439453125 0.068359375
1 0.115234375 0.5205078125 0.025390625 0.041015625
1 0.544921875 0.5107421875 0.0234375 0.041015625
1 0.509765625 0.416015625 0.015625 0.021484375
1 0.8388671875 0.8212890625 0.0498046875 0.1015625
1 0.9462890625 0.689453125 0.080078125 0.0830078125
0 0.505859375 0.3427734375 0.029296875 0.029296875
1 0.71484375 0.630859375 0.044921875 0.0595703125
1 0.68359375 0.46484375 0.0361328125 0.0390625
1 0.6865234375 0.541015625 0.0390625 0.046875
1 0.8955078125 0.6494140625 0.0751953125 0.076171875
1 0.6015625 0.6259765625 0.03125 0.0576171875
1 0.7822265625 0.845703125 0.0517578125 0.0810546875
0 0.255859375 0.396484375 0.0546875 0.0546875
1 0.1591796875 0.552734375 0.025390625 0.046875
0 0.4140625 0.39453125 0.041015625 0.0390625
1 0.0634765625 0.4794921875 0.044921875 0.041015625
0 0.1787109375 0.767578125 0.1044921875 0.091796875
1 0.5078125 0.3720703125 0.015625 0.021484375
1 0.5380859375 0.4189453125 0.017578125 0.025390625
1 0.724609375 0.537109375 0.0517578125 0.046875
1 0.919921875 0.533203125 0.044921875 0.037109375
0 0.4794921875 0.3583984375 0.0341796875 0.0361328125
1 0.59375 0.3984375 0.015625 0.025390625
1 0.1357421875 0.4814453125 0.021484375 0.03125
1 0.1865234375 0.505859375 0.0263671875 0.0439453125
1 0.0419921875 0.576171875 0.021484375 0.0517578125
1 0.146484375 0.416015625 0.0234375 0.0283203125
1 0.4345703125 0.623046875 0.041015625 0.0576171875
0 0.3828125 0.361328125 0.037109375 0.0234375
1 0.4521484375 0.4013671875 0.033203125 0.037109375
0 0.52734375 0.326171875 0.033203125 0.021484375
1 0.8935546875 0.587890625 0.0439453125 0.056640625
1 0.08203125 0.6904296875 0.0205078125 0.0439453125
1 0.1484375 0.6025390625 0.0341796875 0.064453125
1 0.708984375 0.595703125 0.0205078125 0.03125
1 0.0712890625 0.4052734375 0.013671875 0.0205078125
0 0.533203125 0.345703125 0.029296875 0.021484375
1 0.021484375 0.560546875 0.0185546875 0.041015625
1 0.46875 0.625 0.0283203125 0.0654296875
1 0.2138671875 0.4140625 0.037109375 0.041015625
1 0.380859375 0.3896484375 0.025390625 0.0263671875
1 0.630859375 0.4384765625 0.044921875 0.0390625
1 0.78125 0.4736328125 0.021484375 0.0341796875
0 0.443359375 0.36328125 0.03125 0.0263671875
1 0.20703125 0.46484375 0.0205078125 0.0390625
1 0.6162109375 0.521484375 0.0234375 0.0341796875
1 0.841796875 0.537109375 0.0283203125 0.037109375
1 0.9580078125 0.6279296875 0.0341796875 0.0498046875
1 0.1767578125 0.330078125 0.0126953125 0.017578125
1 0.18359375 0.4638671875 0.029296875 0.0341796875
1 0.2900390625 0.388671875 0.0234375 0.0185546875
0 0.3525390625 0.322265625 0.0361328125 0.0185546875
1 0.677734375 0.4375 0.017578125 0.0283203125