0 0.603515625 0.560546875 0.1015625 0.115234375
0 0.6083984375 0.740234375 0.1455078125 0.169921875
0 0.490234375 0.5361328125 0.0703125 0.0908203125
0 0.3369140625 0.7265625 0.0986328125 0.115234375
1 0.685546875 0.5849609375 0.033203125 0.0546875
1 0.423828125 0.736328125 0.0361328125 0.0673828125
0 0.7568359375 0.484375 0.142578125 0.072265625
1 0.1533203125 0.56640625 0.0283203125 0.0517578125
1 0.8251953125 0.591796875 0.0625 0.0546875
1 0.759765625 0.6533203125 0.0498046875 0.083984375
0 0.48828125 0.359375 0.033203125 0.0283203125
1 0.6591796875 0.541015625 0.041015625 0.048828125
1 0.5927734375 0.486328125 0.0263671875 0.033203125
1 0.8330078125 0.7451171875 0.0595703125 0.078125
1 0.9267578125 0.6982421875 0.09375 0.072265625
1 0.7236328125 0.53125 0.037109375 0.046875
1 0.8525390625 0.552734375 0.033203125 0.0361328125
0 0.541015625 0.341796875 0.0341796875 0.03125
1 0.9638671875 0.6240234375 0.0439453125 0.060546875
1 0.1552734375 0.6357421875 0.029296875 0.0439453125
0 0.509765625 0.333984375 0.03125 0.029296875
1 0.5341796875 0.6552734375 0.0341796875 0.060546875
1 0.15625 0.4404296875 0.0185546875 0.0341796875
1 0.521484375 0.470703125 0.0205078125 0.029296875
0 0.5478515625 0.486328125 0.0546875 0.056640625
1 0.7021484375 0.7431640625 0.0546875 0.0732421875
1 0.9140625 0.541015625 0.0341796875 0.03125
1 0.7041015625 0.560546875 0.0234375 0.0390625
1 0.826171875 0.654296875 0.056640625 0.0498046875
0 0.224609375 0.3603515625 0.041015625 0.0419921875
0 0.515625 0.3876953125 0.037109375 0.0283203125
1 0.97265625 0.6943359375 0.029296875 0.044921875
1 0.5517578125 0.451171875 0.015625 0.021484375
1 0.513671875 0.578125 0.021484375 0.0341796875
1 0.4541015625 0.521484375 0.0234375 0.0439453125
1 0.0576171875 0.482421875 0.025390625 0.0361328125
1 0.8984375 0.6435546875 0.056640625 0.0595703125
1 0.7880859375 0.556640625 0.048828125 0.0419921875
1 0.197265625 0.376953125 0.0185546875 0.029296875
1 0.107421875 0.4853515625 0.037109375 0.0361328125
1 0.8193359375 0.53515625 0.0234375 0.0361328125
1 0.962890625 0.857421875 0.046875 0.068359375
1 0.583984375 0.443359375 0.021484375 0.03125
1 0.58984375 0.396484375 0.0263671875 0.029296875
0 0.4560546875 0.4677734375 0.046875 0.0546875
1 0.1611328125 0.4130859375 0.0185546875 0.033203125
1 0.6142578125 0.4443359375 0.0185546875 0.029296875
1 0.021484375 0.482421875 0.025390625 0.046875
1 0.4033203125 0.4345703125 0.03125 0.037109375
0 0.1865234375 0.32421875 0.0390625 0.0234375
1 0.8916015625 0.591796875 0.0390625 0.048828125
0 0.357421875 0.3193359375 0.0283203125 0.017578125
1 0.8896484375 0.380859375 0.017578125 0.03125
0 0.203125 0.8310546875 0.119140625 0.119140625
1 0.466796875 0.4267578125 0.0205078125 0.037109375
1 0.021484375 0.560546875 0.0185546875 0.0439453125
0 0.306640625 0.3447265625 0.0654296875 0.0732421875
1 0.041015625 0.5576171875 0.021484375 0.041015625
1 0.662109375 0.5068359375 0.0234375 0.0361328125
1 0.451171875 0.361328125 0.0185546875 0.029296875
1 0.560546875 0.3955078125 0.0234375 0.03125
1 0.833984375 0.873046875 0.0595703125 0.0341796875