0 0.193359375 0.75 0.126953125 0.162109375
0 0.5146484375 0.4423828125 0.0517578125 0.052734375
0 0.3388671875 0.7275390625 0.0966796875 0.1171875
1 0.7138671875 0.689453125 0.041015625 0.068359375
1 0.560546875 0.4853515625 0.0234375 0.044921875
1 0.58984375 0.6337890625 0.0361328125 0.0732421875
0 0.486328125 0.3623046875 0.048828125 0.0341796875
1 0.392578125 0.6044921875 0.037109375 0.052734375
0 0.537109375 0.34765625 0.037109375 0.033203125
1 0.4111328125 0.8017578125 0.0439453125 0.056640625
1 0.6484375 0.4853515625 0.025390625 0.0419921875
0 0.154296875 0.4150390625 0.0703125 0.0419921875
1 0.7958984375 0.82421875 0.060546875 0.091796875
1 0.650390625 0.5732421875 0.0361328125 0.0654296875
1 0.587890625 0.517578125 0.033203125 0.0439453125
1 0.5068359375 0.4951171875 0.0263671875 0.0439453125
1 0.9599609375 0.6015625 0.0517578125 0.052734375
1 0.5712890625 0.3916015625 0.017578125 0.0263671875
1 0.5849609375 0.58203125 0.0390625 0.048828125
1 0.5673828125 0.447265625 0.025390625 0.033203125
1 0.455078125 0.751953125 0.044921875 0.0751953125
1 0.3076171875 0.8271484375 0.052734375 0.095703125
1 0.44140625 0.478515625 0.0205078125 0.0419921875
1 0.5849609375 0.44140625 0.0205078125 0.0361328125
1 0.69921875 0.5859375 0.0263671875 0.0439453125
1 0.66015625 0.619140625 0.029296875 0.0576171875
1 0.39453125 0.4150390625 0.0234375 0.033203125
1 0.0673828125 0.5361328125 0.0283203125 0.0439453125
1 0.47265625 0.470703125 0.0234375 0.044921875
1 0.4228515625 0.443359375 0.0205078125 0.033203125
1 0.8115234375 0.705078125 0.048828125 0.0830078125
1 0.21875 0.4404296875 0.015625 0.0283203125
0 0.509765625 0.333984375 0.03125 0.0283203125
1 0.4541015625 0.37109375 0.0234375 0.029296875
1 0.123046875 0.6650390625 0.0498046875 0.076171875
1 0.599609375 0.3974609375 0.017578125 0.0234375
1 0.833984375 0.572265625 0.068359375 0.076171875
1 0.626953125 0.5146484375 0.021484375 0.033203125
1 0.4248046875 0.7080078125 0.037109375 0.0595703125
1 0.46484375 0.431640625 0.013671875 0.0263671875
1 0.41796875 0.40234375 0.013671875 0.0263671875
1 0.248046875 0.361328125 0.0205078125 0.021484375
1 0.064453125 0.484375 0.0361328125 0.046875
1 0.515625 0.369140625 0.0185546875 0.0234375
1 0.025390625 0.8291015625 0.0283203125 0.0576171875
1 0.0224609375 0.5654296875 0.0234375 0.0498046875
1 0.375 0.3994140625 0.015625 0.0205078125
1 0.376953125 0.36328125 0.0126953125 0.017578125
1 0.166015625 0.36328125 0.015625 0.013671875
1 0.900390625 0.6064453125 0.068359375 0.068359375
1 0.4931640625 0.4326171875 0.0107421875 0.0283203125
1 0.412109375 0.361328125 0.0126953125 0.0205078125
1 0.599609375 0.4794921875 0.0185546875 0.03125
1 0.6474609375 0.52734375 0.0234375 0.0419921875
1 0.3984375 0.3857421875 0.015625 0.0185546875
1 0.029296875 0.759765625 0.033203125 0.0439453125
1 0.6318359375 0.5771484375 0.1357421875 0.205078125
1 0.7138671875 0.642578125 0.021484375 0.037109375
1 0.5283203125 0.3935546875 0.009765625 0.0283203125
1 0.49609375 0.4580078125 0.205078125 0.134765625
1 0.63671875 0.447265625 0.033203125 0.033203125
1 0.556640625 0.8310546875 0.0673828125 0.1064453125
1 0.9482421875 0.6787109375 0.03125 0.0673828125
1 0.73828125 0.87109375 0.044921875 0.0390625
1 0.6806640625 0.439453125 0.0205078125 0.03125
1 0.4287109375 0.361328125 0.0107421875 0.0205078125
0 0.197265625 0.326171875 0.064453125 0.0234375
0 0.193359375 0.8759765625 0.099609375 0.029296875
1 0.451171875 0.6650390625 0.0283203125 0.0546875
1 0.2294921875 0.357421875 0.0126953125 0.021484375
1 0.0302734375 0.6875 0.0419921875 0.056640625
0 0.353515625 0.318359375 0.0390625 0.0205078125
1 0.330078125 0.3583984375 0.013671875 0.0205078125
0 0.3203125 0.3916015625 0.0908203125 0.044921875
1 0.025390625 0.373046875 0.013671875 0.0205078125