0 0.193359375 0.7490234375 0.123046875 0.1640625
0 0.5107421875 0.421875 0.046875 0.0498046875
0 0.3388671875 0.7265625 0.0966796875 0.119140625
1 0.53125 0.501953125 0.021484375 0.0390625
1 0.212890625 0.501953125 0.021484375 0.0419921875
0 0.486328125 0.3623046875 0.046875 0.0341796875
1 0.595703125 0.4765625 0.021484375 0.037109375
1 0.3095703125 0.849609375 0.0439453125 0.0625
1 0.068359375 0.533203125 0.0283203125 0.0419921875
0 0.5380859375 0.3525390625 0.0390625 0.0390625
1 0.564453125 0.4990234375 0.021484375 0.0390625
1 0.6396484375 0.5517578125 0.0263671875 0.0439453125
1 0.080078125 0.751953125 0.048828125 0.0830078125
1 0.548828125 0.447265625 0.0205078125 0.029296875
1 0.4140625 0.806640625 0.0439453125 0.0625
1 0.4755859375 0.458984375 0.029296875 0.041015625
1 0.568359375 0.466796875 0.0205078125 0.0341796875
1 0.64453125 0.4912109375 0.0205078125 0.033203125
1 0.421875 0.4306640625 0.015625 0.033203125
1 0.6064453125 0.5517578125 0.025390625 0.0439453125
1 0.46484375 0.4345703125 0.0205078125 0.0283203125
1 0.4921875 0.517578125 0.021484375 0.0439453125
1 0.6201171875 0.4814453125 0.0283203125 0.0439453125
1 0.458984375 0.7822265625 0.0361328125 0.060546875
1 0.1513671875 0.478515625 0.015625 0.029296875
1 0.5947265625 0.435546875 0.017578125 0.025390625
1 0.408203125 0.435546875 0.021484375 0.029296875
1 0.24609375 0.48046875 0.029296875 0.0263671875
1 0.5693359375 0.396484375 0.0205078125 0.029296875
1 0.427734375 0.67578125 0.0419921875 0.048828125
0 0.5087890625 0.3310546875 0.029296875 0.025390625
1 0.5849609375 0.5693359375 0.029296875 0.048828125
1 0.439453125 0.36328125 0.017578125 0.0263671875
1 0.390625 0.388671875 0.015625 0.025390625
1 0.0234375 0.564453125 0.021484375 0.0498046875
1 0.6005859375 0.515625 0.0263671875 0.037109375
0 0.080078125 0.3935546875 0.0419921875 0.03125
1 0.2099609375 0.3642578125 0.017578125 0.021484375
1 0.5634765625 0.431640625 0.017578125 0.03125
1 0.369140625 0.3642578125 0.013671875 0.021484375
1 0.521484375 0.572265625 0.0283203125 0.0498046875
1 0.5302734375 0.4716796875 0.017578125 0.0283203125
0 0.353515625 0.318359375 0.0341796875 0.0185546875
1 0.42578125 0.396484375 0.017578125 0.0263671875
1 0.638671875 0.443359375 0.0419921875 0.0341796875
1 0.45703125 0.361328125 0.0234375 0.03125
1 0.0595703125 0.4814453125 0.021484375 0.0341796875
0 0.248046875 0.44921875 0.0830078125 0.044921875
1 0.0283203125 0.8369140625 0.037109375 0.0703125
1 0.435546875 0.73828125 0.0234375 0.0361328125
1 0.228515625 0.357421875 0.013671875 0.0205078125
1 0.6748046875 0.513671875 0.037109375 0.0419921875
1 0.025390625 0.7646484375 0.0263671875 0.0361328125
1 0.9521484375 0.5537109375 0.0263671875 0.0205078125
1 0.166015625 0.361328125 0.015625 0.017578125
1 0.515625 0.373046875 0.015625 0.017578125
1 0.041015625 0.5546875 0.0185546875 0.0341796875
1 0.1015625 0.5185546875 0.0283203125 0.052734375
1 0.560546875 0.3759765625 0.025390625 0.0263671875
0 0.1884765625 0.32421875 0.0390625 0.0263671875
1 0.548828125 0.419921875 0.015625 0.0234375
1 0.5888671875 0.384765625 0.0126953125 0.025390625
1 0.244140625 0.427734375 0.017578125 0.0283203125
1 0.1171875 0.396484375 0.0283203125 0.021484375
0 0.1953125 0.875 0.103515625 0.0283203125
1 0.0224609375 0.373046875 0.0205078125 0.021484375
1 0.5693359375 0.5263671875 0.1640625 0.1376953125
1 0.146484375 0.4208984375 0.021484375 0.0263671875
1 0.24609375 0.3544921875 0.013671875 0.025390625
1 0.3291015625 0.35546875 0.017578125 0.0234375