0 0.3193359375 0.80078125 0.1513671875 0.1767578125
1 0.583984375 0.533203125 0.029296875 0.0576171875
1 0.6923828125 0.5458984375 0.046875 0.0517578125
1 0.7060546875 0.64453125 0.0439453125 0.0576171875
0 0.6396484375 0.69140625 0.1611328125 0.1826171875
0 0.314453125 0.6484375 0.091796875 0.109375
0 0.2412109375 0.509765625 0.060546875 0.076171875
0 0.5068359375 0.447265625 0.0673828125 0.0654296875
0 0.5068359375 0.3447265625 0.029296875 0.0361328125
1 0.822265625 0.580078125 0.087890625 0.080078125
1 0.5439453125 0.5986328125 0.037109375 0.052734375
1 0.537109375 0.548828125 0.03125 0.041015625
1 0.7294921875 0.537109375 0.0439453125 0.044921875
1 0.572265625 0.4345703125 0.021484375 0.0341796875
1 0.41015625 0.4248046875 0.017578125 0.0283203125
1 0.9462890625 0.69140625 0.076171875 0.080078125
1 0.5634765625 0.390625 0.017578125 0.025390625
1 0.46875 0.4111328125 0.0283203125 0.0341796875
0 0.48046875 0.353515625 0.033203125 0.0361328125
1 0.787109375 0.732421875 0.0576171875 0.080078125
0 0.326171875 0.4921875 0.068359375 0.0625
1 0.8935546875 0.6484375 0.0751953125 0.068359375
1 0.509765625 0.4111328125 0.0283203125 0.025390625
1 0.1298828125 0.572265625 0.0283203125 0.044921875
0 0.1513671875 0.43359375 0.0439453125 0.044921875
1 0.0595703125 0.482421875 0.025390625 0.03125
1 0.4443359375 0.423828125 0.0205078125 0.0341796875
1 0.7705078125 0.486328125 0.0341796875 0.03125
0 0.2529296875 0.3974609375 0.046875 0.048828125
1 0.4091796875 0.3876953125 0.0283203125 0.0341796875
1 0.107421875 0.6953125 0.0283203125 0.041015625
1 0.591796875 0.396484375 0.017578125 0.021484375
0 0.5322265625 0.3427734375 0.0263671875 0.0263671875
1 0.4033203125 0.669921875 0.041015625 0.056640625
1 0.046875 0.5703125 0.025390625 0.041015625
1 0.1748046875 0.595703125 0.025390625 0.0498046875
1 0.8916015625 0.5859375 0.044921875 0.052734375
1 0.44140625 0.373046875 0.0205078125 0.033203125
1 0.8974609375 0.54296875 0.029296875 0.0361328125
1 0.970703125 0.5224609375 0.0263671875 0.029296875
1 0.3623046875 0.4482421875 0.0185546875 0.03125
1 0.3525390625 0.396484375 0.017578125 0.025390625
1 0.6103515625 0.57421875 0.029296875 0.0361328125
1 0.1845703125 0.541015625 0.021484375 0.0263671875
1 0.908203125 0.5078125 0.0419921875 0.037109375
0 0.068359375 0.7470703125 0.0419921875 0.068359375
1 0.8408203125 0.4970703125 0.046875 0.03125
1 0.173828125 0.544921875 0.1044921875 0.1357421875
1 0.458984375 0.369140625 0.0185546875 0.037109375
1 0.2841796875 0.361328125 0.015625 0.0234375
0 0.9560546875 0.5751953125 0.0625 0.052734375
1 0.9599609375 0.6279296875 0.0390625 0.052734375
1 0.1455078125 0.5234375 0.0283203125 0.037109375
1 0.173828125 0.8583984375 0.048828125 0.060546875
1 0.84375 0.5419921875 0.021484375 0.0283203125
1 0.109375 0.4853515625 0.037109375 0.0361328125