0 0.1396484375 0.8056640625 0.1455078125 0.1298828125
0 0.6806640625 0.583984375 0.1142578125 0.1328125
0 0.53125 0.580078125 0.0908203125 0.1044921875
1 0.8212890625 0.5830078125 0.0830078125 0.083984375
0 0.3701171875 0.6162109375 0.078125 0.095703125
1 0.208984375 0.7177734375 0.03125 0.060546875
0 0.2490234375 0.4033203125 0.044921875 0.037109375
1 0.6201171875 0.501953125 0.025390625 0.046875
1 0.5029296875 0.4736328125 0.025390625 0.0439453125
0 0.2470703125 0.56640625 0.099609375 0.1357421875
1 0.580078125 0.4521484375 0.0263671875 0.0390625
1 0.517578125 0.5078125 0.041015625 0.0498046875
1 0.546875 0.4326171875 0.0185546875 0.037109375
1 0.5869140625 0.77734375 0.048828125 0.0673828125
1 0.677734375 0.7451171875 0.0546875 0.0810546875
0 0.732421875 0.8359375 0.166015625 0.109375
0 0.4404296875 0.44140625 0.037109375 0.044921875
1 0.5712890625 0.4228515625 0.0234375 0.0419921875
1 0.166015625 0.669921875 0.029296875 0.041015625
1 0.896484375 0.6572265625 0.083984375 0.0888671875
0 0.5654296875 0.4990234375 0.078125 0.095703125
0 0.1572265625 0.498046875 0.0517578125 0.0546875
1 0.0966796875 0.681640625 0.0283203125 0.0439453125
1 0.2158203125 0.5048828125 0.025390625 0.0439453125
0 0.2861328125 0.431640625 0.046875 0.041015625
1 0.947265625 0.693359375 0.0654296875 0.0751953125
1 0.1279296875 0.5830078125 0.0283203125 0.0595703125
0 0.177734375 0.423828125 0.0439453125 0.033203125
1 0.84765625 0.830078125 0.080078125 0.09375
1 0.7294921875 0.5361328125 0.037109375 0.0439453125
0 0.181640625 0.38671875 0.0341796875 0.029296875
1 0.603515625 0.4462890625 0.0283203125 0.0390625
0 0.365234375 0.8359375 0.126953125 0.109375
1 0.455078125 0.513671875 0.0546875 0.056640625
1 0.1826171875 0.46875 0.021484375 0.0283203125
1 0.4228515625 0.478515625 0.013671875 0.029296875
0 0.3291015625 0.4501953125 0.0732421875 0.083984375
0 0.17578125 0.3642578125 0.029296875 0.0283203125
1 0.2333984375 0.470703125 0.0205078125 0.033203125
1 0.697265625 0.521484375 0.015625 0.0283203125
0 0.56640625 0.3857421875 0.033203125 0.041015625
1 0.6357421875 0.44921875 0.037109375 0.0390625
1 0.06640625 0.7412109375 0.0419921875 0.0888671875
1 0.890625 0.591796875 0.056640625 0.0625
0 0.5068359375 0.4169921875 0.044921875 0.0595703125
1 0.8994140625 0.541015625 0.0361328125 0.0361328125
1 0.931640625 0.609375 0.0390625 0.037109375
1 0.05859375 0.4794921875 0.0263671875 0.041015625
1 0.02734375 0.4794921875 0.033203125 0.041015625
1 0.9638671875 0.6328125 0.0439453125 0.072265625
0 0.474609375 0.3837890625 0.037109375 0.0546875
1 0.103515625 0.6484375 0.0283203125 0.037109375
0 0.228515625 0.3564453125 0.0263671875 0.025390625
1 0.1630859375 0.638671875 0.0263671875 0.0361328125
1 0.076171875 0.3427734375 0.017578125 0.017578125
1 0.107421875 0.4052734375 0.0205078125 0.0205078125
1 0.4384765625 0.36328125 0.017578125 0.0234375
1 0.814453125 0.54296875 0.025390625 0.0419921875
1 0.154296875 0.681640625 0.1484375 0.109375
1 0.0224609375 0.568359375 0.0234375 0.0654296875
1 0.935546875 0.65625 0.025390625 0.041015625