0 0.1787109375 0.583984375 0.0830078125 0.0888671875
1 0.650390625 0.6552734375 0.044921875 0.064453125
1 0.7333984375 0.642578125 0.048828125 0.0703125
0 0.537109375 0.5830078125 0.091796875 0.0966796875
1 0.5966796875 0.5126953125 0.025390625 0.0439453125
1 0.6953125 0.794921875 0.052734375 0.083984375
0 0.5205078125 0.501953125 0.068359375 0.068359375
1 0.814453125 0.810546875 0.0703125 0.115234375
0 0.3427734375 0.5419921875 0.0703125 0.0810546875
1 0.642578125 0.580078125 0.037109375 0.056640625
1 0.8203125 0.58203125 0.0654296875 0.076171875
0 0.310546875 0.470703125 0.0576171875 0.060546875
1 0.52734375 0.6845703125 0.0390625 0.0625
0 0.478515625 0.373046875 0.041015625 0.041015625
0 0.576171875 0.439453125 0.056640625 0.052734375
1 0.609375 0.5537109375 0.025390625 0.0517578125
1 0.6953125 0.5712890625 0.046875 0.076171875
1 0.6328125 0.521484375 0.025390625 0.0390625
1 0.6025390625 0.4794921875 0.0205078125 0.037109375
1 0.943359375 0.681640625 0.0830078125 0.0908203125
1 0.166015625 0.4892578125 0.0234375 0.037109375
0 0.4775390625 0.431640625 0.044921875 0.056640625
0 0.1103515625 0.7919921875 0.1328125 0.1533203125
0 0.2177734375 0.4599609375 0.048828125 0.048828125
1 0.5234375 0.4345703125 0.021484375 0.041015625
1 0.609375 0.705078125 0.037109375 0.046875
1 0.44140625 0.43359375 0.029296875 0.044921875
1 0.6025390625 0.767578125 0.0517578125 0.0986328125
1 0.263671875 0.7099609375 0.029296875 0.048828125
1 0.689453125 0.716796875 0.0419921875 0.0517578125
1 0.2607421875 0.5244140625 0.021484375 0.0361328125
1 0.064453125 0.478515625 0.0361328125 0.0361328125
1 0.13671875 0.5185546875 0.0205078125 0.0341796875
1 0.650390625 0.5400390625 0.0234375 0.0390625
1 0.1123046875 0.59765625 0.025390625 0.0361328125
1 0.728515625 0.5380859375 0.0419921875 0.044921875
0 0.197265625 0.412109375 0.044921875 0.0439453125
0 0.248046875 0.390625 0.0419921875 0.041015625
1 0.083984375 0.66015625 0.025390625 0.0419921875
1 0.142578125 0.4482421875 0.021484375 0.025390625
1 0.4306640625 0.482421875 0.0205078125 0.037109375
1 0.513671875 0.38671875 0.017578125 0.033203125
1 0.8896484375 0.5986328125 0.0546875 0.056640625
0 0.533203125 0.3525390625 0.048828125 0.0419921875
1 0.1015625 0.4814453125 0.0341796875 0.0341796875
1 0.92578125 0.6103515625 0.0390625 0.0390625
0 0.275390625 0.423828125 0.0390625 0.041015625
1 0.2294921875 0.41015625 0.0185546875 0.0263671875
1 0.603515625 0.443359375 0.013671875 0.0185546875
1 0.97265625 0.63671875 0.033203125 0.0576171875
1 0.8408203125 0.7333984375 0.0439453125 0.080078125
1 0.5556640625 0.384765625 0.0234375 0.0390625
1 0.6416015625 0.4423828125 0.0234375 0.0283203125
1 0.822265625 0.537109375 0.025390625 0.0419921875
1 0.0263671875 0.5625 0.0283203125 0.046875
1 0.1484375 0.388671875 0.015625 0.0205078125
1 0.677734375 0.6572265625 0.1689453125 0.3359375
0 0.3525390625 0.3203125 0.0361328125 0.0185546875
1 0.1689453125 0.458984375 0.041015625 0.0419921875
0 0.6845703125 0.865234375 0.1123046875 0.048828125
1 0.900390625 0.5498046875 0.029296875 0.0498046875
1 0.0322265625 0.484375 0.0419921875 0.041015625
1 0.173828125 0.4267578125 0.015625 0.025390625
1 0.330078125 0.357421875 0.0185546875 0.025390625