1 0.658203125 0.5859375 0.037109375 0.068359375
1 0.751953125 0.8359375 0.060546875 0.0966796875
1 0.7041015625 0.5927734375 0.0673828125 0.095703125
1 0.6103515625 0.5693359375 0.033203125 0.0517578125
0 0.55859375 0.6572265625 0.1357421875 0.1513671875
1 0.814453125 0.7158203125 0.0546875 0.083984375
1 0.107421875 0.615234375 0.029296875 0.0546875
0 0.3447265625 0.509765625 0.064453125 0.068359375
0 0.541015625 0.482421875 0.072265625 0.095703125
1 0.8037109375 0.5859375 0.048828125 0.068359375
1 0.611328125 0.501953125 0.0283203125 0.046875
1 0.38671875 0.6376953125 0.0263671875 0.056640625
0 0.19921875 0.50390625 0.064453125 0.0830078125
0 0.564453125 0.4169921875 0.041015625 0.0498046875
1 0.291015625 0.6337890625 0.037109375 0.0576171875
1 0.6943359375 0.701171875 0.044921875 0.0673828125
0 0.111328125 0.4111328125 0.0654296875 0.041015625
0 0.31640625 0.4541015625 0.0576171875 0.044921875
1 0.1875 0.603515625 0.0283203125 0.0595703125
0 0.5 0.5439453125 0.0751953125 0.0908203125
1 0.099609375 0.7197265625 0.041015625 0.060546875
1 0.408203125 0.4794921875 0.0234375 0.046875
1 0.888671875 0.87109375 0.0517578125 0.0390625
1 0.865234375 0.5927734375 0.078125 0.0732421875
0 0.517578125 0.34765625 0.0263671875 0.0234375
1 0.154296875 0.576171875 0.0341796875 0.044921875
1 0.4970703125 0.435546875 0.037109375 0.052734375
1 0.9384765625 0.6767578125 0.091796875 0.1064453125
0 0.45703125 0.4775390625 0.0546875 0.064453125
1 0.23046875 0.5888671875 0.0361328125 0.0625
1 0.2890625 0.533203125 0.03125 0.046875
1 0.404296875 0.8232421875 0.0517578125 0.115234375
1 0.73046875 0.5380859375 0.0361328125 0.0419921875
0 0.220703125 0.3720703125 0.0263671875 0.0341796875
1 0.689453125 0.537109375 0.037109375 0.0419921875
0 0.185546875 0.3544921875 0.0234375 0.025390625
1 0.44140625 0.6884765625 0.0361328125 0.0732421875
0 0.15234375 0.458984375 0.0390625 0.046875
1 0.029296875 0.5625 0.0361328125 0.0439453125
1 0.65625 0.5390625 0.0341796875 0.046875
1 0.927734375 0.611328125 0.0390625 0.0390625
0 0.513671875 0.3759765625 0.0390625 0.0390625
1 0.4443359375 0.421875 0.017578125 0.0341796875
0 0.22265625 0.341796875 0.0234375 0.0185546875
1 0.830078125 0.560546875 0.0283203125 0.0361328125
1 0.521484375 0.4033203125 0.0205078125 0.025390625
0 0.2470703125 0.388671875 0.0498046875 0.046875
1 0.140625 0.4208984375 0.0185546875 0.0263671875
1 0.4267578125 0.44140625 0.0341796875 0.0361328125
1 0.0595703125 0.4814453125 0.021484375 0.037109375
1 0.7880859375 0.552734375 0.0234375 0.033203125
1 0.1806640625 0.8408203125 0.0517578125 0.0751953125
1 0.4599609375 0.740234375 0.0390625 0.0830078125
1 0.603515625 0.4609375 0.0185546875 0.0341796875
1 0.6376953125 0.439453125 0.037109375 0.0341796875
1 0.033203125 0.8603515625 0.033203125 0.0517578125
1 0.158203125 0.369140625 0.0205078125 0.0234375
1 0.44921875 0.373046875 0.0107421875 0.0234375
1 0.8212890625 0.875 0.0419921875 0.0283203125
1 0.974609375 0.634765625 0.029296875 0.0625
0 0.1865234375 0.326171875 0.033203125 0.0205078125
1 0.861328125 0.5595703125 0.013671875 0.0185546875