0 0.193359375 0.748046875 0.123046875 0.162109375
0 0.509765625 0.4091796875 0.046875 0.046875
0 0.6357421875 0.720703125 0.146484375 0.1689453125
0 0.33984375 0.724609375 0.0986328125 0.115234375
0 0.4892578125 0.361328125 0.037109375 0.033203125
1 0.71875 0.595703125 0.072265625 0.0654296875
0 0.521484375 0.5751953125 0.0859375 0.1123046875
0 0.9501953125 0.5185546875 0.072265625 0.056640625
1 0.701171875 0.5283203125 0.041015625 0.037109375
0 0.5087890625 0.33203125 0.029296875 0.0263671875
1 0.765625 0.59375 0.041015625 0.041015625
1 0.427734375 0.693359375 0.0361328125 0.0830078125
1 0.7763671875 0.552734375 0.0595703125 0.0498046875
1 0.07421875 0.759765625 0.033203125 0.056640625
1 0.8251953125 0.6611328125 0.0908203125 0.068359375
0 0.8427734375 0.8017578125 0.2734375 0.171875
1 0.958984375 0.6474609375 0.056640625 0.064453125
0 0.951171875 0.5791015625 0.072265625 0.060546875
1 0.392578125 0.466796875 0.033203125 0.0361328125
0 0.541015625 0.341796875 0.03125 0.021484375
0 0.4541015625 0.46484375 0.0361328125 0.044921875
1 0.365234375 0.48828125 0.033203125 0.0576171875
1 0.8251953125 0.572265625 0.0341796875 0.048828125
1 0.076171875 0.4755859375 0.0595703125 0.0419921875
1 0.4169921875 0.478515625 0.021484375 0.0439453125
0 0.353515625 0.3203125 0.0341796875 0.0185546875
1 0.892578125 0.6318359375 0.0419921875 0.076171875
1 0.029296875 0.5712890625 0.029296875 0.033203125
1 0.439453125 0.4208984375 0.0185546875 0.0234375
1 0.162109375 0.619140625 0.044921875 0.0703125
1 0.033203125 0.4794921875 0.0439453125 0.046875
1 0.6669921875 0.466796875 0.0283203125 0.0439453125
1 0.8515625 0.55078125 0.0341796875 0.029296875
0 0.513671875 0.4619140625 0.0517578125 0.0673828125
1 0.6201171875 0.490234375 0.0185546875 0.0263671875
1 0.083984375 0.591796875 0.0283203125 0.068359375
1 0.4443359375 0.357421875 0.0234375 0.029296875
1 0.59765625 0.4287109375 0.0419921875 0.0546875
1 0.0419921875 0.814453125 0.0595703125 0.142578125
1 0.5673828125 0.587890625 0.021484375 0.0263671875
1 0.2216796875 0.6064453125 0.0439453125 0.0439453125
1 0.595703125 0.5048828125 0.021484375 0.03125
1 0.5439453125 0.37109375 0.0283203125 0.0361328125