0 0.3212890625 0.7978515625 0.1484375 0.1767578125
1 0.6474609375 0.57421875 0.029296875 0.060546875
1 0.49609375 0.4951171875 0.0263671875 0.041015625
0 0.7626953125 0.7705078125 0.1875 0.21875
1 0.6943359375 0.5478515625 0.0517578125 0.0546875
0 0.220703125 0.6025390625 0.083984375 0.095703125
0 0.314453125 0.6494140625 0.0908203125 0.111328125
1 0.5615234375 0.525390625 0.029296875 0.048828125
1 0.8203125 0.580078125 0.083984375 0.0830078125
1 0.5576171875 0.634765625 0.037109375 0.0546875
1 0.9482421875 0.689453125 0.0751953125 0.076171875
1 0.5625 0.390625 0.015625 0.025390625
1 0.16015625 0.5498046875 0.0263671875 0.046875
0 0.240234375 0.509765625 0.0654296875 0.078125
1 0.4052734375 0.681640625 0.0361328125 0.056640625
1 0.12109375 0.5087890625 0.0263671875 0.0361328125
1 0.1181640625 0.701171875 0.033203125 0.0576171875
1 0.603515625 0.451171875 0.029296875 0.0361328125
1 0.4951171875 0.560546875 0.03125 0.056640625
1 0.58984375 0.603515625 0.033203125 0.046875
1 0.45703125 0.501953125 0.0263671875 0.0361328125
1 0.681640625 0.462890625 0.0263671875 0.0341796875
1 0.8916015625 0.6435546875 0.076171875 0.0751953125
1 0.162109375 0.685546875 0.033203125 0.052734375
0 0.322265625 0.55078125 0.072265625 0.080078125
1 0.134765625 0.4873046875 0.021484375 0.0283203125
1 0.5078125 0.3662109375 0.0185546875 0.029296875
0 0.328125 0.490234375 0.068359375 0.0595703125
1 0.58984375 0.396484375 0.013671875 0.0234375
1 0.076171875 0.3994140625 0.021484375 0.0234375
1 0.1796875 0.498046875 0.025390625 0.037109375
1 0.900390625 0.5380859375 0.041015625 0.0419921875
1 0.1044921875 0.416015625 0.025390625 0.0361328125
0 0.4794921875 0.3583984375 0.0341796875 0.0361328125
1 0.416015625 0.615234375 0.041015625 0.0419921875
1 0.7568359375 0.4833984375 0.033203125 0.029296875
1 0.7314453125 0.541015625 0.037109375 0.0439453125
1 0.240234375 0.361328125 0.017578125 0.0185546875
1 0.150390625 0.416015625 0.0185546875 0.0283203125
1 0.21875 0.412109375 0.0283203125 0.0341796875
1 0.171875 0.439453125 0.0185546875 0.025390625
1 0.111328125 0.595703125 0.025390625 0.0439453125
1 0.515625 0.5361328125 0.0185546875 0.041015625
1 0.9658203125 0.5244140625 0.0439453125 0.0390625
0 0.388671875 0.376953125 0.037109375 0.0390625
0 0.5048828125 0.3427734375 0.03125 0.033203125
0 0.3544921875 0.353515625 0.041015625 0.0341796875
1 0.654296875 0.45703125 0.0263671875 0.029296875
0 0.255859375 0.396484375 0.0517578125 0.048828125
1 0.0810546875 0.478515625 0.046875 0.0439453125
0 0.533203125 0.3564453125 0.0341796875 0.037109375
1 0.185546875 0.466796875 0.0263671875 0.03125
1 0.1416015625 0.3857421875 0.013671875 0.021484375
1 0.5146484375 0.4501953125 0.013671875 0.03125
1 0.494140625 0.4482421875 0.017578125 0.021484375
1 0.6259765625 0.826171875 0.0419921875 0.095703125
1 0.5390625 0.587890625 0.15625 0.1513671875
1 0.03515625 0.841796875 0.0419921875 0.0888671875
1 0.0234375 0.373046875 0.021484375 0.0234375
1 0.205078125 0.458984375 0.0234375 0.037109375
0 0.0712890625 0.322265625 0.033203125 0.021484375
1 0.8994140625 0.5869140625 0.0546875 0.060546875
1 0.8408203125 0.537109375 0.0283203125 0.033203125
1 0.212890625 0.3251953125 0.0126953125 0.015625
1 0.8916015625 0.384765625 0.017578125 0.0283203125
1 0.037109375 0.5849609375 0.0498046875 0.0888671875
1 0.138671875 0.490234375 0.115234375 0.1435546875
1 0.9619140625 0.626953125 0.033203125 0.0517578125
1 0.041015625 0.5595703125 0.017578125 0.025390625