0 0.1923828125 0.75 0.125 0.166015625
0 0.509765625 0.423828125 0.060546875 0.0576171875
0 0.337890625 0.728515625 0.0986328125 0.119140625
0 0.173828125 0.4150390625 0.0732421875 0.0419921875
0 0.4892578125 0.3583984375 0.046875 0.0390625
0 0.296875 0.4462890625 0.087890625 0.0517578125
1 0.5771484375 0.4873046875 0.029296875 0.0439453125
0 0.541015625 0.3515625 0.0439453125 0.041015625
1 0.6103515625 0.494140625 0.0390625 0.044921875
1 0.06640625 0.544921875 0.033203125 0.046875
1 0.5078125 0.4755859375 0.0283203125 0.0419921875
1 0.1865234375 0.455078125 0.0361328125 0.044921875
1 0.548828125 0.4736328125 0.033203125 0.0498046875
1 0.30859375 0.8564453125 0.0419921875 0.056640625
1 0.0771484375 0.748046875 0.064453125 0.087890625
1 0.552734375 0.376953125 0.021484375 0.033203125
1 0.431640625 0.6591796875 0.046875 0.056640625
1 0.4736328125 0.4873046875 0.021484375 0.0439453125
1 0.4638671875 0.43359375 0.0185546875 0.033203125
0 0.509765625 0.33203125 0.03125 0.0263671875
1 0.263671875 0.482421875 0.0361328125 0.037109375
1 0.6357421875 0.505859375 0.025390625 0.0419921875
1 0.1455078125 0.4755859375 0.021484375 0.033203125
1 0.4130859375 0.791015625 0.0517578125 0.0859375
1 0.404296875 0.5107421875 0.0517578125 0.052734375
1 0.126953125 0.423828125 0.0234375 0.03125
1 0.3232421875 0.490234375 0.037109375 0.0390625
1 0.740234375 0.5576171875 0.044921875 0.041015625
1 0.5703125 0.556640625 0.037109375 0.044921875
1 0.455078125 0.783203125 0.046875 0.072265625
1 0.359375 0.486328125 0.0283203125 0.0361328125
1 0.802734375 0.5625 0.03125 0.037109375
1 0.1220703125 0.57421875 0.0341796875 0.0517578125
1 0.4716796875 0.4072265625 0.015625 0.0361328125
1 0.59375 0.466796875 0.0185546875 0.0263671875
1 0.5224609375 0.5771484375 0.0419921875 0.0517578125
1 0.095703125 0.421875 0.0205078125 0.0283203125
1 0.5615234375 0.423828125 0.013671875 0.0263671875
1 0.4208984375 0.7373046875 0.044921875 0.0498046875
0 0.2314453125 0.3662109375 0.056640625 0.0361328125
1 0.5478515625 0.5400390625 0.0205078125 0.033203125
1 0.8388671875 0.5712890625 0.0439453125 0.029296875
1 0.0595703125 0.4814453125 0.021484375 0.0341796875
1 0.6201171875 0.4638671875 0.0185546875 0.0283203125
1 0.779296875 0.751953125 0.0751953125 0.0673828125
1 0.3505859375 0.5244140625 0.0205078125 0.0361328125
1 0.435546875 0.36328125 0.0185546875 0.0263671875
0 0.9404296875 0.576171875 0.072265625 0.0419921875
1 0.2060546875 0.359375 0.0126953125 0.0185546875
1 0.0224609375 0.4609375 0.017578125 0.03125
1 0.6005859375 0.6201171875 0.029296875 0.072265625
1 0.453125 0.509765625 0.025390625 0.0546875
1 0.05078125 0.693359375 0.033203125 0.0517578125
1 0.57421875 0.5888671875 0.1484375 0.150390625
1 0.5634765625 0.5185546875 0.0107421875 0.025390625
1 0.3515625 0.560546875 0.072265625 0.048828125
1 0.02734375 0.583984375 0.029296875 0.0830078125
1 0.6376953125 0.443359375 0.041015625 0.03125
1 0.697265625 0.5615234375 0.0546875 0.0390625
1 0.5517578125 0.443359375 0.015625 0.0263671875
1 0.9716796875 0.8193359375 0.0283203125 0.060546875
1 0.6337890625 0.7041015625 0.0263671875 0.060546875
1 0.1015625 0.4755859375 0.046875 0.0419921875
1 0.650390625 0.6279296875 0.0283203125 0.0595703125
1 0.5849609375 0.416015625 0.0205078125 0.0341796875
1 0.6767578125 0.513671875 0.0439453125 0.048828125