0 0.154296875 0.6845703125 0.1171875 0.1279296875
0 0.341796875 0.6875 0.0986328125 0.125
0 0.552734375 0.6484375 0.103515625 0.1279296875
0 0.798828125 0.828125 0.1796875 0.125
0 0.333984375 0.5361328125 0.0732421875 0.0810546875
1 0.6025390625 0.525390625 0.029296875 0.048828125
0 0.5078125 0.447265625 0.0498046875 0.0576171875
1 0.6962890625 0.5458984375 0.048828125 0.0517578125
1 0.7109375 0.7236328125 0.052734375 0.0810546875
1 0.49609375 0.5703125 0.033203125 0.056640625
0 0.4873046875 0.357421875 0.037109375 0.037109375
1 0.634765625 0.572265625 0.0361328125 0.046875
1 0.6806640625 0.6318359375 0.0390625 0.0576171875
0 0.2216796875 0.5078125 0.056640625 0.0654296875
1 0.8212890625 0.580078125 0.0859375 0.083984375
1 0.630859375 0.62890625 0.041015625 0.0576171875
1 0.150390625 0.548828125 0.0283203125 0.0654296875
1 0.5751953125 0.7490234375 0.0439453125 0.076171875
1 0.876953125 0.662109375 0.0810546875 0.083984375
1 0.75390625 0.7138671875 0.0390625 0.0498046875
0 0.298828125 0.4599609375 0.0517578125 0.0517578125
1 0.947265625 0.6884765625 0.076171875 0.0859375
1 0.5693359375 0.4755859375 0.029296875 0.044921875
0 0.4755859375 0.4794921875 0.044921875 0.052734375
1 0.4140625 0.4658203125 0.0185546875 0.0283203125
1 0.544921875 0.5693359375 0.0263671875 0.033203125
1 0.4248046875 0.513671875 0.021484375 0.046875
1 0.599609375 0.455078125 0.0234375 0.0390625
0 0.4833984375 0.404296875 0.0361328125 0.048828125
1 0.658203125 0.826171875 0.048828125 0.080078125
0 0.5517578125 0.4130859375 0.0341796875 0.044921875
1 0.423828125 0.4306640625 0.0205078125 0.033203125
1 0.5791015625 0.576171875 0.0361328125 0.0576171875
1 0.0791015625 0.666015625 0.033203125 0.052734375
1 0.599609375 0.4873046875 0.0263671875 0.0341796875
1 0.94140625 0.6142578125 0.0888671875 0.0810546875
1 0.5703125 0.392578125 0.0185546875 0.0263671875
1 0.6572265625 0.5517578125 0.0205078125 0.0341796875
1 0.8974609375 0.5439453125 0.033203125 0.03125
1 0.568359375 0.52734375 0.0283203125 0.0390625
1 0.3974609375 0.44921875 0.0263671875 0.044921875
1 0.57421875 0.435546875 0.0205078125 0.029296875
1 0.4345703125 0.4072265625 0.0126953125 0.0205078125
1 0.1435546875 0.4912109375 0.025390625 0.0361328125
1 0.072265625 0.48046875 0.0498046875 0.0419921875
1 0.4912109375 0.5224609375 0.0234375 0.0361328125
1 0.03125 0.572265625 0.037109375 0.0625
1 0.634765625 0.4423828125 0.029296875 0.0341796875
1 0.8955078125 0.587890625 0.041015625 0.056640625
1 0.455078125 0.5048828125 0.0205078125 0.0439453125
0 0.267578125 0.40625 0.0439453125 0.037109375
1 0.8173828125 0.5341796875 0.025390625 0.041015625
1 0.2255859375 0.5615234375 0.0419921875 0.0576171875
1 0.1787109375 0.4853515625 0.0263671875 0.0390625
1 0.591796875 0.427734375 0.0205078125 0.033203125
1 0.740234375 0.67578125 0.03125 0.0419921875
1 0.7041015625 0.623046875 0.158203125 0.2470703125
0 0.529296875 0.35546875 0.029296875 0.033203125
0 0.18359375 0.380859375 0.044921875 0.056640625