0 0.3203125 0.7998046875 0.150390625 0.177734375
1 0.48828125 0.525390625 0.0263671875 0.0439453125
1 0.642578125 0.619140625 0.03125 0.060546875
0 0.1923828125 0.7421875 0.119140625 0.1533203125
0 0.240234375 0.5078125 0.0625 0.068359375
1 0.3779296875 0.556640625 0.025390625 0.0419921875
0 0.31640625 0.6494140625 0.0888671875 0.107421875
1 0.8212890625 0.5859375 0.0830078125 0.0810546875
1 0.689453125 0.5498046875 0.0498046875 0.052734375
1 0.7685546875 0.7626953125 0.046875 0.0966796875
1 0.423828125 0.4423828125 0.0185546875 0.0283203125
0 0.224609375 0.5791015625 0.078125 0.0859375
1 0.5625 0.392578125 0.015625 0.0234375
1 0.4970703125 0.6123046875 0.0595703125 0.0625
1 0.154296875 0.6064453125 0.0341796875 0.0625
1 0.6328125 0.46484375 0.0283203125 0.0263671875
1 0.08203125 0.6845703125 0.029296875 0.046875
1 0.7412109375 0.8525390625 0.044921875 0.0576171875
1 0.0498046875 0.587890625 0.03125 0.048828125
1 0.9443359375 0.6865234375 0.0830078125 0.0859375
1 0.099609375 0.591796875 0.0283203125 0.060546875
0 0.505859375 0.34765625 0.033203125 0.0361328125
1 0.388671875 0.427734375 0.0185546875 0.029296875
0 0.326171875 0.4912109375 0.0654296875 0.060546875
1 0.5302734375 0.439453125 0.0234375 0.03125
1 0.0986328125 0.48046875 0.0283203125 0.029296875
0 0.3212890625 0.5498046875 0.0703125 0.078125
1 0.1298828125 0.486328125 0.0283203125 0.041015625
1 0.728515625 0.5419921875 0.0419921875 0.037109375
1 0.169921875 0.5498046875 0.0283203125 0.046875
1 0.6572265625 0.4580078125 0.0234375 0.0283203125
1 0.59375 0.3974609375 0.015625 0.0234375
0 0.4794921875 0.357421875 0.03125 0.033203125
1 0.060546875 0.4814453125 0.0283203125 0.037109375
1 0.5986328125 0.837890625 0.0439453125 0.078125
1 0.89453125 0.865234375 0.0576171875 0.048828125
0 0.2548828125 0.396484375 0.052734375 0.056640625
1 0.3857421875 0.36328125 0.0126953125 0.0205078125
1 0.1552734375 0.5078125 0.0234375 0.0341796875
1 0.89453125 0.587890625 0.044921875 0.056640625
1 0.904296875 0.521484375 0.029296875 0.0361328125
1 0.0283203125 0.5625 0.03125 0.046875
0 0.5322265625 0.3447265625 0.029296875 0.0234375
1 0.3955078125 0.3896484375 0.015625 0.0205078125
1 0.9365234375 0.5263671875 0.029296875 0.037109375
1 0.150390625 0.421875 0.0234375 0.0283203125
1 0.177734375 0.4833984375 0.0263671875 0.0419921875
1 0.419921875 0.3876953125 0.0107421875 0.0185546875
1 0.2080078125 0.4853515625 0.015625 0.033203125
0 0.0771484375 0.783203125 0.0517578125 0.095703125
1 0.57421875 0.4326171875 0.013671875 0.03125
1 0.841796875 0.541015625 0.029296875 0.0390625
1 0.677734375 0.4423828125 0.0234375 0.03125
1 0.1142578125 0.423828125 0.015625 0.025390625
1 0.21484375 0.4140625 0.033203125 0.0341796875
1 0.3564453125 0.3994140625 0.009765625 0.017578125
1 0.7451171875 0.4736328125 0.021484375 0.041015625
1 0.962890625 0.626953125 0.0439453125 0.0576171875
1 0.2802734375 0.5361328125 0.0263671875 0.0341796875
1 0.08984375 0.5869140625 0.1513671875 0.1298828125