0 0.19140625 0.7490234375 0.123046875 0.1611328125
0 0.509765625 0.4228515625 0.0546875 0.0576171875
0 0.337890625 0.728515625 0.0986328125 0.119140625
1 0.5087890625 0.4755859375 0.0263671875 0.0390625
1 0.146484375 0.5146484375 0.0263671875 0.0390625
0 0.541015625 0.3525390625 0.0439453125 0.0419921875
1 0.25390625 0.4560546875 0.0390625 0.0439453125
1 0.205078125 0.458984375 0.0361328125 0.0419921875
1 0.6142578125 0.494140625 0.0439453125 0.046875
1 0.068359375 0.541015625 0.0263671875 0.0419921875
1 0.48046875 0.4423828125 0.0234375 0.03125
0 0.23046875 0.4228515625 0.076171875 0.0361328125
1 0.0947265625 0.6513671875 0.0390625 0.052734375
1 0.3662109375 0.4541015625 0.033203125 0.0390625
1 0.337890625 0.470703125 0.0390625 0.0390625
1 0.306640625 0.833984375 0.048828125 0.0908203125
1 0.43359375 0.525390625 0.029296875 0.046875
1 0.5400390625 0.478515625 0.0234375 0.0361328125
1 0.5341796875 0.5419921875 0.056640625 0.052734375
0 0.486328125 0.357421875 0.0517578125 0.044921875
0 0.126953125 0.400390625 0.0595703125 0.033203125
1 0.2529296875 0.53125 0.0439453125 0.0595703125
1 0.552734375 0.4482421875 0.025390625 0.0283203125
1 0.0771484375 0.7607421875 0.0419921875 0.0625
1 0.302734375 0.486328125 0.033203125 0.03125
0 0.509765625 0.33203125 0.03125 0.0263671875
1 0.404296875 0.544921875 0.0439453125 0.0517578125
1 0.310546875 0.44921875 0.0283203125 0.0263671875
1 0.412109375 0.8095703125 0.0439453125 0.056640625
1 0.5732421875 0.3779296875 0.0185546875 0.0341796875
1 0.5810546875 0.4716796875 0.021484375 0.03125
1 0.029296875 0.5791015625 0.0341796875 0.076171875
1 0.4580078125 0.794921875 0.0341796875 0.048828125
1 0.1474609375 0.439453125 0.0205078125 0.029296875
1 0.6357421875 0.5419921875 0.0283203125 0.037109375
1 0.427734375 0.6708984375 0.041015625 0.048828125
1 0.046875 0.677734375 0.0283203125 0.048828125
1 0.087890625 0.40625 0.03125 0.0283203125
1 0.6201171875 0.4658203125 0.0185546875 0.0283203125
1 0.5751953125 0.431640625 0.0185546875 0.029296875
1 0.5615234375 0.5048828125 0.0390625 0.0439453125
1 0.435546875 0.36328125 0.0185546875 0.0263671875
1 0.560546875 0.470703125 0.021484375 0.03125
1 0.0673828125 0.478515625 0.0439453125 0.037109375
1 0.3388671875 0.525390625 0.0625 0.0576171875
1 0.6376953125 0.4775390625 0.015625 0.0263671875
1 0.3388671875 0.439453125 0.025390625 0.033203125
0 0.962890625 0.580078125 0.046875 0.0576171875
1 0.419921875 0.740234375 0.046875 0.0576171875
1 0.2041015625 0.337890625 0.029296875 0.021484375
1 0.05859375 0.384765625 0.017578125 0.0185546875
1 0.892578125 0.5927734375 0.0439453125 0.0390625
1 0.634765625 0.443359375 0.0361328125 0.0283203125
1 0.650390625 0.6572265625 0.033203125 0.0576171875
1 0.5888671875 0.453125 0.0126953125 0.0185546875
0 0.724609375 0.5537109375 0.056640625 0.0419921875
1 0.7119140625 0.70703125 0.044921875 0.080078125
0 0.232421875 0.365234375 0.0654296875 0.041015625
1 0.1083984375 0.4853515625 0.033203125 0.033203125
1 0.3291015625 0.3544921875 0.017578125 0.0283203125
1 0.8583984375 0.826171875 0.0673828125 0.072265625
0 0.3544921875 0.32421875 0.03125 0.0205078125
0 0.197265625 0.8759765625 0.0888671875 0.0263671875
1 0.0224609375 0.4599609375 0.017578125 0.029296875
1 0.1708984375 0.3359375 0.044921875 0.025390625
1 0.8271484375 0.771484375 0.048828125 0.0703125
1 0.025390625 0.3720703125 0.0107421875 0.021484375
1 0.466796875 0.4189453125 0.013671875 0.037109375