0 0.150390625 0.798828125 0.1484375 0.146484375
0 0.6904296875 0.59765625 0.119140625 0.1357421875
0 0.53515625 0.587890625 0.095703125 0.107421875
1 0.5791015625 0.447265625 0.0263671875 0.037109375
1 0.16796875 0.650390625 0.029296875 0.044921875
1 0.513671875 0.5029296875 0.037109375 0.0595703125
0 0.369140625 0.6044921875 0.076171875 0.09375
1 0.599609375 0.8037109375 0.0419921875 0.0576171875
0 0.248046875 0.5537109375 0.09375 0.126953125
1 0.8212890625 0.583984375 0.080078125 0.0830078125
1 0.6171875 0.4931640625 0.037109375 0.064453125
0 0.365234375 0.8232421875 0.123046875 0.130859375
0 0.251953125 0.40234375 0.041015625 0.0361328125
1 0.7041015625 0.751953125 0.0517578125 0.099609375
1 0.205078125 0.6982421875 0.0361328125 0.0654296875
0 0.1767578125 0.427734375 0.046875 0.0419921875
0 0.5693359375 0.50390625 0.0830078125 0.095703125
1 0.8955078125 0.6572265625 0.087890625 0.0888671875
0 0.158203125 0.4931640625 0.052734375 0.0546875
1 0.107421875 0.6484375 0.029296875 0.068359375
1 0.130859375 0.5810546875 0.0234375 0.037109375
0 0.181640625 0.3857421875 0.0341796875 0.03125
1 0.216796875 0.4990234375 0.0205078125 0.0361328125
1 0.947265625 0.693359375 0.068359375 0.0751953125
0 0.7431640625 0.849609375 0.154296875 0.078125
1 0.572265625 0.4189453125 0.0185546875 0.0341796875
1 0.607421875 0.4462890625 0.029296875 0.0361328125
1 0.51171875 0.4404296875 0.0361328125 0.0439453125
0 0.4423828125 0.4443359375 0.041015625 0.0546875
1 0.546875 0.43359375 0.0185546875 0.0419921875
1 0.712890625 0.5244140625 0.03125 0.0419921875
0 0.330078125 0.443359375 0.072265625 0.0888671875
0 0.283203125 0.4287109375 0.0439453125 0.0419921875
1 0.462890625 0.5146484375 0.048828125 0.0546875
1 0.6484375 0.4580078125 0.0341796875 0.0439453125
1 0.8583984375 0.865234375 0.0361328125 0.0517578125
1 0.0283203125 0.478515625 0.0341796875 0.0439453125
1 0.888671875 0.591796875 0.0595703125 0.064453125
1 0.931640625 0.609375 0.0390625 0.037109375
1 0.0673828125 0.72265625 0.03125 0.076171875
1 0.8984375 0.5419921875 0.0341796875 0.0341796875
1 0.0595703125 0.478515625 0.0283203125 0.0390625
1 0.4375 0.365234375 0.015625 0.025390625
1 0.896484375 0.8603515625 0.052734375 0.060546875
0 0.228515625 0.357421875 0.0263671875 0.029296875
1 0.220703125 0.458984375 0.048828125 0.052734375
1 0.9736328125 0.634765625 0.03125 0.0654296875
1 0.076171875 0.341796875 0.017578125 0.015625
1 0.5390625 0.3798828125 0.015625 0.0341796875
0 0.474609375 0.3828125 0.0390625 0.052734375
0 0.3505859375 0.3203125 0.033203125 0.015625
1 0.814453125 0.541015625 0.025390625 0.0419921875
0 0.541015625 0.3408203125 0.0361328125 0.041015625
1 0.935546875 0.6572265625 0.025390625 0.0419921875
1 0.68359375 0.5126953125 0.029296875 0.0341796875
0 0.0927734375 0.400390625 0.0576171875 0.029296875