0 0.3212890625 0.798828125 0.1484375 0.1767578125
1 0.515625 0.591796875 0.0283203125 0.0625
1 0.7490234375 0.814453125 0.0576171875 0.083984375
1 0.591796875 0.5439453125 0.033203125 0.052734375
1 0.3818359375 0.63671875 0.033203125 0.0517578125
1 0.615234375 0.6708984375 0.0361328125 0.0576171875
1 0.58203125 0.5947265625 0.029296875 0.044921875
1 0.580078125 0.7548828125 0.0439453125 0.072265625
1 0.685546875 0.60546875 0.0439453125 0.0576171875
0 0.3154296875 0.650390625 0.0908203125 0.107421875
0 0.240234375 0.509765625 0.064453125 0.0751953125
1 0.099609375 0.73046875 0.0517578125 0.0673828125
1 0.6767578125 0.4638671875 0.0283203125 0.0341796875
1 0.818359375 0.5791015625 0.0810546875 0.0830078125
1 0.9482421875 0.6904296875 0.0751953125 0.0751953125
0 0.22265625 0.5849609375 0.076171875 0.0888671875
1 0.52734375 0.4951171875 0.0234375 0.037109375
1 0.693359375 0.5546875 0.0439453125 0.0439453125
1 0.1123046875 0.5283203125 0.021484375 0.041015625
1 0.5625 0.3916015625 0.015625 0.0234375
1 0.767578125 0.482421875 0.0263671875 0.0283203125
0 0.322265625 0.5517578125 0.0703125 0.0810546875
0 0.3271484375 0.490234375 0.0673828125 0.0595703125
1 0.900390625 0.541015625 0.0419921875 0.0439453125
1 0.3955078125 0.4111328125 0.0185546875 0.03125
1 0.892578125 0.642578125 0.076171875 0.0751953125
0 0.5048828125 0.3408203125 0.03125 0.025390625
1 0.806640625 0.779296875 0.046875 0.072265625
1 0.591796875 0.3955078125 0.017578125 0.025390625
1 0.0439453125 0.5869140625 0.025390625 0.044921875
1 0.13671875 0.4833984375 0.0205078125 0.0263671875
1 0.185546875 0.509765625 0.029296875 0.0419921875
1 0.0712890625 0.4814453125 0.033203125 0.03125
0 0.48046875 0.3583984375 0.033203125 0.033203125
1 0.73046875 0.537109375 0.0390625 0.0439453125
1 0.5244140625 0.408203125 0.013671875 0.03125
0 0.5439453125 0.333984375 0.037109375 0.025390625
1 0.677734375 0.6728515625 0.0361328125 0.0546875
1 0.427734375 0.3994140625 0.013671875 0.033203125
1 0.138671875 0.62890625 0.0263671875 0.048828125
0 0.255859375 0.3984375 0.0546875 0.052734375
1 0.4375 0.576171875 0.021484375 0.046875
1 0.158203125 0.5732421875 0.033203125 0.046875
1 0.5 0.4111328125 0.015625 0.025390625
1 0.3828125 0.390625 0.015625 0.025390625
1 0.6103515625 0.4345703125 0.0263671875 0.041015625
0 0.384765625 0.3681640625 0.037109375 0.033203125
1 0.505859375 0.3662109375 0.0185546875 0.0263671875
1 0.705078125 0.849609375 0.0595703125 0.076171875
1 0.896484375 0.583984375 0.046875 0.056640625
1 0.244140625 0.357421875 0.017578125 0.021484375
1 0.216796875 0.4111328125 0.03125 0.037109375
0 0.8427734375 0.4912109375 0.064453125 0.0361328125
1 0.599609375 0.5068359375 0.0234375 0.033203125
0 0.3515625 0.3466796875 0.0341796875 0.03125
1 0.962890625 0.525390625 0.0498046875 0.033203125
1 0.890625 0.384765625 0.015625 0.0263671875
1 0.6376953125 0.443359375 0.03125 0.03125
1 0.22265625 0.8544921875 0.0546875 0.072265625
1 0.111328125 0.484375 0.0361328125 0.0341796875
1 0.5595703125 0.8330078125 0.0751953125 0.103515625
1 0.021484375 0.564453125 0.021484375 0.0498046875
1 0.9580078125 0.626953125 0.037109375 0.052734375
0 0.349609375 0.322265625 0.0283203125 0.015625
1 0.2080078125 0.4599609375 0.021484375 0.0361328125
1 0.427734375 0.6220703125 0.044921875 0.052734375
1 0.1806640625 0.474609375 0.0361328125 0.0361328125
1 0.841796875 0.5380859375 0.0234375 0.033203125