0 0.193359375 0.740234375 0.1220703125 0.1669921875
0 0.5185546875 0.44921875 0.0595703125 0.060546875
0 0.3408203125 0.724609375 0.0966796875 0.1220703125
1 0.154296875 0.58984375 0.037109375 0.060546875
1 0.6328125 0.5791015625 0.0341796875 0.0673828125
1 0.5869140625 0.4873046875 0.029296875 0.041015625
0 0.4853515625 0.3623046875 0.044921875 0.0341796875
1 0.3623046875 0.541015625 0.0283203125 0.044921875
1 0.53515625 0.5302734375 0.0263671875 0.044921875
0 0.537109375 0.3486328125 0.0361328125 0.0341796875
1 0.068359375 0.541015625 0.029296875 0.0498046875
1 0.7890625 0.7744140625 0.0625 0.1044921875
1 0.4130859375 0.748046875 0.0390625 0.060546875
1 0.568359375 0.3916015625 0.0185546875 0.029296875
1 0.66015625 0.529296875 0.0263671875 0.037109375
1 0.498046875 0.5576171875 0.03125 0.056640625
1 0.4951171875 0.51171875 0.025390625 0.048828125
1 0.919921875 0.607421875 0.041015625 0.0654296875
0 0.509765625 0.3330078125 0.029296875 0.0283203125
1 0.419921875 0.42578125 0.0205078125 0.0361328125
1 0.56640625 0.5546875 0.0263671875 0.0498046875
1 0.4375 0.4814453125 0.021484375 0.041015625
1 0.533203125 0.3720703125 0.0185546875 0.025390625
1 0.7216796875 0.626953125 0.046875 0.060546875
1 0.806640625 0.55859375 0.064453125 0.048828125
1 0.02734375 0.689453125 0.033203125 0.046875
1 0.30859375 0.8369140625 0.048828125 0.064453125
1 0.869140625 0.6005859375 0.068359375 0.0673828125
1 0.6015625 0.4658203125 0.015625 0.0341796875
1 0.71875 0.474609375 0.025390625 0.0263671875
1 0.6865234375 0.5771484375 0.029296875 0.0546875
1 0.955078125 0.5654296875 0.0390625 0.046875
1 0.4072265625 0.626953125 0.0263671875 0.033203125
1 0.24609375 0.361328125 0.017578125 0.0185546875
0 0.1025390625 0.4013671875 0.064453125 0.0439453125
1 0.021484375 0.5732421875 0.0205078125 0.041015625
1 0.6787109375 0.7353515625 0.0361328125 0.0576171875
1 0.1123046875 0.486328125 0.03125 0.03125
1 0.783203125 0.6904296875 0.0361328125 0.0751953125
1 0.404296875 0.4326171875 0.017578125 0.0283203125
1 0.064453125 0.48046875 0.03125 0.0419921875
1 0.6640625 0.6650390625 0.03125 0.0419921875
1 0.44921875 0.3779296875 0.013671875 0.0283203125
1 0.0693359375 0.69140625 0.0419921875 0.0546875
1 0.587890625 0.3984375 0.0126953125 0.03125
1 0.71875 0.8544921875 0.046875 0.068359375
1 0.5146484375 0.373046875 0.0205078125 0.0234375
1 0.4228515625 0.6611328125 0.033203125 0.046875
1 0.546875 0.580078125 0.0283203125 0.0576171875
1 0.4111328125 0.4033203125 0.015625 0.021484375
1 0.548828125 0.521484375 0.115234375 0.115234375
1 0.681640625 0.44140625 0.0263671875 0.029296875
1 0.36328125 0.4296875 0.033203125 0.041015625
1 0.08203125 0.615234375 0.0361328125 0.046875
1 0.427734375 0.6982421875 0.0341796875 0.0439453125
1 0.166015625 0.36328125 0.013671875 0.013671875
0 0.2333984375 0.3271484375 0.0517578125 0.0234375
1 0.3984375 0.591796875 0.0283203125 0.044921875
1 0.4560546875 0.5009765625 0.021484375 0.044921875
1 0.0390625 0.5556640625 0.015625 0.029296875
1 0.556640625 0.7470703125 0.044921875 0.09375
1 0.9765625 0.595703125 0.021484375 0.03125
1 0.8642578125 0.875 0.0341796875 0.03125
1 0.720703125 0.5185546875 0.021484375 0.041015625
1 0.212890625 0.359375 0.013671875 0.0185546875
1 0.462890625 0.458984375 0.017578125 0.0419921875
1 0.923828125 0.564453125 0.025390625 0.0361328125
1 0.8955078125 0.3828125 0.021484375 0.03125
1 0.0234375 0.82421875 0.025390625 0.064453125
0 0.1904296875 0.875 0.109375 0.0283203125
1 0.0224609375 0.373046875 0.017578125 0.021484375
1 0.5029296875 0.390625 0.009765625 0.03125
0 0.18359375 0.3271484375 0.064453125 0.0263671875
1 0.068359375 0.732421875 0.037109375 0.044921875
1 0.1474609375 0.689453125 0.013671875 0.0205078125
1 0.548828125 0.8310546875 0.0654296875 0.109375
1 0.06640625 0.509765625 0.0205078125 0.03125
1 0.2138671875 0.40625 0.0185546875 0.03125
1 0.6298828125 0.529296875 0.021484375 0.048828125
1 0.08984375 0.5068359375 0.013671875 0.0361328125
1 0.6826171875 0.6181640625 0.1220703125 0.232421875