0 0.345703125 0.6337890625 0.0888671875 0.1142578125
0 0.6884765625 0.783203125 0.1513671875 0.177734375
1 0.705078125 0.5966796875 0.044921875 0.0751953125
0 0.4775390625 0.5166015625 0.0703125 0.080078125
1 0.3701171875 0.5009765625 0.021484375 0.0361328125
0 0.626953125 0.609375 0.0986328125 0.1435546875
0 0.220703125 0.5771484375 0.0732421875 0.0859375
1 0.779296875 0.6572265625 0.0498046875 0.0888671875
0 0.3173828125 0.509765625 0.0625 0.064453125
1 0.5498046875 0.50390625 0.025390625 0.048828125
0 0.087890625 0.396484375 0.044921875 0.0361328125
1 0.8017578125 0.576171875 0.046875 0.064453125
1 0.5537109375 0.6923828125 0.0390625 0.0751953125
1 0.6630859375 0.556640625 0.0263671875 0.048828125
0 0.505859375 0.416015625 0.0439453125 0.056640625
1 0.4384765625 0.4833984375 0.0205078125 0.033203125
1 0.6181640625 0.451171875 0.0234375 0.033203125
1 0.515625 0.4609375 0.025390625 0.0341796875
1 0.421875 0.4482421875 0.015625 0.0283203125
0 0.228515625 0.4912109375 0.0576171875 0.060546875
1 0.8916015625 0.6533203125 0.0703125 0.0751953125
0 0.1142578125 0.802734375 0.1591796875 0.150390625
1 0.1015625 0.6484375 0.0341796875 0.0625
1 0.2861328125 0.568359375 0.03125 0.0654296875
1 0.591796875 0.5078125 0.0185546875 0.0341796875
1 0.142578125 0.4453125 0.0185546875 0.025390625
1 0.583984375 0.4775390625 0.033203125 0.0517578125
1 0.9453125 0.685546875 0.078125 0.087890625
1 0.541015625 0.5556640625 0.025390625 0.0390625
1 0.5146484375 0.501953125 0.0205078125 0.0390625
1 0.8447265625 0.6025390625 0.044921875 0.048828125
0 0.287109375 0.4326171875 0.0439453125 0.041015625
1 0.4873046875 0.4599609375 0.0185546875 0.0263671875
1 0.1796875 0.447265625 0.021484375 0.029296875
1 0.1376953125 0.5830078125 0.0498046875 0.083984375
0 0.439453125 0.421875 0.0546875 0.056640625
1 0.708984375 0.5537109375 0.0234375 0.0361328125
1 0.408203125 0.431640625 0.0126953125 0.0234375
1 0.83984375 0.5546875 0.0419921875 0.052734375
1 0.169921875 0.5244140625 0.0205078125 0.0390625
0 0.49609375 0.3369140625 0.0234375 0.013671875
0 0.236328125 0.453125 0.046875 0.037109375
0 0.2275390625 0.34765625 0.029296875 0.0234375
0 0.1875 0.349609375 0.025390625 0.025390625
0 0.48828125 0.3564453125 0.029296875 0.03125
1 0.859375 0.8671875 0.056640625 0.046875
1 0.0595703125 0.4814453125 0.025390625 0.037109375
1 0.119140625 0.4228515625 0.021484375 0.029296875
1 0.61328125 0.5107421875 0.0234375 0.03125
1 0.0439453125 0.873046875 0.041015625 0.0390625
1 0.8984375 0.5771484375 0.0439453125 0.0419921875
1 0.2412109375 0.7470703125 0.0390625 0.0654296875
1 0.9287109375 0.6064453125 0.048828125 0.041015625
1 0.55078125 0.611328125 0.048828125 0.0908203125
0 0.3203125 0.400390625 0.0751953125 0.0419921875
1 0.560546875 0.416015625 0.0205078125 0.0263671875
1 0.505859375 0.6435546875 0.0341796875 0.0966796875
1 0.029296875 0.568359375 0.033203125 0.0576171875
1 0.107421875 0.4873046875 0.033203125 0.03125
1 0.103515625 0.876953125 0.0625 0.03125
1 0.900390625 0.544921875 0.0283203125 0.03125
1 0.03125 0.48828125 0.041015625 0.044921875
1 0.2080078125 0.4287109375 0.0439453125 0.029296875
1 0.41796875 0.396484375 0.0263671875 0.0283203125
1 0.0224609375 0.373046875 0.017578125 0.0234375
0 0.5419921875 0.3408203125 0.046875 0.0341796875