0 0.58203125 0.435546875 0.0546875 0.0517578125
0 0.533203125 0.474609375 0.0673828125 0.1044921875
0 0.634765625 0.7412109375 0.1689453125 0.2109375
1 0.734375 0.6806640625 0.0439453125 0.0673828125
0 0.4873046875 0.361328125 0.0341796875 0.033203125
1 0.6875 0.587890625 0.041015625 0.0673828125
1 0.876953125 0.849609375 0.064453125 0.0830078125
1 0.1572265625 0.4873046875 0.0390625 0.056640625
1 0.791015625 0.7138671875 0.052734375 0.0625
1 0.6455078125 0.548828125 0.0283203125 0.046875
1 0.2490234375 0.4775390625 0.0263671875 0.044921875
1 0.607421875 0.50390625 0.0361328125 0.0576171875
1 0.7880859375 0.626953125 0.0361328125 0.060546875
1 0.9609375 0.701171875 0.056640625 0.0859375
1 0.2041015625 0.3701171875 0.0263671875 0.0341796875
1 0.193359375 0.591796875 0.0341796875 0.056640625
1 0.365234375 0.4189453125 0.0361328125 0.0341796875
1 0.15625 0.6943359375 0.03125 0.048828125
1 0.7294921875 0.533203125 0.041015625 0.0439453125
0 0.32421875 0.830078125 0.1298828125 0.1142578125
1 0.7900390625 0.55859375 0.029296875 0.044921875
1 0.919921875 0.6552734375 0.0625 0.0576171875
1 0.1396484375 0.57421875 0.033203125 0.064453125
1 0.060546875 0.478515625 0.0263671875 0.0361328125
1 0.1435546875 0.4365234375 0.0283203125 0.033203125
1 0.439453125 0.5263671875 0.0263671875 0.0439453125
1 0.85546875 0.6328125 0.0830078125 0.0810546875
1 0.9150390625 0.607421875 0.0419921875 0.0546875
1 0.5849609375 0.478515625 0.017578125 0.041015625
1 0.2216796875 0.6552734375 0.0283203125 0.060546875
1 0.439453125 0.435546875 0.0185546875 0.029296875
1 0.1650390625 0.3740234375 0.013671875 0.0263671875
0 0.478515625 0.552734375 0.087890625 0.0966796875
1 0.705078125 0.513671875 0.025390625 0.0283203125
1 0.822265625 0.5654296875 0.048828125 0.046875
1 0.48046875 0.4189453125 0.0205078125 0.03125
1 0.6416015625 0.439453125 0.0419921875 0.0361328125
0 0.576171875 0.3876953125 0.0341796875 0.03125
1 0.4375 0.3984375 0.0185546875 0.03125
1 0.025390625 0.5615234375 0.0263671875 0.044921875
1 0.240234375 0.4365234375 0.044921875 0.0546875
1 0.099609375 0.4130859375 0.0185546875 0.0205078125
1 0.67578125 0.505859375 0.029296875 0.0419921875
1 0.3798828125 0.4580078125 0.0283203125 0.0654296875
1 0.1982421875 0.529296875 0.0185546875 0.0283203125
1 0.82421875 0.7373046875 0.0361328125 0.0498046875
1 0.6806640625 0.439453125 0.0234375 0.033203125
1 0.46484375 0.404296875 0.0234375 0.03125
1 0.634765625 0.619140625 0.0576171875 0.0439453125
1 0.021484375 0.470703125 0.0234375 0.033203125
0 0.1650390625 0.634765625 0.142578125 0.158203125
1 0.501953125 0.4384765625 0.025390625 0.0390625
0 0.455078125 0.3583984375 0.0234375 0.0263671875
1 0.9619140625 0.6318359375 0.029296875 0.0576171875
1 0.455078125 0.46484375 0.0263671875 0.029296875
1 0.021484375 0.375 0.0185546875 0.025390625
1 0.6953125 0.55078125 0.021484375 0.0263671875
1 0.904296875 0.544921875 0.0205078125 0.029296875
0 0.5439453125 0.33984375 0.037109375 0.033203125