0 0.5595703125 0.4970703125 0.072265625 0.087890625
0 0.333984375 0.7646484375 0.1123046875 0.1298828125
1 0.7998046875 0.7158203125 0.052734375 0.083984375
0 0.607421875 0.4443359375 0.0751953125 0.064453125
0 0.6689453125 0.6611328125 0.1376953125 0.140625
1 0.6494140625 0.5595703125 0.044921875 0.052734375
1 0.8916015625 0.654296875 0.076171875 0.0673828125
1 0.18359375 0.5615234375 0.0234375 0.0419921875
1 0.8203125 0.576171875 0.0595703125 0.0595703125
1 0.759765625 0.607421875 0.046875 0.0576171875
0 0.48828125 0.3525390625 0.0419921875 0.0419921875
1 0.85546875 0.853515625 0.0732421875 0.0732421875
1 0.451171875 0.3828125 0.017578125 0.025390625
1 0.6884765625 0.5458984375 0.0361328125 0.0419921875
1 0.6064453125 0.486328125 0.0185546875 0.033203125
0 0.466796875 0.4794921875 0.0576171875 0.0654296875
1 0.3779296875 0.4462890625 0.0283203125 0.044921875
1 0.705078125 0.513671875 0.0205078125 0.0283203125
1 0.3544921875 0.42578125 0.025390625 0.0263671875
1 0.2421875 0.43359375 0.0185546875 0.029296875
1 0.71484375 0.6142578125 0.029296875 0.052734375
1 0.11328125 0.482421875 0.0263671875 0.033203125
1 0.2001953125 0.41015625 0.0185546875 0.033203125
1 0.73046875 0.533203125 0.0390625 0.0390625
1 0.5615234375 0.4365234375 0.017578125 0.033203125
1 0.2236328125 0.529296875 0.0185546875 0.03125
1 0.96875 0.7099609375 0.037109375 0.060546875
1 0.1923828125 0.4912109375 0.0185546875 0.029296875
1 0.23046875 0.4072265625 0.029296875 0.0361328125
1 0.1337890625 0.427734375 0.0205078125 0.0234375
0 0.537109375 0.3447265625 0.048828125 0.033203125
0 0.107421875 0.400390625 0.0625 0.037109375
0 0.7177734375 0.818359375 0.189453125 0.140625
1 0.5146484375 0.52734375 0.029296875 0.033203125
1 0.0625 0.478515625 0.0283203125 0.033203125
1 0.607421875 0.517578125 0.013671875 0.033203125
1 0.189453125 0.3603515625 0.0234375 0.029296875
0 0.509765625 0.5966796875 0.095703125 0.1123046875
1 0.1513671875 0.5029296875 0.03125 0.037109375
1 0.375 0.40234375 0.0283203125 0.033203125
1 0.5 0.462890625 0.015625 0.0263671875
1 0.150390625 0.4677734375 0.0205078125 0.029296875
1 0.6728515625 0.4951171875 0.0205078125 0.0341796875
0 0.521484375 0.3232421875 0.0361328125 0.021484375
1 0.1953125 0.525390625 0.0810546875 0.09375
1 0.1904296875 0.4609375 0.015625 0.025390625
1 0.5751953125 0.4599609375 0.0126953125 0.0234375
1 0.4794921875 0.43359375 0.025390625 0.0419921875
0 0.2265625 0.36328125 0.0341796875 0.0361328125
1 0.89453125 0.5849609375 0.0390625 0.044921875
1 0.025390625 0.5625 0.025390625 0.046875
1 0.5498046875 0.3955078125 0.0341796875 0.046875
1 0.4873046875 0.3837890625 0.0185546875 0.029296875
1 0.427734375 0.412109375 0.0263671875 0.0341796875
1 0.9462890625 0.638671875 0.033203125 0.056640625
1 0.541015625 0.4453125 0.033203125 0.0341796875
1 0.861328125 0.55859375 0.017578125 0.0234375
1 0.5927734375 0.4091796875 0.0263671875 0.03125
1 0.638671875 0.517578125 0.0234375 0.046875
1 0.5146484375 0.435546875 0.033203125 0.0419921875
1 0.4521484375 0.5302734375 0.029296875 0.0361328125
1 0.9306640625 0.70703125 0.0361328125 0.044921875
0 0.3076171875 0.3447265625 0.0654296875 0.0732421875
1 0.3408203125 0.3408203125 0.015625 0.021484375
1 0.8623046875 0.6337890625 0.244140625 0.2138671875