0 0.365234375 0.662109375 0.0908203125 0.123046875
0 0.8583984375 0.7890625 0.1953125 0.193359375
1 0.587890625 0.490234375 0.0283203125 0.041015625
0 0.583984375 0.693359375 0.130859375 0.1513671875
0 0.642578125 0.57421875 0.1220703125 0.1171875
0 0.15625 0.4541015625 0.046875 0.0419921875
0 0.18359375 0.6796875 0.1201171875 0.1591796875
1 0.8173828125 0.583984375 0.0751953125 0.0732421875
1 0.138671875 0.546875 0.0185546875 0.037109375
0 0.134765625 0.4072265625 0.0498046875 0.0361328125
1 0.552734375 0.494140625 0.021484375 0.037109375
1 0.9453125 0.6796875 0.078125 0.0908203125
0 0.357421875 0.5263671875 0.068359375 0.068359375
0 0.2490234375 0.494140625 0.0703125 0.0859375
0 0.5166015625 0.4443359375 0.0546875 0.0673828125
1 0.6171875 0.5078125 0.025390625 0.025390625
1 0.587890625 0.439453125 0.0205078125 0.033203125
1 0.4970703125 0.4013671875 0.0185546875 0.0283203125
1 0.431640625 0.4541015625 0.0205078125 0.029296875
0 0.1796875 0.376953125 0.0283203125 0.033203125
0 0.564453125 0.396484375 0.037109375 0.0498046875
1 0.693359375 0.544921875 0.0419921875 0.0439453125
0 0.47265625 0.5341796875 0.0859375 0.103515625
1 0.1826171875 0.556640625 0.025390625 0.046875
1 0.1767578125 0.517578125 0.021484375 0.033203125
1 0.5693359375 0.587890625 0.0361328125 0.0625
1 0.0283203125 0.5654296875 0.03125 0.052734375
1 0.205078125 0.4072265625 0.021484375 0.029296875
1 0.927734375 0.6103515625 0.041015625 0.0419921875
1 0.7294921875 0.541015625 0.041015625 0.046875
0 0.23828125 0.400390625 0.0546875 0.041015625
0 0.490234375 0.3603515625 0.03125 0.0390625
1 0.146484375 0.5029296875 0.0185546875 0.0283203125
1 0.55859375 0.5498046875 0.033203125 0.041015625
1 0.2783203125 0.765625 0.046875 0.0654296875
1 0.0595703125 0.4794921875 0.021484375 0.0341796875
1 0.4365234375 0.421875 0.0390625 0.052734375
0 0.3095703125 0.4208984375 0.068359375 0.0830078125
1 0.7236328125 0.4736328125 0.0341796875 0.03125
1 0.533203125 0.3798828125 0.013671875 0.025390625
1 0.591796875 0.408203125 0.017578125 0.0361328125
1 0.201171875 0.43359375 0.029296875 0.0263671875
1 0.107421875 0.578125 0.0234375 0.041015625
0 0.9560546875 0.5791015625 0.0595703125 0.0576171875
1 0.6396484375 0.505859375 0.0205078125 0.025390625
1 0.896484375 0.5859375 0.0419921875 0.052734375
0 0.21875 0.3701171875 0.0283203125 0.0341796875
1 0.6220703125 0.4755859375 0.0185546875 0.0263671875
0 0.5361328125 0.3408203125 0.037109375 0.0283203125
1 0.2001953125 0.853515625 0.0341796875 0.0498046875
1 0.025390625 0.4794921875 0.029296875 0.037109375
1 0.634765625 0.4443359375 0.0341796875 0.033203125