0 0.1923828125 0.7490234375 0.125 0.1640625
0 0.51171875 0.423828125 0.048828125 0.056640625
0 0.337890625 0.7265625 0.0986328125 0.119140625
0 0.5380859375 0.353515625 0.0419921875 0.0439453125
1 0.2490234375 0.4599609375 0.029296875 0.0361328125
1 0.412109375 0.8076171875 0.046875 0.056640625
1 0.515625 0.4755859375 0.0341796875 0.044921875
0 0.1669921875 0.4091796875 0.072265625 0.0439453125
1 0.306640625 0.85546875 0.048828125 0.0576171875
1 0.0771484375 0.759765625 0.0390625 0.072265625
1 0.427734375 0.654296875 0.037109375 0.068359375
0 0.490234375 0.3603515625 0.037109375 0.033203125
1 0.1123046875 0.677734375 0.046875 0.0576171875
1 0.173828125 0.4482421875 0.0283203125 0.037109375
1 0.5771484375 0.39453125 0.0234375 0.033203125
1 0.6435546875 0.490234375 0.025390625 0.0419921875
0 0.509765625 0.3330078125 0.029296875 0.0283203125
1 0.560546875 0.466796875 0.021484375 0.0390625
1 0.6103515625 0.4912109375 0.0390625 0.048828125
1 0.498046875 0.451171875 0.0205078125 0.03125
1 0.466796875 0.451171875 0.033203125 0.0419921875
1 0.068359375 0.53125 0.0283203125 0.046875
1 0.4580078125 0.783203125 0.041015625 0.0546875
1 0.455078125 0.365234375 0.0205078125 0.03125
1 0.205078125 0.408203125 0.0234375 0.029296875
1 0.4658203125 0.419921875 0.0185546875 0.0283203125
1 0.40625 0.4228515625 0.025390625 0.029296875
1 0.595703125 0.392578125 0.0185546875 0.029296875
0 0.861328125 0.5654296875 0.150390625 0.072265625
1 0.634765625 0.7392578125 0.048828125 0.078125
1 0.568359375 0.3759765625 0.0205078125 0.0234375
1 0.5634765625 0.4326171875 0.017578125 0.025390625
1 0.4208984375 0.7392578125 0.048828125 0.046875
1 0.9541015625 0.5576171875 0.0517578125 0.0341796875
1 0.0419921875 0.576171875 0.03125 0.0595703125
1 0.439453125 0.3623046875 0.0185546875 0.025390625
1 0.060546875 0.478515625 0.0263671875 0.0390625
1 0.20703125 0.3583984375 0.017578125 0.0205078125
1 0.595703125 0.46875 0.0185546875 0.0283203125
1 0.8466796875 0.646484375 0.037109375 0.0595703125
1 0.6201171875 0.462890625 0.0185546875 0.03125
1 0.2275390625 0.357421875 0.013671875 0.0205078125
1 0.166015625 0.365234375 0.0126953125 0.0126953125
1 0.330078125 0.3583984375 0.015625 0.0205078125
0 0.234375 0.369140625 0.056640625 0.0341796875
0 0.197265625 0.875 0.115234375 0.0283203125
1 0.8623046875 0.42578125 0.0283203125 0.0263671875
1 0.2021484375 0.333984375 0.017578125 0.017578125
0 0.318359375 0.392578125 0.0859375 0.046875
1 0.0322265625 0.732421875 0.0361328125 0.048828125
1 0.455078125 0.7177734375 0.0205078125 0.0234375
1 0.392578125 0.4912109375 0.0107421875 0.0263671875
1 0.0244140625 0.373046875 0.017578125 0.0205078125
1 0.021484375 0.556640625 0.0205078125 0.041015625
1 0.5478515625 0.4169921875 0.013671875 0.021484375