0 0.1923828125 0.75 0.1220703125 0.166015625
0 0.509765625 0.423828125 0.048828125 0.0546875
0 0.337890625 0.728515625 0.0966796875 0.1220703125
0 0.1982421875 0.416015625 0.0751953125 0.041015625
1 0.509765625 0.4736328125 0.0234375 0.041015625
0 0.541015625 0.3544921875 0.044921875 0.046875
1 0.1484375 0.4833984375 0.025390625 0.0390625
1 0.06640625 0.5419921875 0.029296875 0.046875
1 0.6201171875 0.490234375 0.041015625 0.044921875
1 0.4716796875 0.533203125 0.037109375 0.0498046875
1 0.580078125 0.48828125 0.025390625 0.0361328125
1 0.4130859375 0.794921875 0.048828125 0.080078125
1 0.185546875 0.451171875 0.025390625 0.0283203125
1 0.30859375 0.8466796875 0.044921875 0.072265625
0 0.490234375 0.361328125 0.041015625 0.0361328125
1 0.291015625 0.455078125 0.029296875 0.0390625
1 0.3251953125 0.439453125 0.0283203125 0.0390625
0 0.9267578125 0.568359375 0.119140625 0.0654296875
1 0.22265625 0.525390625 0.033203125 0.044921875
1 0.57421875 0.43359375 0.0263671875 0.0361328125
1 0.541015625 0.478515625 0.021484375 0.0361328125
1 0.220703125 0.4462890625 0.029296875 0.0361328125
1 0.365234375 0.494140625 0.033203125 0.044921875
0 0.099609375 0.39453125 0.0595703125 0.033203125
1 0.427734375 0.697265625 0.046875 0.0810546875
1 0.4580078125 0.787109375 0.041015625 0.0595703125
0 0.5068359375 0.3369140625 0.033203125 0.029296875
1 0.7392578125 0.5751953125 0.041015625 0.041015625
1 0.080078125 0.7470703125 0.048828125 0.087890625
1 0.3681640625 0.548828125 0.0234375 0.0341796875
1 0.4912109375 0.4521484375 0.017578125 0.0234375
1 0.5859375 0.5458984375 0.0185546875 0.0390625
1 0.46484375 0.4345703125 0.013671875 0.03125
1 0.626953125 0.5390625 0.0439453125 0.046875
1 0.548828125 0.443359375 0.0185546875 0.0263671875
1 0.12890625 0.421875 0.017578125 0.03125
1 0.59375 0.466796875 0.015625 0.025390625
1 0.5634765625 0.470703125 0.017578125 0.033203125
1 0.265625 0.470703125 0.021484375 0.025390625
0 0.353515625 0.3212890625 0.03125 0.017578125
1 0.3134765625 0.517578125 0.0546875 0.052734375
1 0.767578125 0.591796875 0.041015625 0.03125
1 0.111328125 0.5888671875 0.029296875 0.056640625
1 0.09375 0.478515625 0.0625 0.046875
1 0.5634765625 0.462890625 0.138671875 0.080078125
1 0.619140625 0.451171875 0.013671875 0.021484375
1 0.0341796875 0.474609375 0.0498046875 0.048828125
1 0.556640625 0.529296875 0.0234375 0.033203125
1 0.435546875 0.3603515625 0.0205078125 0.0263671875
0 0.2333984375 0.365234375 0.060546875 0.037109375
1 0.88671875 0.833984375 0.0830078125 0.111328125
1 0.39453125 0.328125 0.017578125 0.0185546875
1 0.240234375 0.328125 0.0205078125 0.0185546875
1 0.0439453125 0.685546875 0.021484375 0.03125
1 0.5869140625 0.361328125 0.0205078125 0.0234375
1 0.677734375 0.6181640625 0.033203125 0.095703125
0 0.197265625 0.875 0.09375 0.0283203125
1 0.1943359375 0.3232421875 0.0205078125 0.0185546875
1 0.0283203125 0.583984375 0.03125 0.0859375