0 0.3212890625 0.798828125 0.1484375 0.1767578125
1 0.576171875 0.7294921875 0.0439453125 0.09375
1 0.3818359375 0.6337890625 0.033203125 0.0546875
1 0.7548828125 0.822265625 0.0595703125 0.0859375
1 0.6171875 0.6748046875 0.037109375 0.0625
1 0.5849609375 0.595703125 0.029296875 0.048828125
1 0.5166015625 0.595703125 0.029296875 0.0654296875
1 0.5322265625 0.49609375 0.0234375 0.0361328125
0 0.31640625 0.650390625 0.091796875 0.109375
1 0.595703125 0.546875 0.03125 0.0439453125
0 0.240234375 0.509765625 0.064453125 0.0751953125
1 0.9482421875 0.6904296875 0.0751953125 0.0751953125
0 0.22265625 0.5849609375 0.076171875 0.0888671875
1 0.689453125 0.607421875 0.0439453125 0.0595703125
1 0.822265625 0.58203125 0.0810546875 0.0830078125
1 0.6787109375 0.4658203125 0.029296875 0.0341796875
1 0.693359375 0.55078125 0.048828125 0.0517578125
1 0.11328125 0.525390625 0.0234375 0.0419921875
1 0.76953125 0.4794921875 0.033203125 0.0283203125
1 0.5625 0.3916015625 0.015625 0.0234375
1 0.0966796875 0.7216796875 0.0595703125 0.0751953125
0 0.322265625 0.55078125 0.0703125 0.080078125
1 0.904296875 0.537109375 0.046875 0.0439453125
0 0.3271484375 0.490234375 0.0673828125 0.0595703125
1 0.810546875 0.7705078125 0.044921875 0.09375
1 0.396484375 0.4111328125 0.017578125 0.0283203125
1 0.138671875 0.62890625 0.025390625 0.0419921875
1 0.591796875 0.396484375 0.017578125 0.0234375
0 0.5048828125 0.3408203125 0.03125 0.025390625
1 0.681640625 0.6630859375 0.041015625 0.076171875
1 0.892578125 0.642578125 0.076171875 0.0732421875
1 0.1865234375 0.509765625 0.029296875 0.0439453125
1 0.5009765625 0.4111328125 0.013671875 0.025390625
1 0.13671875 0.482421875 0.0234375 0.029296875
1 0.7294921875 0.537109375 0.041015625 0.0439453125
1 0.52734375 0.4150390625 0.017578125 0.0263671875
1 0.072265625 0.4814453125 0.03125 0.03125
1 0.041015625 0.5732421875 0.0234375 0.0498046875
0 0.48046875 0.357421875 0.033203125 0.03125
0 0.5439453125 0.333984375 0.037109375 0.025390625
1 0.427734375 0.400390625 0.013671875 0.03125
1 0.609375 0.435546875 0.025390625 0.0390625
0 0.3818359375 0.3642578125 0.033203125 0.0283203125
0 0.255859375 0.3994140625 0.0546875 0.0517578125
1 0.3828125 0.390625 0.015625 0.025390625
1 0.9462890625 0.5263671875 0.0234375 0.0283203125
1 0.158203125 0.5703125 0.033203125 0.046875
1 0.63671875 0.443359375 0.0263671875 0.0283203125
1 0.5068359375 0.365234375 0.0205078125 0.0283203125
1 0.896484375 0.583984375 0.044921875 0.056640625
0 0.3525390625 0.345703125 0.0361328125 0.033203125
1 0.244140625 0.357421875 0.013671875 0.0205078125
1 0.890625 0.384765625 0.015625 0.0263671875
1 0.6005859375 0.5107421875 0.0234375 0.037109375
1 0.224609375 0.8515625 0.0595703125 0.0751953125
1 0.560546875 0.8330078125 0.0732421875 0.103515625
1 0.22265625 0.392578125 0.0205078125 0.0283203125
1 0.021484375 0.564453125 0.0205078125 0.0498046875
1 0.427734375 0.62109375 0.044921875 0.0517578125
1 0.9560546875 0.6259765625 0.037109375 0.0546875
1 0.2080078125 0.458984375 0.021484375 0.0341796875
1 0.181640625 0.4736328125 0.0361328125 0.037109375
1 0.2099609375 0.326171875 0.0107421875 0.017578125
1 0.708984375 0.8544921875 0.056640625 0.068359375
0 0.349609375 0.322265625 0.0283203125 0.015625
1 0.841796875 0.537109375 0.0234375 0.0341796875