0 0.5693359375 0.4775390625 0.0673828125 0.0673828125
1 0.1005859375 0.60546875 0.033203125 0.0390625
1 0.3095703125 0.6611328125 0.025390625 0.037109375
1 0.404296875 0.677734375 0.0361328125 0.056640625
1 0.2509765625 0.6259765625 0.029296875 0.0576171875
0 0.576171875 0.6875 0.134765625 0.1591796875
1 0.181640625 0.5380859375 0.0234375 0.0361328125
1 0.3720703125 0.615234375 0.0283203125 0.041015625
0 0.2041015625 0.484375 0.0576171875 0.0595703125
1 0.220703125 0.59375 0.03125 0.046875
1 0.7333984375 0.5380859375 0.033203125 0.0361328125
0 0.8134765625 0.779296875 0.2138671875 0.203125
1 0.154296875 0.5625 0.025390625 0.041015625
1 0.275390625 0.568359375 0.0283203125 0.0498046875
0 0.6484375 0.5751953125 0.0966796875 0.0966796875
1 0.51953125 0.4794921875 0.0234375 0.037109375
1 0.1572265625 0.4541015625 0.017578125 0.0263671875
0 0.3212890625 0.46875 0.0576171875 0.052734375
1 0.1953125 0.7119140625 0.0283203125 0.0517578125
1 0.8154296875 0.568359375 0.0810546875 0.080078125
1 0.236328125 0.55859375 0.025390625 0.0390625
1 0.494140625 0.4736328125 0.021484375 0.0341796875
1 0.146484375 0.490234375 0.0205078125 0.0439453125
1 0.2265625 0.5234375 0.025390625 0.03125
1 0.1533203125 0.4248046875 0.03125 0.021484375
1 0.169921875 0.615234375 0.0390625 0.0595703125
1 0.2421875 0.759765625 0.0341796875 0.0517578125
1 0.26171875 0.4794921875 0.0205078125 0.0283203125
1 0.9443359375 0.6904296875 0.076171875 0.083984375
1 0.06640625 0.779296875 0.0419921875 0.0703125
1 0.275390625 0.5302734375 0.0234375 0.029296875
0 0.53515625 0.3857421875 0.0390625 0.0283203125
0 0.490234375 0.359375 0.0361328125 0.0341796875
1 0.138671875 0.5400390625 0.021484375 0.0361328125
1 0.849609375 0.6083984375 0.0498046875 0.048828125
1 0.10546875 0.6474609375 0.029296875 0.044921875
1 0.306640625 0.8037109375 0.0263671875 0.048828125
0 0.564453125 0.373046875 0.0341796875 0.0341796875
1 0.3759765625 0.513671875 0.0234375 0.033203125
1 0.8515625 0.6572265625 0.03125 0.044921875
0 0.2822265625 0.408203125 0.060546875 0.041015625
1 0.927734375 0.6103515625 0.0439453125 0.0390625
1 0.029296875 0.5673828125 0.0341796875 0.0595703125
1 0.05859375 0.478515625 0.0234375 0.033203125
0 0.5439453125 0.416015625 0.0439453125 0.044921875
1 0.20703125 0.4111328125 0.0234375 0.0283203125
1 0.498046875 0.623046875 0.037109375 0.0732421875
1 0.896484375 0.5791015625 0.041015625 0.048828125
1 0.1787109375 0.3623046875 0.0205078125 0.0185546875
1 0.693359375 0.5986328125 0.0205078125 0.0439453125
1 0.220703125 0.599609375 0.1767578125 0.166015625
1 0.580078125 0.421875 0.021484375 0.0341796875
1 0.5419921875 0.576171875 0.0185546875 0.0361328125
0 0.50390625 0.3359375 0.029296875 0.0283203125
0 0.4375 0.4365234375 0.041015625 0.0703125
1 0.478515625 0.6669921875 0.0361328125 0.0751953125
1 0.6796875 0.509765625 0.0283203125 0.033203125
0 0.423828125 0.5087890625 0.060546875 0.064453125
1 0.640625 0.443359375 0.041015625 0.0283203125
0 0.5087890625 0.5478515625 0.076171875 0.1015625
0 0.4755859375 0.4091796875 0.048828125 0.056640625
1 0.9736328125 0.6328125 0.03125 0.0595703125
1 0.5986328125 0.392578125 0.015625 0.025390625
1 0.091796875 0.404296875 0.029296875 0.029296875
1 0.3662109375 0.5830078125 0.0234375 0.0283203125