0 0.193359375 0.748046875 0.123046875 0.162109375
0 0.337890625 0.7265625 0.0986328125 0.119140625
1 0.138671875 0.525390625 0.029296875 0.0576171875
0 0.5107421875 0.4111328125 0.0439453125 0.0341796875
0 0.5400390625 0.3466796875 0.0390625 0.0341796875
1 0.251953125 0.501953125 0.0361328125 0.0439453125
1 0.3115234375 0.8408203125 0.048828125 0.078125
1 0.4130859375 0.8193359375 0.048828125 0.080078125
1 0.2158203125 0.4716796875 0.025390625 0.0341796875
1 0.3896484375 0.517578125 0.0546875 0.052734375
0 0.4912109375 0.3583984375 0.0390625 0.033203125
1 0.3017578125 0.478515625 0.03125 0.0361328125
0 0.431640625 0.4794921875 0.1142578125 0.0654296875
1 0.17578125 0.458984375 0.0234375 0.033203125
1 0.080078125 0.7587890625 0.0419921875 0.064453125
1 0.580078125 0.388671875 0.017578125 0.0263671875
1 0.4560546875 0.78515625 0.0439453125 0.064453125
1 0.6064453125 0.572265625 0.041015625 0.037109375
0 0.2587890625 0.453125 0.0986328125 0.0625
1 0.2138671875 0.41796875 0.025390625 0.0234375
1 0.4658203125 0.3828125 0.015625 0.025390625
1 0.431640625 0.404296875 0.021484375 0.0361328125
1 0.478515625 0.3955078125 0.013671875 0.03125
1 0.552734375 0.380859375 0.0185546875 0.0263671875
1 0.5244140625 0.564453125 0.060546875 0.056640625
1 0.5458984375 0.408203125 0.017578125 0.03125
1 0.275390625 0.486328125 0.0263671875 0.033203125
1 0.7177734375 0.595703125 0.044921875 0.0498046875
1 0.52734375 0.375 0.017578125 0.021484375
1 0.140625 0.427734375 0.0185546875 0.029296875
1 0.42578125 0.6767578125 0.0361328125 0.046875
0 0.509765625 0.3330078125 0.0341796875 0.0283203125
1 0.0673828125 0.521484375 0.0283203125 0.046875
1 0.796875 0.5830078125 0.0625 0.0439453125
1 0.4873046875 0.52734375 0.0341796875 0.0361328125
1 0.4990234375 0.4609375 0.0205078125 0.0341796875
1 0.568359375 0.5 0.0361328125 0.0341796875
1 0.64453125 0.5283203125 0.0703125 0.052734375
0 0.232421875 0.36328125 0.0576171875 0.029296875
1 0.68359375 0.685546875 0.0419921875 0.048828125
1 0.4169921875 0.7431640625 0.037109375 0.044921875
1 0.169921875 0.41015625 0.0234375 0.0234375
1 0.5380859375 0.5205078125 0.0390625 0.037109375
1 0.6181640625 0.4912109375 0.0419921875 0.0419921875
1 0.4560546875 0.3642578125 0.021484375 0.0283203125
1 0.095703125 0.400390625 0.0185546875 0.0234375
1 0.4501953125 0.658203125 0.0283203125 0.044921875
1 0.044921875 0.7392578125 0.03125 0.046875
1 0.6201171875 0.462890625 0.0185546875 0.0283203125
1 0.177734375 0.326171875 0.0234375 0.021484375
1 0.978515625 0.591796875 0.015625 0.0390625
1 0.560546875 0.4697265625 0.021484375 0.033203125
1 0.59375 0.4677734375 0.015625 0.0234375
1 0.5869140625 0.3642578125 0.013671875 0.025390625
1 0.65234375 0.6767578125 0.0361328125 0.0498046875
1 0.029296875 0.5849609375 0.033203125 0.0859375
1 0.51953125 0.484375 0.0419921875 0.037109375
1 0.3876953125 0.478515625 0.025390625 0.029296875
1 0.35546875 0.3271484375 0.0263671875 0.0205078125
1 0.974609375 0.6923828125 0.021484375 0.072265625
1 0.568359375 0.494140625 0.1669921875 0.1123046875
1 0.9580078125 0.5830078125 0.0341796875 0.0341796875
1 0.025390625 0.373046875 0.0126953125 0.0205078125
1 0.1962890625 0.322265625 0.0205078125 0.0185546875
1 0.384765625 0.32421875 0.013671875 0.0205078125
0 0.1845703125 0.8759765625 0.1123046875 0.029296875
1 0.6376953125 0.4443359375 0.0498046875 0.029296875
1 0.681640625 0.447265625 0.015625 0.0185546875
1 0.888671875 0.384765625 0.015625 0.025390625
1 0.556640625 0.62109375 0.03125 0.076171875
1 0.0576171875 0.380859375 0.0126953125 0.0185546875