1 0.814453125 0.828125 0.064453125 0.087890625
0 0.6748046875 0.615234375 0.1279296875 0.134765625
1 0.28125 0.6240234375 0.037109375 0.064453125
1 0.615234375 0.5390625 0.0263671875 0.037109375
1 0.552734375 0.6357421875 0.03125 0.0654296875
1 0.220703125 0.7607421875 0.0517578125 0.072265625
0 0.2099609375 0.5888671875 0.0859375 0.087890625
1 0.1015625 0.6611328125 0.0341796875 0.0595703125
1 0.68359375 0.544921875 0.048828125 0.046875
0 0.5390625 0.4638671875 0.052734375 0.0654296875
1 0.1533203125 0.521484375 0.021484375 0.0341796875
0 0.55859375 0.3955078125 0.0361328125 0.046875
1 0.8193359375 0.583984375 0.080078125 0.080078125
1 0.5634765625 0.572265625 0.0263671875 0.046875
1 0.888671875 0.6533203125 0.078125 0.0810546875
1 0.185546875 0.49609375 0.0234375 0.044921875
1 0.5849609375 0.638671875 0.0263671875 0.048828125
1 0.255859375 0.494140625 0.0234375 0.0390625
0 0.521484375 0.41796875 0.0439453125 0.0390625
1 0.126953125 0.419921875 0.021484375 0.0283203125
1 0.3642578125 0.4580078125 0.0185546875 0.03125
1 0.2841796875 0.4697265625 0.0185546875 0.033203125
0 0.462890625 0.419921875 0.0419921875 0.0419921875
1 0.228515625 0.5126953125 0.0234375 0.041015625
0 0.490234375 0.3583984375 0.041015625 0.0390625
1 0.248046875 0.458984375 0.021484375 0.0341796875
1 0.7314453125 0.537109375 0.037109375 0.0439453125
1 0.123046875 0.560546875 0.029296875 0.0576171875
0 0.2265625 0.3583984375 0.0283203125 0.0263671875
1 0.951171875 0.6904296875 0.0732421875 0.087890625
1 0.224609375 0.45703125 0.0185546875 0.029296875
1 0.162109375 0.462890625 0.0185546875 0.029296875
1 0.263671875 0.4453125 0.017578125 0.025390625
1 0.203125 0.408203125 0.015625 0.029296875
1 0.3037109375 0.5087890625 0.0205078125 0.033203125
1 0.234375 0.3935546875 0.021484375 0.03125
1 0.0224609375 0.4833984375 0.0234375 0.0390625
0 0.650390625 0.77734375 0.166015625 0.1953125
1 0.896484375 0.5419921875 0.033203125 0.0341796875
1 0.5888671875 0.552734375 0.0283203125 0.041015625
1 0.4326171875 0.4736328125 0.021484375 0.037109375
1 0.05859375 0.4814453125 0.0234375 0.0341796875
1 0.19140625 0.37109375 0.0234375 0.033203125
1 0.41015625 0.4208984375 0.017578125 0.0234375
1 0.25 0.427734375 0.0185546875 0.0263671875
0 0.5390625 0.353515625 0.03125 0.0341796875
1 0.5068359375 0.44921875 0.013671875 0.029296875
1 0.7197265625 0.8251953125 0.0390625 0.0966796875
1 0.4306640625 0.390625 0.013671875 0.0185546875
1 0.1533203125 0.412109375 0.0185546875 0.03125
1 0.181640625 0.4609375 0.0185546875 0.0283203125
1 0.228515625 0.419921875 0.0126953125 0.0205078125
1 0.384765625 0.50390625 0.025390625 0.0576171875
1 0.4638671875 0.3701171875 0.015625 0.021484375
1 0.9208984375 0.607421875 0.0390625 0.037109375
1 0.111328125 0.4833984375 0.0390625 0.0361328125
1 0.611328125 0.501953125 0.0341796875 0.0498046875
1 0.259765625 0.474609375 0.0986328125 0.09375
1 0.6357421875 0.4375 0.037109375 0.0341796875
1 0.3515625 0.416015625 0.0185546875 0.0263671875
1 0.357421875 0.390625 0.017578125 0.025390625
1 0.5380859375 0.380859375 0.0234375 0.029296875
1 0.9736328125 0.630859375 0.03125 0.0576171875
1 0.890625 0.3857421875 0.015625 0.025390625
1 0.953125 0.5302734375 0.021484375 0.017578125
1 0.7880859375 0.5517578125 0.0234375 0.0283203125
1 0.8974609375 0.5751953125 0.0419921875 0.037109375
1 0.0771484375 0.337890625 0.0205078125 0.0185546875
0 0.4638671875 0.5205078125 0.072265625 0.103515625
1 0.9345703125 0.646484375 0.025390625 0.0439453125
1 0.5908203125 0.462890625 0.052734375 0.0625
0 0.3525390625 0.3203125 0.033203125 0.0185546875