0 0.3212890625 0.798828125 0.1484375 0.1767578125
1 0.1416015625 0.650390625 0.0361328125 0.0546875
1 0.689453125 0.669921875 0.0419921875 0.0625
1 0.5927734375 0.560546875 0.0263671875 0.0390625
0 0.18359375 0.76171875 0.1201171875 0.154296875
1 0.6884765625 0.552734375 0.048828125 0.056640625
1 0.5869140625 0.44140625 0.0234375 0.0263671875
1 0.556640625 0.697265625 0.0341796875 0.1044921875
1 0.4951171875 0.4111328125 0.0185546875 0.0341796875
1 0.8212890625 0.583984375 0.0830078125 0.083984375
0 0.240234375 0.5087890625 0.0625 0.0703125
0 0.31640625 0.6494140625 0.0888671875 0.107421875
1 0.6787109375 0.7177734375 0.048828125 0.060546875
1 0.806640625 0.720703125 0.046875 0.078125
1 0.5634765625 0.392578125 0.017578125 0.021484375
0 0.224609375 0.580078125 0.076171875 0.087890625
1 0.9462890625 0.6884765625 0.080078125 0.0830078125
1 0.8046875 0.8388671875 0.0595703125 0.0908203125
1 0.6865234375 0.60546875 0.0263671875 0.0546875
0 0.5048828125 0.3466796875 0.03125 0.0341796875
1 0.541015625 0.4267578125 0.0185546875 0.021484375
1 0.0478515625 0.576171875 0.029296875 0.052734375
1 0.095703125 0.64453125 0.0234375 0.0390625
1 0.5927734375 0.3974609375 0.017578125 0.0234375
0 0.326171875 0.490234375 0.0654296875 0.0595703125
0 0.3212890625 0.55078125 0.0703125 0.076171875
1 0.896484375 0.646484375 0.0751953125 0.0732421875
1 0.6650390625 0.5322265625 0.0205078125 0.033203125
0 0.2568359375 0.3955078125 0.0576171875 0.056640625
1 0.0654296875 0.4814453125 0.037109375 0.041015625
1 0.7431640625 0.8623046875 0.0419921875 0.052734375
1 0.4833984375 0.625 0.033203125 0.056640625
0 0.48046875 0.357421875 0.033203125 0.033203125
1 0.380859375 0.40234375 0.013671875 0.0263671875
1 0.41796875 0.419921875 0.0205078125 0.03125
1 0.1591796875 0.5771484375 0.025390625 0.048828125
1 0.123046875 0.494140625 0.029296875 0.0498046875
1 0.376953125 0.58203125 0.025390625 0.044921875
1 0.4443359375 0.4189453125 0.013671875 0.03125
0 0.3642578125 0.3515625 0.0498046875 0.0341796875
1 0.619140625 0.4384765625 0.015625 0.0263671875
1 0.4423828125 0.484375 0.021484375 0.03125
1 0.5068359375 0.369140625 0.017578125 0.0234375
1 0.1572265625 0.529296875 0.0234375 0.03125
1 0.173828125 0.490234375 0.0185546875 0.033203125
1 0.89453125 0.5849609375 0.048828125 0.0576171875
0 0.5322265625 0.3291015625 0.044921875 0.029296875
1 0.150390625 0.419921875 0.0341796875 0.033203125
1 0.1904296875 0.4970703125 0.021484375 0.037109375
1 0.2158203125 0.412109375 0.0341796875 0.037109375
1 0.37890625 0.365234375 0.013671875 0.0185546875
1 0.677734375 0.4404296875 0.021484375 0.03125
1 0.38671875 0.3837890625 0.013671875 0.0234375
1 0.83984375 0.54296875 0.029296875 0.0390625
0 0.037109375 0.8544921875 0.0517578125 0.0654296875
1 0.357421875 0.3994140625 0.0107421875 0.017578125
1 0.404296875 0.376953125 0.021484375 0.0234375
1 0.5693359375 0.4052734375 0.076171875 0.0859375
1 0.2900390625 0.388671875 0.0234375 0.0185546875
1 0.2080078125 0.484375 0.015625 0.0341796875
1 0.0234375 0.5615234375 0.021484375 0.048828125
1 0.283203125 0.36328125 0.0185546875 0.0205078125