1 0.6396484375 0.5498046875 0.0419921875 0.068359375
1 0.703125 0.591796875 0.037109375 0.068359375
1 0.59765625 0.58203125 0.033203125 0.064453125
0 0.845703125 0.779296875 0.2109375 0.2080078125
0 0.51171875 0.5966796875 0.1142578125 0.134765625
1 0.673828125 0.7265625 0.046875 0.09375
1 0.5927734375 0.5224609375 0.033203125 0.0419921875
0 0.4765625 0.5078125 0.0625 0.0654296875
0 0.134765625 0.419921875 0.044921875 0.0341796875
0 0.357421875 0.5556640625 0.068359375 0.0859375
0 0.2021484375 0.556640625 0.076171875 0.109375
1 0.8173828125 0.583984375 0.0751953125 0.0810546875
1 0.59375 0.470703125 0.021484375 0.0341796875
0 0.53515625 0.4736328125 0.060546875 0.0810546875
1 0.8857421875 0.65234375 0.0751953125 0.076171875
1 0.4931640625 0.41796875 0.0263671875 0.0419921875
0 0.673828125 0.8408203125 0.1591796875 0.0966796875
1 0.287109375 0.759765625 0.0439453125 0.0595703125
1 0.6298828125 0.5048828125 0.021484375 0.0283203125
0 0.333984375 0.4755859375 0.060546875 0.0517578125
1 0.3046875 0.603515625 0.037109375 0.0576171875
1 0.732421875 0.537109375 0.033203125 0.037109375
0 0.048828125 0.3818359375 0.056640625 0.0263671875
1 0.130859375 0.6826171875 0.041015625 0.0810546875
1 0.6318359375 0.671875 0.0234375 0.0498046875
1 0.1591796875 0.697265625 0.0283203125 0.0546875
0 0.560546875 0.400390625 0.041015625 0.0673828125
1 0.0390625 0.5927734375 0.0283203125 0.060546875
1 0.9609375 0.658203125 0.0498046875 0.078125
1 0.587890625 0.494140625 0.0205078125 0.025390625
1 0.6865234375 0.533203125 0.0390625 0.041015625
1 0.5234375 0.388671875 0.03125 0.033203125
1 0.052734375 0.763671875 0.0419921875 0.0625
1 0.505859375 0.4736328125 0.017578125 0.037109375
1 0.927734375 0.611328125 0.037109375 0.0390625
1 0.060546875 0.48046875 0.0234375 0.0361328125
1 0.45703125 0.466796875 0.033203125 0.041015625
1 0.236328125 0.646484375 0.0283203125 0.0439453125
0 0.525390625 0.4248046875 0.0419921875 0.0439453125
1 0.1494140625 0.4775390625 0.013671875 0.0234375
1 0.6943359375 0.6513671875 0.0419921875 0.0810546875
0 0.291015625 0.408203125 0.0576171875 0.060546875
1 0.1181640625 0.62109375 0.0234375 0.0361328125
1 0.59375 0.44140625 0.015625 0.0263671875
1 0.8955078125 0.5869140625 0.0439453125 0.0576171875
1 0.162109375 0.458984375 0.0185546875 0.0263671875
1 0.142578125 0.5029296875 0.0234375 0.0439453125
1 0.138671875 0.455078125 0.021484375 0.0361328125
1 0.6357421875 0.439453125 0.0341796875 0.033203125
1 0.16015625 0.3916015625 0.013671875 0.0205078125
1 0.4501953125 0.3701171875 0.0126953125 0.025390625
1 0.7099609375 0.5224609375 0.0205078125 0.033203125
1 0.470703125 0.43359375 0.0205078125 0.0361328125
1 0.966796875 0.525390625 0.0361328125 0.029296875
0 0.23046875 0.4658203125 0.0517578125 0.0283203125
1 0.404296875 0.873046875 0.0283203125 0.0341796875
0 0.400390625 0.4404296875 0.0234375 0.041015625
1 0.091796875 0.4775390625 0.0341796875 0.0390625
1 0.861328125 0.5595703125 0.013671875 0.0185546875
1 0.583984375 0.4189453125 0.0205078125 0.03125
1 0.177734375 0.4755859375 0.0283203125 0.0390625
0 0.173828125 0.373046875 0.0390625 0.044921875
0 0.525390625 0.3447265625 0.0283203125 0.0234375
0 0.3369140625 0.3984375 0.0517578125 0.0439453125