0 0.69140625 0.634765625 0.1357421875 0.140625
0 0.537109375 0.466796875 0.0595703125 0.0654296875
1 0.236328125 0.701171875 0.046875 0.0830078125
0 0.21484375 0.5693359375 0.080078125 0.0830078125
1 0.158203125 0.51171875 0.021484375 0.033203125
1 0.5810546875 0.587890625 0.041015625 0.0576171875
1 0.68359375 0.544921875 0.048828125 0.046875
1 0.1298828125 0.5537109375 0.025390625 0.0390625
0 0.5595703125 0.396484375 0.0341796875 0.044921875
1 0.283203125 0.5927734375 0.037109375 0.064453125
1 0.6357421875 0.556640625 0.021484375 0.037109375
1 0.1064453125 0.63671875 0.041015625 0.060546875
1 0.796875 0.587890625 0.041015625 0.0576171875
1 0.384765625 0.5 0.025390625 0.0439453125
1 0.884765625 0.6552734375 0.076171875 0.076171875
1 0.1845703125 0.4833984375 0.021484375 0.044921875
1 0.59375 0.642578125 0.0283203125 0.052734375
1 0.943359375 0.6796875 0.0810546875 0.0908203125
0 0.2275390625 0.357421875 0.029296875 0.0263671875
1 0.248046875 0.4814453125 0.021484375 0.037109375
0 0.4658203125 0.419921875 0.0439453125 0.0390625
0 0.51953125 0.4169921875 0.0419921875 0.0341796875
1 0.408203125 0.4287109375 0.0185546875 0.0234375
1 0.845703125 0.6015625 0.044921875 0.046875
1 0.5673828125 0.677734375 0.0341796875 0.060546875
1 0.611328125 0.4833984375 0.021484375 0.033203125
1 0.111328125 0.419921875 0.0234375 0.029296875
1 0.1884765625 0.380859375 0.017578125 0.0234375
1 0.2802734375 0.458984375 0.0205078125 0.03125
1 0.365234375 0.455078125 0.017578125 0.0234375
1 0.642578125 0.689453125 0.044921875 0.0498046875
1 0.7294921875 0.5380859375 0.041015625 0.044921875
1 0.2470703125 0.4501953125 0.021484375 0.037109375
1 0.296875 0.4921875 0.0185546875 0.041015625
0 0.4951171875 0.3525390625 0.0341796875 0.0390625
1 0.1611328125 0.4580078125 0.015625 0.0283203125
1 0.470703125 0.4453125 0.015625 0.0283203125
1 0.251953125 0.4091796875 0.0361328125 0.0341796875
1 0.2236328125 0.5 0.021484375 0.03125
1 0.505859375 0.451171875 0.015625 0.029296875
1 0.22265625 0.447265625 0.0205078125 0.033203125
1 0.8359375 0.865234375 0.03125 0.044921875
1 0.5908203125 0.736328125 0.0283203125 0.0517578125
1 0.05859375 0.48046875 0.0234375 0.0361328125
1 0.896484375 0.541015625 0.033203125 0.0361328125
1 0.021484375 0.478515625 0.021484375 0.037109375
0 0.66796875 0.791015625 0.1796875 0.1748046875
1 0.427734375 0.3984375 0.017578125 0.021484375
1 0.6396484375 0.443359375 0.029296875 0.0263671875
0 0.537109375 0.349609375 0.0283203125 0.03125
1 0.2275390625 0.41015625 0.017578125 0.029296875
1 0.4541015625 0.4716796875 0.0234375 0.0341796875
0 0.927734375 0.5966796875 0.1142578125 0.099609375
1 0.111328125 0.4833984375 0.0390625 0.033203125
1 0.546875 0.7998046875 0.0498046875 0.037109375
1 0.1787109375 0.857421875 0.0263671875 0.048828125
1 0.349609375 0.396484375 0.025390625 0.033203125
1 0.587890625 0.5322265625 0.048828125 0.064453125
1 0.2236328125 0.4658203125 0.146484375 0.099609375
1 0.6142578125 0.51171875 0.0185546875 0.0234375
0 0.3515625 0.3212890625 0.03125 0.017578125
1 0.236328125 0.384765625 0.0185546875 0.025390625
1 0.103515625 0.7275390625 0.046875 0.060546875
1 0.8427734375 0.556640625 0.0263671875 0.0498046875
1 0.349609375 0.41796875 0.0126953125 0.0205078125
1 0.107421875 0.875 0.0234375 0.03125
1 0.537109375 0.380859375 0.0234375 0.03125
1 0.748046875 0.8466796875 0.0361328125 0.072265625
1 0.9541015625 0.5322265625 0.0205078125 0.017578125
1 0.890625 0.3857421875 0.015625 0.025390625
0 0.1904296875 0.412109375 0.0654296875 0.0439453125
1 0.0302734375 0.578125 0.0361328125 0.078125
1 0.076171875 0.337890625 0.021484375 0.0205078125
0 0.521484375 0.330078125 0.029296875 0.021484375
1 0.0966796875 0.857421875 0.1279296875 0.0654296875
1 0.81640625 0.53515625 0.0205078125 0.033203125