0 0.19140625 0.7490234375 0.123046875 0.1640625
0 0.509765625 0.421875 0.056640625 0.056640625
0 0.337890625 0.728515625 0.0986328125 0.119140625
1 0.5087890625 0.4755859375 0.0263671875 0.0419921875
0 0.5400390625 0.3525390625 0.0419921875 0.0419921875
1 0.61328125 0.4970703125 0.0419921875 0.046875
1 0.068359375 0.541015625 0.0263671875 0.0419921875
0 0.125 0.41015625 0.0654296875 0.0517578125
0 0.4873046875 0.3564453125 0.052734375 0.046875
1 0.4775390625 0.4404296875 0.029296875 0.0341796875
1 0.37109375 0.4580078125 0.033203125 0.0341796875
1 0.2578125 0.53125 0.046875 0.0595703125
1 0.208984375 0.45703125 0.033203125 0.0419921875
1 0.541015625 0.478515625 0.025390625 0.041015625
1 0.306640625 0.8349609375 0.048828125 0.091796875
1 0.076171875 0.763671875 0.037109375 0.060546875
1 0.5810546875 0.4697265625 0.021484375 0.033203125
1 0.3076171875 0.4873046875 0.0283203125 0.03125
0 0.232421875 0.421875 0.0751953125 0.037109375
1 0.3408203125 0.470703125 0.037109375 0.0390625
1 0.146484375 0.51953125 0.0234375 0.033203125
1 0.2568359375 0.4560546875 0.0361328125 0.0439453125
1 0.41015625 0.5439453125 0.0390625 0.046875
1 0.431640625 0.517578125 0.0263671875 0.037109375
1 0.412109375 0.8076171875 0.044921875 0.0595703125
1 0.1484375 0.44140625 0.021484375 0.033203125
0 0.509765625 0.3310546875 0.03125 0.025390625
1 0.09375 0.6494140625 0.037109375 0.0517578125
1 0.4580078125 0.794921875 0.0341796875 0.048828125
1 0.3134765625 0.4501953125 0.0263671875 0.0283203125
1 0.427734375 0.6708984375 0.041015625 0.048828125
1 0.552734375 0.447265625 0.0234375 0.029296875
1 0.556640625 0.537109375 0.033203125 0.0341796875
1 0.6201171875 0.4638671875 0.0185546875 0.0283203125
1 0.0458984375 0.677734375 0.0263671875 0.048828125
1 0.4306640625 0.3623046875 0.017578125 0.025390625
1 0.341796875 0.5263671875 0.064453125 0.056640625
1 0.068359375 0.4794921875 0.0419921875 0.037109375
1 0.90234375 0.591796875 0.0419921875 0.0341796875
1 0.560546875 0.4697265625 0.021484375 0.033203125
1 0.419921875 0.740234375 0.046875 0.0576171875
1 0.0263671875 0.583984375 0.0283203125 0.076171875
1 0.341796875 0.43359375 0.0234375 0.0390625
1 0.1083984375 0.484375 0.033203125 0.03125
1 0.080078125 0.4033203125 0.0361328125 0.0341796875
1 0.6376953125 0.4775390625 0.015625 0.0263671875
1 0.208984375 0.337890625 0.029296875 0.0205078125
1 0.70703125 0.712890625 0.0419921875 0.087890625
1 0.65234375 0.53515625 0.0263671875 0.044921875
1 0.865234375 0.8291015625 0.0517578125 0.064453125
1 0.328125 0.3544921875 0.0185546875 0.0283203125
0 0.732421875 0.556640625 0.052734375 0.041015625
1 0.5751953125 0.421875 0.0185546875 0.041015625
1 0.0595703125 0.384765625 0.021484375 0.021484375
0 0.3544921875 0.32421875 0.03125 0.0205078125
1 0.6494140625 0.658203125 0.029296875 0.0546875
0 0.197265625 0.8759765625 0.0908203125 0.0263671875
0 0.966796875 0.580078125 0.041015625 0.056640625
1 0.828125 0.7646484375 0.046875 0.0576171875
1 0.0224609375 0.4599609375 0.017578125 0.029296875
1 0.458984375 0.74609375 0.037109375 0.0673828125
0 0.2353515625 0.3662109375 0.064453125 0.0419921875
1 0.16796875 0.3369140625 0.0419921875 0.0234375