0 0.322265625 0.80078125 0.142578125 0.1767578125
0 0.2001953125 0.68359375 0.1064453125 0.1171875
1 0.689453125 0.5478515625 0.044921875 0.0517578125
0 0.240234375 0.5078125 0.0625 0.068359375
1 0.115234375 0.556640625 0.025390625 0.0419921875
0 0.2255859375 0.5810546875 0.080078125 0.09375
0 0.3173828125 0.6494140625 0.0908203125 0.111328125
1 0.111328125 0.689453125 0.046875 0.0595703125
1 0.419921875 0.4404296875 0.025390625 0.0595703125
1 0.8037109375 0.580078125 0.0517578125 0.0673828125
0 0.486328125 0.48046875 0.0966796875 0.0830078125
1 0.5009765625 0.6015625 0.0263671875 0.0595703125
1 0.1650390625 0.5263671875 0.0234375 0.041015625
1 0.560546875 0.75390625 0.0419921875 0.0732421875
1 0.896484375 0.5478515625 0.0419921875 0.0419921875
1 0.8984375 0.6572265625 0.083984375 0.0888671875
1 0.03515625 0.5859375 0.044921875 0.0654296875
0 0.3212890625 0.546875 0.0703125 0.0810546875
1 0.126953125 0.517578125 0.017578125 0.0263671875
0 0.505859375 0.345703125 0.0341796875 0.0361328125
1 0.068359375 0.478515625 0.0390625 0.0390625
1 0.8447265625 0.6025390625 0.0419921875 0.048828125
0 0.478515625 0.361328125 0.0341796875 0.037109375
1 0.1474609375 0.4609375 0.0234375 0.037109375
1 0.958984375 0.697265625 0.056640625 0.080078125
1 0.189453125 0.4697265625 0.0185546875 0.033203125
1 0.556640625 0.3935546875 0.017578125 0.0283203125
1 0.0732421875 0.76171875 0.046875 0.0888671875
1 0.1484375 0.609375 0.0341796875 0.0595703125
1 0.5908203125 0.392578125 0.0185546875 0.029296875
0 0.404296875 0.376953125 0.033203125 0.0390625
1 0.4521484375 0.4189453125 0.013671875 0.0341796875
1 0.505859375 0.3740234375 0.017578125 0.0263671875
1 0.185546875 0.501953125 0.0234375 0.0439453125
1 0.021484375 0.4755859375 0.021484375 0.029296875
1 0.4580078125 0.3583984375 0.015625 0.033203125
0 0.5341796875 0.330078125 0.046875 0.03125
1 0.427734375 0.3984375 0.033203125 0.041015625
1 0.857421875 0.521484375 0.021484375 0.0263671875
0 0.2470703125 0.3994140625 0.0595703125 0.064453125
1 0.634765625 0.443359375 0.046875 0.0341796875
1 0.3671875 0.4619140625 0.0126953125 0.0263671875
1 0.720703125 0.4638671875 0.015625 0.0283203125
1 0.833984375 0.5478515625 0.03125 0.044921875
1 0.1220703125 0.423828125 0.021484375 0.0263671875
1 0.4306640625 0.8486328125 0.033203125 0.052734375
1 0.2138671875 0.853515625 0.0498046875 0.0732421875
1 0.765625 0.837890625 0.052734375 0.0986328125
1 0.970703125 0.6318359375 0.0361328125 0.0673828125
0 0.951171875 0.578125 0.068359375 0.0625
1 0.8212890625 0.5185546875 0.0234375 0.021484375