0 0.19140625 0.75 0.123046875 0.166015625
0 0.51171875 0.4208984375 0.044921875 0.048828125
0 0.337890625 0.7275390625 0.099609375 0.1201171875
1 0.412109375 0.802734375 0.0517578125 0.068359375
1 0.306640625 0.833984375 0.048828125 0.091796875
1 0.146484375 0.630859375 0.0419921875 0.060546875
1 0.091796875 0.63671875 0.0439453125 0.0703125
0 0.5380859375 0.3505859375 0.0390625 0.0361328125
1 0.310546875 0.474609375 0.0439453125 0.0595703125
1 0.47265625 0.48046875 0.029296875 0.0419921875
1 0.0732421875 0.765625 0.041015625 0.068359375
1 0.615234375 0.482421875 0.0419921875 0.041015625
0 0.5576171875 0.54296875 0.1591796875 0.1015625
1 0.560546875 0.4482421875 0.021484375 0.03125
1 0.0673828125 0.5341796875 0.0283203125 0.046875
0 0.509765625 0.333984375 0.029296875 0.029296875
1 0.5185546875 0.4814453125 0.025390625 0.037109375
1 0.4580078125 0.783203125 0.037109375 0.0595703125
0 0.490234375 0.361328125 0.0341796875 0.03125
1 0.6474609375 0.486328125 0.0205078125 0.0341796875
1 0.5703125 0.4072265625 0.0185546875 0.029296875
1 0.419921875 0.73828125 0.044921875 0.0546875
1 0.427734375 0.6748046875 0.044921875 0.052734375
1 0.0205078125 0.5703125 0.0185546875 0.046875
1 0.0595703125 0.4765625 0.025390625 0.03125
1 0.4775390625 0.4521484375 0.0205078125 0.029296875
1 0.5654296875 0.380859375 0.0341796875 0.0361328125
1 0.361328125 0.361328125 0.013671875 0.0205078125
1 0.673828125 0.576171875 0.0205078125 0.03125
1 0.0400390625 0.5576171875 0.0205078125 0.041015625
1 0.3818359375 0.388671875 0.017578125 0.0234375
1 0.466796875 0.421875 0.017578125 0.025390625
1 0.5390625 0.474609375 0.0185546875 0.0390625
1 0.025390625 0.8125 0.0283203125 0.0654296875
1 0.583984375 0.5751953125 0.0205078125 0.041015625
1 0.4560546875 0.361328125 0.025390625 0.0283203125
1 0.5478515625 0.41796875 0.013671875 0.0205078125
1 0.6376953125 0.458984375 0.015625 0.021484375
1 0.5947265625 0.4677734375 0.013671875 0.0205078125
1 0.673828125 0.5107421875 0.0517578125 0.046875
1 0.0244140625 0.7607421875 0.0263671875 0.03125
1 0.4443359375 0.4404296875 0.013671875 0.025390625
1 0.1767578125 0.326171875 0.0185546875 0.021484375
0 0.158203125 0.298828125 0.0341796875 0.0341796875
0 0.193359375 0.8740234375 0.099609375 0.029296875
1 0.5205078125 0.4521484375 0.015625 0.0205078125
1 0.087890625 0.5361328125 0.0234375 0.0595703125