0 0.193359375 0.748046875 0.123046875 0.162109375
0 0.5107421875 0.423828125 0.056640625 0.0576171875
0 0.337890625 0.7275390625 0.0986328125 0.1201171875
1 0.30859375 0.4833984375 0.0263671875 0.0361328125
0 0.5400390625 0.3544921875 0.048828125 0.046875
1 0.130859375 0.5546875 0.025390625 0.0439453125
1 0.5087890625 0.5693359375 0.044921875 0.060546875
1 0.2529296875 0.453125 0.025390625 0.0283203125
1 0.6357421875 0.5048828125 0.021484375 0.041015625
1 0.564453125 0.3759765625 0.025390625 0.029296875
0 0.4375 0.4921875 0.125 0.0625
0 0.4873046875 0.3525390625 0.072265625 0.0546875
1 0.1650390625 0.470703125 0.0205078125 0.033203125
1 0.2021484375 0.46875 0.0361328125 0.0439453125
1 0.416015625 0.791015625 0.0517578125 0.083984375
1 0.068359375 0.5361328125 0.0263671875 0.041015625
1 0.4833984375 0.4248046875 0.0205078125 0.03125
1 0.0869140625 0.4150390625 0.0263671875 0.0205078125
1 0.306640625 0.8330078125 0.048828125 0.087890625
1 0.064453125 0.6669921875 0.0625 0.0654296875
1 0.611328125 0.5 0.03125 0.0341796875
1 0.0771484375 0.759765625 0.0390625 0.068359375
1 0.45703125 0.779296875 0.0390625 0.0654296875
1 0.58203125 0.462890625 0.0205078125 0.0263671875
1 0.646484375 0.46875 0.0205078125 0.0283203125
1 0.1376953125 0.44921875 0.0341796875 0.0390625
0 0.962890625 0.58984375 0.044921875 0.064453125
1 0.0703125 0.4814453125 0.037109375 0.0341796875
1 0.5244140625 0.474609375 0.0517578125 0.0439453125
1 0.466796875 0.443359375 0.025390625 0.03125
1 0.49609375 0.4560546875 0.0205078125 0.0341796875
1 0.134765625 0.423828125 0.0185546875 0.025390625
1 0.6640625 0.509765625 0.021484375 0.03125
1 0.162109375 0.4091796875 0.0205078125 0.0283203125
1 0.19921875 0.4208984375 0.0234375 0.0361328125
1 0.4267578125 0.6796875 0.037109375 0.041015625
1 0.5498046875 0.44921875 0.0185546875 0.0234375
1 0.177734375 0.427734375 0.0263671875 0.0185546875
1 0.591796875 0.396484375 0.021484375 0.033203125
1 0.5546875 0.4736328125 0.0185546875 0.0341796875
1 0.556640625 0.5283203125 0.0517578125 0.041015625
1 0.5888671875 0.4921875 0.0185546875 0.037109375
1 0.634765625 0.4462890625 0.037109375 0.029296875
0 0.232421875 0.3623046875 0.0595703125 0.0283203125
1 0.8916015625 0.384765625 0.017578125 0.025390625
1 0.7705078125 0.580078125 0.0341796875 0.0341796875
1 0.21484375 0.330078125 0.017578125 0.0185546875
1 0.341796875 0.341796875 0.0107421875 0.021484375
1 0.1640625 0.3740234375 0.0126953125 0.0205078125
1 0.822265625 0.6572265625 0.0517578125 0.0390625
0 0.1064453125 0.400390625 0.0498046875 0.0283203125
1 0.0185546875 0.458984375 0.015625 0.0234375
0 0.142578125 0.375 0.044921875 0.03125
1 0.732421875 0.4521484375 0.013671875 0.0361328125
1 0.962890625 0.693359375 0.0419921875 0.083984375
1 0.2255859375 0.46875 0.1982421875 0.0908203125
0 0.1943359375 0.875 0.0888671875 0.0283203125
1 0.587890625 0.3603515625 0.0126953125 0.0234375
1 0.5732421875 0.5048828125 0.1875 0.150390625
1 0.681640625 0.4404296875 0.021484375 0.03125
1 0.0302734375 0.5830078125 0.029296875 0.083984375
1 0.0302734375 0.373046875 0.0205078125 0.025390625
1 0.041015625 0.4658203125 0.03125 0.0341796875
1 0.51171875 0.533203125 0.0205078125 0.033203125