0 0.3203125 0.798828125 0.1533203125 0.1767578125
0 0.671875 0.697265625 0.125 0.1767578125
1 0.099609375 0.6982421875 0.0390625 0.0625
1 0.650390625 0.576171875 0.033203125 0.0595703125
0 0.5126953125 0.5380859375 0.103515625 0.1201171875
1 0.4345703125 0.4365234375 0.0185546875 0.029296875
0 0.3154296875 0.6494140625 0.09375 0.111328125
1 0.5634765625 0.3916015625 0.017578125 0.0263671875
1 0.8232421875 0.580078125 0.0908203125 0.0908203125
1 0.423828125 0.3818359375 0.033203125 0.033203125
1 0.126953125 0.533203125 0.0283203125 0.0498046875
1 0.376953125 0.38671875 0.013671875 0.0234375
1 0.8916015625 0.6552734375 0.080078125 0.076171875
1 0.396484375 0.3876953125 0.017578125 0.025390625
0 0.509765625 0.349609375 0.0341796875 0.0439453125
1 0.599609375 0.4599609375 0.03125 0.0390625
0 0.2392578125 0.5107421875 0.0625 0.078125
1 0.4921875 0.470703125 0.021484375 0.0283203125
1 0.5849609375 0.541015625 0.029296875 0.0625
1 0.0654296875 0.4775390625 0.0341796875 0.033203125
1 0.544921875 0.501953125 0.0234375 0.0390625
0 0.4794921875 0.357421875 0.0341796875 0.037109375
1 0.693359375 0.552734375 0.0419921875 0.0625
1 0.2080078125 0.564453125 0.03125 0.0546875
1 0.388671875 0.501953125 0.0263671875 0.064453125
1 0.1787109375 0.576171875 0.033203125 0.0517578125
1 0.587890625 0.396484375 0.0126953125 0.0205078125
0 0.326171875 0.4912109375 0.0654296875 0.060546875
1 0.95703125 0.6962890625 0.064453125 0.0732421875
1 0.033203125 0.5859375 0.0419921875 0.0654296875
1 0.7001953125 0.466796875 0.037109375 0.029296875
1 0.2177734375 0.416015625 0.0263671875 0.03125
1 0.4716796875 0.43359375 0.0185546875 0.0234375
1 0.181640625 0.533203125 0.033203125 0.044921875
1 0.708984375 0.515625 0.037109375 0.0341796875
1 0.466796875 0.404296875 0.0234375 0.0419921875
0 0.16015625 0.451171875 0.064453125 0.0517578125
1 0.1650390625 0.638671875 0.033203125 0.046875
1 0.166015625 0.6953125 0.048828125 0.0595703125
1 0.892578125 0.3876953125 0.0205078125 0.03125
1 0.3505859375 0.4267578125 0.0234375 0.03125
1 0.8916015625 0.5888671875 0.044921875 0.056640625
0 0.255859375 0.404296875 0.046875 0.0419921875
0 0.9404296875 0.52734375 0.09375 0.0732421875
1 0.369140625 0.365234375 0.033203125 0.03125
0 0.2109375 0.326171875 0.046875 0.0263671875
1 0.6337890625 0.439453125 0.033203125 0.0283203125
1 0.716796875 0.6328125 0.0361328125 0.072265625
1 0.3427734375 0.3525390625 0.017578125 0.0263671875
1 0.8330078125 0.490234375 0.041015625 0.037109375
1 0.0205078125 0.630859375 0.015625 0.064453125
1 0.45703125 0.3583984375 0.017578125 0.029296875
1 0.3544921875 0.396484375 0.015625 0.029296875
1 0.89453125 0.4951171875 0.0361328125 0.0498046875
1 0.1494140625 0.392578125 0.0234375 0.025390625
1 0.4541015625 0.4990234375 0.0205078125 0.0419921875
0 0.3505859375 0.3212890625 0.033203125 0.017578125
1 0.677734375 0.439453125 0.0185546875 0.0341796875
1 0.021484375 0.5185546875 0.021484375 0.0185546875