1 0.669921875 0.6171875 0.037109375 0.0654296875
0 0.1572265625 0.5830078125 0.076171875 0.0810546875
0 0.599609375 0.6396484375 0.1142578125 0.1357421875
0 0.3603515625 0.810546875 0.1328125 0.15625
0 0.7138671875 0.82421875 0.181640625 0.1298828125
1 0.689453125 0.5439453125 0.048828125 0.046875
1 0.8193359375 0.5859375 0.0673828125 0.072265625
1 0.59765625 0.5322265625 0.033203125 0.0517578125
1 0.8017578125 0.76171875 0.0439453125 0.0576171875
0 0.1884765625 0.478515625 0.060546875 0.064453125
1 0.240234375 0.5537109375 0.029296875 0.0390625
0 0.494140625 0.509765625 0.0703125 0.0908203125
1 0.876953125 0.6630859375 0.076171875 0.080078125
1 0.79296875 0.712890625 0.0390625 0.048828125
0 0.5927734375 0.4716796875 0.0673828125 0.087890625
1 0.5830078125 0.7353515625 0.0439453125 0.0859375
1 0.900390625 0.814453125 0.080078125 0.0888671875
1 0.4892578125 0.447265625 0.0283203125 0.037109375
1 0.7294921875 0.541015625 0.046875 0.046875
1 0.806640625 0.833984375 0.0546875 0.0703125
1 0.9453125 0.6962890625 0.0751953125 0.0859375
1 0.544921875 0.46484375 0.017578125 0.033203125
0 0.3046875 0.458984375 0.052734375 0.0517578125
0 0.1982421875 0.6982421875 0.166015625 0.1904296875
1 0.5146484375 0.654296875 0.0390625 0.052734375
1 0.1259765625 0.67578125 0.0361328125 0.044921875
1 0.298828125 0.595703125 0.0283203125 0.0517578125
1 0.029296875 0.591796875 0.037109375 0.0673828125
0 0.2763671875 0.4248046875 0.052734375 0.041015625
0 0.3623046875 0.51171875 0.078125 0.1201171875
1 0.060546875 0.478515625 0.03125 0.0361328125
0 0.1943359375 0.4091796875 0.044921875 0.037109375
1 0.1435546875 0.4619140625 0.025390625 0.0361328125
1 0.5673828125 0.4150390625 0.0283203125 0.0390625
1 0.8837890625 0.5927734375 0.0703125 0.064453125
0 0.185546875 0.35546875 0.0283203125 0.0234375
1 0.4951171875 0.6298828125 0.025390625 0.037109375
1 0.203125 0.443359375 0.021484375 0.0283203125
0 0.4716796875 0.373046875 0.0283203125 0.03125
0 0.51171875 0.3955078125 0.0419921875 0.0439453125
0 0.42578125 0.4560546875 0.060546875 0.0595703125
1 0.5888671875 0.404296875 0.0185546875 0.0361328125
1 0.0263671875 0.482421875 0.03125 0.041015625
0 0.4443359375 0.4130859375 0.044921875 0.0517578125
1 0.9287109375 0.611328125 0.0390625 0.0390625
1 0.548828125 0.7998046875 0.052734375 0.037109375
0 0.244140625 0.384765625 0.044921875 0.0390625
1 0.5244140625 0.44140625 0.0419921875 0.0673828125
1 0.0625 0.7783203125 0.046875 0.068359375
1 0.8974609375 0.71875 0.0361328125 0.072265625
1 0.55078125 0.416015625 0.013671875 0.0263671875
1 0.955078125 0.6298828125 0.0341796875 0.046875
1 0.8974609375 0.5458984375 0.0361328125 0.0361328125
1 0.439453125 0.365234375 0.0185546875 0.0283203125
0 0.525390625 0.3427734375 0.037109375 0.033203125
1 0.455078125 0.505859375 0.0205078125 0.0498046875
1 0.814453125 0.5439453125 0.029296875 0.046875
0 0.2275390625 0.3525390625 0.029296875 0.0263671875
1 0.1484375 0.392578125 0.015625 0.0283203125
1 0.2373046875 0.7802734375 0.0283203125 0.048828125