0 0.193359375 0.748046875 0.123046875 0.162109375
0 0.51171875 0.421875 0.044921875 0.0498046875
0 0.337890625 0.7275390625 0.0966796875 0.1201171875
1 0.4111328125 0.8115234375 0.0439453125 0.0517578125
0 0.5380859375 0.349609375 0.0390625 0.0341796875
1 0.3076171875 0.833984375 0.0498046875 0.0888671875
0 0.486328125 0.361328125 0.0361328125 0.033203125
1 0.4697265625 0.46484375 0.033203125 0.044921875
1 0.3330078125 0.4814453125 0.0498046875 0.0595703125
1 0.6162109375 0.482421875 0.0361328125 0.0361328125
0 0.509765625 0.3330078125 0.029296875 0.0283203125
1 0.1455078125 0.623046875 0.041015625 0.0576171875
1 0.072265625 0.765625 0.0361328125 0.0625
1 0.080078125 0.638671875 0.037109375 0.048828125
1 0.646484375 0.4853515625 0.021484375 0.0361328125
1 0.55859375 0.474609375 0.0205078125 0.0361328125
1 0.4580078125 0.783203125 0.037109375 0.0595703125
1 0.513671875 0.4853515625 0.021484375 0.0419921875
1 0.5703125 0.41015625 0.0185546875 0.029296875
0 0.59375 0.537109375 0.15625 0.0751953125
1 0.5302734375 0.37109375 0.017578125 0.0234375
0 0.2568359375 0.4501953125 0.0732421875 0.0439453125
1 0.0205078125 0.572265625 0.0185546875 0.044921875
1 0.427734375 0.67578125 0.044921875 0.0517578125
1 0.5126953125 0.3681640625 0.021484375 0.0234375
1 0.201171875 0.337890625 0.015625 0.0185546875
1 0.0673828125 0.537109375 0.0283203125 0.0517578125
1 0.4189453125 0.73828125 0.046875 0.0546875
1 0.5478515625 0.4345703125 0.017578125 0.025390625
1 0.564453125 0.435546875 0.017578125 0.021484375
1 0.05859375 0.4765625 0.0234375 0.03125
1 0.466796875 0.4228515625 0.017578125 0.0263671875
1 0.568359375 0.3779296875 0.0185546875 0.025390625
1 0.630859375 0.4541015625 0.0263671875 0.0234375
1 0.357421875 0.357421875 0.015625 0.0185546875
1 0.51953125 0.451171875 0.017578125 0.021484375
1 0.4013671875 0.365234375 0.015625 0.025390625
1 0.541015625 0.4833984375 0.021484375 0.044921875
0 0.77734375 0.572265625 0.080078125 0.0498046875
1 0.455078125 0.36328125 0.017578125 0.0234375
1 0.02734375 0.7958984375 0.033203125 0.0830078125
1 0.5947265625 0.4677734375 0.017578125 0.0234375
1 0.548828125 0.56640625 0.041015625 0.033203125
1 0.443359375 0.4384765625 0.015625 0.0263671875
1 0.5703125 0.470703125 0.162109375 0.0830078125
1 0.0244140625 0.3740234375 0.0205078125 0.0234375
0 0.1953125 0.8740234375 0.103515625 0.029296875
0 0.23828125 0.3740234375 0.0576171875 0.029296875
1 0.37890625 0.3818359375 0.013671875 0.017578125
1 0.248046875 0.3544921875 0.013671875 0.021484375
1 0.177734375 0.326171875 0.021484375 0.021484375
1 0.1083984375 0.4833984375 0.0361328125 0.0361328125
0 0.1865234375 0.359375 0.0361328125 0.0185546875
1 0.0224609375 0.466796875 0.0205078125 0.037109375
1 0.228515625 0.35546875 0.0126953125 0.0205078125
1 0.041015625 0.5546875 0.0185546875 0.03125