0 0.1923828125 0.7470703125 0.125 0.1591796875
0 0.51171875 0.42578125 0.0517578125 0.060546875
1 0.15234375 0.5029296875 0.0234375 0.0439453125
0 0.3447265625 0.728515625 0.0888671875 0.119140625
1 0.9072265625 0.6201171875 0.0673828125 0.068359375
0 0.48828125 0.36328125 0.0419921875 0.033203125
0 0.865234375 0.5537109375 0.1611328125 0.0703125
1 0.310546875 0.453125 0.041015625 0.037109375
1 0.6240234375 0.66796875 0.0576171875 0.076171875
1 0.6220703125 0.486328125 0.041015625 0.0361328125
0 0.62109375 0.5400390625 0.169921875 0.076171875
1 0.529296875 0.373046875 0.0185546875 0.0234375
1 0.076171875 0.767578125 0.0341796875 0.060546875
1 0.5771484375 0.4912109375 0.0361328125 0.0390625
0 0.541015625 0.3466796875 0.037109375 0.03125
1 0.8212890625 0.6259765625 0.064453125 0.0576171875
1 0.5498046875 0.3759765625 0.015625 0.0263671875
1 0.767578125 0.8095703125 0.0498046875 0.0908203125
1 0.95703125 0.615234375 0.0517578125 0.064453125
1 0.552734375 0.5810546875 0.0498046875 0.052734375
1 0.423828125 0.5126953125 0.046875 0.0498046875
1 0.380859375 0.494140625 0.044921875 0.048828125
0 0.5087890625 0.333984375 0.033203125 0.029296875
1 0.5419921875 0.46484375 0.021484375 0.0361328125
1 0.310546875 0.8544921875 0.0390625 0.052734375
1 0.6962890625 0.8251953125 0.0830078125 0.115234375
1 0.3310546875 0.4755859375 0.037109375 0.0390625
1 0.5537109375 0.4404296875 0.0205078125 0.0439453125
1 0.1123046875 0.572265625 0.0283203125 0.0341796875
1 0.720703125 0.5869140625 0.0341796875 0.044921875
1 0.28515625 0.408203125 0.0263671875 0.033203125
1 0.0693359375 0.478515625 0.0419921875 0.0390625
1 0.42578125 0.67578125 0.0361328125 0.0419921875
1 0.669921875 0.615234375 0.068359375 0.0576171875
1 0.03125 0.5595703125 0.037109375 0.0498046875
1 0.08984375 0.658203125 0.0390625 0.0498046875
1 0.7099609375 0.7373046875 0.064453125 0.072265625
1 0.740234375 0.876953125 0.0419921875 0.0263671875
1 0.181640625 0.427734375 0.046875 0.037109375
1 0.474609375 0.625 0.037109375 0.0654296875
1 0.80078125 0.583984375 0.0390625 0.052734375
1 0.7568359375 0.5908203125 0.048828125 0.0439453125
1 0.591796875 0.462890625 0.017578125 0.029296875
1 0.4599609375 0.8193359375 0.0419921875 0.064453125
1 0.578125 0.7490234375 0.0439453125 0.0888671875
1 0.177734375 0.326171875 0.021484375 0.021484375
1 0.0205078125 0.7919921875 0.0185546875 0.046875
1 0.2421875 0.4033203125 0.0185546875 0.025390625
1 0.56640625 0.638671875 0.044921875 0.0576171875
1 0.447265625 0.4189453125 0.013671875 0.025390625
1 0.681640625 0.771484375 0.0361328125 0.0439453125
1 0.126953125 0.455078125 0.037109375 0.0341796875
1 0.431640625 0.595703125 0.0234375 0.056640625
1 0.08984375 0.3974609375 0.0234375 0.0234375
1 0.580078125 0.423828125 0.015625 0.0390625
1 0.8798828125 0.5732421875 0.021484375 0.0341796875
1 0.111328125 0.4853515625 0.037109375 0.0361328125
0 0.9619140625 0.564453125 0.0517578125 0.0595703125
1 0.455078125 0.359375 0.025390625 0.025390625
1 0.849609375 0.5859375 0.0234375 0.0439453125
1 0.423828125 0.732421875 0.0498046875 0.072265625
1 0.400390625 0.4619140625 0.0205078125 0.029296875
1 0.232421875 0.42578125 0.03125 0.0234375
0 0.302734375 0.365234375 0.0498046875 0.044921875
1 0.1962890625 0.322265625 0.017578125 0.0185546875
1 0.6513671875 0.5791015625 0.021484375 0.0390625
1 0.078125 0.560546875 0.130859375 0.162109375
1 0.91796875 0.5078125 0.0517578125 0.037109375
0 0.306640625 0.326171875 0.060546875 0.041015625
1 0.8662109375 0.49609375 0.017578125 0.0234375