0 0.193359375 0.7509765625 0.123046875 0.1669921875
0 0.337890625 0.740234375 0.1015625 0.138671875
0 0.51171875 0.423828125 0.0546875 0.052734375
1 0.16015625 0.478515625 0.0234375 0.041015625
0 0.552734375 0.5283203125 0.1533203125 0.0751953125
0 0.798828125 0.5439453125 0.1484375 0.0625
1 0.5400390625 0.470703125 0.033203125 0.041015625
1 0.353515625 0.498046875 0.041015625 0.041015625
1 0.3154296875 0.4765625 0.0341796875 0.041015625
1 0.6240234375 0.486328125 0.0361328125 0.041015625
1 0.896484375 0.62890625 0.0419921875 0.0517578125
0 0.509765625 0.333984375 0.03125 0.029296875
1 0.8369140625 0.630859375 0.048828125 0.0517578125
1 0.6435546875 0.611328125 0.0498046875 0.0390625
0 0.5400390625 0.3447265625 0.0361328125 0.0263671875
1 0.5625 0.5966796875 0.0341796875 0.037109375
1 0.076171875 0.767578125 0.0361328125 0.0595703125
1 0.572265625 0.373046875 0.0126953125 0.0234375
1 0.5283203125 0.3720703125 0.015625 0.021484375
1 0.4306640625 0.66796875 0.048828125 0.0576171875
1 0.455078125 0.7841796875 0.0419921875 0.0654296875
1 0.552734375 0.376953125 0.013671875 0.0263671875
1 0.1318359375 0.45703125 0.0205078125 0.0234375
1 0.138671875 0.525390625 0.033203125 0.0361328125
0 0.4892578125 0.361328125 0.037109375 0.0341796875
1 0.775390625 0.611328125 0.091796875 0.0654296875
1 0.482421875 0.4921875 0.0361328125 0.041015625
1 0.2841796875 0.4560546875 0.03125 0.037109375
1 0.3076171875 0.8330078125 0.046875 0.0908203125
1 0.1279296875 0.5908203125 0.03125 0.041015625
1 0.119140625 0.416015625 0.0185546875 0.021484375
1 0.5888671875 0.451171875 0.021484375 0.03125
1 0.7119140625 0.751953125 0.0517578125 0.0751953125
1 0.453125 0.3623046875 0.0185546875 0.025390625
1 0.1123046875 0.482421875 0.041015625 0.0361328125
1 0.48828125 0.599609375 0.0673828125 0.060546875
1 0.236328125 0.4326171875 0.03125 0.0341796875
1 0.58203125 0.478515625 0.0263671875 0.03125
1 0.5615234375 0.4677734375 0.0205078125 0.029296875
1 0.8291015625 0.8505859375 0.080078125 0.0732421875
1 0.951171875 0.6005859375 0.0234375 0.0361328125
1 0.076171875 0.4814453125 0.0517578125 0.037109375
1 0.6181640625 0.5712890625 0.0361328125 0.029296875
1 0.662109375 0.759765625 0.044921875 0.0751953125
1 0.951171875 0.525390625 0.0673828125 0.0576171875
1 0.6640625 0.564453125 0.0341796875 0.0283203125
1 0.421875 0.74609375 0.0439453125 0.0517578125
1 0.177734375 0.3251953125 0.0234375 0.021484375
1 0.6962890625 0.58984375 0.0361328125 0.0390625
1 0.0380859375 0.720703125 0.033203125 0.0517578125
1 0.7490234375 0.8740234375 0.0390625 0.033203125
1 0.8251953125 0.560546875 0.025390625 0.029296875
1 0.462890625 0.716796875 0.0263671875 0.0439453125
1 0.6123046875 0.69140625 0.052734375 0.0732421875
1 0.599609375 0.55859375 0.0234375 0.0234375
1 0.0322265625 0.623046875 0.0263671875 0.056640625
1 0.0234375 0.5595703125 0.021484375 0.0439453125
1 0.021484375 0.478515625 0.025390625 0.0341796875
1 0.6220703125 0.4609375 0.0185546875 0.025390625
1 0.453125 0.4375 0.0185546875 0.0283203125
1 0.2587890625 0.392578125 0.0234375 0.0283203125
1 0.7421875 0.708984375 0.025390625 0.068359375
0 0.193359375 0.875 0.103515625 0.03125
1 0.3330078125 0.4482421875 0.021484375 0.037109375
1 0.5849609375 0.3623046875 0.017578125 0.025390625
0 0.20703125 0.3994140625 0.1669921875 0.080078125
1 0.927734375 0.5703125 0.021484375 0.0341796875
1 0.7734375 0.5712890625 0.0185546875 0.033203125
0 0.3291015625 0.396484375 0.0673828125 0.037109375
0 0.3525390625 0.3203125 0.033203125 0.0185546875
1 0.7509765625 0.572265625 0.029296875 0.041015625
1 0.9296875 0.3818359375 0.021484375 0.0419921875
1 0.392578125 0.599609375 0.029296875 0.060546875
1 0.4423828125 0.599609375 0.0185546875 0.0439453125
1 0.330078125 0.359375 0.0126953125 0.021484375
1 0.630859375 0.4404296875 0.017578125 0.03125
1 0.43359375 0.630859375 0.033203125 0.0341796875
1 0.3828125 0.3251953125 0.015625 0.0185546875