0 0.34375 0.6494140625 0.09375 0.1201171875
0 0.65625 0.732421875 0.140625 0.1591796875
0 0.2197265625 0.5888671875 0.076171875 0.0908203125
0 0.615234375 0.583984375 0.083984375 0.123046875
0 0.48046875 0.505859375 0.0576171875 0.0703125
1 0.376953125 0.517578125 0.025390625 0.041015625
1 0.806640625 0.6005859375 0.0439453125 0.0546875
0 0.0986328125 0.400390625 0.046875 0.0390625
0 0.3173828125 0.5185546875 0.0654296875 0.068359375
0 0.5078125 0.416015625 0.041015625 0.0517578125
1 0.677734375 0.5732421875 0.037109375 0.0498046875
1 0.646484375 0.537109375 0.0234375 0.0419921875
1 0.431640625 0.46484375 0.017578125 0.0263671875
1 0.8876953125 0.654296875 0.083984375 0.076171875
0 0.2294921875 0.5 0.0625 0.0654296875
1 0.0859375 0.6865234375 0.03125 0.0517578125
1 0.74609375 0.6259765625 0.0361328125 0.0576171875
1 0.865234375 0.5908203125 0.080078125 0.072265625
1 0.4169921875 0.439453125 0.015625 0.029296875
0 0.498046875 0.337890625 0.025390625 0.0185546875
1 0.16796875 0.5400390625 0.0263671875 0.044921875
1 0.9453125 0.6875 0.0810546875 0.083984375
1 0.544921875 0.5048828125 0.021484375 0.0341796875
1 0.5859375 0.498046875 0.0185546875 0.029296875
1 0.794921875 0.556640625 0.0361328125 0.044921875
1 0.1259765625 0.419921875 0.0205078125 0.0283203125
1 0.6064453125 0.4462890625 0.015625 0.0263671875
1 0.5751953125 0.603515625 0.021484375 0.0439453125
1 0.8193359375 0.828125 0.064453125 0.1123046875
1 0.5771484375 0.4609375 0.0205078125 0.0283203125
1 0.287109375 0.5908203125 0.0283203125 0.037109375
1 0.8271484375 0.5625 0.0390625 0.046875
1 0.2392578125 0.8056640625 0.0498046875 0.064453125
1 0.5048828125 0.455078125 0.015625 0.0263671875
1 0.7099609375 0.552734375 0.017578125 0.03125
1 0.9287109375 0.6083984375 0.044921875 0.0390625
0 0.287109375 0.427734375 0.0439453125 0.0498046875
1 0.05859375 0.48046875 0.0234375 0.0361328125
1 0.568359375 0.5498046875 0.0283203125 0.0498046875
1 0.1220703125 0.576171875 0.037109375 0.048828125
1 0.537109375 0.626953125 0.03125 0.048828125
0 0.1884765625 0.36328125 0.033203125 0.029296875
1 0.44140625 0.51953125 0.0263671875 0.0419921875
0 0.1015625 0.814453125 0.162109375 0.1484375
1 0.4833984375 0.451171875 0.0205078125 0.025390625
1 0.6064453125 0.501953125 0.0185546875 0.025390625
1 0.53125 0.5341796875 0.0185546875 0.0341796875
1 0.412109375 0.416015625 0.0185546875 0.0205078125
0 0.5361328125 0.5771484375 0.0341796875 0.060546875
1 0.1474609375 0.455078125 0.017578125 0.021484375
1 0.490234375 0.625 0.025390625 0.0498046875
1 0.955078125 0.8525390625 0.0595703125 0.076171875
1 0.9716796875 0.6328125 0.03125 0.0625
0 0.205078125 0.4052734375 0.0576171875 0.0576171875
1 0.6552734375 0.8671875 0.048828125 0.046875
1 0.423828125 0.388671875 0.0185546875 0.021484375
0 0.322265625 0.3994140625 0.078125 0.044921875
1 0.134765625 0.615234375 0.0361328125 0.060546875
1 0.900390625 0.7353515625 0.0341796875 0.076171875
1 0.5302734375 0.4443359375 0.0205078125 0.0263671875
1 0.55078125 0.7490234375 0.060546875 0.1201171875
1 0.900390625 0.5458984375 0.0283203125 0.033203125
0 0.6318359375 0.439453125 0.0419921875 0.041015625
1 0.732421875 0.5380859375 0.041015625 0.0390625
1 0.029296875 0.5712890625 0.0341796875 0.060546875
0 0.48828125 0.3603515625 0.0234375 0.0263671875
0 0.2255859375 0.3447265625 0.0234375 0.017578125
0 0.4365234375 0.4208984375 0.033203125 0.0361328125
1 0.46875 0.373046875 0.021484375 0.029296875
1 0.107421875 0.486328125 0.033203125 0.029296875