0 0.19140625 0.748046875 0.123046875 0.1611328125
0 0.51171875 0.4228515625 0.048828125 0.0546875
0 0.337890625 0.728515625 0.0986328125 0.119140625
1 0.609375 0.4951171875 0.03125 0.046875
0 0.5390625 0.3515625 0.041015625 0.037109375
1 0.470703125 0.4619140625 0.029296875 0.044921875
0 0.4892578125 0.361328125 0.0341796875 0.033203125
1 0.412109375 0.80078125 0.0498046875 0.0732421875
1 0.306640625 0.83203125 0.046875 0.0859375
1 0.076171875 0.76171875 0.046875 0.076171875
1 0.12890625 0.6455078125 0.044921875 0.0498046875
1 0.513671875 0.4794921875 0.0234375 0.0439453125
1 0.3740234375 0.51171875 0.048828125 0.048828125
0 0.509765625 0.333984375 0.03125 0.03125
1 0.64453125 0.4921875 0.0234375 0.037109375
0 0.68359375 0.5458984375 0.1640625 0.0830078125
1 0.5576171875 0.4716796875 0.021484375 0.037109375
1 0.564453125 0.4365234375 0.017578125 0.0234375
1 0.5390625 0.482421875 0.025390625 0.0439453125
1 0.576171875 0.4052734375 0.021484375 0.0361328125
1 0.44140625 0.439453125 0.017578125 0.0283203125
1 0.458984375 0.7841796875 0.0361328125 0.056640625
1 0.427734375 0.6787109375 0.0390625 0.048828125
1 0.060546875 0.4794921875 0.0263671875 0.0341796875
1 0.287109375 0.4130859375 0.029296875 0.029296875
0 0.2939453125 0.462890625 0.083984375 0.0498046875
1 0.509765625 0.3681640625 0.017578125 0.0234375
1 0.396484375 0.482421875 0.025390625 0.0439453125
1 0.4580078125 0.369140625 0.021484375 0.0263671875
1 0.3720703125 0.36328125 0.0126953125 0.0205078125
1 0.0205078125 0.572265625 0.0185546875 0.041015625
1 0.4208984375 0.7373046875 0.048828125 0.052734375
1 0.052734375 0.68359375 0.0390625 0.048828125
1 0.466796875 0.421875 0.015625 0.025390625
1 0.548828125 0.435546875 0.0185546875 0.0283203125
1 0.568359375 0.3779296875 0.017578125 0.025390625
1 0.5859375 0.466796875 0.0185546875 0.033203125
1 0.064453125 0.533203125 0.0234375 0.0341796875
1 0.396484375 0.361328125 0.0126953125 0.0205078125
1 0.2080078125 0.3564453125 0.015625 0.0185546875
1 0.6220703125 0.451171875 0.015625 0.025390625
1 0.287109375 0.36328125 0.015625 0.0205078125
1 0.3486328125 0.353515625 0.0126953125 0.0234375
1 0.021484375 0.4755859375 0.0205078125 0.0263671875
1 0.025390625 0.787109375 0.033203125 0.0830078125
0 0.923828125 0.572265625 0.078125 0.0517578125
1 0.4345703125 0.3623046875 0.0185546875 0.021484375
0 0.236328125 0.373046875 0.056640625 0.0283203125
1 0.5908203125 0.3759765625 0.0126953125 0.017578125
1 0.248046875 0.3544921875 0.013671875 0.021484375
1 0.5556640625 0.4697265625 0.1640625 0.0888671875
1 0.517578125 0.4521484375 0.017578125 0.0234375
1 0.228515625 0.3564453125 0.0107421875 0.0185546875
0 0.185546875 0.32421875 0.037109375 0.0263671875
1 0.0244140625 0.373046875 0.0205078125 0.021484375
1 0.4541015625 0.7177734375 0.0205078125 0.0234375
0 0.189453125 0.875 0.0986328125 0.0283203125
1 0.646484375 0.46484375 0.015625 0.0234375