0 0.189453125 0.7509765625 0.126953125 0.1640625
0 0.5107421875 0.423828125 0.046875 0.0546875
0 0.33984375 0.7275390625 0.1015625 0.1171875
1 0.5888671875 0.5986328125 0.037109375 0.0654296875
1 0.6015625 0.486328125 0.025390625 0.0390625
1 0.7099609375 0.734375 0.0576171875 0.072265625
1 0.5615234375 0.4541015625 0.017578125 0.0361328125
1 0.8115234375 0.6669921875 0.0673828125 0.0595703125
1 0.533203125 0.5048828125 0.033203125 0.0439453125
1 0.482421875 0.5283203125 0.0439453125 0.052734375
0 0.5400390625 0.3505859375 0.0419921875 0.0390625
1 0.5830078125 0.466796875 0.025390625 0.037109375
1 0.3544921875 0.4755859375 0.046875 0.0390625
1 0.3046875 0.4482421875 0.0341796875 0.0283203125
1 0.076171875 0.677734375 0.0341796875 0.052734375
1 0.3125 0.8583984375 0.052734375 0.060546875
1 0.6376953125 0.505859375 0.025390625 0.041015625
1 0.0810546875 0.755859375 0.056640625 0.0966796875
0 0.5517578125 0.6640625 0.1279296875 0.1591796875
1 0.728515625 0.4951171875 0.0283203125 0.041015625
0 0.8701171875 0.576171875 0.177734375 0.064453125
1 0.7998046875 0.765625 0.056640625 0.072265625
0 0.4912109375 0.34765625 0.064453125 0.0546875
1 0.478515625 0.6044921875 0.0419921875 0.0654296875
1 0.748046875 0.6298828125 0.052734375 0.0595703125
1 0.330078125 0.5966796875 0.044921875 0.0498046875
1 0.923828125 0.630859375 0.0439453125 0.056640625
1 0.5888671875 0.435546875 0.025390625 0.03125
1 0.453125 0.373046875 0.0185546875 0.0234375
1 0.66796875 0.611328125 0.0576171875 0.056640625
1 0.4013671875 0.4560546875 0.03125 0.0283203125
1 0.5439453125 0.56640625 0.03125 0.0419921875
1 0.4287109375 0.673828125 0.0390625 0.060546875
1 0.5732421875 0.5087890625 0.041015625 0.044921875
1 0.5439453125 0.423828125 0.015625 0.03125
1 0.3798828125 0.857421875 0.041015625 0.060546875
1 0.5751953125 0.3916015625 0.015625 0.029296875
1 0.73828125 0.8369140625 0.044921875 0.060546875
1 0.9052734375 0.869140625 0.0673828125 0.041015625
1 0.6943359375 0.50390625 0.044921875 0.0390625
1 0.80859375 0.48828125 0.033203125 0.0390625
1 0.6591796875 0.6767578125 0.0625 0.078125
1 0.259765625 0.41796875 0.0263671875 0.0390625
1 0.4345703125 0.541015625 0.021484375 0.046875
1 0.638671875 0.5576171875 0.0595703125 0.0625
1 0.478515625 0.474609375 0.025390625 0.041015625
1 0.626953125 0.439453125 0.0234375 0.029296875
1 0.8916015625 0.3828125 0.017578125 0.0283203125
1 0.3857421875 0.5908203125 0.0625 0.052734375
1 0.5107421875 0.54296875 0.0283203125 0.0419921875
1 0.4375 0.36328125 0.015625 0.0263671875
1 0.9677734375 0.5537109375 0.0361328125 0.0390625
1 0.607421875 0.8720703125 0.0546875 0.037109375
1 0.7275390625 0.560546875 0.0263671875 0.0390625
1 0.0625 0.4794921875 0.025390625 0.0341796875
1 0.9228515625 0.5087890625 0.029296875 0.033203125
1 0.8642578125 0.6630859375 0.0498046875 0.0546875
0 0.2412109375 0.373046875 0.0673828125 0.03125
1 0.0693359375 0.6279296875 0.017578125 0.03125
1 0.580078125 0.5517578125 0.0283203125 0.041015625
1 0.544921875 0.5380859375 0.1533203125 0.1328125
0 0.353515625 0.3505859375 0.0419921875 0.0234375
0 0.353515625 0.3212890625 0.0341796875 0.0205078125
1 0.0390625 0.474609375 0.03125 0.0361328125
1 0.853515625 0.353515625 0.0234375 0.025390625
1 0.03125 0.55859375 0.041015625 0.048828125
0 0.2998046875 0.373046875 0.052734375 0.041015625
1 0.8515625 0.8740234375 0.0283203125 0.033203125
1 0.0302734375 0.7568359375 0.0390625 0.076171875
1 0.103515625 0.484375 0.0263671875 0.025390625
1 0.701171875 0.5791015625 0.029296875 0.0517578125
1 0.177734375 0.326171875 0.021484375 0.0185546875
1 0.966796875 0.5166015625 0.0439453125 0.0419921875
1 0.9169921875 0.361328125 0.037109375 0.033203125
1 0.6376953125 0.4775390625 0.015625 0.033203125