1 0.6904296875 0.6103515625 0.041015625 0.0703125
1 0.630859375 0.611328125 0.033203125 0.0546875
1 0.6220703125 0.5234375 0.0283203125 0.0498046875
0 0.5087890625 0.556640625 0.0859375 0.0986328125
0 0.564453125 0.419921875 0.041015625 0.048828125
0 0.578125 0.6865234375 0.140625 0.1611328125
1 0.1572265625 0.5595703125 0.029296875 0.0341796875
0 0.197265625 0.4873046875 0.064453125 0.078125
1 0.7490234375 0.650390625 0.048828125 0.064453125
1 0.119140625 0.5947265625 0.025390625 0.0419921875
1 0.869140625 0.7705078125 0.0673828125 0.099609375
1 0.1181640625 0.6591796875 0.033203125 0.0625
0 0.341796875 0.4990234375 0.0595703125 0.064453125
1 0.8193359375 0.5771484375 0.0830078125 0.0888671875
1 0.892578125 0.654296875 0.0810546875 0.0859375
1 0.4130859375 0.5029296875 0.0263671875 0.041015625
1 0.287109375 0.5986328125 0.0361328125 0.0498046875
0 0.310546875 0.447265625 0.052734375 0.0439453125
1 0.197265625 0.580078125 0.0283203125 0.056640625
1 0.673828125 0.5556640625 0.0234375 0.0419921875
1 0.6103515625 0.4736328125 0.0205078125 0.03125
1 0.7431640625 0.7607421875 0.0517578125 0.087890625
1 0.4970703125 0.4443359375 0.0283203125 0.0390625
1 0.029296875 0.560546875 0.033203125 0.0419921875
1 0.283203125 0.5146484375 0.0263671875 0.0390625
0 0.095703125 0.404296875 0.0576171875 0.033203125
1 0.228515625 0.5419921875 0.029296875 0.041015625
0 0.533203125 0.443359375 0.048828125 0.046875
1 0.392578125 0.7333984375 0.041015625 0.0732421875
1 0.720703125 0.53515625 0.056640625 0.0517578125
1 0.955078125 0.6708984375 0.060546875 0.080078125
0 0.224609375 0.349609375 0.0283203125 0.03125
0 0.517578125 0.3515625 0.0341796875 0.0283203125
1 0.0888671875 0.771484375 0.0341796875 0.052734375
0 0.189453125 0.3525390625 0.0283203125 0.0263671875
1 0.5185546875 0.4072265625 0.0185546875 0.0234375
1 0.376953125 0.587890625 0.025390625 0.044921875
1 0.927734375 0.609375 0.0419921875 0.037109375
1 0.53515625 0.3984375 0.0205078125 0.03125
1 0.06640625 0.4794921875 0.0390625 0.037109375
1 0.2158203125 0.78125 0.037109375 0.046875
1 0.1064453125 0.423828125 0.0185546875 0.021484375
1 0.896484375 0.576171875 0.0419921875 0.0419921875
1 0.693359375 0.521484375 0.0234375 0.033203125
1 0.474609375 0.44921875 0.0263671875 0.0361328125
1 0.7890625 0.5517578125 0.025390625 0.03125
1 0.4404296875 0.36328125 0.0185546875 0.0263671875
1 0.130859375 0.4130859375 0.015625 0.0263671875
1 0.1513671875 0.5283203125 0.015625 0.025390625
0 0.1484375 0.4541015625 0.037109375 0.0361328125
1 0.587890625 0.3935546875 0.029296875 0.037109375
1 0.9052734375 0.544921875 0.017578125 0.025390625
1 0.4228515625 0.4287109375 0.029296875 0.0390625
0 0.5458984375 0.3662109375 0.0263671875 0.017578125
1 0.4033203125 0.55078125 0.0341796875 0.0703125
1 0.794921875 0.8701171875 0.052734375 0.041015625
1 0.861328125 0.55859375 0.015625 0.0205078125
1 0.1064453125 0.4873046875 0.03125 0.0283203125
1 0.576171875 0.365234375 0.0263671875 0.025390625
1 0.8251953125 0.53515625 0.021484375 0.0390625
0 0.546875 0.4970703125 0.072265625 0.087890625
0 0.185546875 0.326171875 0.0341796875 0.0234375
0 0.3515625 0.322265625 0.03125 0.0185546875
1 0.962890625 0.5927734375 0.046875 0.0517578125
1 0.158203125 0.3681640625 0.0234375 0.029296875
1 0.447265625 0.662109375 0.0234375 0.0419921875
0 0.3271484375 0.400390625 0.0703125 0.037109375
1 0.63671875 0.439453125 0.0390625 0.0341796875
1 0.458984375 0.724609375 0.033203125 0.0908203125
0 0.556640625 0.3837890625 0.03125 0.0263671875
1 0.236328125 0.404296875 0.025390625 0.0283203125