1 0.53125 0.6328125 0.03125 0.0751953125
0 0.3203125 0.80078125 0.1533203125 0.1767578125
1 0.6142578125 0.619140625 0.041015625 0.0654296875
1 0.552734375 0.505859375 0.0205078125 0.048828125
1 0.689453125 0.548828125 0.048828125 0.0546875
1 0.626953125 0.57421875 0.029296875 0.048828125
0 0.2412109375 0.509765625 0.064453125 0.0732421875
1 0.5625 0.3916015625 0.015625 0.0234375
0 0.173828125 0.7978515625 0.1201171875 0.1640625
0 0.3154296875 0.6494140625 0.0908203125 0.107421875
1 0.7197265625 0.712890625 0.0419921875 0.0751953125
1 0.8212890625 0.580078125 0.0830078125 0.0859375
0 0.2236328125 0.5830078125 0.078125 0.087890625
1 0.734375 0.654296875 0.041015625 0.0625
1 0.6552734375 0.7265625 0.0361328125 0.068359375
1 0.3798828125 0.611328125 0.0283203125 0.0546875
0 0.416015625 0.3984375 0.0419921875 0.0439453125
1 0.9443359375 0.689453125 0.0830078125 0.083984375
1 0.515625 0.4169921875 0.0126953125 0.021484375
1 0.6181640625 0.8388671875 0.0390625 0.068359375
0 0.326171875 0.490234375 0.0654296875 0.0595703125
0 0.3212890625 0.55078125 0.0703125 0.080078125
0 0.505859375 0.34765625 0.033203125 0.0390625
1 0.40625 0.4462890625 0.015625 0.033203125
0 0.255859375 0.3955078125 0.056640625 0.052734375
1 0.1201171875 0.6923828125 0.041015625 0.0654296875
1 0.0654296875 0.48046875 0.037109375 0.0390625
1 0.900390625 0.5478515625 0.037109375 0.0390625
1 0.546875 0.419921875 0.015625 0.025390625
1 0.5888671875 0.396484375 0.0126953125 0.021484375
1 0.1533203125 0.5908203125 0.0341796875 0.0654296875
1 0.466796875 0.4013671875 0.013671875 0.0283203125
0 0.48046875 0.357421875 0.033203125 0.0390625
0 0.38671875 0.369140625 0.0361328125 0.029296875
1 0.1181640625 0.513671875 0.0263671875 0.0439453125
1 0.0419921875 0.576171875 0.021484375 0.0517578125
0 0.5322265625 0.3291015625 0.044921875 0.029296875
1 0.189453125 0.5068359375 0.021484375 0.0390625
1 0.810546875 0.869140625 0.0419921875 0.041015625
1 0.146484375 0.4140625 0.025390625 0.03125
0 0.35546875 0.34765625 0.0517578125 0.033203125
1 0.89453125 0.5869140625 0.044921875 0.0576171875
1 0.7265625 0.5263671875 0.0341796875 0.046875
1 0.1376953125 0.474609375 0.015625 0.0263671875
1 0.693359375 0.4658203125 0.0341796875 0.03125
1 0.2275390625 0.3369140625 0.0107421875 0.017578125
1 0.841796875 0.541015625 0.033203125 0.037109375
1 0.2138671875 0.4130859375 0.037109375 0.0390625
1 0.8623046875 0.42578125 0.03125 0.0361328125
1 0.95703125 0.5283203125 0.0234375 0.0185546875
1 0.2255859375 0.3583984375 0.0205078125 0.0234375
1 0.7294921875 0.6171875 0.025390625 0.0341796875
1 0.7880859375 0.4755859375 0.0234375 0.0390625
1 0.091796875 0.6669921875 0.0341796875 0.072265625
0 0.533203125 0.357421875 0.03125 0.033203125
1 0.171875 0.419921875 0.025390625 0.029296875
1 0.470703125 0.623046875 0.025390625 0.068359375
1 0.6767578125 0.439453125 0.015625 0.033203125
1 0.3515625 0.3642578125 0.009765625 0.015625
1 0.865234375 0.8447265625 0.037109375 0.0859375
1 0.6298828125 0.4365234375 0.046875 0.0390625
1 0.6279296875 0.5322265625 0.025390625 0.0361328125
0 0.185546875 0.462890625 0.0390625 0.041015625