0 0.322265625 0.8017578125 0.146484375 0.1748046875
0 0.19921875 0.677734375 0.1044921875 0.119140625
0 0.533203125 0.5263671875 0.095703125 0.1064453125
0 0.224609375 0.580078125 0.078125 0.091796875
1 0.6884765625 0.5439453125 0.048828125 0.0595703125
1 0.109375 0.689453125 0.041015625 0.0546875
0 0.31640625 0.6484375 0.091796875 0.109375
1 0.16015625 0.490234375 0.0234375 0.046875
1 0.8623046875 0.591796875 0.068359375 0.0732421875
1 0.900390625 0.6552734375 0.087890625 0.0888671875
0 0.240234375 0.5166015625 0.064453125 0.064453125
1 0.541015625 0.392578125 0.013671875 0.0234375
1 0.1357421875 0.609375 0.037109375 0.056640625
0 0.505859375 0.341796875 0.033203125 0.0263671875
0 0.3212890625 0.546875 0.0703125 0.0810546875
1 0.5869140625 0.4052734375 0.013671875 0.0263671875
0 0.41015625 0.390625 0.044921875 0.037109375
1 0.8974609375 0.544921875 0.044921875 0.0419921875
1 0.2578125 0.755859375 0.0439453125 0.0654296875
1 0.9267578125 0.52734375 0.03125 0.0361328125
1 0.798828125 0.5771484375 0.046875 0.0703125
1 0.1904296875 0.4853515625 0.025390625 0.0517578125
1 0.5576171875 0.40234375 0.015625 0.0263671875
1 0.033203125 0.583984375 0.0419921875 0.060546875
1 0.0712890625 0.48046875 0.0361328125 0.0361328125
1 0.150390625 0.41796875 0.0234375 0.029296875
0 0.45703125 0.4228515625 0.060546875 0.0517578125
1 0.49609375 0.416015625 0.013671875 0.029296875
1 0.9599609375 0.6943359375 0.0546875 0.0830078125
0 0.4775390625 0.353515625 0.0361328125 0.029296875
1 0.6396484375 0.7978515625 0.0419921875 0.0888671875
1 0.142578125 0.47265625 0.0205078125 0.0419921875
1 0.201171875 0.4130859375 0.0263671875 0.033203125
1 0.22265625 0.4111328125 0.0263671875 0.03125
1 0.1708984375 0.46484375 0.017578125 0.0263671875
0 0.533203125 0.3291015625 0.0419921875 0.029296875
0 0.2626953125 0.416015625 0.0498046875 0.037109375
1 0.240234375 0.6455078125 0.0263671875 0.041015625
1 0.630859375 0.4423828125 0.046875 0.0341796875
1 0.427734375 0.71484375 0.0263671875 0.048828125
1 0.177734375 0.416015625 0.0234375 0.0361328125
1 0.375 0.35546875 0.015625 0.0205078125
1 0.927734375 0.607421875 0.0625 0.046875
1 0.5380859375 0.75 0.0546875 0.1123046875
1 0.5078125 0.369140625 0.0185546875 0.0263671875
1 0.458984375 0.5263671875 0.0361328125 0.0595703125
1 0.7119140625 0.5234375 0.0234375 0.03125
1 0.1240234375 0.5107421875 0.0234375 0.037109375
0 0.1630859375 0.556640625 0.0263671875 0.044921875
1 0.263671875 0.5849609375 0.015625 0.0517578125
0 0.5322265625 0.34765625 0.0234375 0.0205078125
1 0.9716796875 0.630859375 0.03125 0.0654296875
0 0.3125 0.439453125 0.072265625 0.0810546875
1 0.56640625 0.3857421875 0.0732421875 0.0654296875
1 0.8232421875 0.5390625 0.025390625 0.041015625