0 0.193359375 0.650390625 0.1015625 0.1298828125
0 0.5849609375 0.6806640625 0.1328125 0.1455078125
0 0.548828125 0.4736328125 0.0576171875 0.0498046875
0 0.349609375 0.6513671875 0.0888671875 0.1123046875
1 0.1650390625 0.546875 0.033203125 0.0625
1 0.4169921875 0.5048828125 0.021484375 0.037109375
1 0.6884765625 0.54296875 0.0546875 0.0517578125
1 0.755859375 0.7314453125 0.046875 0.0810546875
1 0.2646484375 0.4921875 0.0263671875 0.0341796875
1 0.818359375 0.5869140625 0.076171875 0.0703125
1 0.0908203125 0.7373046875 0.0341796875 0.056640625
1 0.43359375 0.751953125 0.0263671875 0.0576171875
0 0.58984375 0.552734375 0.0986328125 0.1171875
1 0.6396484375 0.5751953125 0.0263671875 0.0595703125
1 0.8896484375 0.6552734375 0.076171875 0.076171875
1 0.6923828125 0.5908203125 0.041015625 0.0595703125
1 0.248046875 0.7529296875 0.033203125 0.0498046875
1 0.494140625 0.45703125 0.0263671875 0.0361328125
1 0.734375 0.541015625 0.0341796875 0.0419921875
1 0.451171875 0.494140625 0.0263671875 0.037109375
1 0.958984375 0.66796875 0.0517578125 0.076171875
0 0.560546875 0.4306640625 0.046875 0.0546875
0 0.521484375 0.33203125 0.029296875 0.0234375
1 0.1484375 0.4921875 0.0185546875 0.0341796875
0 0.271484375 0.416015625 0.0732421875 0.0390625
1 0.8974609375 0.8251953125 0.060546875 0.087890625
1 0.14453125 0.759765625 0.0419921875 0.1064453125
0 0.541015625 0.373046875 0.033203125 0.021484375
0 0.5009765625 0.3662109375 0.033203125 0.0263671875
1 0.5888671875 0.412109375 0.025390625 0.0341796875
0 0.318359375 0.453125 0.0576171875 0.0498046875
1 0.3681640625 0.435546875 0.017578125 0.029296875
1 0.6435546875 0.533203125 0.025390625 0.0361328125
1 0.1962890625 0.486328125 0.0205078125 0.0361328125
1 0.125 0.6064453125 0.025390625 0.041015625
1 0.0625 0.4794921875 0.03125 0.037109375
0 0.228515625 0.3515625 0.0419921875 0.0283203125
0 0.162109375 0.416015625 0.0439453125 0.0341796875
1 0.4990234375 0.576171875 0.029296875 0.0546875
1 0.515625 0.4443359375 0.0185546875 0.033203125
0 0.5673828125 0.3701171875 0.0283203125 0.021484375
1 0.92578125 0.609375 0.044921875 0.041015625
1 0.1640625 0.474609375 0.0185546875 0.025390625
1 0.0400390625 0.560546875 0.0205078125 0.0390625
1 0.208984375 0.4599609375 0.0185546875 0.0263671875
1 0.533203125 0.412109375 0.0205078125 0.0361328125
1 0.3037109375 0.494140625 0.0205078125 0.0439453125
0 0.953125 0.5751953125 0.068359375 0.056640625
1 0.4384765625 0.365234375 0.013671875 0.0234375
1 0.896484375 0.5771484375 0.0390625 0.044921875
1 0.791015625 0.5498046875 0.0263671875 0.037109375
0 0.697265625 0.857421875 0.1376953125 0.0625
1 0.8984375 0.7294921875 0.0341796875 0.072265625
1 0.861328125 0.5595703125 0.017578125 0.025390625
1 0.2939453125 0.783203125 0.021484375 0.041015625
1 0.638671875 0.439453125 0.0439453125 0.0361328125
1 0.0791015625 0.7880859375 0.0390625 0.0576171875
0 0.3525390625 0.3212890625 0.033203125 0.017578125
1 0.396484375 0.4990234375 0.0234375 0.044921875
1 0.1044921875 0.484375 0.03125 0.03125
1 0.4580078125 0.6611328125 0.0341796875 0.087890625