0 0.3330078125 0.7333984375 0.115234375 0.154296875
0 0.564453125 0.5908203125 0.080078125 0.103515625
0 0.5654296875 0.501953125 0.068359375 0.0888671875
0 0.2138671875 0.634765625 0.09375 0.1064453125
1 0.6435546875 0.5419921875 0.025390625 0.041015625
0 0.1435546875 0.421875 0.041015625 0.041015625
1 0.814453125 0.5712890625 0.0703125 0.0732421875
1 0.623046875 0.505859375 0.025390625 0.0361328125
0 0.322265625 0.5498046875 0.072265625 0.078125
1 0.658203125 0.587890625 0.0361328125 0.0576171875
0 0.23046875 0.5361328125 0.0673828125 0.0751953125
1 0.400390625 0.6025390625 0.025390625 0.0419921875
1 0.7607421875 0.6455078125 0.0439453125 0.068359375
1 0.69140625 0.5400390625 0.0361328125 0.048828125
0 0.240234375 0.4765625 0.0517578125 0.052734375
1 0.4921875 0.587890625 0.0283203125 0.052734375
0 0.189453125 0.376953125 0.03125 0.033203125
0 0.5126953125 0.3388671875 0.0439453125 0.0341796875
0 0.51171875 0.40234375 0.0361328125 0.0390625
0 0.2958984375 0.4384765625 0.048828125 0.064453125
1 0.810546875 0.759765625 0.0546875 0.087890625
1 0.7919921875 0.6845703125 0.037109375 0.0595703125
1 0.947265625 0.6884765625 0.078125 0.0859375
1 0.619140625 0.474609375 0.0283203125 0.0361328125
0 0.2333984375 0.3525390625 0.0361328125 0.029296875
1 0.490234375 0.529296875 0.017578125 0.0283203125
1 0.162109375 0.505859375 0.0234375 0.033203125
1 0.7333984375 0.544921875 0.0419921875 0.046875
1 0.892578125 0.646484375 0.072265625 0.080078125
1 0.138671875 0.62109375 0.0439453125 0.0673828125
0 0.4677734375 0.439453125 0.033203125 0.0517578125
1 0.8935546875 0.580078125 0.037109375 0.046875
1 0.083984375 0.7236328125 0.0498046875 0.072265625
1 0.060546875 0.482421875 0.0234375 0.03125
1 0.2578125 0.6748046875 0.0341796875 0.0625
1 0.111328125 0.625 0.0234375 0.041015625
0 0.453125 0.537109375 0.0341796875 0.0888671875
1 0.029296875 0.560546875 0.033203125 0.0439453125
0 0.94921875 0.5751953125 0.076171875 0.056640625
1 0.140625 0.4677734375 0.025390625 0.033203125
1 0.5927734375 0.421875 0.013671875 0.0341796875
1 0.51171875 0.4814453125 0.0205078125 0.0283203125
1 0.4130859375 0.443359375 0.017578125 0.0341796875
1 0.8974609375 0.544921875 0.029296875 0.0361328125
0 0.552734375 0.3740234375 0.03125 0.033203125
1 0.09375 0.654296875 0.025390625 0.046875
1 0.5302734375 0.5654296875 0.0205078125 0.0439453125
1 0.4423828125 0.392578125 0.015625 0.0283203125
1 0.958984375 0.626953125 0.044921875 0.0595703125
1 0.1904296875 0.4658203125 0.015625 0.025390625
1 0.5732421875 0.439453125 0.015625 0.0283203125
1 0.5498046875 0.435546875 0.025390625 0.033203125
1 0.4384765625 0.4951171875 0.0234375 0.046875
0 0.162109375 0.341796875 0.0263671875 0.025390625
0 0.47265625 0.3818359375 0.033203125 0.0361328125
1 0.48046875 0.3603515625 0.017578125 0.0234375
0 0.03515625 0.470703125 0.0419921875 0.0390625
0 0.0966796875 0.474609375 0.046875 0.046875
1 0.509765625 0.5380859375 0.0341796875 0.0546875