0 0.1923828125 0.7490234375 0.125 0.1640625
0 0.5107421875 0.4189453125 0.0498046875 0.052734375
0 0.78125 0.744140625 0.166015625 0.1748046875
0 0.337890625 0.7265625 0.0986328125 0.115234375
0 0.5947265625 0.6669921875 0.1328125 0.134765625
0 0.5390625 0.34765625 0.041015625 0.0361328125
1 0.501953125 0.623046875 0.03125 0.0595703125
1 0.431640625 0.6806640625 0.0361328125 0.060546875
1 0.7490234375 0.6416015625 0.064453125 0.060546875
1 0.404296875 0.521484375 0.0283203125 0.046875
1 0.5419921875 0.5869140625 0.0283203125 0.044921875
1 0.1611328125 0.5927734375 0.03125 0.064453125
1 0.615234375 0.572265625 0.037109375 0.052734375
1 0.7158203125 0.580078125 0.0654296875 0.0703125
0 0.49609375 0.3466796875 0.0546875 0.052734375
1 0.6455078125 0.453125 0.041015625 0.037109375
0 0.92578125 0.580078125 0.1171875 0.083984375
1 0.962890625 0.646484375 0.0498046875 0.0654296875
1 0.787109375 0.580078125 0.1015625 0.0673828125
1 0.853515625 0.646484375 0.064453125 0.064453125
1 0.5810546875 0.4697265625 0.0185546875 0.033203125
1 0.078125 0.7529296875 0.0439453125 0.0751953125
1 0.619140625 0.5185546875 0.033203125 0.041015625
1 0.6787109375 0.630859375 0.0361328125 0.052734375
0 0.7578125 0.861328125 0.140625 0.056640625
1 0.5732421875 0.5693359375 0.037109375 0.0546875
1 0.24609375 0.5966796875 0.029296875 0.052734375
1 0.611328125 0.462890625 0.0205078125 0.03125
1 0.4375 0.45703125 0.015625 0.0234375
1 0.5341796875 0.494140625 0.0498046875 0.0673828125
1 0.919921875 0.6396484375 0.046875 0.0546875
1 0.5537109375 0.40625 0.0234375 0.0341796875
1 0.4462890625 0.431640625 0.013671875 0.0263671875
1 0.689453125 0.46484375 0.021484375 0.029296875
1 0.025390625 0.564453125 0.025390625 0.0498046875
0 0.3525390625 0.3212890625 0.033203125 0.017578125
1 0.548828125 0.373046875 0.017578125 0.029296875
1 0.7568359375 0.5498046875 0.033203125 0.037109375
1 0.66796875 0.5380859375 0.0546875 0.064453125
0 0.455078125 0.466796875 0.033203125 0.041015625
1 0.7265625 0.5361328125 0.041015625 0.0341796875
1 0.2958984375 0.591796875 0.029296875 0.046875
1 0.060546875 0.478515625 0.0234375 0.0361328125
1 0.845703125 0.5849609375 0.0341796875 0.044921875
1 0.4130859375 0.490234375 0.0205078125 0.029296875
1 0.5322265625 0.3916015625 0.017578125 0.0361328125
1 0.501953125 0.537109375 0.0205078125 0.03125
1 0.591796875 0.443359375 0.1142578125 0.076171875
1 0.4521484375 0.48828125 0.1201171875 0.1298828125
1 0.328125 0.357421875 0.0185546875 0.0283203125
1 0.9375 0.603515625 0.025390625 0.0361328125
1 0.46875 0.423828125 0.0185546875 0.029296875
1 0.439453125 0.513671875 0.029296875 0.0498046875
1 0.5986328125 0.5078125 0.021484375 0.041015625
1 0.072265625 0.337890625 0.0107421875 0.0185546875
0 0.185546875 0.875 0.1142578125 0.0283203125
1 0.029296875 0.8359375 0.033203125 0.099609375
1 0.044921875 0.7021484375 0.0341796875 0.076171875
1 0.6806640625 0.4912109375 0.0390625 0.0361328125
1 0.1044921875 0.4873046875 0.0283203125 0.03125
1 0.23828125 0.41796875 0.0234375 0.033203125
1 0.5751953125 0.373046875 0.015625 0.0234375
1 0.5751953125 0.509765625 0.0185546875 0.03125