0 0.328125 0.7705078125 0.125 0.177734375
0 0.5478515625 0.482421875 0.0703125 0.078125
0 0.2060546875 0.654296875 0.1064453125 0.1171875
0 0.533203125 0.5498046875 0.076171875 0.0908203125
1 0.75 0.662109375 0.041015625 0.0751953125
0 0.228515625 0.55078125 0.0732421875 0.0830078125
0 0.322265625 0.56640625 0.0732421875 0.0830078125
1 0.623046875 0.53515625 0.03125 0.0576171875
1 0.701171875 0.587890625 0.0439453125 0.0830078125
0 0.2392578125 0.482421875 0.056640625 0.0673828125
0 0.158203125 0.4375 0.041015625 0.056640625
1 0.8154296875 0.57421875 0.072265625 0.076171875
1 0.583984375 0.4609375 0.03125 0.037109375
1 0.689453125 0.537109375 0.0419921875 0.0517578125
1 0.4853515625 0.515625 0.0263671875 0.037109375
1 0.7216796875 0.638671875 0.0283203125 0.0546875
0 0.302734375 0.45703125 0.046875 0.0546875
1 0.947265625 0.6845703125 0.0751953125 0.0908203125
1 0.0595703125 0.482421875 0.025390625 0.03125
1 0.0859375 0.6669921875 0.046875 0.0810546875
1 0.427734375 0.4658203125 0.017578125 0.037109375
1 0.8623046875 0.8486328125 0.068359375 0.0810546875
0 0.19140625 0.3837890625 0.029296875 0.029296875
0 0.515625 0.4013671875 0.037109375 0.0439453125
1 0.896484375 0.6484375 0.0732421875 0.078125
1 0.728515625 0.537109375 0.048828125 0.0439453125
1 0.15625 0.537109375 0.025390625 0.0341796875
1 0.6533203125 0.8203125 0.0439453125 0.103515625
1 0.0302734375 0.580078125 0.0361328125 0.068359375
1 0.4169921875 0.65234375 0.0341796875 0.0546875
1 0.896484375 0.580078125 0.041015625 0.0498046875
1 0.548828125 0.798828125 0.0498046875 0.044921875
1 0.2431640625 0.7177734375 0.0361328125 0.080078125
1 0.052734375 0.763671875 0.0546875 0.0908203125
1 0.615234375 0.486328125 0.0234375 0.0361328125
1 0.125 0.681640625 0.03125 0.0576171875
1 0.4765625 0.4853515625 0.021484375 0.0361328125
0 0.296875 0.4189453125 0.0498046875 0.037109375
0 0.638671875 0.4453125 0.029296875 0.0283203125
1 0.193359375 0.470703125 0.0234375 0.041015625
1 0.9287109375 0.607421875 0.0517578125 0.041015625
1 0.474609375 0.6630859375 0.041015625 0.0576171875
0 0.509765625 0.333984375 0.0283203125 0.021484375
1 0.134765625 0.4951171875 0.0341796875 0.052734375
0 0.2294921875 0.353515625 0.0341796875 0.0283203125
1 0.8994140625 0.544921875 0.029296875 0.037109375
1 0.16015625 0.3876953125 0.013671875 0.025390625
1 0.45703125 0.501953125 0.0234375 0.0419921875
1 0.1005859375 0.4755859375 0.0419921875 0.0419921875
0 0.478515625 0.369140625 0.0361328125 0.0263671875
0 0.5263671875 0.35546875 0.037109375 0.029296875
1 0.9736328125 0.6328125 0.0283203125 0.0625
0 0.556640625 0.3740234375 0.03125 0.033203125
1 0.4248046875 0.427734375 0.0283203125 0.046875
1 0.4833984375 0.419921875 0.013671875 0.033203125
0 0.248046875 0.3720703125 0.0439453125 0.0283203125