1 0.384765625 0.673828125 0.03125 0.052734375
0 0.6015625 0.537109375 0.103515625 0.1044921875
1 0.2314453125 0.578125 0.0283203125 0.046875
0 0.744140625 0.720703125 0.189453125 0.201171875
0 0.205078125 0.5087890625 0.064453125 0.0703125
1 0.4130859375 0.736328125 0.0419921875 0.0751953125
0 0.33203125 0.4951171875 0.060546875 0.0625
1 0.267578125 0.626953125 0.033203125 0.060546875
1 0.275390625 0.5283203125 0.025390625 0.041015625
0 0.5498046875 0.6396484375 0.115234375 0.138671875
1 0.5224609375 0.4794921875 0.0263671875 0.041015625
0 0.564453125 0.4580078125 0.060546875 0.0595703125
1 0.7333984375 0.541015625 0.033203125 0.0419921875
1 0.236328125 0.7158203125 0.0341796875 0.0498046875
1 0.689453125 0.5458984375 0.048828125 0.0546875
1 0.2841796875 0.583984375 0.03125 0.041015625
1 0.8203125 0.576171875 0.083984375 0.09375
1 0.0888671875 0.6455078125 0.03125 0.041015625
1 0.2109375 0.6533203125 0.0283203125 0.0439453125
0 0.4990234375 0.529296875 0.076171875 0.0986328125
1 0.1552734375 0.5966796875 0.0263671875 0.0498046875
1 0.1865234375 0.560546875 0.0263671875 0.048828125
1 0.2998046875 0.7451171875 0.0341796875 0.0625
1 0.181640625 0.447265625 0.015625 0.0263671875
1 0.158203125 0.4716796875 0.015625 0.0283203125
1 0.1337890625 0.5810546875 0.0234375 0.041015625
1 0.53515625 0.5224609375 0.0205078125 0.0390625
0 0.439453125 0.44140625 0.0439453125 0.0673828125
1 0.1396484375 0.521484375 0.0234375 0.046875
1 0.490234375 0.4638671875 0.0234375 0.0283203125
0 0.4873046875 0.39453125 0.052734375 0.0517578125
1 0.1435546875 0.44140625 0.015625 0.0205078125
1 0.083984375 0.712890625 0.0283203125 0.0419921875
1 0.9453125 0.6904296875 0.0751953125 0.083984375
0 0.287109375 0.416015625 0.052734375 0.0439453125
1 0.1650390625 0.419921875 0.0205078125 0.03125
1 0.21484375 0.4228515625 0.017578125 0.0263671875
0 0.5078125 0.3408203125 0.03125 0.0283203125
0 0.0693359375 0.380859375 0.048828125 0.029296875
1 0.154296875 0.728515625 0.0390625 0.0654296875
0 0.5654296875 0.3720703125 0.0341796875 0.03125
1 0.3876953125 0.55078125 0.021484375 0.0390625
0 0.5458984375 0.4111328125 0.044921875 0.046875
1 0.0302734375 0.5595703125 0.0361328125 0.041015625
1 0.58203125 0.416015625 0.0234375 0.033203125
1 0.0595703125 0.4794921875 0.025390625 0.037109375
1 0.927734375 0.611328125 0.0439453125 0.041015625
1 0.1884765625 0.375 0.0234375 0.025390625
1 0.68359375 0.8564453125 0.0576171875 0.068359375
1 0.9248046875 0.8359375 0.0625 0.103515625
1 0.23046875 0.4912109375 0.017578125 0.0234375
1 0.513671875 0.4482421875 0.017578125 0.0283203125
1 0.1240234375 0.419921875 0.029296875 0.029296875
1 0.8642578125 0.572265625 0.0283203125 0.052734375
1 0.154296875 0.671875 0.0439453125 0.0625
1 0.2177734375 0.6044921875 0.173828125 0.177734375
1 0.8974609375 0.5791015625 0.044921875 0.048828125
1 0.208984375 0.6162109375 0.03125 0.048828125
1 0.306640625 0.482421875 0.017578125 0.0234375
1 0.638671875 0.44140625 0.0390625 0.029296875
1 0.025390625 0.373046875 0.017578125 0.025390625
1 0.5986328125 0.388671875 0.0185546875 0.021484375
1 0.4521484375 0.3642578125 0.0263671875 0.03125
1 0.9736328125 0.6328125 0.03125 0.0625
0 0.490234375 0.3154296875 0.0234375 0.015625
0 0.494140625 0.361328125 0.03125 0.0263671875
1 0.173828125 0.8154296875 0.060546875 0.0908203125
1 0.681640625 0.5126953125 0.0263671875 0.03125
1 0.1572265625 0.4306640625 0.080078125 0.0830078125
1 0.3486328125 0.3642578125 0.009765625 0.015625
1 0.4697265625 0.4423828125 0.0234375 0.046875
0 0.4169921875 0.501953125 0.072265625 0.0732421875
1 0.0244140625 0.48046875 0.0263671875 0.0390625
1 0.2333984375 0.662109375 0.0205078125 0.0263671875
1 0.236328125 0.400390625 0.015625 0.029296875
1 0.4921875 0.4384765625 0.015625 0.0205078125
1 0.458984375 0.5 0.0263671875 0.0439453125
1 0.1552734375 0.5673828125 0.017578125 0.0185546875