0 0.1923828125 0.75 0.125 0.162109375
0 0.3388671875 0.7265625 0.099609375 0.115234375
1 0.6240234375 0.767578125 0.044921875 0.087890625
0 0.509765625 0.4267578125 0.048828125 0.056640625
1 0.5205078125 0.673828125 0.046875 0.0625
1 0.6005859375 0.671875 0.0390625 0.0625
1 0.6982421875 0.666015625 0.0439453125 0.078125
1 0.8046875 0.6669921875 0.0654296875 0.072265625
1 0.560546875 0.75 0.0419921875 0.083984375
1 0.875 0.677734375 0.0595703125 0.068359375
1 0.81640625 0.7568359375 0.0673828125 0.0859375
0 0.537109375 0.34765625 0.044921875 0.033203125
0 0.4912109375 0.3603515625 0.0419921875 0.033203125
1 0.4306640625 0.677734375 0.0390625 0.064453125
1 0.076171875 0.759765625 0.0390625 0.072265625
1 0.6328125 0.484375 0.0283203125 0.0341796875
1 0.529296875 0.533203125 0.0263671875 0.048828125
1 0.4091796875 0.533203125 0.03125 0.052734375
1 0.5771484375 0.443359375 0.0263671875 0.0439453125
1 0.0888671875 0.583984375 0.03125 0.064453125
1 0.455078125 0.5166015625 0.0390625 0.0517578125
1 0.615234375 0.5283203125 0.048828125 0.046875
1 0.4892578125 0.4912109375 0.0283203125 0.0419921875
1 0.599609375 0.470703125 0.017578125 0.033203125
1 0.3046875 0.8642578125 0.0341796875 0.052734375
1 0.53125 0.3720703125 0.025390625 0.0283203125
1 0.6591796875 0.7021484375 0.052734375 0.044921875
0 0.927734375 0.5791015625 0.1171875 0.064453125
1 0.5048828125 0.6171875 0.056640625 0.072265625
1 0.73828125 0.7578125 0.0546875 0.0810546875
1 0.7255859375 0.630859375 0.0390625 0.046875
1 0.6640625 0.619140625 0.037109375 0.0576171875
1 0.6328125 0.587890625 0.03125 0.0576171875
1 0.029296875 0.802734375 0.037109375 0.0546875
1 0.5517578125 0.423828125 0.0185546875 0.033203125
1 0.947265625 0.634765625 0.0732421875 0.0703125
1 0.4521484375 0.373046875 0.0205078125 0.0283203125
1 0.771484375 0.58203125 0.0439453125 0.044921875
1 0.7041015625 0.5771484375 0.048828125 0.0517578125
1 0.5478515625 0.37109375 0.017578125 0.0234375
1 0.3095703125 0.5888671875 0.037109375 0.0654296875
1 0.685546875 0.4658203125 0.029296875 0.03125
1 0.0771484375 0.3427734375 0.017578125 0.017578125
1 0.478515625 0.421875 0.0341796875 0.025390625
1 0.3642578125 0.44921875 0.037109375 0.0263671875
1 0.5771484375 0.568359375 0.033203125 0.0517578125
1 0.2314453125 0.349609375 0.0283203125 0.025390625
1 0.6611328125 0.525390625 0.037109375 0.0419921875
1 0.53515625 0.578125 0.0234375 0.041015625
1 0.029296875 0.5654296875 0.033203125 0.0498046875
1 0.345703125 0.42578125 0.0498046875 0.0390625
1 0.515625 0.478515625 0.021484375 0.0390625
1 0.7763671875 0.48046875 0.0439453125 0.029296875
1 0.6748046875 0.6962890625 0.2001953125 0.2578125
1 0.6044921875 0.6162109375 0.0341796875 0.044921875
1 0.564453125 0.5322265625 0.021484375 0.0361328125
1 0.865234375 0.8798828125 0.0439453125 0.021484375
1 0.25390625 0.6123046875 0.033203125 0.0498046875
1 0.8466796875 0.587890625 0.03125 0.0390625
1 0.060546875 0.4775390625 0.025390625 0.0390625
1 0.7255859375 0.857421875 0.1298828125 0.0673828125
1 0.4326171875 0.544921875 0.0185546875 0.03125
1 0.888671875 0.384765625 0.013671875 0.0263671875
1 0.466796875 0.3564453125 0.0126953125 0.0283203125
1 0.0234375 0.3740234375 0.0126953125 0.0234375
1 0.10546875 0.4853515625 0.029296875 0.029296875
1 0.646484375 0.4560546875 0.029296875 0.0283203125
0 0.3525390625 0.322265625 0.033203125 0.0185546875
1 0.177734375 0.328125 0.017578125 0.0185546875
1 0.0380859375 0.4736328125 0.029296875 0.037109375
1 0.9521484375 0.5185546875 0.060546875 0.03125
1 0.6728515625 0.498046875 0.0234375 0.0263671875
1 0.462890625 0.7314453125 0.0341796875 0.103515625
1 0.6884765625 0.513671875 0.0263671875 0.0361328125
1 0.12109375 0.35546875 0.0263671875 0.0263671875
1 0.03125 0.853515625 0.041015625 0.056640625
0 0.244140625 0.376953125 0.0654296875 0.025390625
1 0.794921875 0.5458984375 0.0830078125 0.0576171875
1 0.734375 0.5546875 0.0283203125 0.037109375
1 0.5751953125 0.3876953125 0.015625 0.037109375
1 0.8349609375 0.705078125 0.029296875 0.0576171875
1 0.212890625 0.6142578125 0.0283203125 0.072265625
1 0.837890625 0.640625 0.029296875 0.0498046875
1 0.5458984375 0.400390625 0.013671875 0.0263671875
1 0.640625 0.470703125 0.1533203125 0.125
1 0.5107421875 0.619140625 0.177734375 0.34375