0 0.1923828125 0.7490234375 0.125 0.1640625
0 0.509765625 0.4189453125 0.044921875 0.046875
0 0.337890625 0.7265625 0.095703125 0.119140625
1 0.203125 0.529296875 0.025390625 0.0439453125
1 0.580078125 0.5283203125 0.0263671875 0.0439453125
1 0.4140625 0.8134765625 0.037109375 0.048828125
0 0.4853515625 0.3623046875 0.0419921875 0.03125
1 0.068359375 0.533203125 0.0283203125 0.0419921875
0 0.537109375 0.3515625 0.0390625 0.037109375
1 0.615234375 0.517578125 0.0263671875 0.046875
1 0.5224609375 0.4873046875 0.0205078125 0.03125
1 0.638671875 0.5048828125 0.0234375 0.041015625
1 0.4765625 0.4970703125 0.0185546875 0.0341796875
1 0.177734375 0.439453125 0.0205078125 0.03125
1 0.5849609375 0.4091796875 0.013671875 0.025390625
1 0.505859375 0.52734375 0.0205078125 0.0419921875
1 0.4560546875 0.7890625 0.03125 0.046875
1 0.310546875 0.841796875 0.0517578125 0.0810546875
1 0.076171875 0.7587890625 0.0439453125 0.076171875
1 0.5888671875 0.498046875 0.025390625 0.0341796875
1 0.427734375 0.6748046875 0.041015625 0.046875
1 0.4169921875 0.419921875 0.0126953125 0.025390625
0 0.2919921875 0.462890625 0.0966796875 0.052734375
1 0.1494140625 0.501953125 0.0205078125 0.0361328125
1 0.29296875 0.498046875 0.0390625 0.0390625
1 0.568359375 0.3935546875 0.021484375 0.0283203125
1 0.5146484375 0.45703125 0.033203125 0.0419921875
0 0.5078125 0.333984375 0.0283203125 0.0283203125
1 0.46484375 0.423828125 0.017578125 0.0283203125
1 0.5634765625 0.4658203125 0.0205078125 0.0341796875
0 0.107421875 0.4013671875 0.056640625 0.0341796875
1 0.548828125 0.44921875 0.0205078125 0.029296875
1 0.646484375 0.4677734375 0.0185546875 0.029296875
1 0.5546875 0.541015625 0.021484375 0.0390625
1 0.478515625 0.462890625 0.025390625 0.037109375
1 0.392578125 0.421875 0.0205078125 0.03125
1 0.166015625 0.3623046875 0.015625 0.0185546875
1 0.421875 0.3837890625 0.015625 0.0234375
1 0.583984375 0.470703125 0.017578125 0.033203125
1 0.0234375 0.568359375 0.021484375 0.0419921875
1 0.0283203125 0.84375 0.037109375 0.0625
0 0.185546875 0.3232421875 0.0390625 0.025390625
1 0.564453125 0.4326171875 0.0205078125 0.0341796875
1 0.1611328125 0.4228515625 0.025390625 0.0263671875
1 0.4951171875 0.4609375 0.015625 0.0341796875
1 0.634765625 0.4443359375 0.0419921875 0.033203125
1 0.3876953125 0.3837890625 0.0126953125 0.017578125
1 0.2080078125 0.3603515625 0.015625 0.0205078125
1 0.025390625 0.7685546875 0.0263671875 0.0439453125
1 0.0595703125 0.48046875 0.021484375 0.0361328125
1 0.6005859375 0.4912109375 0.1142578125 0.1171875
1 0.4375 0.7578125 0.025390625 0.046875
1 0.515625 0.373046875 0.015625 0.017578125
1 0.78515625 0.5625 0.0263671875 0.0654296875
1 0.099609375 0.521484375 0.025390625 0.0546875
1 0.548828125 0.421875 0.015625 0.0283203125
1 0.525390625 0.8232421875 0.021484375 0.046875
1 0.041015625 0.5537109375 0.0185546875 0.033203125
1 0.24609375 0.35546875 0.013671875 0.0234375
1 0.3818359375 0.361328125 0.0107421875 0.013671875
0 0.1953125 0.875 0.0966796875 0.0283203125
1 0.228515625 0.357421875 0.013671875 0.021484375
1 0.4541015625 0.365234375 0.017578125 0.0234375
1 0.3671875 0.359375 0.0283203125 0.021484375
1 0.6640625 0.517578125 0.0185546875 0.0439453125