0 0.3232421875 0.8017578125 0.1435546875 0.1748046875
0 0.6494140625 0.666015625 0.138671875 0.171875
0 0.201171875 0.6748046875 0.103515625 0.115234375
0 0.240234375 0.5068359375 0.0625 0.0703125
0 0.3154296875 0.6494140625 0.0908203125 0.107421875
0 0.224609375 0.5771484375 0.078125 0.0888671875
1 0.8193359375 0.5849609375 0.080078125 0.076171875
1 0.728515625 0.53515625 0.0439453125 0.0419921875
0 0.0712890625 0.8056640625 0.1015625 0.154296875
1 0.13671875 0.5234375 0.029296875 0.037109375
0 0.328125 0.490234375 0.0654296875 0.0595703125
0 0.505859375 0.3408203125 0.033203125 0.025390625
0 0.482421875 0.3544921875 0.0283203125 0.025390625
0 0.5341796875 0.451171875 0.0908203125 0.0595703125
0 0.3212890625 0.5498046875 0.0703125 0.0810546875
1 0.060546875 0.4853515625 0.025390625 0.0263671875
1 0.701171875 0.548828125 0.0283203125 0.0419921875
1 0.6787109375 0.5400390625 0.0263671875 0.0419921875
1 0.943359375 0.6826171875 0.0830078125 0.0966796875
0 0.43359375 0.4228515625 0.044921875 0.0517578125
1 0.0341796875 0.595703125 0.0341796875 0.056640625
1 0.9306640625 0.60546875 0.048828125 0.0419921875
0 0.54296875 0.3330078125 0.029296875 0.021484375
1 0.3916015625 0.5234375 0.0205078125 0.041015625
0 0.224609375 0.359375 0.025390625 0.021484375
0 0.2509765625 0.384765625 0.048828125 0.0361328125
0 0.3515625 0.3212890625 0.03125 0.017578125
1 0.1552734375 0.576171875 0.033203125 0.060546875
1 0.1884765625 0.51171875 0.0263671875 0.0361328125
1 0.89453125 0.5693359375 0.0390625 0.060546875
0 0.525390625 0.32421875 0.0205078125 0.017578125
1 0.17578125 0.466796875 0.0234375 0.029296875
1 0.220703125 0.419921875 0.025390625 0.033203125
1 0.634765625 0.4599609375 0.03125 0.029296875
1 0.505859375 0.400390625 0.015625 0.0205078125
0 0.2578125 0.4091796875 0.0341796875 0.021484375
1 0.0986328125 0.48046875 0.0341796875 0.0361328125
1 0.2060546875 0.482421875 0.015625 0.0390625
1 0.19140625 0.484375 0.017578125 0.0283203125
1 0.197265625 0.4248046875 0.013671875 0.021484375
1 0.138671875 0.4677734375 0.0341796875 0.0390625
1 0.1533203125 0.541015625 0.015625 0.029296875
1 0.0205078125 0.4736328125 0.0185546875 0.025390625
1 0.5673828125 0.380859375 0.052734375 0.0546875
1 0.390625 0.41796875 0.0185546875 0.0263671875
1 0.587890625 0.41015625 0.0107421875 0.0205078125