1 0.669921875 0.5810546875 0.044921875 0.0625
0 0.5263671875 0.4521484375 0.056640625 0.076171875
1 0.423828125 0.50390625 0.0263671875 0.060546875
1 0.248046875 0.568359375 0.0263671875 0.060546875
1 0.7060546875 0.671875 0.052734375 0.0810546875
1 0.8447265625 0.646484375 0.080078125 0.068359375
0 0.568359375 0.42578125 0.044921875 0.0576171875
1 0.623046875 0.53515625 0.0283203125 0.0546875
1 0.177734375 0.548828125 0.025390625 0.037109375
1 0.1962890625 0.6455078125 0.033203125 0.0751953125
1 0.1279296875 0.5712890625 0.025390625 0.0419921875
0 0.568359375 0.53125 0.080078125 0.0966796875
0 0.564453125 0.634765625 0.1376953125 0.146484375
1 0.751953125 0.7451171875 0.0546875 0.087890625
1 0.8154296875 0.564453125 0.0810546875 0.078125
1 0.1337890625 0.423828125 0.0263671875 0.029296875
1 0.1640625 0.5146484375 0.0283203125 0.0419921875
1 0.947265625 0.6298828125 0.0595703125 0.056640625
1 0.9677734375 0.693359375 0.048828125 0.087890625
1 0.751953125 0.8291015625 0.0576171875 0.0830078125
1 0.357421875 0.427734375 0.021484375 0.0234375
1 0.234375 0.41796875 0.025390625 0.033203125
1 0.2646484375 0.47265625 0.0234375 0.0390625
1 0.208984375 0.3984375 0.017578125 0.021484375
1 0.11328125 0.7265625 0.0517578125 0.0625
1 0.1484375 0.4833984375 0.021484375 0.029296875
1 0.1787109375 0.4033203125 0.017578125 0.0283203125
1 0.4140625 0.45703125 0.025390625 0.033203125
1 0.7265625 0.5361328125 0.046875 0.052734375
1 0.482421875 0.541015625 0.041015625 0.0517578125
1 0.376953125 0.455078125 0.021484375 0.033203125
1 0.1005859375 0.4130859375 0.0263671875 0.0234375
1 0.248046875 0.5107421875 0.0234375 0.0439453125
1 0.5869140625 0.486328125 0.0234375 0.0341796875
1 0.611328125 0.48828125 0.0283203125 0.044921875
0 0.5107421875 0.4072265625 0.037109375 0.0361328125
1 0.1484375 0.443359375 0.0126953125 0.017578125
0 0.490234375 0.3564453125 0.03125 0.0283203125
1 0.84375 0.603515625 0.041015625 0.0390625
0 0.45703125 0.421875 0.0419921875 0.052734375
1 0.1962890625 0.380859375 0.017578125 0.0234375
1 0.0283203125 0.564453125 0.03125 0.0517578125
1 0.021484375 0.4775390625 0.021484375 0.033203125
1 0.05859375 0.478515625 0.0234375 0.0361328125
0 0.91015625 0.8408203125 0.154296875 0.0966796875
1 0.908203125 0.716796875 0.044921875 0.0986328125
1 0.3662109375 0.3994140625 0.017578125 0.0234375
1 0.486328125 0.4169921875 0.0234375 0.037109375
1 0.109375 0.68359375 0.041015625 0.0419921875
1 0.1826171875 0.376953125 0.0126953125 0.0185546875
1 0.1923828125 0.5205078125 0.150390625 0.162109375
1 0.89453125 0.583984375 0.0390625 0.0517578125
1 0.16796875 0.388671875 0.017578125 0.0263671875
1 0.453125 0.689453125 0.0341796875 0.0859375
1 0.603515625 0.44921875 0.017578125 0.029296875
1 0.677734375 0.5048828125 0.033203125 0.0439453125
1 0.1044921875 0.4853515625 0.03125 0.029296875
1 0.896484375 0.5390625 0.029296875 0.0439453125
0 0.236328125 0.341796875 0.0390625 0.0341796875
0 0.201171875 0.4462890625 0.060546875 0.0361328125
1 0.6416015625 0.4404296875 0.044921875 0.0341796875
0 0.5712890625 0.384765625 0.0361328125 0.037109375
1 0.7041015625 0.609375 0.0263671875 0.0498046875
1 0.0263671875 0.373046875 0.015625 0.0234375
0 0.529296875 0.357421875 0.0283203125 0.0234375
1 0.2548828125 0.3955078125 0.021484375 0.025390625
1 0.0771484375 0.3359375 0.0205078125 0.0185546875
0 0.232421875 0.373046875 0.0546875 0.041015625