0 0.189453125 0.7822265625 0.1279296875 0.1953125
0 0.708984375 0.6806640625 0.1611328125 0.169921875
0 0.490234375 0.359375 0.0361328125 0.03125
0 0.53515625 0.5947265625 0.1015625 0.111328125
0 0.509765625 0.40625 0.041015625 0.046875
1 0.154296875 0.486328125 0.0234375 0.0390625
0 0.3388671875 0.724609375 0.099609375 0.115234375
1 0.3076171875 0.498046875 0.0283203125 0.037109375
0 0.595703125 0.544921875 0.080078125 0.087890625
0 0.9189453125 0.515625 0.140625 0.0654296875
1 0.537109375 0.521484375 0.0390625 0.0517578125
1 0.5908203125 0.44140625 0.03125 0.0390625
0 0.4794921875 0.517578125 0.0751953125 0.083984375
1 0.748046875 0.5361328125 0.046875 0.0439453125
1 0.6826171875 0.5625 0.037109375 0.046875
1 0.6455078125 0.5263671875 0.0283203125 0.0341796875
1 0.8720703125 0.775390625 0.0625 0.083984375
1 0.8154296875 0.56640625 0.087890625 0.0732421875
1 0.8759765625 0.6640625 0.0859375 0.0810546875
0 0.5078125 0.333984375 0.0341796875 0.03125
1 0.40625 0.49609375 0.037109375 0.0419921875
1 0.11328125 0.6533203125 0.0732421875 0.0498046875
1 0.51171875 0.490234375 0.0263671875 0.0361328125
1 0.716796875 0.580078125 0.044921875 0.0419921875
0 0.537109375 0.341796875 0.03125 0.025390625
1 0.4697265625 0.4248046875 0.017578125 0.03125
1 0.6708984375 0.501953125 0.0390625 0.0390625
1 0.7919921875 0.6748046875 0.052734375 0.083984375
1 0.55859375 0.494140625 0.0205078125 0.0341796875
1 0.0302734375 0.560546875 0.0361328125 0.044921875
1 0.9775390625 0.6474609375 0.0205078125 0.0673828125
1 0.623046875 0.49609375 0.0263671875 0.0361328125
1 0.0576171875 0.478515625 0.025390625 0.037109375
1 0.59765625 0.494140625 0.0263671875 0.033203125
1 0.4951171875 0.431640625 0.015625 0.0283203125
1 0.107421875 0.4814453125 0.0341796875 0.0341796875
1 0.953125 0.619140625 0.0439453125 0.0419921875
1 0.4345703125 0.4716796875 0.0283203125 0.041015625
1 0.876953125 0.6162109375 0.0341796875 0.048828125
1 0.4521484375 0.361328125 0.0205078125 0.0283203125
1 0.1376953125 0.7236328125 0.021484375 0.03125
1 0.58984375 0.400390625 0.0205078125 0.0263671875
1 0.490234375 0.455078125 0.0234375 0.029296875
1 0.5302734375 0.369140625 0.0205078125 0.0263671875
1 0.4189453125 0.4365234375 0.0185546875 0.0263671875
1 0.1953125 0.353515625 0.0185546875 0.0205078125
1 0.0654296875 0.779296875 0.0439453125 0.0673828125
1 0.7080078125 0.474609375 0.046875 0.037109375
1 0.3916015625 0.8623046875 0.0517578125 0.056640625
1 0.154296875 0.458984375 0.0205078125 0.0283203125
1 0.71875 0.8349609375 0.0595703125 0.0673828125
1 0.888671875 0.576171875 0.0283203125 0.0517578125
1 0.923828125 0.64453125 0.0283203125 0.0576171875
1 0.3857421875 0.4384765625 0.025390625 0.0263671875
1 0.1279296875 0.8369140625 0.0498046875 0.0986328125
1 0.4267578125 0.7177734375 0.0341796875 0.048828125
1 0.4853515625 0.677734375 0.0517578125 0.064453125
1 0.4541015625 0.4140625 0.017578125 0.037109375
1 0.5478515625 0.3955078125 0.0263671875 0.0341796875
1 0.482421875 0.74609375 0.037109375 0.0859375
1 0.546875 0.451171875 0.015625 0.021484375
1 0.3642578125 0.4228515625 0.0185546875 0.0205078125
1 0.0234375 0.3740234375 0.0185546875 0.0234375
1 0.904296875 0.724609375 0.033203125 0.087890625
1 0.2451171875 0.3408203125 0.03125 0.025390625
1 0.5654296875 0.369140625 0.015625 0.0263671875
1 0.798828125 0.5302734375 0.021484375 0.033203125
1 0.4462890625 0.6787109375 0.0263671875 0.0673828125