0 0.6376953125 0.787109375 0.1689453125 0.1982421875
1 0.779296875 0.693359375 0.0498046875 0.078125
0 0.2001953125 0.5849609375 0.083984375 0.095703125
0 0.3486328125 0.580078125 0.072265625 0.0859375
0 0.5615234375 0.443359375 0.0546875 0.0517578125
0 0.6318359375 0.59765625 0.1328125 0.1298828125
1 0.5537109375 0.6767578125 0.0361328125 0.0654296875
0 0.560546875 0.4921875 0.072265625 0.068359375
1 0.798828125 0.587890625 0.0439453125 0.0595703125
1 0.115234375 0.638671875 0.033203125 0.0576171875
1 0.181640625 0.5048828125 0.021484375 0.037109375
1 0.15625 0.4873046875 0.025390625 0.037109375
1 0.14453125 0.5341796875 0.0234375 0.0439453125
1 0.888671875 0.654296875 0.0732421875 0.076171875
1 0.677734375 0.6650390625 0.0517578125 0.0830078125
1 0.958984375 0.666015625 0.0546875 0.072265625
1 0.7158203125 0.6064453125 0.03125 0.0498046875
1 0.857421875 0.595703125 0.0673828125 0.0673828125
1 0.2685546875 0.744140625 0.037109375 0.052734375
1 0.271484375 0.455078125 0.0283203125 0.0341796875
1 0.7255859375 0.537109375 0.048828125 0.044921875
0 0.14453125 0.4091796875 0.060546875 0.046875
1 0.6748046875 0.5400390625 0.025390625 0.0390625
1 0.173828125 0.685546875 0.0263671875 0.046875
0 0.306640625 0.439453125 0.0517578125 0.046875
1 0.427734375 0.54296875 0.0283203125 0.0517578125
1 0.244140625 0.658203125 0.029296875 0.0498046875
1 0.8505859375 0.6572265625 0.0263671875 0.0419921875
1 0.193359375 0.458984375 0.017578125 0.03125
1 0.21875 0.7021484375 0.021484375 0.0517578125
1 0.2978515625 0.6533203125 0.0263671875 0.046875
0 0.541015625 0.380859375 0.037109375 0.03125
0 0.494140625 0.583984375 0.087890625 0.150390625
1 0.248046875 0.462890625 0.0205078125 0.0283203125
0 0.49609375 0.353515625 0.0361328125 0.0263671875
1 0.419921875 0.666015625 0.0234375 0.044921875
0 0.470703125 0.4794921875 0.0673828125 0.0654296875
1 0.451171875 0.7109375 0.0419921875 0.0810546875
1 0.8310546875 0.560546875 0.03125 0.037109375
0 0.263671875 0.4091796875 0.060546875 0.0341796875
1 0.203125 0.7451171875 0.0341796875 0.0654296875
1 0.927734375 0.6103515625 0.044921875 0.0390625
1 0.5849609375 0.41015625 0.0263671875 0.044921875
1 0.2314453125 0.8447265625 0.0439453125 0.076171875
1 0.068359375 0.4794921875 0.0419921875 0.0341796875
0 0.494140625 0.3896484375 0.0419921875 0.0419921875
1 0.1220703125 0.7177734375 0.025390625 0.0390625
1 0.3916015625 0.8564453125 0.0390625 0.0595703125
1 0.0244140625 0.560546875 0.0234375 0.044921875
1 0.166015625 0.4501953125 0.025390625 0.0283203125
0 0.328125 0.3984375 0.072265625 0.0341796875
1 0.1025390625 0.7568359375 0.0419921875 0.0703125
0 0.509765625 0.333984375 0.0263671875 0.021484375
0 0.5400390625 0.333984375 0.0361328125 0.03125
1 0.8681640625 0.8583984375 0.064453125 0.060546875
0 0.9541015625 0.5732421875 0.0673828125 0.052734375
1 0.896484375 0.57421875 0.037109375 0.033203125
1 0.44921875 0.369140625 0.017578125 0.029296875
1 0.0400390625 0.4697265625 0.033203125 0.033203125
0 0.2451171875 0.3623046875 0.068359375 0.052734375
1 0.37109375 0.4013671875 0.017578125 0.021484375
1 0.189453125 0.42578125 0.013671875 0.033203125
1 0.0576171875 0.7734375 0.037109375 0.0751953125
1 0.44140625 0.4189453125 0.033203125 0.0498046875
1 0.10546875 0.4853515625 0.029296875 0.029296875