0 0.4921875 0.525390625 0.0595703125 0.083984375
0 0.345703125 0.619140625 0.0859375 0.111328125
0 0.638671875 0.62109375 0.115234375 0.138671875
0 0.7119140625 0.806640625 0.1640625 0.1640625
1 0.248046875 0.728515625 0.0390625 0.068359375
1 0.365234375 0.490234375 0.0234375 0.0341796875
0 0.5078125 0.4306640625 0.046875 0.064453125
0 0.2216796875 0.568359375 0.068359375 0.0810546875
1 0.5595703125 0.529296875 0.03125 0.048828125
1 0.8017578125 0.580078125 0.046875 0.0673828125
1 0.107421875 0.6318359375 0.037109375 0.064453125
1 0.4248046875 0.451171875 0.025390625 0.041015625
1 0.8115234375 0.701171875 0.060546875 0.1044921875
0 0.314453125 0.505859375 0.0625 0.064453125
0 0.2275390625 0.4873046875 0.0576171875 0.0595703125
0 0.076171875 0.392578125 0.0439453125 0.0361328125
1 0.564453125 0.45703125 0.0263671875 0.0361328125
1 0.724609375 0.609375 0.0703125 0.09375
1 0.5888671875 0.423828125 0.015625 0.0283203125
1 0.5849609375 0.4765625 0.029296875 0.046875
1 0.630859375 0.451171875 0.0341796875 0.037109375
1 0.7001953125 0.5478515625 0.037109375 0.048828125
1 0.443359375 0.4873046875 0.0205078125 0.0283203125
1 0.16796875 0.513671875 0.0234375 0.0361328125
1 0.861328125 0.591796875 0.0751953125 0.072265625
1 0.943359375 0.6865234375 0.0810546875 0.0888671875
1 0.28515625 0.5400390625 0.029296875 0.064453125
0 0.107421875 0.7998046875 0.166015625 0.166015625
1 0.8896484375 0.65234375 0.0673828125 0.0703125
1 0.1357421875 0.439453125 0.021484375 0.0234375
1 0.1103515625 0.4169921875 0.0234375 0.0283203125
1 0.5703125 0.7001953125 0.052734375 0.09375
1 0.17578125 0.4404296875 0.0234375 0.0283203125
0 0.4970703125 0.337890625 0.025390625 0.017578125
1 0.42578125 0.4111328125 0.017578125 0.021484375
1 0.052734375 0.7314453125 0.046875 0.0810546875
1 0.556640625 0.4189453125 0.0234375 0.03125
0 0.1884765625 0.3583984375 0.029296875 0.0234375
1 0.150390625 0.58203125 0.041015625 0.0546875
1 0.470703125 0.375 0.015625 0.0283203125
1 0.0576171875 0.48046875 0.021484375 0.0361328125
1 0.26171875 0.4072265625 0.0234375 0.0263671875
1 0.9296875 0.603515625 0.0498046875 0.0419921875
1 0.599609375 0.5244140625 0.0185546875 0.0390625
0 0.2841796875 0.431640625 0.0439453125 0.0361328125
1 0.1240234375 0.3623046875 0.0107421875 0.015625
0 0.2275390625 0.341796875 0.0263671875 0.021484375
1 0.5595703125 0.380859375 0.015625 0.03125
1 0.1103515625 0.8671875 0.0517578125 0.0439453125
1 0.201171875 0.4345703125 0.033203125 0.0283203125
1 0.0595703125 0.869140625 0.0654296875 0.046875
1 0.732421875 0.537109375 0.0390625 0.037109375
1 0.029296875 0.5703125 0.0341796875 0.0625
1 0.6201171875 0.525390625 0.025390625 0.0390625
1 0.34765625 0.8603515625 0.0576171875 0.0576171875
1 0.212890625 0.353515625 0.013671875 0.0205078125
1 0.5322265625 0.4404296875 0.017578125 0.03125
1 0.2353515625 0.4453125 0.0517578125 0.0439453125
1 0.40625 0.396484375 0.015625 0.03125
1 0.9716796875 0.6337890625 0.0341796875 0.064453125
1 0.900390625 0.5458984375 0.0283203125 0.033203125
1 0.1064453125 0.4873046875 0.03125 0.03125
1 0.4482421875 0.3896484375 0.015625 0.017578125
1 0.5595703125 0.451171875 0.09375 0.1826171875
1 0.521484375 0.666015625 0.037109375 0.083984375
1 0.021484375 0.373046875 0.0185546875 0.025390625
1 0.0205078125 0.5166015625 0.0185546875 0.0263671875
1 0.486328125 0.36328125 0.025390625 0.033203125
1 0.03125 0.4873046875 0.041015625 0.0498046875