1 0.2470703125 0.662109375 0.0439453125 0.0830078125
0 0.7158203125 0.658203125 0.146484375 0.1533203125
1 0.6826171875 0.5498046875 0.052734375 0.0625
1 0.1337890625 0.533203125 0.0234375 0.041015625
0 0.5439453125 0.470703125 0.056640625 0.0673828125
0 0.216796875 0.5498046875 0.0751953125 0.078125
1 0.283203125 0.5712890625 0.0361328125 0.0546875
1 0.4072265625 0.43359375 0.0205078125 0.029296875
1 0.16015625 0.49609375 0.0205078125 0.0361328125
1 0.8916015625 0.650390625 0.0830078125 0.0810546875
1 0.1171875 0.712890625 0.0439453125 0.0654296875
1 0.603515625 0.58203125 0.0341796875 0.048828125
1 0.1806640625 0.47265625 0.0234375 0.044921875
1 0.8203125 0.580078125 0.0810546875 0.087890625
1 0.728515625 0.53515625 0.0439453125 0.048828125
1 0.361328125 0.4443359375 0.0185546875 0.029296875
1 0.3828125 0.4921875 0.025390625 0.037109375
1 0.615234375 0.513671875 0.0283203125 0.0390625
1 0.2890625 0.4814453125 0.021484375 0.0341796875
1 0.16015625 0.4482421875 0.0205078125 0.0283203125
1 0.1162109375 0.64453125 0.033203125 0.0419921875
1 0.1904296875 0.3759765625 0.015625 0.0263671875
1 0.2412109375 0.4619140625 0.0234375 0.0419921875
1 0.951171875 0.6826171875 0.0703125 0.072265625
1 0.193359375 0.8173828125 0.037109375 0.0498046875
0 0.466796875 0.42578125 0.0498046875 0.044921875
1 0.5078125 0.45703125 0.0185546875 0.033203125
1 0.591796875 0.6796875 0.060546875 0.1064453125
0 0.55859375 0.3935546875 0.033203125 0.037109375
1 0.240234375 0.419921875 0.0185546875 0.029296875
0 0.521484375 0.419921875 0.0390625 0.0390625
1 0.2177734375 0.4814453125 0.0234375 0.037109375
1 0.2158203125 0.4404296875 0.0185546875 0.03125
1 0.66015625 0.7138671875 0.0546875 0.056640625
1 0.05859375 0.48046875 0.0234375 0.0361328125
1 0.8955078125 0.541015625 0.03125 0.0361328125
1 0.1279296875 0.416015625 0.021484375 0.025390625
1 0.0224609375 0.484375 0.0234375 0.037109375
1 0.46484375 0.36328125 0.0263671875 0.029296875
0 0.6826171875 0.8095703125 0.1845703125 0.150390625
1 0.43359375 0.486328125 0.0263671875 0.0390625
1 0.1064453125 0.4189453125 0.0341796875 0.0341796875
1 0.279296875 0.44921875 0.0263671875 0.033203125
1 0.2177734375 0.408203125 0.017578125 0.0234375
0 0.3515625 0.3203125 0.03125 0.0185546875
1 0.353515625 0.421875 0.015625 0.025390625
0 0.228515625 0.3515625 0.0283203125 0.021484375
1 0.9580078125 0.6259765625 0.0439453125 0.0576171875
1 0.611328125 0.4814453125 0.0205078125 0.037109375
1 0.267578125 0.408203125 0.029296875 0.029296875
1 0.537109375 0.396484375 0.0205078125 0.033203125
1 0.1181640625 0.595703125 0.029296875 0.060546875
0 0.490234375 0.3525390625 0.0283203125 0.0263671875
1 0.111328125 0.482421875 0.0390625 0.0341796875
1 0.587890625 0.533203125 0.0390625 0.052734375
1 0.455078125 0.560546875 0.0361328125 0.056640625
0 0.5400390625 0.361328125 0.033203125 0.0341796875
1 0.4462890625 0.6826171875 0.0390625 0.0751953125
1 0.5009765625 0.408203125 0.013671875 0.0283203125
1 0.2109375 0.771484375 0.021484375 0.0595703125
1 0.6337890625 0.4384765625 0.0419921875 0.0361328125
0 0.2294921875 0.3740234375 0.041015625 0.033203125
1 0.8984375 0.5859375 0.037109375 0.0498046875
1 0.57421875 0.8291015625 0.076171875 0.107421875
1 0.01953125 0.810546875 0.017578125 0.044921875
1 0.029296875 0.560546875 0.0341796875 0.048828125
1 0.076171875 0.337890625 0.021484375 0.0205078125
1 0.9541015625 0.5302734375 0.0205078125 0.017578125
0 0.513671875 0.3759765625 0.033203125 0.0390625
1 0.224609375 0.4521484375 0.1455078125 0.111328125
1 0.890625 0.3857421875 0.015625 0.025390625
1 0.4208984375 0.404296875 0.0263671875 0.0283203125
0 0.521484375 0.330078125 0.0263671875 0.0205078125
1 0.3837890625 0.4697265625 0.013671875 0.0234375
1 0.8173828125 0.537109375 0.021484375 0.0361328125