0 0.1923828125 0.75 0.1220703125 0.166015625
0 0.509765625 0.4228515625 0.0546875 0.0546875
1 0.5078125 0.4755859375 0.0283203125 0.0419921875
0 0.337890625 0.7275390625 0.099609375 0.1201171875
0 0.54296875 0.3564453125 0.048828125 0.046875
1 0.12890625 0.560546875 0.033203125 0.0498046875
1 0.525390625 0.546875 0.052734375 0.046875
1 0.6103515625 0.4951171875 0.0390625 0.0439453125
1 0.576171875 0.48828125 0.03125 0.0419921875
0 0.490234375 0.3603515625 0.0419921875 0.0361328125
1 0.078125 0.740234375 0.056640625 0.103515625
0 0.158203125 0.4140625 0.076171875 0.046875
1 0.5419921875 0.478515625 0.0283203125 0.0419921875
0 0.283203125 0.443359375 0.0908203125 0.048828125
1 0.1416015625 0.46484375 0.0234375 0.0361328125
1 0.306640625 0.8349609375 0.044921875 0.091796875
1 0.0673828125 0.5458984375 0.03125 0.044921875
1 0.32421875 0.556640625 0.0673828125 0.044921875
1 0.248046875 0.474609375 0.0361328125 0.0419921875
1 0.6357421875 0.5048828125 0.025390625 0.046875
1 0.1767578125 0.4541015625 0.0341796875 0.0390625
1 0.4111328125 0.806640625 0.046875 0.0654296875
0 0.509765625 0.3330078125 0.03125 0.0283203125
1 0.3095703125 0.478515625 0.0498046875 0.0419921875
1 0.412109375 0.482421875 0.0439453125 0.041015625
1 0.5654296875 0.4248046875 0.015625 0.0283203125
1 0.5537109375 0.447265625 0.0234375 0.029296875
1 0.4287109375 0.671875 0.0419921875 0.0439453125
1 0.4541015625 0.783203125 0.048828125 0.0703125
1 0.376953125 0.501953125 0.0517578125 0.048828125
1 0.6474609375 0.560546875 0.0703125 0.052734375
1 0.5810546875 0.41796875 0.015625 0.029296875
1 0.4677734375 0.4375 0.0205078125 0.0283203125
1 0.4951171875 0.453125 0.015625 0.021484375
1 0.791015625 0.564453125 0.0419921875 0.0361328125
1 0.5947265625 0.466796875 0.0205078125 0.029296875
1 0.115234375 0.4228515625 0.017578125 0.0234375
1 0.0693359375 0.482421875 0.0390625 0.0361328125
1 0.619140625 0.4638671875 0.0205078125 0.0283203125
1 0.634765625 0.443359375 0.0361328125 0.033203125
1 0.0654296875 0.6787109375 0.0439453125 0.0576171875
1 0.4248046875 0.7158203125 0.0439453125 0.056640625
1 0.4619140625 0.7216796875 0.029296875 0.0498046875
1 0.6201171875 0.6181640625 0.0341796875 0.0732421875
1 0.3681640625 0.46875 0.0390625 0.0283203125
1 0.4375 0.3623046875 0.0185546875 0.0283203125
0 0.2333984375 0.365234375 0.060546875 0.037109375
1 0.39453125 0.447265625 0.0234375 0.0390625
1 0.0263671875 0.58984375 0.0283203125 0.0703125
1 0.802734375 0.771484375 0.078125 0.072265625
1 0.1083984375 0.4833984375 0.033203125 0.0361328125
1 0.3974609375 0.5390625 0.0361328125 0.052734375
1 0.2060546875 0.3603515625 0.0126953125 0.0205078125
1 0.0234375 0.4599609375 0.0185546875 0.029296875
1 0.9775390625 0.857421875 0.0205078125 0.0625
0 0.1953125 0.876953125 0.109375 0.0283203125
0 0.171875 0.330078125 0.0439453125 0.0283203125
1 0.328125 0.35546875 0.0185546875 0.029296875
1 0.7568359375 0.5625 0.0234375 0.025390625
1 0.8935546875 0.5703125 0.0625 0.041015625
1 0.2470703125 0.33203125 0.041015625 0.0205078125
1 0.654296875 0.69921875 0.029296875 0.060546875
1 0.6669921875 0.62890625 0.037109375 0.0859375
1 0.2109375 0.330078125 0.0185546875 0.017578125
1 0.56640625 0.5126953125 0.189453125 0.15625
1 0.359375 0.322265625 0.0126953125 0.017578125