0 0.771484375 0.6982421875 0.171875 0.171875
1 0.3154296875 0.6015625 0.03125 0.056640625
0 0.5859375 0.5087890625 0.072265625 0.095703125
1 0.646484375 0.6455078125 0.037109375 0.0654296875
1 0.1142578125 0.685546875 0.041015625 0.0654296875
1 0.3564453125 0.724609375 0.0283203125 0.056640625
0 0.54296875 0.61328125 0.1142578125 0.1484375
1 0.287109375 0.701171875 0.037109375 0.09375
1 0.6875 0.544921875 0.0498046875 0.0546875
1 0.146484375 0.552734375 0.0263671875 0.041015625
0 0.5634765625 0.380859375 0.033203125 0.037109375
1 0.30078125 0.53125 0.0234375 0.037109375
1 0.525390625 0.517578125 0.0283203125 0.044921875
1 0.73046875 0.5390625 0.0390625 0.046875
1 0.265625 0.583984375 0.0283203125 0.0498046875
1 0.224609375 0.572265625 0.0234375 0.0439453125
0 0.6630859375 0.8173828125 0.1669921875 0.1435546875
1 0.1259765625 0.517578125 0.029296875 0.037109375
1 0.10546875 0.4150390625 0.0205078125 0.0234375
1 0.19921875 0.62890625 0.029296875 0.0517578125
1 0.3369140625 0.513671875 0.0205078125 0.033203125
1 0.818359375 0.568359375 0.080078125 0.087890625
1 0.9462890625 0.6865234375 0.076171875 0.0859375
1 0.2119140625 0.4482421875 0.017578125 0.025390625
1 0.4951171875 0.494140625 0.021484375 0.03125
1 0.2255859375 0.505859375 0.0234375 0.0439453125
1 0.1708984375 0.48046875 0.0205078125 0.0361328125
1 0.3740234375 0.625 0.029296875 0.056640625
1 0.1083984375 0.482421875 0.029296875 0.029296875
1 0.2685546875 0.52734375 0.021484375 0.0361328125
1 0.115234375 0.6357421875 0.029296875 0.037109375
0 0.537109375 0.423828125 0.041015625 0.0419921875
1 0.380859375 0.5712890625 0.0283203125 0.048828125
1 0.2685546875 0.4892578125 0.021484375 0.0341796875
1 0.244140625 0.404296875 0.0205078125 0.0263671875
1 0.36328125 0.455078125 0.017578125 0.03125
1 0.1484375 0.490234375 0.021484375 0.037109375
1 0.05859375 0.4794921875 0.0205078125 0.0341796875
1 0.1787109375 0.525390625 0.033203125 0.046875
1 0.25 0.4599609375 0.0283203125 0.0361328125
1 0.181640625 0.453125 0.0234375 0.025390625
1 0.0234375 0.486328125 0.025390625 0.033203125
1 0.576171875 0.564453125 0.0234375 0.033203125
1 0.5615234375 0.4228515625 0.0205078125 0.029296875
1 0.591796875 0.65234375 0.025390625 0.0546875
1 0.9443359375 0.5361328125 0.0361328125 0.0283203125
0 0.4423828125 0.4482421875 0.052734375 0.0751953125
0 0.4765625 0.384765625 0.0341796875 0.0341796875
1 0.5986328125 0.439453125 0.0185546875 0.0283203125
1 0.0859375 0.400390625 0.025390625 0.0283203125
1 0.14453125 0.4423828125 0.017578125 0.025390625
1 0.2958984375 0.439453125 0.044921875 0.033203125
1 0.1982421875 0.7724609375 0.0341796875 0.0673828125
1 0.9296875 0.6103515625 0.0439453125 0.0390625
1 0.580078125 0.44921875 0.025390625 0.029296875
0 0.5029296875 0.349609375 0.025390625 0.037109375
0 0.5439453125 0.3427734375 0.025390625 0.0234375
1 0.3154296875 0.568359375 0.0185546875 0.03125
1 0.0302734375 0.5625 0.0361328125 0.0498046875
1 0.4228515625 0.49609375 0.0234375 0.0361328125
1 0.189453125 0.3818359375 0.0205078125 0.0263671875
1 0.162109375 0.373046875 0.015625 0.0205078125
1 0.271484375 0.810546875 0.037109375 0.0751953125
1 0.2060546875 0.3486328125 0.0126953125 0.0185546875
1 0.2412109375 0.5625 0.220703125 0.1533203125
1 0.896484375 0.5869140625 0.041015625 0.0546875
1 0.2109375 0.416015625 0.015625 0.0234375
1 0.474609375 0.416015625 0.021484375 0.025390625
0 0.228515625 0.380859375 0.0498046875 0.037109375
1 0.474609375 0.669921875 0.029296875 0.060546875
1 0.443359375 0.419921875 0.015625 0.021484375
1 0.958984375 0.626953125 0.041015625 0.0546875
1 0.5673828125 0.765625 0.052734375 0.078125
1 0.580078125 0.419921875 0.0234375 0.0390625
1 0.4296875 0.658203125 0.037109375 0.037109375
1 0.6396484375 0.443359375 0.0390625 0.029296875