0 0.193359375 0.748046875 0.1220703125 0.1611328125
0 0.51171875 0.421875 0.0517578125 0.052734375
0 0.337890625 0.7255859375 0.0986328125 0.1201171875
1 0.30078125 0.4912109375 0.033203125 0.0390625
0 0.59765625 0.548828125 0.173828125 0.0859375
1 0.4013671875 0.537109375 0.041015625 0.0576171875
0 0.5400390625 0.3525390625 0.0419921875 0.0419921875
1 0.0673828125 0.537109375 0.0283203125 0.041015625
1 0.244140625 0.4658203125 0.0283203125 0.0283203125
1 0.306640625 0.833984375 0.048828125 0.0888671875
0 0.4892578125 0.361328125 0.037109375 0.03125
1 0.150390625 0.462890625 0.025390625 0.0361328125
1 0.517578125 0.4716796875 0.0419921875 0.0439453125
1 0.576171875 0.388671875 0.0185546875 0.0283203125
1 0.416015625 0.80859375 0.041015625 0.060546875
1 0.4697265625 0.4306640625 0.0234375 0.0263671875
1 0.6220703125 0.48828125 0.0341796875 0.0390625
1 0.5595703125 0.39453125 0.0185546875 0.029296875
1 0.458984375 0.783203125 0.037109375 0.0576171875
1 0.8916015625 0.5830078125 0.0390625 0.041015625
1 0.568359375 0.4384765625 0.017578125 0.0234375
1 0.5810546875 0.486328125 0.025390625 0.0341796875
0 0.509765625 0.333984375 0.03125 0.0283203125
1 0.0830078125 0.74609375 0.052734375 0.095703125
1 0.5166015625 0.3720703125 0.017578125 0.0185546875
1 0.0654296875 0.474609375 0.0341796875 0.03125
1 0.84765625 0.634765625 0.0419921875 0.083984375
1 0.494140625 0.4541015625 0.017578125 0.029296875
1 0.5537109375 0.4716796875 0.0205078125 0.0439453125
1 0.103515625 0.416015625 0.0185546875 0.0283203125
1 0.427734375 0.6865234375 0.0439453125 0.0546875
1 0.646484375 0.4697265625 0.0205078125 0.0263671875
1 0.8486328125 0.578125 0.03125 0.0341796875
1 0.419921875 0.740234375 0.044921875 0.0576171875
0 0.228515625 0.4296875 0.068359375 0.046875
1 0.2509765625 0.365234375 0.0205078125 0.037109375
1 0.1572265625 0.4150390625 0.013671875 0.0263671875
1 0.4560546875 0.716796875 0.021484375 0.0263671875
0 0.1875 0.36328125 0.041015625 0.0234375
1 0.587890625 0.4482421875 0.013671875 0.025390625
1 0.564453125 0.3720703125 0.0263671875 0.0283203125
1 0.412109375 0.361328125 0.013671875 0.017578125
1 0.1767578125 0.3271484375 0.0185546875 0.0205078125
1 0.619140625 0.4599609375 0.0185546875 0.029296875
1 0.595703125 0.466796875 0.015625 0.0205078125
1 0.068359375 0.33984375 0.015625 0.017578125
1 0.021484375 0.373046875 0.0185546875 0.0234375
1 0.517578125 0.44921875 0.0185546875 0.0205078125
1 0.58203125 0.3583984375 0.0107421875 0.013671875
1 0.029296875 0.5947265625 0.0283203125 0.0673828125
1 0.6298828125 0.587890625 0.021484375 0.0390625
1 0.0205078125 0.4599609375 0.0185546875 0.033203125
1 0.1943359375 0.3232421875 0.017578125 0.0185546875
1 0.1630859375 0.3623046875 0.017578125 0.021484375
1 0.0185546875 0.4970703125 0.015625 0.0283203125
1 0.8916015625 0.384765625 0.017578125 0.0234375
1 0.890625 0.5576171875 0.0185546875 0.0283203125
1 0.5498046875 0.4423828125 0.015625 0.025390625
1 0.9716796875 0.587890625 0.0283203125 0.0390625
1 0.68359375 0.453125 0.0205078125 0.025390625
1 0.1416015625 0.794921875 0.0263671875 0.0625
0 0.1884765625 0.875 0.111328125 0.0283203125