0 0.75390625 0.755859375 0.1767578125 0.1953125
0 0.5703125 0.5234375 0.078125 0.103515625
1 0.7294921875 0.642578125 0.041015625 0.048828125
1 0.8095703125 0.583984375 0.0625 0.076171875
1 0.6767578125 0.5615234375 0.0439453125 0.076171875
0 0.4736328125 0.5068359375 0.0625 0.0888671875
0 0.3388671875 0.732421875 0.103515625 0.1171875
0 0.6552734375 0.4609375 0.095703125 0.0654296875
0 0.48828125 0.361328125 0.0361328125 0.03125
1 0.724609375 0.568359375 0.048828125 0.064453125
1 0.6259765625 0.529296875 0.0361328125 0.0595703125
1 0.5947265625 0.61328125 0.033203125 0.060546875
1 0.9443359375 0.69140625 0.080078125 0.080078125
1 0.875 0.64453125 0.078125 0.0732421875
0 0.5146484375 0.3271484375 0.029296875 0.0234375
1 0.9638671875 0.619140625 0.041015625 0.056640625
0 0.54296875 0.642578125 0.111328125 0.1279296875
0 0.5390625 0.34375 0.03125 0.025390625
1 0.9130859375 0.5400390625 0.0517578125 0.0361328125
1 0.18359375 0.38671875 0.013671875 0.0205078125
1 0.841796875 0.55078125 0.0390625 0.0517578125
1 0.1259765625 0.42578125 0.0234375 0.0263671875
1 0.21484375 0.3984375 0.0263671875 0.03125
1 0.357421875 0.4248046875 0.021484375 0.0283203125
0 0.240234375 0.3408203125 0.033203125 0.025390625
0 0.23046875 0.365234375 0.0517578125 0.037109375
1 0.2080078125 0.466796875 0.015625 0.0283203125
1 0.0546875 0.482421875 0.021484375 0.0341796875
1 0.921875 0.609375 0.052734375 0.056640625
1 0.1064453125 0.48046875 0.0341796875 0.0361328125
1 0.591796875 0.4267578125 0.015625 0.0283203125
1 0.564453125 0.458984375 0.0263671875 0.029296875
1 0.427734375 0.4384765625 0.015625 0.029296875
1 0.177734375 0.486328125 0.025390625 0.0361328125
1 0.37890625 0.4521484375 0.0234375 0.0361328125
0 0.3544921875 0.3212890625 0.0341796875 0.017578125
1 0.5986328125 0.400390625 0.015625 0.033203125
1 0.482421875 0.615234375 0.03125 0.076171875
1 0.947265625 0.8515625 0.072265625 0.0751953125
1 0.517578125 0.4765625 0.0341796875 0.041015625
1 0.1826171875 0.4521484375 0.025390625 0.0234375
0 0.0537109375 0.380859375 0.0361328125 0.021484375
1 0.4560546875 0.365234375 0.0185546875 0.029296875
1 0.376953125 0.42578125 0.0205078125 0.029296875
1 0.6767578125 0.5126953125 0.0283203125 0.0439453125
1 0.5673828125 0.42578125 0.021484375 0.033203125
1 0.845703125 0.6015625 0.0361328125 0.0341796875
1 0.49609375 0.4404296875 0.0205078125 0.0341796875
1 0.021484375 0.478515625 0.025390625 0.0419921875
0 0.5185546875 0.369140625 0.03125 0.0263671875
1 0.123046875 0.72265625 0.044921875 0.0673828125
1 0.099609375 0.4052734375 0.0234375 0.029296875
1 0.7138671875 0.51171875 0.0341796875 0.044921875
1 0.1767578125 0.466796875 0.0126953125 0.017578125
1 0.6162109375 0.4912109375 0.0234375 0.0419921875