0 0.193359375 0.748046875 0.123046875 0.1611328125
0 0.51171875 0.423828125 0.0517578125 0.0546875
0 0.337890625 0.7275390625 0.0986328125 0.1201171875
1 0.15625 0.48828125 0.021484375 0.033203125
0 0.072265625 0.384765625 0.056640625 0.03125
0 0.541015625 0.353515625 0.0439453125 0.044921875
1 0.06640625 0.5458984375 0.029296875 0.0419921875
1 0.3349609375 0.4892578125 0.0361328125 0.037109375
1 0.2890625 0.462890625 0.03125 0.037109375
0 0.595703125 0.533203125 0.146484375 0.080078125
1 0.201171875 0.4951171875 0.025390625 0.0341796875
1 0.306640625 0.8310546875 0.046875 0.087890625
1 0.1123046875 0.4228515625 0.03125 0.029296875
1 0.5146484375 0.474609375 0.033203125 0.0419921875
0 0.494140625 0.35546875 0.0439453125 0.0419921875
1 0.51953125 0.380859375 0.0263671875 0.03125
1 0.087890625 0.6552734375 0.029296875 0.0390625
1 0.189453125 0.4423828125 0.025390625 0.0283203125
1 0.427734375 0.6962890625 0.0498046875 0.0888671875
1 0.24609375 0.455078125 0.0263671875 0.0341796875
1 0.5751953125 0.3857421875 0.0185546875 0.025390625
1 0.4580078125 0.7822265625 0.037109375 0.060546875
1 0.076171875 0.751953125 0.0439453125 0.080078125
1 0.228515625 0.486328125 0.0390625 0.046875
1 0.23046875 0.427734375 0.033203125 0.03125
1 0.728515625 0.5732421875 0.0654296875 0.0439453125
1 0.6220703125 0.48046875 0.037109375 0.029296875
1 0.4150390625 0.8115234375 0.0361328125 0.0546875
1 0.1484375 0.412109375 0.0283203125 0.03125
1 0.556640625 0.474609375 0.021484375 0.0390625
0 0.2333984375 0.376953125 0.0732421875 0.060546875
1 0.580078125 0.4716796875 0.0205078125 0.0341796875
1 0.466796875 0.4404296875 0.0263671875 0.0341796875
1 0.6015625 0.3857421875 0.0126953125 0.0185546875
1 0.0849609375 0.6201171875 0.029296875 0.046875
1 0.0244140625 0.373046875 0.0205078125 0.025390625
0 0.5107421875 0.3310546875 0.0283203125 0.025390625
1 0.1552734375 0.333984375 0.017578125 0.0185546875
1 0.5498046875 0.4482421875 0.0185546875 0.021484375
0 0.1591796875 0.3876953125 0.0595703125 0.03125
1 0.224609375 0.3330078125 0.015625 0.0185546875
1 0.634765625 0.451171875 0.0439453125 0.0390625
1 0.0625 0.482421875 0.025390625 0.041015625
0 0.44140625 0.525390625 0.0517578125 0.068359375
1 0.583984375 0.3603515625 0.015625 0.017578125
1 0.6162109375 0.5556640625 0.0205078125 0.029296875
1 0.107421875 0.4873046875 0.033203125 0.03125
1 0.6728515625 0.5126953125 0.0517578125 0.041015625
1 0.02734375 0.775390625 0.0263671875 0.0595703125
1 0.4580078125 0.3583984375 0.021484375 0.0234375
1 0.0654296875 0.515625 0.0185546875 0.025390625
1 0.4638671875 0.416015625 0.0126953125 0.017578125
1 0.7724609375 0.546875 0.048828125 0.037109375
0 0.197265625 0.8759765625 0.091796875 0.0263671875
1 0.01953125 0.5654296875 0.017578125 0.0498046875
1 0.1796875 0.326171875 0.03125 0.0234375
1 0.541015625 0.474609375 0.015625 0.0234375