1 0.6953125 0.5966796875 0.0439453125 0.0595703125
1 0.775390625 0.6689453125 0.0498046875 0.068359375
1 0.0986328125 0.6513671875 0.03125 0.0498046875
1 0.6396484375 0.5615234375 0.029296875 0.0546875
1 0.69140625 0.548828125 0.0419921875 0.0419921875
1 0.392578125 0.6865234375 0.033203125 0.060546875
0 0.537109375 0.482421875 0.0732421875 0.087890625
0 0.5439453125 0.6328125 0.1279296875 0.140625
0 0.1142578125 0.412109375 0.052734375 0.0341796875
0 0.5634765625 0.4150390625 0.0419921875 0.0517578125
0 0.34765625 0.521484375 0.0673828125 0.0732421875
1 0.81640625 0.794921875 0.060546875 0.0751953125
0 0.3212890625 0.458984375 0.0576171875 0.046875
0 0.201171875 0.515625 0.0673828125 0.087890625
1 0.8046875 0.5927734375 0.0439453125 0.0576171875
1 0.294921875 0.5498046875 0.03125 0.046875
0 0.482421875 0.533203125 0.087890625 0.0859375
0 0.5185546875 0.349609375 0.025390625 0.0234375
1 0.07421875 0.740234375 0.048828125 0.078125
1 0.6025390625 0.490234375 0.0234375 0.0419921875
1 0.404296875 0.470703125 0.0234375 0.0390625
1 0.150390625 0.5966796875 0.0361328125 0.046875
1 0.7197265625 0.7841796875 0.0576171875 0.0751953125
1 0.7724609375 0.8427734375 0.060546875 0.0859375
1 0.66015625 0.658203125 0.0390625 0.0703125
1 0.609375 0.5595703125 0.0341796875 0.0498046875
1 0.2919921875 0.6669921875 0.037109375 0.0595703125
1 0.86328125 0.5966796875 0.0732421875 0.0625
1 0.732421875 0.5380859375 0.0361328125 0.0419921875
1 0.494140625 0.4306640625 0.0361328125 0.048828125
1 0.1796875 0.6259765625 0.0341796875 0.064453125
1 0.4287109375 0.4287109375 0.0234375 0.0390625
1 0.888671875 0.6552734375 0.078125 0.080078125
1 0.521484375 0.3984375 0.0234375 0.0283203125
0 0.251953125 0.388671875 0.0595703125 0.0419921875
1 0.640625 0.525390625 0.025390625 0.0341796875
1 0.9326171875 0.7041015625 0.037109375 0.044921875
0 0.455078125 0.470703125 0.0498046875 0.0576171875
1 0.0576171875 0.484375 0.021484375 0.03125
1 0.9658203125 0.66796875 0.0439453125 0.0517578125
1 0.4462890625 0.6787109375 0.033203125 0.060546875
0 0.1845703125 0.357421875 0.025390625 0.0263671875
0 0.478515625 0.384765625 0.0390625 0.052734375
1 0.927734375 0.611328125 0.0361328125 0.0390625
1 0.232421875 0.5849609375 0.0263671875 0.0419921875
1 0.029296875 0.5625 0.0341796875 0.046875
1 0.4482421875 0.373046875 0.0126953125 0.025390625
1 0.2041015625 0.451171875 0.048828125 0.037109375
1 0.1474609375 0.427734375 0.013671875 0.021484375
1 0.544921875 0.787109375 0.048828125 0.0625
0 0.5263671875 0.431640625 0.0439453125 0.0439453125
1 0.7880859375 0.5517578125 0.0234375 0.03125
1 0.14453125 0.568359375 0.017578125 0.029296875
0 0.220703125 0.345703125 0.025390625 0.021484375
1 0.4453125 0.4169921875 0.015625 0.0341796875
1 0.84375 0.556640625 0.025390625 0.0517578125
1 0.638671875 0.4404296875 0.037109375 0.0341796875
1 0.181640625 0.8564453125 0.078125 0.0595703125
0 0.9267578125 0.8623046875 0.115234375 0.0595703125
1 0.1435546875 0.4716796875 0.025390625 0.037109375
1 0.666015625 0.580078125 0.140625 0.185546875
0 0.158203125 0.3740234375 0.025390625 0.029296875
1 0.4091796875 0.8525390625 0.041015625 0.0703125
1 0.166015625 0.447265625 0.0205078125 0.0263671875
1 0.0908203125 0.4765625 0.0595703125 0.0439453125
1 0.861328125 0.55859375 0.015625 0.017578125