0 0.322265625 0.80078125 0.1484375 0.1767578125
0 0.19921875 0.677734375 0.1044921875 0.119140625
0 0.5341796875 0.5283203125 0.09375 0.1064453125
0 0.224609375 0.580078125 0.078125 0.091796875
0 0.31640625 0.6484375 0.091796875 0.109375
1 0.8193359375 0.5732421875 0.0830078125 0.083984375
1 0.724609375 0.533203125 0.0517578125 0.0517578125
1 0.1591796875 0.4921875 0.021484375 0.0439453125
0 0.240234375 0.517578125 0.064453125 0.0625
1 0.8984375 0.6552734375 0.0908203125 0.0888671875
1 0.541015625 0.392578125 0.013671875 0.021484375
1 0.134765625 0.6083984375 0.0390625 0.0546875
1 0.189453125 0.490234375 0.0205078125 0.037109375
0 0.505859375 0.3427734375 0.033203125 0.0263671875
1 0.2587890625 0.759765625 0.0390625 0.052734375
0 0.322265625 0.546875 0.072265625 0.0810546875
1 0.5576171875 0.404296875 0.0126953125 0.0234375
1 0.0712890625 0.478515625 0.029296875 0.0361328125
1 0.587890625 0.4072265625 0.0126953125 0.0234375
1 0.4970703125 0.408203125 0.0126953125 0.025390625
1 0.041015625 0.587890625 0.037109375 0.0517578125
0 0.4140625 0.3916015625 0.041015625 0.033203125
1 0.1064453125 0.6318359375 0.03125 0.0517578125
1 0.8994140625 0.5458984375 0.044921875 0.0390625
1 0.1513671875 0.4189453125 0.021484375 0.0283203125
0 0.458984375 0.423828125 0.060546875 0.0517578125
1 0.1435546875 0.478515625 0.015625 0.0263671875
1 0.1103515625 0.6875 0.0390625 0.052734375
1 0.9599609375 0.6953125 0.0546875 0.0810546875
0 0.478515625 0.353515625 0.0341796875 0.0283203125
1 0.1708984375 0.4658203125 0.017578125 0.0283203125
0 0.26171875 0.4150390625 0.048828125 0.0361328125
0 0.533203125 0.3291015625 0.0419921875 0.029296875
1 0.125 0.5068359375 0.025390625 0.0390625
1 0.458984375 0.52734375 0.0361328125 0.060546875
1 0.283203125 0.732421875 0.0234375 0.0341796875
1 0.1962890625 0.423828125 0.017578125 0.0234375
1 0.2685546875 0.7021484375 0.025390625 0.029296875
1 0.6865234375 0.5302734375 0.0361328125 0.048828125
1 0.6328125 0.4423828125 0.046875 0.0341796875
1 0.927734375 0.609375 0.0625 0.046875
1 0.546875 0.751953125 0.041015625 0.0986328125
1 0.927734375 0.5205078125 0.0263671875 0.037109375
1 0.2216796875 0.412109375 0.0283203125 0.033203125
1 0.177734375 0.421875 0.0205078125 0.0283203125
0 0.162109375 0.5546875 0.0283203125 0.046875
1 0.205078125 0.4609375 0.025390625 0.037109375
1 0.1337890625 0.8193359375 0.033203125 0.033203125
1 0.6455078125 0.783203125 0.046875 0.078125
0 0.5322265625 0.349609375 0.0234375 0.0185546875
1 0.4296875 0.7216796875 0.025390625 0.0625
1 0.5087890625 0.3671875 0.0234375 0.03125
1 0.103515625 0.478515625 0.041015625 0.0517578125
1 0.97265625 0.630859375 0.033203125 0.0654296875
1 0.5673828125 0.38671875 0.072265625 0.064453125
0 0.3134765625 0.439453125 0.0703125 0.080078125
1 0.4208984375 0.5146484375 0.033203125 0.0517578125
1 0.4150390625 0.3642578125 0.0234375 0.015625
0 0.3525390625 0.3916015625 0.064453125 0.0361328125
0 0.2470703125 0.384765625 0.046875 0.0341796875
1 0.095703125 0.3994140625 0.0185546875 0.0263671875