0 0.1865234375 0.80078125 0.1455078125 0.1767578125
0 0.64453125 0.6123046875 0.126953125 0.1435546875
0 0.509765625 0.5654296875 0.0810546875 0.099609375
0 0.564453125 0.521484375 0.068359375 0.0830078125
1 0.400390625 0.46875 0.025390625 0.0341796875
1 0.3720703125 0.580078125 0.0341796875 0.0546875
0 0.337890625 0.7265625 0.1015625 0.115234375
1 0.1591796875 0.525390625 0.0283203125 0.052734375
0 0.5390625 0.341796875 0.03125 0.0283203125
1 0.890625 0.669921875 0.078125 0.078125
1 0.7685546875 0.65234375 0.056640625 0.0859375
1 0.712890625 0.57421875 0.0341796875 0.0361328125
0 0.4892578125 0.3603515625 0.0341796875 0.033203125
1 0.90625 0.537109375 0.0341796875 0.0390625
1 0.646484375 0.494140625 0.0419921875 0.041015625
1 0.681640625 0.5380859375 0.041015625 0.0517578125
0 0.5126953125 0.396484375 0.037109375 0.044921875
1 0.904296875 0.8095703125 0.0732421875 0.087890625
1 0.4560546875 0.5224609375 0.0283203125 0.0419921875
1 0.501953125 0.4892578125 0.0263671875 0.041015625
1 0.591796875 0.4365234375 0.025390625 0.033203125
0 0.509765625 0.3330078125 0.0283203125 0.0283203125
1 0.607421875 0.7265625 0.0498046875 0.0595703125
0 0.83203125 0.498046875 0.1015625 0.0654296875
1 0.8486328125 0.5634765625 0.041015625 0.048828125
1 0.525390625 0.4892578125 0.029296875 0.037109375
1 0.783203125 0.560546875 0.052734375 0.048828125
1 0.9326171875 0.7041015625 0.03125 0.044921875
1 0.107421875 0.482421875 0.037109375 0.0341796875
1 0.4169921875 0.4228515625 0.021484375 0.029296875
1 0.58984375 0.470703125 0.0234375 0.025390625
1 0.0615234375 0.4814453125 0.029296875 0.037109375
1 0.4443359375 0.8310546875 0.044921875 0.09375
1 0.75 0.58984375 0.037109375 0.0361328125
1 0.60546875 0.513671875 0.0390625 0.0546875
1 0.107421875 0.404296875 0.021484375 0.029296875
1 0.0322265625 0.5595703125 0.0390625 0.041015625
1 0.4521484375 0.3603515625 0.017578125 0.0234375
1 0.939453125 0.5888671875 0.03125 0.0341796875
1 0.8154296875 0.6455078125 0.0498046875 0.0498046875
1 0.861328125 0.8740234375 0.0576171875 0.033203125
1 0.884765625 0.5859375 0.029296875 0.046875
1 0.9619140625 0.634765625 0.0546875 0.080078125
1 0.8720703125 0.626953125 0.0341796875 0.0419921875
1 0.517578125 0.458984375 0.0185546875 0.0341796875
1 0.41796875 0.400390625 0.013671875 0.0234375
1 0.5888671875 0.3974609375 0.03125 0.044921875
1 0.1533203125 0.4921875 0.0185546875 0.025390625
0 0.6748046875 0.8251953125 0.162109375 0.125
1 0.380859375 0.4423828125 0.015625 0.021484375
1 0.552734375 0.45703125 0.029296875 0.0361328125
1 0.4833984375 0.423828125 0.0234375 0.041015625
1 0.9130859375 0.724609375 0.0263671875 0.0498046875
1 0.1396484375 0.873046875 0.064453125 0.0361328125
1 0.0283203125 0.7998046875 0.03125 0.0498046875
1 0.0703125 0.6767578125 0.0751953125 0.0595703125
0 0.44140625 0.435546875 0.0390625 0.0390625
1 0.0244140625 0.470703125 0.0234375 0.0419921875
1 0.236328125 0.3505859375 0.0107421875 0.0234375
1 0.8115234375 0.537109375 0.0263671875 0.0439453125
1 0.634765625 0.45703125 0.0341796875 0.0361328125