0 0.322265625 0.798828125 0.146484375 0.1767578125
0 0.1259765625 0.583984375 0.076171875 0.087890625
0 0.203125 0.6708984375 0.099609375 0.111328125
0 0.240234375 0.5087890625 0.064453125 0.0732421875
0 0.5947265625 0.607421875 0.123046875 0.130859375
1 0.8173828125 0.583984375 0.078125 0.080078125
1 0.5732421875 0.5244140625 0.0283203125 0.0361328125
0 0.318359375 0.5439453125 0.068359375 0.0810546875
1 0.505859375 0.517578125 0.0263671875 0.044921875
1 0.5458984375 0.4873046875 0.0205078125 0.03125
1 0.544921875 0.5205078125 0.021484375 0.041015625
1 0.6044921875 0.490234375 0.021484375 0.029296875
0 0.31640625 0.6494140625 0.0888671875 0.111328125
1 0.474609375 0.521484375 0.025390625 0.041015625
0 0.2216796875 0.580078125 0.0751953125 0.0859375
1 0.8955078125 0.6533203125 0.0810546875 0.078125
1 0.482421875 0.44140625 0.017578125 0.0263671875
1 0.619140625 0.548828125 0.0419921875 0.0625
0 0.3212890625 0.4765625 0.064453125 0.0595703125
1 0.947265625 0.689453125 0.0732421875 0.083984375
1 0.6943359375 0.546875 0.048828125 0.046875
1 0.583984375 0.4755859375 0.0205078125 0.033203125
1 0.1298828125 0.6943359375 0.037109375 0.0517578125
1 0.5185546875 0.431640625 0.025390625 0.0361328125
1 0.6240234375 0.501953125 0.0205078125 0.03125
1 0.412109375 0.6123046875 0.0283203125 0.0595703125
1 0.896484375 0.541015625 0.037109375 0.0390625
1 0.3798828125 0.53125 0.025390625 0.046875
1 0.103515625 0.728515625 0.0341796875 0.0546875
0 0.521484375 0.392578125 0.0361328125 0.0361328125
1 0.1552734375 0.4599609375 0.0205078125 0.0234375
1 0.1474609375 0.388671875 0.013671875 0.0185546875
1 0.17578125 0.4091796875 0.0205078125 0.0283203125
1 0.060546875 0.486328125 0.0283203125 0.029296875
0 0.5126953125 0.337890625 0.0810546875 0.046875
1 0.1181640625 0.421875 0.0205078125 0.025390625
1 0.587890625 0.484375 0.076171875 0.09375
1 0.787109375 0.74609375 0.0439453125 0.064453125
1 0.189453125 0.505859375 0.021484375 0.0341796875
1 0.1025390625 0.4765625 0.044921875 0.046875
1 0.2099609375 0.404296875 0.013671875 0.0263671875
1 0.021484375 0.5732421875 0.0185546875 0.0283203125
1 0.9296875 0.615234375 0.0439453125 0.044921875
1 0.080078125 0.66796875 0.03125 0.0517578125
1 0.3818359375 0.50390625 0.013671875 0.017578125
1 0.2041015625 0.478515625 0.0205078125 0.046875
1 0.9716796875 0.630859375 0.0341796875 0.0654296875
1 0.0927734375 0.7734375 0.0361328125 0.056640625
1 0.271484375 0.40625 0.0234375 0.0283203125
0 0.244140625 0.3876953125 0.052734375 0.041015625
1 0.12890625 0.6533203125 0.033203125 0.046875
1 0.455078125 0.5009765625 0.0205078125 0.044921875
1 0.455078125 0.3583984375 0.015625 0.029296875
0 0.2392578125 0.341796875 0.03125 0.0283203125
1 0.185546875 0.44921875 0.0234375 0.0263671875
1 0.041015625 0.56640625 0.0185546875 0.0419921875
1 0.025390625 0.373046875 0.0126953125 0.021484375
0 0.95703125 0.576171875 0.0576171875 0.0595703125
1 0.0244140625 0.7607421875 0.029296875 0.0595703125
1 0.080078125 0.3388671875 0.0185546875 0.0185546875
1 0.64453125 0.44140625 0.0263671875 0.029296875
1 0.466796875 0.41015625 0.033203125 0.048828125