0 0.193359375 0.7490234375 0.123046875 0.1640625
0 0.5107421875 0.42578125 0.0498046875 0.0576171875
0 0.337890625 0.7255859375 0.0986328125 0.1201171875
0 0.541015625 0.3505859375 0.0439453125 0.0419921875
0 0.494140625 0.353515625 0.044921875 0.0439453125
0 0.775390625 0.5537109375 0.158203125 0.080078125
1 0.14453125 0.537109375 0.0263671875 0.037109375
1 0.306640625 0.8466796875 0.044921875 0.0654296875
1 0.263671875 0.5126953125 0.0419921875 0.046875
1 0.580078125 0.4873046875 0.025390625 0.041015625
1 0.185546875 0.4853515625 0.021484375 0.0390625
1 0.5615234375 0.46875 0.0205078125 0.037109375
1 0.330078125 0.4833984375 0.033203125 0.0390625
1 0.40625 0.4951171875 0.0439453125 0.0498046875
1 0.1923828125 0.4345703125 0.025390625 0.03125
1 0.509765625 0.4716796875 0.025390625 0.0439453125
1 0.603515625 0.494140625 0.0283203125 0.041015625
1 0.091796875 0.41796875 0.021484375 0.0205078125
1 0.2646484375 0.47265625 0.0234375 0.029296875
0 0.1279296875 0.4013671875 0.068359375 0.041015625
1 0.5400390625 0.478515625 0.0205078125 0.037109375
1 0.068359375 0.5361328125 0.0283203125 0.041015625
1 0.1416015625 0.443359375 0.0234375 0.037109375
1 0.232421875 0.416015625 0.0283203125 0.025390625
1 0.4150390625 0.8125 0.0361328125 0.052734375
1 0.4677734375 0.439453125 0.013671875 0.021484375
1 0.634765625 0.509765625 0.0234375 0.0439453125
1 0.4345703125 0.6787109375 0.056640625 0.1142578125
1 0.0751953125 0.7626953125 0.0341796875 0.0654296875
1 0.544921875 0.38671875 0.033203125 0.0361328125
1 0.029296875 0.73828125 0.037109375 0.0732421875
1 0.45703125 0.7822265625 0.0419921875 0.0576171875
1 0.5546875 0.44140625 0.025390625 0.029296875
0 0.2333984375 0.3642578125 0.0517578125 0.03125
1 0.7060546875 0.5810546875 0.0439453125 0.0341796875
1 0.6376953125 0.4755859375 0.021484375 0.029296875
0 0.0419921875 0.37890625 0.052734375 0.033203125
1 0.3095703125 0.4619140625 0.025390625 0.0263671875
1 0.591796875 0.4658203125 0.015625 0.0283203125
1 0.482421875 0.5400390625 0.041015625 0.0419921875
1 0.1083984375 0.4853515625 0.0361328125 0.033203125
0 0.962890625 0.580078125 0.0498046875 0.048828125
0 0.35546875 0.3271484375 0.0361328125 0.0205078125
1 0.03125 0.580078125 0.0341796875 0.0830078125
1 0.849609375 0.662109375 0.0361328125 0.0419921875
1 0.060546875 0.482421875 0.0234375 0.0390625
1 0.5830078125 0.365234375 0.0185546875 0.0234375
1 0.6220703125 0.443359375 0.0185546875 0.025390625
1 0.04296875 0.685546875 0.017578125 0.025390625
1 0.5673828125 0.4716796875 0.15625 0.0966796875
1 0.482421875 0.505859375 0.015625 0.03125
1 0.720703125 0.533203125 0.0439453125 0.0263671875
0 0.193359375 0.875 0.0966796875 0.0283203125