0 0.3212890625 0.7998046875 0.1455078125 0.1748046875
1 0.529296875 0.4853515625 0.025390625 0.0390625
1 0.126953125 0.607421875 0.033203125 0.048828125
1 0.4833984375 0.494140625 0.0234375 0.037109375
0 0.240234375 0.513671875 0.0625 0.080078125
1 0.4326171875 0.7421875 0.0341796875 0.0595703125
0 0.576171875 0.6044921875 0.123046875 0.1435546875
0 0.314453125 0.6474609375 0.091796875 0.107421875
0 0.76953125 0.8251953125 0.1611328125 0.125
1 0.505859375 0.55859375 0.0283203125 0.044921875
1 0.67578125 0.619140625 0.044921875 0.064453125
1 0.8232421875 0.58203125 0.087890625 0.0830078125
1 0.9462890625 0.6875 0.076171875 0.0810546875
1 0.5205078125 0.423828125 0.021484375 0.033203125
1 0.693359375 0.5458984375 0.048828125 0.0517578125
1 0.5634765625 0.3896484375 0.017578125 0.0234375
1 0.623046875 0.587890625 0.03125 0.052734375
0 0.505859375 0.34765625 0.03125 0.0390625
0 0.326171875 0.4912109375 0.0673828125 0.060546875
1 0.548828125 0.529296875 0.0283203125 0.0263671875
0 0.48046875 0.357421875 0.033203125 0.041015625
1 0.05859375 0.4814453125 0.029296875 0.0341796875
1 0.7783203125 0.71875 0.068359375 0.083984375
1 0.8916015625 0.6484375 0.0830078125 0.072265625
1 0.19140625 0.5537109375 0.029296875 0.0390625
0 0.2529296875 0.396484375 0.0498046875 0.0546875
1 0.591796875 0.3955078125 0.0185546875 0.025390625
0 0.1552734375 0.4453125 0.0576171875 0.052734375
1 0.16015625 0.5625 0.029296875 0.046875
0 0.3193359375 0.5478515625 0.0703125 0.080078125
0 0.4853515625 0.419921875 0.044921875 0.052734375
1 0.6376953125 0.6513671875 0.0439453125 0.068359375
1 0.6796875 0.4619140625 0.03125 0.029296875
1 0.173828125 0.6259765625 0.029296875 0.044921875
1 0.412109375 0.4033203125 0.0390625 0.041015625
0 0.5322265625 0.3427734375 0.0263671875 0.0263671875
1 0.134765625 0.5078125 0.03125 0.0439453125
1 0.421875 0.423828125 0.0126953125 0.029296875
1 0.931640625 0.609375 0.052734375 0.0439453125
1 0.3876953125 0.384765625 0.015625 0.0234375
1 0.1474609375 0.482421875 0.0234375 0.03125
0 0.9287109375 0.517578125 0.076171875 0.0576171875
0 0.1708984375 0.521484375 0.0546875 0.0546875
1 0.8427734375 0.5380859375 0.0390625 0.0419921875
1 0.5283203125 0.55859375 0.021484375 0.029296875
1 0.8818359375 0.8603515625 0.060546875 0.064453125
1 0.208984375 0.4130859375 0.046875 0.0390625
1 0.892578125 0.5830078125 0.0390625 0.0498046875
1 0.216796875 0.6142578125 0.033203125 0.0595703125
1 0.3720703125 0.4599609375 0.0185546875 0.029296875
1 0.677734375 0.5146484375 0.0263671875 0.0390625
1 0.447265625 0.376953125 0.0107421875 0.021484375
1 0.7119140625 0.4755859375 0.017578125 0.0234375
1 0.193359375 0.4931640625 0.021484375 0.0361328125
1 0.6357421875 0.443359375 0.041015625 0.0341796875
1 0.423828125 0.3681640625 0.021484375 0.0234375
1 0.4580078125 0.419921875 0.0185546875 0.048828125
1 0.962890625 0.626953125 0.0283203125 0.0498046875