0 0.32421875 0.798828125 0.1484375 0.1767578125
0 0.681640625 0.6552734375 0.1455078125 0.1611328125
0 0.2177734375 0.6240234375 0.095703125 0.1044921875
1 0.587890625 0.5185546875 0.0234375 0.0498046875
0 0.31640625 0.6484375 0.0888671875 0.109375
1 0.5693359375 0.4375 0.0234375 0.03125
1 0.564453125 0.392578125 0.015625 0.021484375
1 0.564453125 0.6748046875 0.0361328125 0.0751953125
1 0.515625 0.568359375 0.0283203125 0.041015625
1 0.529296875 0.498046875 0.0263671875 0.041015625
1 0.513671875 0.4580078125 0.0263671875 0.037109375
1 0.4306640625 0.4609375 0.0205078125 0.0341796875
1 0.8203125 0.580078125 0.083984375 0.0830078125
1 0.947265625 0.6904296875 0.0732421875 0.078125
1 0.6943359375 0.544921875 0.048828125 0.0517578125
1 0.591796875 0.39453125 0.0185546875 0.0263671875
1 0.1083984375 0.423828125 0.0205078125 0.0263671875
1 0.42578125 0.720703125 0.0361328125 0.0673828125
1 0.75390625 0.4892578125 0.0361328125 0.0341796875
1 0.158203125 0.5224609375 0.029296875 0.048828125
1 0.904296875 0.5380859375 0.044921875 0.044921875
1 0.5361328125 0.544921875 0.025390625 0.0439453125
1 0.470703125 0.51953125 0.0263671875 0.0419921875
1 0.73046875 0.5400390625 0.0419921875 0.044921875
1 0.150390625 0.5791015625 0.0263671875 0.048828125
0 0.328125 0.490234375 0.068359375 0.0595703125
1 0.4267578125 0.412109375 0.0126953125 0.0234375
1 0.1142578125 0.525390625 0.021484375 0.033203125
1 0.162109375 0.7412109375 0.041015625 0.060546875
1 0.8876953125 0.6474609375 0.078125 0.076171875
1 0.1806640625 0.494140625 0.0263671875 0.0361328125
1 0.5068359375 0.3662109375 0.017578125 0.0263671875
1 0.0400390625 0.5888671875 0.0361328125 0.0625
0 0.4794921875 0.3583984375 0.0341796875 0.0361328125
1 0.421875 0.611328125 0.0498046875 0.060546875
1 0.4775390625 0.4609375 0.0205078125 0.03125
1 0.431640625 0.3671875 0.015625 0.021484375
0 0.0908203125 0.3994140625 0.046875 0.0419921875
1 0.6416015625 0.453125 0.033203125 0.03125
1 0.486328125 0.421875 0.015625 0.0283203125
0 0.2412109375 0.4990234375 0.0673828125 0.107421875
1 0.482421875 0.490234375 0.017578125 0.041015625
1 0.068359375 0.482421875 0.0361328125 0.0341796875
0 0.2548828125 0.396484375 0.052734375 0.052734375
1 0.109375 0.626953125 0.0341796875 0.064453125
1 0.1552734375 0.4228515625 0.0263671875 0.029296875
1 0.0966796875 0.5400390625 0.025390625 0.044921875
1 0.107421875 0.7392578125 0.0390625 0.0810546875
1 0.681640625 0.462890625 0.03125 0.0283203125
0 0.5419921875 0.333984375 0.037109375 0.0283203125
1 0.2392578125 0.361328125 0.0185546875 0.0185546875
1 0.4677734375 0.4375 0.017578125 0.03125
0 0.5048828125 0.333984375 0.025390625 0.0185546875
1 0.373046875 0.369140625 0.015625 0.021484375
1 0.7197265625 0.50390625 0.0419921875 0.0361328125
1 0.935546875 0.611328125 0.0517578125 0.0439453125
1 0.962890625 0.5224609375 0.044921875 0.029296875
1 0.4658203125 0.677734375 0.021484375 0.0498046875
1 0.4443359375 0.369140625 0.0107421875 0.025390625
1 0.84375 0.537109375 0.03125 0.0390625
1 0.4169921875 0.578125 0.0185546875 0.037109375
1 0.138671875 0.48046875 0.025390625 0.0361328125
1 0.619140625 0.470703125 0.0341796875 0.0341796875
1 0.615234375 0.4267578125 0.021484375 0.025390625
0 0.2001953125 0.408203125 0.046875 0.0419921875
1 0.45703125 0.3642578125 0.017578125 0.03125
1 0.513671875 0.5380859375 0.021484375 0.029296875
1 0.8583984375 0.50390625 0.0234375 0.029296875
1 0.896484375 0.5859375 0.048828125 0.0595703125
1 0.494140625 0.4951171875 0.1328125 0.177734375
1 0.1103515625 0.48828125 0.0390625 0.0361328125
1 0.0205078125 0.5205078125 0.0185546875 0.0185546875