0 0.142578125 0.6630859375 0.091796875 0.0986328125
0 0.5966796875 0.6796875 0.140625 0.162109375
1 0.7021484375 0.65234375 0.044921875 0.0830078125
0 0.548828125 0.5615234375 0.0830078125 0.0888671875
1 0.818359375 0.5830078125 0.072265625 0.078125
1 0.775390625 0.7412109375 0.0576171875 0.095703125
0 0.1865234375 0.5234375 0.0732421875 0.078125
1 0.642578125 0.578125 0.033203125 0.09375
0 0.322265625 0.48828125 0.0576171875 0.064453125
0 0.2919921875 0.4462890625 0.052734375 0.044921875
1 0.8671875 0.6669921875 0.068359375 0.072265625
1 0.4150390625 0.435546875 0.0234375 0.0341796875
1 0.5087890625 0.623046875 0.0361328125 0.056640625
1 0.728515625 0.5380859375 0.0439453125 0.044921875
1 0.2763671875 0.7119140625 0.0439453125 0.0546875
1 0.9033203125 0.71484375 0.0498046875 0.0732421875
1 0.5654296875 0.505859375 0.0185546875 0.0341796875
1 0.7685546875 0.6708984375 0.0341796875 0.064453125
1 0.939453125 0.8515625 0.041015625 0.0751953125
0 0.1884765625 0.3681640625 0.0361328125 0.0234375
0 0.482421875 0.462890625 0.0498046875 0.064453125
1 0.9609375 0.693359375 0.0498046875 0.068359375
0 0.375 0.595703125 0.099609375 0.1796875
0 0.18359375 0.3974609375 0.0419921875 0.0390625
1 0.6943359375 0.576171875 0.0517578125 0.0830078125
0 0.24609375 0.3837890625 0.0576171875 0.0361328125
1 0.4814453125 0.5927734375 0.037109375 0.060546875
1 0.544921875 0.40625 0.0205078125 0.0341796875
1 0.4736328125 0.51953125 0.021484375 0.0419921875
1 0.5888671875 0.43359375 0.0185546875 0.029296875
1 0.548828125 0.466796875 0.025390625 0.046875
1 0.255859375 0.5224609375 0.021484375 0.0361328125
1 0.240234375 0.4150390625 0.021484375 0.029296875
1 0.927734375 0.6103515625 0.041015625 0.0390625
1 0.556640625 0.43359375 0.0205078125 0.029296875
0 0.2275390625 0.357421875 0.029296875 0.0185546875
1 0.2421875 0.451171875 0.0185546875 0.03125
1 0.029296875 0.564453125 0.033203125 0.0498046875
0 0.8017578125 0.837890625 0.068359375 0.099609375
1 0.138671875 0.4638671875 0.015625 0.0283203125
1 0.8955078125 0.587890625 0.041015625 0.052734375
0 0.19921875 0.4287109375 0.0576171875 0.0419921875
1 0.0693359375 0.4755859375 0.0546875 0.0390625
1 0.478515625 0.416015625 0.021484375 0.029296875
1 0.126953125 0.5224609375 0.0283203125 0.044921875
1 0.453125 0.5029296875 0.0185546875 0.046875
1 0.974609375 0.642578125 0.0234375 0.044921875
1 0.2255859375 0.7568359375 0.0390625 0.076171875
0 0.4677734375 0.388671875 0.0361328125 0.0439453125
1 0.1142578125 0.419921875 0.0283203125 0.0263671875
0 0.53515625 0.3544921875 0.029296875 0.03125
1 0.9033203125 0.8017578125 0.0654296875 0.140625
0 0.6806640625 0.46875 0.0546875 0.041015625
1 0.8984375 0.544921875 0.0341796875 0.037109375
1 0.935546875 0.654296875 0.021484375 0.0390625
0 0.51953125 0.376953125 0.033203125 0.033203125
1 0.654296875 0.87109375 0.0439453125 0.0390625
1 0.5927734375 0.400390625 0.017578125 0.0361328125
1 0.814453125 0.537109375 0.025390625 0.0439453125
1 0.578125 0.3798828125 0.025390625 0.03125
0 0.634765625 0.4619140625 0.0625 0.0576171875