0 0.322265625 0.798828125 0.1513671875 0.177734375
1 0.6650390625 0.74609375 0.0546875 0.0830078125
0 0.1650390625 0.759765625 0.1484375 0.154296875
0 0.552734375 0.505859375 0.0810546875 0.109375
0 0.3154296875 0.6484375 0.09375 0.109375
1 0.724609375 0.669921875 0.052734375 0.0625
1 0.5517578125 0.435546875 0.03125 0.0341796875
1 0.822265625 0.5830078125 0.083984375 0.0810546875
1 0.693359375 0.5478515625 0.0517578125 0.0546875
0 0.2412109375 0.509765625 0.064453125 0.0908203125
1 0.5634765625 0.390625 0.017578125 0.025390625
1 0.892578125 0.662109375 0.083984375 0.0751953125
1 0.5302734375 0.4208984375 0.0205078125 0.033203125
1 0.4052734375 0.419921875 0.017578125 0.029296875
1 0.130859375 0.53125 0.0263671875 0.037109375
1 0.779296875 0.763671875 0.0546875 0.083984375
0 0.4794921875 0.3564453125 0.0341796875 0.037109375
0 0.3271484375 0.490234375 0.0673828125 0.0595703125
1 0.443359375 0.4404296875 0.0263671875 0.0439453125
1 0.57421875 0.43359375 0.017578125 0.033203125
1 0.95703125 0.701171875 0.060546875 0.0703125
1 0.4140625 0.615234375 0.046875 0.056640625
0 0.3203125 0.5498046875 0.072265625 0.0810546875
0 0.505859375 0.345703125 0.029296875 0.0341796875
1 0.904296875 0.5439453125 0.0263671875 0.03125
1 0.53515625 0.5546875 0.0234375 0.0498046875
1 0.1201171875 0.60546875 0.0283203125 0.0390625
1 0.4736328125 0.41796875 0.021484375 0.0517578125
1 0.037109375 0.568359375 0.041015625 0.0498046875
1 0.423828125 0.365234375 0.015625 0.0205078125
0 0.2529296875 0.39453125 0.0498046875 0.0546875
1 0.58984375 0.453125 0.033203125 0.03125
1 0.357421875 0.361328125 0.015625 0.021484375
1 0.716796875 0.845703125 0.046875 0.080078125
0 0.5322265625 0.3515625 0.029296875 0.037109375
1 0.166015625 0.568359375 0.0283203125 0.0517578125
1 0.5927734375 0.3974609375 0.017578125 0.0263671875
1 0.060546875 0.482421875 0.0283203125 0.0390625
1 0.712890625 0.517578125 0.041015625 0.0341796875
1 0.095703125 0.630859375 0.0361328125 0.0498046875
1 0.966796875 0.5205078125 0.041015625 0.03125
0 0.130859375 0.4189453125 0.037109375 0.0341796875
0 0.318359375 0.345703125 0.09375 0.0517578125
1 0.673828125 0.6923828125 0.033203125 0.0439453125
1 0.419921875 0.392578125 0.0234375 0.025390625
1 0.470703125 0.4755859375 0.0361328125 0.0517578125
1 0.080078125 0.751953125 0.0517578125 0.1123046875
1 0.171875 0.4931640625 0.056640625 0.048828125
1 0.458984375 0.361328125 0.017578125 0.029296875
1 0.1123046875 0.564453125 0.021484375 0.0205078125
1 0.392578125 0.490234375 0.015625 0.029296875
1 0.029296875 0.8603515625 0.037109375 0.0576171875
1 0.1845703125 0.5458984375 0.021484375 0.0390625
0 0.525390625 0.3232421875 0.029296875 0.015625
1 0.900390625 0.5830078125 0.052734375 0.052734375
0 0.349609375 0.390625 0.0810546875 0.046875
1 0.845703125 0.537109375 0.0234375 0.03125
1 0.193359375 0.4208984375 0.033203125 0.0361328125
1 0.958984375 0.626953125 0.037109375 0.052734375
0 0.958984375 0.576171875 0.0576171875 0.056640625