0 0.6064453125 0.564453125 0.103515625 0.115234375
1 0.6865234375 0.583984375 0.0361328125 0.060546875
0 0.337890625 0.7265625 0.0986328125 0.115234375
0 0.4912109375 0.5341796875 0.0703125 0.087890625
0 0.611328125 0.7421875 0.138671875 0.1689453125
1 0.8359375 0.75 0.0625 0.0810546875
1 0.826171875 0.58984375 0.0625 0.0576171875
0 0.7607421875 0.4833984375 0.1376953125 0.0703125
1 0.4248046875 0.7333984375 0.037109375 0.076171875
1 0.1533203125 0.5634765625 0.025390625 0.0390625
0 0.48828125 0.3603515625 0.033203125 0.0263671875
1 0.59375 0.4873046875 0.025390625 0.0341796875
1 0.154296875 0.4404296875 0.0185546875 0.0341796875
1 0.7607421875 0.6474609375 0.046875 0.0830078125
1 0.662109375 0.5380859375 0.0341796875 0.0419921875
1 0.1552734375 0.619140625 0.033203125 0.068359375
1 0.775390625 0.5966796875 0.0517578125 0.052734375
1 0.9638671875 0.6220703125 0.0439453125 0.0595703125
0 0.541015625 0.34375 0.0341796875 0.03125
1 0.9228515625 0.69140625 0.091796875 0.0673828125
0 0.509765625 0.3330078125 0.029296875 0.0283203125
1 0.853515625 0.552734375 0.03125 0.0341796875
0 0.5478515625 0.486328125 0.0546875 0.0576171875
1 0.521484375 0.470703125 0.0185546875 0.029296875
1 0.71875 0.533203125 0.037109375 0.044921875
0 0.2255859375 0.357421875 0.0390625 0.041015625
1 0.7138671875 0.732421875 0.0595703125 0.091796875
0 0.515625 0.388671875 0.0341796875 0.029296875
1 0.5341796875 0.66015625 0.037109375 0.0703125
1 0.7880859375 0.556640625 0.0390625 0.0390625
1 0.912109375 0.541015625 0.0341796875 0.033203125
1 0.1962890625 0.375 0.0205078125 0.03125
1 0.4541015625 0.521484375 0.0234375 0.044921875
1 0.826171875 0.65625 0.0625 0.0595703125
1 0.5517578125 0.451171875 0.015625 0.021484375
1 0.107421875 0.484375 0.037109375 0.037109375
1 0.900390625 0.6435546875 0.056640625 0.0595703125
0 0.455078125 0.4716796875 0.0419921875 0.046875
1 0.890625 0.5927734375 0.037109375 0.0517578125
1 0.0576171875 0.482421875 0.025390625 0.0361328125
1 0.177734375 0.359375 0.017578125 0.0185546875
1 0.03125 0.560546875 0.037109375 0.046875
1 0.1220703125 0.41015625 0.021484375 0.0263671875
1 0.423828125 0.4365234375 0.0234375 0.0390625
1 0.591796875 0.396484375 0.0234375 0.0283203125
1 0.8193359375 0.5361328125 0.0234375 0.0341796875
1 0.966796875 0.861328125 0.037109375 0.060546875
1 0.1591796875 0.4140625 0.0185546875 0.0283203125
1 0.451171875 0.392578125 0.025390625 0.037109375
1 0.615234375 0.4443359375 0.0185546875 0.029296875
1 0.5703125 0.4384765625 0.0185546875 0.0419921875
0 0.306640625 0.3466796875 0.0654296875 0.072265625
1 0.021484375 0.482421875 0.025390625 0.046875
0 0.1865234375 0.3251953125 0.0390625 0.021484375
1 0.892578125 0.380859375 0.0185546875 0.033203125
1 0.5859375 0.4443359375 0.0185546875 0.029296875
0 0.205078125 0.830078125 0.119140625 0.1201171875
1 0.2568359375 0.337890625 0.013671875 0.021484375
0 0.0400390625 0.701171875 0.0576171875 0.056640625
1 0.40234375 0.435546875 0.029296875 0.0361328125
1 0.466796875 0.4267578125 0.0205078125 0.037109375
1 0.451171875 0.361328125 0.0185546875 0.029296875
1 0.021484375 0.373046875 0.0185546875 0.025390625
1 0.662109375 0.5048828125 0.025390625 0.037109375