0 0.169921875 0.615234375 0.09375 0.0986328125
1 0.6083984375 0.595703125 0.0390625 0.056640625
0 0.6416015625 0.806640625 0.1611328125 0.1611328125
0 0.3486328125 0.576171875 0.072265625 0.0888671875
1 0.6796875 0.5927734375 0.03125 0.0546875
1 0.60546875 0.5458984375 0.0419921875 0.0546875
1 0.8017578125 0.587890625 0.046875 0.0654296875
1 0.126953125 0.552734375 0.029296875 0.0498046875
0 0.5166015625 0.478515625 0.0546875 0.064453125
1 0.7626953125 0.685546875 0.052734375 0.0751953125
0 0.3125 0.48828125 0.0654296875 0.0673828125
1 0.5595703125 0.6767578125 0.037109375 0.0810546875
0 0.220703125 0.474609375 0.056640625 0.0595703125
1 0.2666015625 0.583984375 0.0263671875 0.0576171875
1 0.5888671875 0.4951171875 0.03125 0.041015625
1 0.62109375 0.5048828125 0.029296875 0.0498046875
1 0.6171875 0.6923828125 0.041015625 0.0654296875
1 0.7177734375 0.798828125 0.044921875 0.080078125
0 0.48828125 0.365234375 0.048828125 0.048828125
1 0.6923828125 0.544921875 0.037109375 0.0439453125
0 0.28125 0.4365234375 0.052734375 0.044921875
1 0.48828125 0.626953125 0.033203125 0.056640625
0 0.4794921875 0.419921875 0.046875 0.0546875
1 0.943359375 0.685546875 0.080078125 0.087890625
1 0.4287109375 0.505859375 0.0263671875 0.0498046875
1 0.712890625 0.720703125 0.0390625 0.0576171875
0 0.2021484375 0.423828125 0.044921875 0.0439453125
1 0.025390625 0.580078125 0.029296875 0.0595703125
0 0.251953125 0.392578125 0.0419921875 0.0419921875
1 0.1845703125 0.513671875 0.021484375 0.033203125
1 0.8583984375 0.5927734375 0.0703125 0.0673828125
1 0.8388671875 0.845703125 0.052734375 0.087890625
1 0.0654296875 0.4814453125 0.037109375 0.037109375
1 0.0986328125 0.6455078125 0.03125 0.0498046875
1 0.158203125 0.4716796875 0.0263671875 0.041015625
1 0.5791015625 0.423828125 0.0234375 0.0390625
1 0.728515625 0.5400390625 0.0419921875 0.044921875
0 0.5224609375 0.3642578125 0.0361328125 0.041015625
1 0.873046875 0.66796875 0.0732421875 0.076171875
1 0.431640625 0.423828125 0.0126953125 0.0263671875
1 0.6533203125 0.537109375 0.021484375 0.0361328125
1 0.0537109375 0.7265625 0.048828125 0.0498046875
1 0.552734375 0.427734375 0.0205078125 0.0283203125
0 0.0380859375 0.216796875 0.0517578125 0.0205078125
0 0.9462890625 0.580078125 0.076171875 0.0673828125
1 0.294921875 0.404296875 0.0205078125 0.021484375
0 0.3525390625 0.3212890625 0.033203125 0.017578125
1 0.583984375 0.466796875 0.017578125 0.033203125
0 0.2021484375 0.3427734375 0.0234375 0.0205078125
1 0.6171875 0.4697265625 0.0185546875 0.029296875
1 0.7568359375 0.619140625 0.0234375 0.029296875
1 0.6552734375 0.5400390625 0.1513671875 0.185546875
1 0.8505859375 0.552734375 0.033203125 0.044921875
1 0.169921875 0.494140625 0.015625 0.029296875
1 0.5078125 0.400390625 0.021484375 0.0341796875
1 0.423828125 0.4658203125 0.017578125 0.037109375
1 0.53125 0.419921875 0.03125 0.0361328125
0 0.0869140625 0.8310546875 0.1455078125 0.115234375
1 0.640625 0.6181640625 0.0283203125 0.048828125
1 0.974609375 0.634765625 0.0263671875 0.056640625
1 0.8173828125 0.537109375 0.025390625 0.044921875
0 0.498046875 0.46875 0.1591796875 0.2841796875
1 0.275390625 0.4013671875 0.0205078125 0.0283203125
1 0.103515625 0.4794921875 0.046875 0.0439453125
1 0.447265625 0.677734375 0.0361328125 0.0732421875