1 0.6142578125 0.603515625 0.041015625 0.0595703125
0 0.173828125 0.607421875 0.0888671875 0.0986328125
1 0.6787109375 0.59375 0.0576171875 0.078125
1 0.6240234375 0.5009765625 0.0263671875 0.0419921875
1 0.759765625 0.7177734375 0.0810546875 0.1044921875
0 0.650390625 0.8173828125 0.1640625 0.1435546875
0 0.3486328125 0.568359375 0.068359375 0.083984375
1 0.5673828125 0.7001953125 0.041015625 0.0810546875
1 0.12890625 0.548828125 0.0234375 0.0439453125
0 0.517578125 0.478515625 0.056640625 0.0625
1 0.8037109375 0.5869140625 0.048828125 0.064453125
1 0.5908203125 0.4990234375 0.03125 0.044921875
0 0.310546875 0.4853515625 0.0654296875 0.064453125
1 0.6318359375 0.71484375 0.044921875 0.0673828125
1 0.8486328125 0.8466796875 0.083984375 0.0810546875
1 0.427734375 0.505859375 0.0283203125 0.046875
0 0.2197265625 0.4716796875 0.0546875 0.056640625
1 0.607421875 0.548828125 0.0390625 0.0498046875
1 0.943359375 0.685546875 0.0810546875 0.0830078125
1 0.7646484375 0.626953125 0.0263671875 0.033203125
0 0.482421875 0.365234375 0.0361328125 0.0341796875
1 0.630859375 0.533203125 0.0234375 0.041015625
1 0.6953125 0.544921875 0.037109375 0.044921875
1 0.2666015625 0.5771484375 0.0234375 0.048828125
0 0.279296875 0.43359375 0.0498046875 0.044921875
1 0.845703125 0.6025390625 0.0390625 0.044921875
0 0.201171875 0.421875 0.044921875 0.0439453125
1 0.595703125 0.4609375 0.0234375 0.0341796875
1 0.873046875 0.669921875 0.078125 0.080078125
1 0.837890625 0.55859375 0.0546875 0.0576171875
1 0.0615234375 0.48046875 0.029296875 0.0361328125
1 0.0283203125 0.580078125 0.0341796875 0.060546875
1 0.181640625 0.5087890625 0.0205078125 0.033203125
1 0.6611328125 0.5517578125 0.025390625 0.041015625
0 0.478515625 0.421875 0.0439453125 0.052734375
1 0.1025390625 0.6396484375 0.0263671875 0.0419921875
0 0.5234375 0.36328125 0.03125 0.0361328125
1 0.888671875 0.5966796875 0.052734375 0.052734375
1 0.42578125 0.4755859375 0.017578125 0.029296875
1 0.568359375 0.642578125 0.03125 0.044921875
0 0.251953125 0.392578125 0.041015625 0.0390625
1 0.16015625 0.4755859375 0.017578125 0.033203125
0 0.2021484375 0.3447265625 0.0234375 0.0234375
1 0.5546875 0.431640625 0.0185546875 0.025390625
1 0.064453125 0.7080078125 0.0419921875 0.046875
1 0.9248046875 0.611328125 0.037109375 0.0390625
0 0.4775390625 0.568359375 0.0703125 0.1689453125
1 0.248046875 0.8623046875 0.0673828125 0.052734375
0 0.4970703125 0.345703125 0.03125 0.0263671875
1 0.587890625 0.4365234375 0.013671875 0.0234375
0 0.4423828125 0.41796875 0.0283203125 0.0361328125
1 0.1455078125 0.4599609375 0.025390625 0.0234375
1 0.974609375 0.6337890625 0.0263671875 0.0576171875
0 0.3515625 0.3212890625 0.0341796875 0.017578125
0 0.08984375 0.826171875 0.1455078125 0.130859375
1 0.5087890625 0.4013671875 0.0234375 0.0341796875
1 0.650390625 0.630859375 0.0283203125 0.048828125
1 0.53515625 0.419921875 0.029296875 0.0341796875
1 0.9716796875 0.740234375 0.025390625 0.0830078125
1 0.0322265625 0.486328125 0.0419921875 0.0439453125
1 0.654296875 0.5888671875 0.1611328125 0.291015625