0 0.5830078125 0.541015625 0.0810546875 0.111328125
0 0.7021484375 0.46875 0.1142578125 0.0595703125
0 0.4814453125 0.513671875 0.0625 0.0810546875
0 0.337890625 0.724609375 0.0986328125 0.1123046875
0 0.8310546875 0.8095703125 0.2216796875 0.162109375
1 0.1484375 0.6396484375 0.0283203125 0.0390625
0 0.5703125 0.685546875 0.125 0.154296875
1 0.6396484375 0.6640625 0.0517578125 0.068359375
1 0.416015625 0.830078125 0.0419921875 0.0986328125
1 0.669921875 0.5361328125 0.044921875 0.056640625
1 0.8076171875 0.5615234375 0.072265625 0.0830078125
1 0.966796875 0.7119140625 0.041015625 0.048828125
1 0.720703125 0.5751953125 0.0263671875 0.046875
1 0.58203125 0.4609375 0.0234375 0.03125
0 0.5322265625 0.470703125 0.0517578125 0.056640625
0 0.490234375 0.349609375 0.041015625 0.0361328125
1 0.5048828125 0.6123046875 0.0341796875 0.052734375
1 0.642578125 0.529296875 0.0205078125 0.037109375
1 0.427734375 0.4462890625 0.013671875 0.0263671875
1 0.7177734375 0.513671875 0.0419921875 0.0390625
1 0.744140625 0.533203125 0.017578125 0.0283203125
1 0.1728515625 0.470703125 0.0205078125 0.029296875
1 0.751953125 0.6435546875 0.044921875 0.0751953125
0 0.4541015625 0.4677734375 0.0361328125 0.0361328125
1 0.9140625 0.615234375 0.0625 0.0498046875
1 0.9208984375 0.537109375 0.0390625 0.03125
1 0.958984375 0.6259765625 0.048828125 0.0576171875
1 0.8154296875 0.7353515625 0.046875 0.0673828125
1 0.904296875 0.6689453125 0.076171875 0.046875
1 0.94140625 0.861328125 0.0576171875 0.0625
1 0.380859375 0.451171875 0.0234375 0.0361328125
1 0.845703125 0.599609375 0.046875 0.037109375
0 0.5419921875 0.3388671875 0.037109375 0.03125
1 0.6044921875 0.728515625 0.0341796875 0.0439453125
1 0.1591796875 0.4345703125 0.0341796875 0.0341796875
1 0.861328125 0.556640625 0.017578125 0.0234375
0 0.23046875 0.3759765625 0.0673828125 0.0419921875
1 0.9150390625 0.7060546875 0.033203125 0.0341796875
1 0.625 0.505859375 0.021484375 0.03125
1 0.1328125 0.712890625 0.025390625 0.0439453125
1 0.03125 0.708984375 0.041015625 0.072265625
1 0.0576171875 0.478515625 0.021484375 0.0390625
1 0.369140625 0.427734375 0.021484375 0.021484375
1 0.3291015625 0.361328125 0.017578125 0.025390625
0 0.5205078125 0.39453125 0.046875 0.0517578125
1 0.021484375 0.478515625 0.025390625 0.0419921875
1 0.8896484375 0.3818359375 0.017578125 0.029296875
1 0.8642578125 0.4326171875 0.025390625 0.041015625