0 0.1923828125 0.748046875 0.1220703125 0.162109375
0 0.513671875 0.423828125 0.056640625 0.0595703125
0 0.337890625 0.7275390625 0.0986328125 0.1201171875
1 0.0791015625 0.759765625 0.0419921875 0.0673828125
1 0.306640625 0.853515625 0.048828125 0.0625
0 0.5380859375 0.353515625 0.0419921875 0.044921875
1 0.427734375 0.654296875 0.037109375 0.068359375
1 0.412109375 0.80078125 0.052734375 0.0703125
0 0.150390625 0.40625 0.072265625 0.041015625
1 0.5166015625 0.474609375 0.0361328125 0.046875
0 0.490234375 0.361328125 0.037109375 0.0341796875
1 0.6103515625 0.4970703125 0.033203125 0.0341796875
1 0.5595703125 0.466796875 0.025390625 0.0419921875
1 0.4130859375 0.4287109375 0.0234375 0.029296875
1 0.5751953125 0.396484375 0.021484375 0.03125
1 0.64453125 0.4921875 0.0234375 0.037109375
1 0.11328125 0.67578125 0.0546875 0.064453125
0 0.509765625 0.333984375 0.03125 0.029296875
1 0.455078125 0.3681640625 0.0234375 0.029296875
1 0.58984375 0.482421875 0.0205078125 0.037109375
1 0.4970703125 0.453125 0.0185546875 0.0341796875
1 0.9091796875 0.5458984375 0.0439453125 0.060546875
1 0.458984375 0.783203125 0.0390625 0.056640625
1 0.068359375 0.533203125 0.0283203125 0.044921875
1 0.470703125 0.455078125 0.0361328125 0.041015625
1 0.232421875 0.455078125 0.0234375 0.03125
1 0.6962890625 0.8359375 0.0517578125 0.103515625
1 0.42578125 0.705078125 0.044921875 0.0576171875
0 0.818359375 0.560546875 0.146484375 0.0732421875
1 0.46484375 0.4208984375 0.0205078125 0.0263671875
1 0.033203125 0.60546875 0.0341796875 0.0390625
1 0.5673828125 0.3759765625 0.0185546875 0.0234375
0 0.234375 0.369140625 0.052734375 0.03125
1 0.6201171875 0.462890625 0.0185546875 0.0283203125
1 0.677734375 0.5107421875 0.021484375 0.041015625
1 0.5634765625 0.431640625 0.017578125 0.025390625
1 0.521484375 0.8115234375 0.0283203125 0.0576171875
0 0.322265625 0.3955078125 0.083984375 0.0439453125
1 0.8466796875 0.646484375 0.037109375 0.0595703125
1 0.1669921875 0.3662109375 0.0126953125 0.017578125
0 0.197265625 0.875 0.1201171875 0.0283203125
0 0.9619140625 0.572265625 0.0419921875 0.056640625
0 0.185546875 0.32421875 0.037109375 0.0234375
1 0.0322265625 0.728515625 0.0390625 0.044921875
1 0.103515625 0.47265625 0.0361328125 0.044921875
1 0.5478515625 0.4169921875 0.013671875 0.021484375
1 0.4267578125 0.357421875 0.0126953125 0.0185546875
1 0.8916015625 0.384765625 0.017578125 0.0263671875
1 0.455078125 0.71875 0.0185546875 0.021484375