0 0.15625 0.5830078125 0.0751953125 0.0810546875
0 0.5986328125 0.6416015625 0.115234375 0.138671875
0 0.357421875 0.810546875 0.134765625 0.1533203125
1 0.66796875 0.6083984375 0.0361328125 0.0546875
0 0.712890625 0.822265625 0.1826171875 0.134765625
1 0.7841796875 0.6845703125 0.0439453125 0.0810546875
1 0.689453125 0.5439453125 0.046875 0.046875
0 0.59375 0.46875 0.0654296875 0.083984375
0 0.4951171875 0.5087890625 0.072265625 0.0888671875
1 0.818359375 0.5869140625 0.0654296875 0.0703125
1 0.892578125 0.802734375 0.076171875 0.091796875
0 0.189453125 0.478515625 0.060546875 0.064453125
1 0.7998046875 0.8203125 0.052734375 0.072265625
1 0.240234375 0.556640625 0.03125 0.0361328125
1 0.888671875 0.658203125 0.0810546875 0.0810546875
1 0.595703125 0.5263671875 0.03125 0.052734375
1 0.5810546875 0.728515625 0.0498046875 0.0859375
1 0.509765625 0.6513671875 0.046875 0.0625
1 0.509765625 0.564453125 0.0419921875 0.0517578125
1 0.73046875 0.541015625 0.044921875 0.044921875
1 0.296875 0.595703125 0.03125 0.056640625
1 0.54296875 0.4658203125 0.017578125 0.0341796875
0 0.302734375 0.458984375 0.0546875 0.052734375
1 0.4892578125 0.4453125 0.0283203125 0.03125
0 0.1943359375 0.712890625 0.169921875 0.193359375
1 0.9609375 0.6943359375 0.0595703125 0.0732421875
0 0.361328125 0.5107421875 0.078125 0.1279296875
1 0.55078125 0.4306640625 0.0234375 0.0361328125
1 0.029296875 0.5908203125 0.0361328125 0.0654296875
1 0.123046875 0.67578125 0.037109375 0.0546875
0 0.2763671875 0.42578125 0.052734375 0.0419921875
1 0.798828125 0.7646484375 0.037109375 0.0546875
1 0.4970703125 0.4091796875 0.025390625 0.0341796875
0 0.1943359375 0.4091796875 0.044921875 0.037109375
1 0.7900390625 0.552734375 0.0263671875 0.0341796875
0 0.4716796875 0.373046875 0.0283203125 0.03125
1 0.884765625 0.5927734375 0.068359375 0.064453125
0 0.5234375 0.443359375 0.0439453125 0.0732421875
1 0.0615234375 0.478515625 0.0361328125 0.0361328125
0 0.185546875 0.3564453125 0.0283203125 0.025390625
1 0.1416015625 0.4638671875 0.0234375 0.0341796875
1 0.587890625 0.4052734375 0.0205078125 0.0361328125
0 0.4267578125 0.45703125 0.0595703125 0.0576171875
1 0.060546875 0.787109375 0.048828125 0.0732421875
1 0.9287109375 0.611328125 0.0390625 0.0390625
0 0.4453125 0.41015625 0.046875 0.048828125
0 0.5234375 0.361328125 0.0341796875 0.0341796875
1 0.0283203125 0.482421875 0.0341796875 0.041015625
1 0.353515625 0.564453125 0.0234375 0.0263671875
1 0.8974609375 0.5458984375 0.0361328125 0.0361328125
1 0.955078125 0.6298828125 0.0341796875 0.046875
1 0.4541015625 0.50390625 0.0205078125 0.0419921875
0 0.2275390625 0.3525390625 0.029296875 0.0263671875
1 0.4384765625 0.3662109375 0.017578125 0.029296875
1 0.5419921875 0.40234375 0.025390625 0.0361328125
1 0.1484375 0.3935546875 0.0185546875 0.03125
0 0.177734375 0.384765625 0.0390625 0.03125
1 0.548828125 0.8017578125 0.052734375 0.0341796875
0 0.2451171875 0.384765625 0.0439453125 0.0390625
1 0.814453125 0.544921875 0.03125 0.048828125