0 0.193359375 0.748046875 0.1220703125 0.1611328125
0 0.5126953125 0.4228515625 0.0498046875 0.0517578125
1 0.3232421875 0.509765625 0.0341796875 0.046875
0 0.3388671875 0.7265625 0.0966796875 0.119140625
1 0.0673828125 0.53515625 0.0283203125 0.0390625
0 0.1962890625 0.416015625 0.064453125 0.0361328125
1 0.564453125 0.392578125 0.0234375 0.033203125
0 0.5400390625 0.353515625 0.0419921875 0.041015625
0 0.5302734375 0.53515625 0.142578125 0.080078125
1 0.6396484375 0.5009765625 0.029296875 0.048828125
1 0.609375 0.4951171875 0.0341796875 0.0439453125
0 0.486328125 0.361328125 0.0439453125 0.03125
1 0.470703125 0.455078125 0.0341796875 0.0439453125
1 0.5166015625 0.4736328125 0.029296875 0.037109375
1 0.251953125 0.4677734375 0.0263671875 0.033203125
1 0.5400390625 0.47265625 0.0263671875 0.0419921875
1 0.416015625 0.810546875 0.0341796875 0.0498046875
1 0.216796875 0.451171875 0.021484375 0.0263671875
1 0.580078125 0.4853515625 0.021484375 0.0361328125
0 0.509765625 0.333984375 0.033203125 0.029296875
1 0.150390625 0.4697265625 0.021484375 0.029296875
1 0.306640625 0.8505859375 0.0419921875 0.064453125
1 0.080078125 0.755859375 0.048828125 0.078125
1 0.498046875 0.4521484375 0.0205078125 0.033203125
1 0.0673828125 0.478515625 0.0341796875 0.03125
1 0.8095703125 0.57421875 0.0341796875 0.044921875
1 0.458984375 0.78515625 0.0341796875 0.0546875
1 0.427734375 0.6796875 0.0439453125 0.052734375
1 0.845703125 0.6376953125 0.0361328125 0.068359375
1 0.619140625 0.4638671875 0.0205078125 0.0283203125
1 0.279296875 0.4072265625 0.013671875 0.0263671875
1 0.646484375 0.4677734375 0.0205078125 0.0263671875
1 0.1650390625 0.365234375 0.013671875 0.0185546875
1 0.5634765625 0.470703125 0.0205078125 0.0341796875
1 0.5498046875 0.44921875 0.0185546875 0.0263671875
1 0.419921875 0.7421875 0.046875 0.0625
1 0.5947265625 0.466796875 0.017578125 0.025390625
1 0.0771484375 0.400390625 0.0263671875 0.029296875
1 0.2470703125 0.361328125 0.0126953125 0.015625
1 0.4580078125 0.361328125 0.0283203125 0.029296875
1 0.423828125 0.375 0.013671875 0.0283203125
1 0.912109375 0.572265625 0.0283203125 0.0595703125
1 0.01953125 0.49609375 0.017578125 0.0361328125
1 0.3291015625 0.359375 0.017578125 0.021484375
1 0.466796875 0.4208984375 0.017578125 0.0234375
1 0.2041015625 0.359375 0.013671875 0.015625
1 0.1767578125 0.3271484375 0.0185546875 0.0205078125
1 0.5615234375 0.46875 0.1611328125 0.0751953125
1 0.025390625 0.3759765625 0.013671875 0.017578125
1 0.982421875 0.5810546875 0.0107421875 0.041015625
1 0.6787109375 0.451171875 0.013671875 0.0234375
1 0.5673828125 0.4365234375 0.0185546875 0.033203125
1 0.8671875 0.5361328125 0.0185546875 0.037109375
1 0.638671875 0.4453125 0.0498046875 0.03125
1 0.537109375 0.568359375 0.0234375 0.0341796875
1 0.455078125 0.716796875 0.0205078125 0.0263671875
1 0.1484375 0.421875 0.0126953125 0.021484375
1 0.1953125 0.322265625 0.015625 0.017578125
1 0.5126953125 0.3701171875 0.021484375 0.0185546875
1 0.6796875 0.5283203125 0.041015625 0.0498046875
1 0.029296875 0.5849609375 0.033203125 0.0859375
1 0.517578125 0.4501953125 0.015625 0.021484375
1 0.2548828125 0.390625 0.0341796875 0.041015625
1 0.0693359375 0.33984375 0.013671875 0.017578125
0 0.197265625 0.876953125 0.1142578125 0.0283203125
1 0.5888671875 0.4482421875 0.015625 0.025390625
1 0.107421875 0.4853515625 0.0341796875 0.029296875