0 0.5791015625 0.4326171875 0.048828125 0.056640625
1 0.7177734375 0.64453125 0.0419921875 0.0576171875
0 0.5322265625 0.4638671875 0.0576171875 0.087890625
1 0.826171875 0.791015625 0.080078125 0.083984375
0 0.619140625 0.7119140625 0.1591796875 0.1953125
0 0.6005859375 0.56640625 0.095703125 0.107421875
1 0.25 0.4931640625 0.025390625 0.044921875
1 0.6748046875 0.5791015625 0.03125 0.0576171875
1 0.1669921875 0.494140625 0.025390625 0.0390625
1 0.1845703125 0.6201171875 0.025390625 0.0439453125
1 0.791015625 0.5615234375 0.033203125 0.048828125
1 0.767578125 0.6884765625 0.0576171875 0.0732421875
0 0.490234375 0.361328125 0.0390625 0.0341796875
1 0.146484375 0.5078125 0.0263671875 0.0439453125
1 0.19921875 0.5478515625 0.0234375 0.0390625
1 0.431640625 0.5166015625 0.033203125 0.048828125
1 0.6376953125 0.5341796875 0.025390625 0.041015625
1 0.4853515625 0.416015625 0.0263671875 0.0390625
1 0.212890625 0.3994140625 0.015625 0.0234375
1 0.3623046875 0.419921875 0.03125 0.03125
1 0.80078125 0.623046875 0.0517578125 0.068359375
1 0.1357421875 0.6123046875 0.0341796875 0.0498046875
1 0.6142578125 0.4931640625 0.0185546875 0.0390625
1 0.158203125 0.466796875 0.0283203125 0.0341796875
1 0.080078125 0.4013671875 0.0185546875 0.021484375
1 0.7236328125 0.5341796875 0.052734375 0.056640625
0 0.1748046875 0.421875 0.056640625 0.041015625
0 0.4775390625 0.544921875 0.0732421875 0.087890625
1 0.6943359375 0.548828125 0.0263671875 0.041015625
1 0.111328125 0.416015625 0.017578125 0.021484375
1 0.251953125 0.443359375 0.0283203125 0.0341796875
1 0.216796875 0.689453125 0.0341796875 0.0625
1 0.1376953125 0.724609375 0.0439453125 0.0595703125
1 0.2333984375 0.462890625 0.0205078125 0.0283203125
0 0.224609375 0.361328125 0.0263671875 0.025390625
1 0.927734375 0.642578125 0.052734375 0.0576171875
1 0.193359375 0.380859375 0.015625 0.025390625
1 0.501953125 0.4423828125 0.0205078125 0.0341796875
1 0.1943359375 0.357421875 0.0107421875 0.015625
1 0.3798828125 0.4501953125 0.0283203125 0.037109375
1 0.8408203125 0.55859375 0.0439453125 0.0576171875
1 0.1640625 0.373046875 0.015625 0.0283203125
1 0.552734375 0.404296875 0.015625 0.03125
1 0.021484375 0.4765625 0.021484375 0.0341796875
1 0.0283203125 0.568359375 0.03125 0.0576171875
1 0.8935546875 0.5830078125 0.037109375 0.052734375
1 0.1826171875 0.3525390625 0.009765625 0.017578125
1 0.4638671875 0.41796875 0.015625 0.029296875
1 0.849609375 0.85546875 0.0751953125 0.064453125
1 0.0595703125 0.48046875 0.021484375 0.0361328125
1 0.5947265625 0.3994140625 0.0234375 0.0263671875
1 0.130859375 0.6640625 0.0517578125 0.0595703125
1 0.896484375 0.5390625 0.0263671875 0.0439453125
0 0.3330078125 0.841796875 0.130859375 0.0908203125
1 0.439453125 0.3974609375 0.017578125 0.029296875
1 0.5322265625 0.3935546875 0.0234375 0.0341796875
1 0.853515625 0.6455078125 0.037109375 0.0498046875
1 0.4111328125 0.560546875 0.052734375 0.080078125
1 0.453125 0.3740234375 0.0283203125 0.0361328125
1 0.67578125 0.50390625 0.0263671875 0.0390625
1 0.0263671875 0.373046875 0.015625 0.021484375
0 0.541015625 0.34375 0.029296875 0.021484375
1 0.2080078125 0.3486328125 0.009765625 0.015625
1 0.9658203125 0.630859375 0.0283203125 0.0595703125
1 0.6435546875 0.4404296875 0.0439453125 0.0341796875