0 0.193359375 0.7490234375 0.123046875 0.1640625
0 0.513671875 0.4228515625 0.052734375 0.0517578125
0 0.337890625 0.7275390625 0.0986328125 0.1171875
0 0.486328125 0.361328125 0.0439453125 0.029296875
0 0.5400390625 0.3525390625 0.0419921875 0.0419921875
0 0.34375 0.4853515625 0.1123046875 0.0703125
1 0.306640625 0.8525390625 0.0439453125 0.060546875
1 0.0751953125 0.7607421875 0.0439453125 0.072265625
1 0.4130859375 0.806640625 0.048828125 0.060546875
1 0.068359375 0.541015625 0.029296875 0.046875
1 0.6435546875 0.513671875 0.025390625 0.0498046875
0 0.509765625 0.333984375 0.03125 0.029296875
1 0.505859375 0.47265625 0.021484375 0.044921875
1 0.6181640625 0.486328125 0.0263671875 0.037109375
1 0.4697265625 0.4482421875 0.0263671875 0.041015625
1 0.5625 0.380859375 0.021484375 0.029296875
1 0.564453125 0.4326171875 0.0205078125 0.0283203125
0 0.115234375 0.3955078125 0.060546875 0.03125
1 0.4599609375 0.783203125 0.0361328125 0.056640625
1 0.4287109375 0.6875 0.044921875 0.068359375
1 0.1337890625 0.42578125 0.0234375 0.0263671875
1 0.845703125 0.638671875 0.0361328125 0.068359375
1 0.580078125 0.5361328125 0.0341796875 0.046875
1 0.1875 0.4326171875 0.025390625 0.0283203125
1 0.0322265625 0.7568359375 0.0390625 0.0673828125
1 0.5341796875 0.5830078125 0.0595703125 0.068359375
1 0.5810546875 0.46484375 0.021484375 0.0361328125
1 0.583984375 0.37890625 0.0185546875 0.029296875
1 0.4404296875 0.36328125 0.021484375 0.0234375
1 0.0693359375 0.478515625 0.029296875 0.033203125
1 0.5498046875 0.400390625 0.015625 0.021484375
1 0.1533203125 0.421875 0.0185546875 0.03125
1 0.552734375 0.470703125 0.0234375 0.0439453125
1 0.21484375 0.455078125 0.0205078125 0.0263671875
1 0.419921875 0.7392578125 0.046875 0.052734375
1 0.6474609375 0.4765625 0.017578125 0.0283203125
1 0.546875 0.4677734375 0.150390625 0.0732421875
0 0.232421875 0.3671875 0.064453125 0.0341796875
1 0.166015625 0.3642578125 0.0126953125 0.015625
1 0.3544921875 0.3623046875 0.0185546875 0.021484375
1 0.0283203125 0.58203125 0.0283203125 0.0830078125
1 0.638671875 0.443359375 0.044921875 0.0341796875
1 0.6728515625 0.5166015625 0.0390625 0.0517578125
1 0.025390625 0.3740234375 0.0126953125 0.0205078125
0 0.193359375 0.875 0.1015625 0.0283203125
1 0.4375 0.765625 0.021484375 0.03125
1 0.455078125 0.7177734375 0.0185546875 0.0234375
1 0.5537109375 0.517578125 0.0234375 0.0361328125
1 0.1787109375 0.326171875 0.0234375 0.021484375
1 0.1953125 0.32421875 0.015625 0.0205078125
1 0.2080078125 0.333984375 0.009765625 0.017578125
1 0.330078125 0.3583984375 0.0185546875 0.0234375
1 0.2470703125 0.353515625 0.0126953125 0.0234375