0 0.193359375 0.748046875 0.1220703125 0.1591796875
0 0.51171875 0.423828125 0.0517578125 0.052734375
0 0.337890625 0.7255859375 0.0986328125 0.1201171875
0 0.5390625 0.353515625 0.0439453125 0.0439453125
0 0.5673828125 0.5439453125 0.1689453125 0.0810546875
1 0.306640625 0.833984375 0.046875 0.0888671875
1 0.0673828125 0.537109375 0.0283203125 0.0419921875
1 0.2255859375 0.453125 0.0361328125 0.037109375
1 0.5126953125 0.4736328125 0.037109375 0.0439453125
1 0.3740234375 0.537109375 0.048828125 0.044921875
1 0.150390625 0.48046875 0.025390625 0.0390625
0 0.48828125 0.3603515625 0.0390625 0.033203125
1 0.4697265625 0.453125 0.0361328125 0.046875
0 0.2177734375 0.4228515625 0.0703125 0.0390625
1 0.6376953125 0.490234375 0.03125 0.041015625
1 0.416015625 0.80859375 0.037109375 0.060546875
1 0.4169921875 0.37109375 0.015625 0.0234375
1 0.427734375 0.681640625 0.0439453125 0.0517578125
1 0.458984375 0.7841796875 0.037109375 0.0595703125
1 0.5712890625 0.3857421875 0.0234375 0.03125
1 0.28515625 0.486328125 0.029296875 0.037109375
1 0.6123046875 0.4873046875 0.0283203125 0.037109375
1 0.580078125 0.4853515625 0.0234375 0.033203125
1 0.080078125 0.7568359375 0.0419921875 0.076171875
1 0.0908203125 0.408203125 0.0283203125 0.03125
1 0.541015625 0.4736328125 0.0263671875 0.041015625
1 0.294921875 0.4091796875 0.0185546875 0.025390625
1 0.4951171875 0.4541015625 0.0185546875 0.029296875
0 0.509765625 0.333984375 0.03125 0.0283203125
1 0.154296875 0.4296875 0.0205078125 0.021484375
1 0.5576171875 0.40234375 0.0126953125 0.0234375
1 0.955078125 0.580078125 0.060546875 0.0517578125
1 0.515625 0.3720703125 0.015625 0.0185546875
1 0.552734375 0.44921875 0.0205078125 0.0234375
1 0.0654296875 0.474609375 0.037109375 0.033203125
1 0.1650390625 0.36328125 0.013671875 0.017578125
1 0.564453125 0.4697265625 0.0185546875 0.029296875
1 0.4677734375 0.423828125 0.0205078125 0.03125
1 0.419921875 0.740234375 0.046875 0.056640625
1 0.8427734375 0.6396484375 0.0517578125 0.0732421875
1 0.3291015625 0.3583984375 0.017578125 0.0234375
1 0.6220703125 0.451171875 0.015625 0.0234375
1 0.8740234375 0.5810546875 0.017578125 0.0341796875
1 0.4560546875 0.71484375 0.021484375 0.029296875
1 0.5673828125 0.439453125 0.015625 0.0234375
1 0.1767578125 0.3271484375 0.0185546875 0.0205078125
1 0.4541015625 0.3623046875 0.013671875 0.0185546875
1 0.3251953125 0.4052734375 0.056640625 0.029296875
1 0.595703125 0.580078125 0.0234375 0.0341796875
1 0.2060546875 0.357421875 0.009765625 0.015625
1 0.595703125 0.466796875 0.015625 0.0205078125
1 0.587890625 0.44921875 0.015625 0.0263671875
1 0.0205078125 0.4599609375 0.0185546875 0.033203125
1 0.068359375 0.3408203125 0.015625 0.0185546875
1 0.029296875 0.583984375 0.03125 0.083984375
1 0.0322265625 0.3759765625 0.033203125 0.0234375
0 0.236328125 0.365234375 0.0595703125 0.0361328125
1 0.841796875 0.576171875 0.068359375 0.056640625
1 0.044921875 0.412109375 0.0263671875 0.013671875
1 0.890625 0.3857421875 0.015625 0.021484375
1 0.517578125 0.44921875 0.0185546875 0.0205078125
1 0.1943359375 0.32421875 0.017578125 0.017578125
1 0.48828125 0.607421875 0.0361328125 0.072265625