0 0.19921875 0.638671875 0.0986328125 0.1044921875
1 0.271484375 0.6748046875 0.0390625 0.0810546875
1 0.8134765625 0.845703125 0.0673828125 0.087890625
1 0.318359375 0.548828125 0.021484375 0.0361328125
1 0.1416015625 0.548828125 0.0234375 0.041015625
0 0.642578125 0.583984375 0.103515625 0.1064453125
1 0.2705078125 0.529296875 0.025390625 0.0439453125
0 0.62109375 0.7373046875 0.1513671875 0.208984375
1 0.1845703125 0.537109375 0.025390625 0.041015625
0 0.5380859375 0.455078125 0.0517578125 0.056640625
1 0.0771484375 0.7265625 0.029296875 0.0498046875
1 0.8046875 0.591796875 0.046875 0.0546875
1 0.2763671875 0.458984375 0.021484375 0.03125
0 0.4619140625 0.412109375 0.0361328125 0.0390625
1 0.298828125 0.439453125 0.0205078125 0.03125
1 0.2919921875 0.494140625 0.0185546875 0.029296875
1 0.9375 0.6806640625 0.09375 0.091796875
0 0.564453125 0.392578125 0.041015625 0.048828125
1 0.5576171875 0.5908203125 0.0283203125 0.0498046875
0 0.5244140625 0.39453125 0.044921875 0.048828125
1 0.251953125 0.4853515625 0.0234375 0.0361328125
1 0.2431640625 0.55078125 0.0263671875 0.048828125
1 0.3662109375 0.478515625 0.0205078125 0.03125
1 0.158203125 0.4765625 0.033203125 0.0439453125
1 0.109375 0.61328125 0.03125 0.0517578125
1 0.607421875 0.498046875 0.0185546875 0.0341796875
1 0.5361328125 0.5380859375 0.021484375 0.0390625
1 0.189453125 0.498046875 0.0185546875 0.029296875
1 0.720703125 0.7431640625 0.052734375 0.060546875
1 0.728515625 0.5400390625 0.0439453125 0.044921875
1 0.5947265625 0.517578125 0.0205078125 0.037109375
1 0.380859375 0.5283203125 0.0263671875 0.0498046875
1 0.845703125 0.603515625 0.046875 0.046875
1 0.2294921875 0.474609375 0.021484375 0.037109375
1 0.2548828125 0.4501953125 0.0185546875 0.0283203125
1 0.525390625 0.615234375 0.0263671875 0.0546875
1 0.896484375 0.5419921875 0.033203125 0.037109375
1 0.05859375 0.48046875 0.0205078125 0.0361328125
1 0.2333984375 0.4501953125 0.017578125 0.025390625
1 0.1396484375 0.4208984375 0.0234375 0.0263671875
1 0.4287109375 0.501953125 0.017578125 0.046875
1 0.419921875 0.4091796875 0.013671875 0.0185546875
0 0.251953125 0.408203125 0.0888671875 0.048828125
1 0.177734375 0.453125 0.021484375 0.0341796875
1 0.1865234375 0.376953125 0.013671875 0.021484375
1 0.5126953125 0.4404296875 0.021484375 0.03125
1 0.0224609375 0.48046875 0.0234375 0.0390625
1 0.1064453125 0.421875 0.015625 0.021484375
1 0.931640625 0.6103515625 0.056640625 0.048828125
0 0.5390625 0.34765625 0.03125 0.029296875
0 0.4794921875 0.361328125 0.0283203125 0.03125
1 0.171875 0.853515625 0.056640625 0.0703125
1 0.552734375 0.5283203125 0.017578125 0.041015625
1 0.0810546875 0.40234375 0.015625 0.0234375
1 0.251953125 0.498046875 0.1171875 0.1298828125
1 0.31640625 0.521484375 0.017578125 0.033203125
1 0.951171875 0.529296875 0.0234375 0.017578125
1 0.029296875 0.5869140625 0.037109375 0.0703125
0 0.1650390625 0.4052734375 0.044921875 0.0361328125
1 0.837890625 0.556640625 0.037109375 0.0546875
1 0.748046875 0.87109375 0.048828125 0.0390625
1 0.201171875 0.4130859375 0.0361328125 0.0419921875
1 0.1083984375 0.4833984375 0.0361328125 0.0361328125
1 0.6923828125 0.794921875 0.0341796875 0.068359375
0 0.501953125 0.337890625 0.0341796875 0.0283203125
1 0.3515625 0.421875 0.0185546875 0.025390625
1 0.6005859375 0.462890625 0.0234375 0.0390625
1 0.591796875 0.6083984375 0.0234375 0.044921875
1 0.4541015625 0.376953125 0.029296875 0.0439453125
1 0.9609375 0.630859375 0.025390625 0.041015625
0 0.9404296875 0.873046875 0.087890625 0.037109375
1 0.8974609375 0.583984375 0.0390625 0.0517578125
1 0.615234375 0.8095703125 0.037109375 0.0654296875