0 0.3232421875 0.80078125 0.140625 0.1767578125
0 0.19921875 0.681640625 0.1044921875 0.119140625
0 0.240234375 0.509765625 0.0625 0.0703125
0 0.5029296875 0.4990234375 0.099609375 0.095703125
1 0.689453125 0.544921875 0.046875 0.0576171875
0 0.2255859375 0.580078125 0.080078125 0.0908203125
0 0.3154296875 0.650390625 0.0908203125 0.109375
1 0.822265625 0.578125 0.083984375 0.087890625
1 0.552734375 0.66796875 0.029296875 0.0517578125
1 0.7275390625 0.537109375 0.044921875 0.046875
1 0.896484375 0.6552734375 0.0859375 0.0859375
0 0.3212890625 0.546875 0.0703125 0.0810546875
0 0.5048828125 0.34375 0.0341796875 0.03125
0 0.4794921875 0.3603515625 0.037109375 0.0390625
1 0.0419921875 0.5859375 0.0341796875 0.052734375
1 0.55078125 0.390625 0.017578125 0.025390625
1 0.1865234375 0.498046875 0.0205078125 0.0361328125
1 0.1630859375 0.50390625 0.0263671875 0.044921875
0 0.4423828125 0.416015625 0.056640625 0.0546875
1 0.126953125 0.6376953125 0.037109375 0.0654296875
1 0.9609375 0.697265625 0.052734375 0.0810546875
1 0.5888671875 0.3955078125 0.021484375 0.03125
1 0.1376953125 0.4921875 0.0185546875 0.0283203125
0 0.412109375 0.376953125 0.046875 0.048828125
1 0.2255859375 0.8076171875 0.0390625 0.0595703125
1 0.146484375 0.4619140625 0.0185546875 0.0234375
1 0.119140625 0.5322265625 0.0234375 0.0361328125
1 0.435546875 0.482421875 0.0205078125 0.0419921875
1 0.0693359375 0.478515625 0.0419921875 0.0390625
1 0.8935546875 0.57421875 0.0341796875 0.0361328125
1 0.501953125 0.3798828125 0.017578125 0.025390625
0 0.5341796875 0.3310546875 0.0439453125 0.03125
1 0.58203125 0.8115234375 0.064453125 0.123046875
1 0.091796875 0.728515625 0.0419921875 0.072265625
1 0.1484375 0.419921875 0.021484375 0.029296875
0 0.2568359375 0.412109375 0.0390625 0.0283203125
1 0.4384765625 0.794921875 0.0419921875 0.1044921875
1 0.2197265625 0.412109375 0.033203125 0.03125
1 0.173828125 0.462890625 0.025390625 0.0263671875
1 0.6337890625 0.4423828125 0.0419921875 0.0341796875
1 0.8291015625 0.5439453125 0.0234375 0.0341796875
1 0.6806640625 0.439453125 0.0234375 0.0361328125
1 0.3671875 0.388671875 0.025390625 0.0263671875
1 0.4560546875 0.349609375 0.015625 0.03125
1 0.4697265625 0.396484375 0.013671875 0.03125
0 0.943359375 0.5791015625 0.083984375 0.064453125
1 0.35546875 0.4482421875 0.017578125 0.025390625
1 0.111328125 0.4169921875 0.017578125 0.0185546875
1 0.958984375 0.5302734375 0.0517578125 0.044921875
0 0.1552734375 0.5830078125 0.029296875 0.0498046875
1 0.9716796875 0.6328125 0.0341796875 0.068359375
1 0.0234375 0.5595703125 0.025390625 0.0439453125