0 0.193359375 0.748046875 0.125 0.162109375
0 0.337890625 0.7275390625 0.0986328125 0.1201171875
1 0.140625 0.5283203125 0.0283203125 0.046875
0 0.408203125 0.4794921875 0.0986328125 0.068359375
1 0.3115234375 0.8408203125 0.048828125 0.083984375
0 0.5390625 0.3466796875 0.041015625 0.0341796875
1 0.203125 0.416015625 0.025390625 0.0263671875
1 0.2900390625 0.474609375 0.033203125 0.041015625
0 0.4921875 0.357421875 0.041015625 0.03125
1 0.5068359375 0.57421875 0.060546875 0.060546875
1 0.078125 0.7470703125 0.056640625 0.09375
1 0.2060546875 0.462890625 0.025390625 0.0361328125
1 0.244140625 0.4931640625 0.033203125 0.044921875
1 0.455078125 0.7783203125 0.0498046875 0.078125
0 0.509765625 0.4091796875 0.0419921875 0.03125
1 0.466796875 0.3837890625 0.017578125 0.0234375
1 0.5791015625 0.388671875 0.017578125 0.03125
1 0.435546875 0.404296875 0.0205078125 0.03125
1 0.412109375 0.8212890625 0.044921875 0.076171875
1 0.478515625 0.3984375 0.013671875 0.0341796875
1 0.1669921875 0.4560546875 0.025390625 0.0283203125
1 0.1455078125 0.4892578125 0.025390625 0.0341796875
1 0.63671875 0.490234375 0.0205078125 0.0341796875
1 0.4326171875 0.666015625 0.0498046875 0.064453125
1 0.4228515625 0.7392578125 0.0419921875 0.052734375
1 0.7236328125 0.615234375 0.0283203125 0.041015625
1 0.068359375 0.5234375 0.029296875 0.0498046875
1 0.478515625 0.5380859375 0.0361328125 0.033203125
1 0.1357421875 0.423828125 0.0185546875 0.0263671875
1 0.5888671875 0.564453125 0.0341796875 0.041015625
1 0.548828125 0.3974609375 0.015625 0.029296875
1 0.5576171875 0.4931640625 0.0439453125 0.044921875
1 0.12109375 0.416015625 0.0205078125 0.021484375
0 0.509765625 0.3330078125 0.0341796875 0.0283203125
1 0.9765625 0.708984375 0.021484375 0.0576171875
1 0.962890625 0.587890625 0.0439453125 0.0390625
1 0.1611328125 0.408203125 0.025390625 0.025390625
1 0.4970703125 0.453125 0.015625 0.0283203125
0 0.2314453125 0.36328125 0.0595703125 0.029296875
1 0.5947265625 0.482421875 0.0205078125 0.03125
1 0.67578125 0.6865234375 0.064453125 0.060546875
1 0.77734375 0.5791015625 0.060546875 0.044921875
1 0.4560546875 0.3623046875 0.021484375 0.025390625
1 0.5537109375 0.3681640625 0.017578125 0.0263671875
1 0.458984375 0.71875 0.0263671875 0.041015625
1 0.177734375 0.326171875 0.0234375 0.021484375
1 0.9306640625 0.5791015625 0.033203125 0.0361328125
1 0.5517578125 0.462890625 0.021484375 0.0341796875
1 0.6201171875 0.4609375 0.0185546875 0.0283203125
1 0.560546875 0.513671875 0.1796875 0.1484375
1 0.5869140625 0.3642578125 0.013671875 0.025390625
1 0.5625 0.607421875 0.037109375 0.087890625
1 0.63671875 0.443359375 0.048828125 0.029296875
0 0.1904296875 0.875 0.103515625 0.03125
1 0.1953125 0.322265625 0.0185546875 0.0185546875
1 0.08984375 0.400390625 0.0205078125 0.0234375
1 0.58984375 0.4541015625 0.0107421875 0.0205078125
1 0.50390625 0.4794921875 0.0390625 0.041015625
1 0.0517578125 0.6943359375 0.03125 0.0673828125
1 0.37890625 0.32421875 0.017578125 0.0205078125
1 0.681640625 0.447265625 0.015625 0.0185546875
1 0.353515625 0.328125 0.03125 0.021484375
1 0.091796875 0.482421875 0.056640625 0.044921875
1 0.0576171875 0.4814453125 0.021484375 0.041015625