0 0.154296875 0.5400390625 0.0595703125 0.0703125
0 0.37109375 0.712890625 0.0986328125 0.130859375
1 0.5615234375 0.62890625 0.0419921875 0.064453125
0 0.650390625 0.734375 0.1455078125 0.1591796875
1 0.6650390625 0.630859375 0.0419921875 0.0654296875
1 0.693359375 0.544921875 0.048828125 0.0498046875
1 0.818359375 0.5830078125 0.0703125 0.0751953125
1 0.5966796875 0.439453125 0.025390625 0.0341796875
1 0.56640625 0.43359375 0.017578125 0.029296875
1 0.5234375 0.66796875 0.037109375 0.060546875
1 0.7880859375 0.744140625 0.0546875 0.0654296875
1 0.4951171875 0.439453125 0.03125 0.0341796875
1 0.6318359375 0.5380859375 0.0517578125 0.0419921875
1 0.1044921875 0.693359375 0.03125 0.0517578125
0 0.509765625 0.537109375 0.076171875 0.091796875
1 0.94140625 0.6826171875 0.0859375 0.09375
0 0.1884765625 0.462890625 0.048828125 0.046875
1 0.732421875 0.5380859375 0.0361328125 0.044921875
1 0.4580078125 0.4365234375 0.025390625 0.029296875
0 0.2939453125 0.443359375 0.046875 0.044921875
1 0.2734375 0.51171875 0.0185546875 0.033203125
0 0.263671875 0.416015625 0.0439453125 0.0341796875
0 0.53515625 0.458984375 0.060546875 0.072265625
1 0.177734375 0.591796875 0.029296875 0.044921875
1 0.88671875 0.5927734375 0.0673828125 0.064453125
1 0.548828125 0.40625 0.0185546875 0.03125
0 0.349609375 0.474609375 0.076171875 0.103515625
1 0.9443359375 0.5283203125 0.0361328125 0.037109375
1 0.5029296875 0.4775390625 0.025390625 0.0361328125
1 0.4228515625 0.4873046875 0.0517578125 0.0439453125
1 0.578125 0.814453125 0.0439453125 0.0732421875
1 0.9287109375 0.609375 0.0419921875 0.041015625
1 0.66796875 0.869140625 0.048828125 0.0419921875
1 0.47265625 0.400390625 0.0205078125 0.025390625
0 0.5048828125 0.3994140625 0.041015625 0.0517578125
1 0.0634765625 0.478515625 0.0361328125 0.0390625
1 0.025390625 0.5693359375 0.0263671875 0.060546875
1 0.0341796875 0.474609375 0.0341796875 0.041015625
0 0.1865234375 0.400390625 0.0390625 0.0341796875
1 0.90234375 0.544921875 0.0234375 0.029296875
1 0.5810546875 0.376953125 0.0185546875 0.0341796875
1 0.591796875 0.4013671875 0.025390625 0.0341796875
1 0.140625 0.435546875 0.015625 0.021484375
1 0.447265625 0.359375 0.0205078125 0.0283203125
1 0.8125 0.541015625 0.03125 0.0439453125
0 0.3515625 0.3203125 0.03125 0.0185546875
1 0.970703125 0.6376953125 0.0263671875 0.052734375
0 0.232421875 0.6259765625 0.1298828125 0.138671875
0 0.1572265625 0.412109375 0.0390625 0.0390625
1 0.1630859375 0.796875 0.029296875 0.0498046875
1 0.2724609375 0.5673828125 0.060546875 0.0341796875
1 0.474609375 0.361328125 0.0185546875 0.0283203125
1 0.6826171875 0.5126953125 0.021484375 0.0283203125
0 0.2177734375 0.5205078125 0.0361328125 0.0654296875
0 0.9580078125 0.5751953125 0.0595703125 0.0498046875
1 0.080078125 0.337890625 0.0185546875 0.0205078125
0 0.2431640625 0.380859375 0.060546875 0.03125
1 0.958984375 0.76171875 0.0234375 0.044921875
0 0.228515625 0.3544921875 0.025390625 0.021484375