0 0.1943359375 0.7509765625 0.123046875 0.1640625
0 0.5146484375 0.4208984375 0.0517578125 0.0546875
0 0.337890625 0.7275390625 0.0986328125 0.1171875
1 0.515625 0.4765625 0.0341796875 0.046875
1 0.412109375 0.8017578125 0.0517578125 0.072265625
1 0.306640625 0.833984375 0.046875 0.0908203125
1 0.6123046875 0.490234375 0.0341796875 0.046875
0 0.537109375 0.353515625 0.0390625 0.0419921875
1 0.119140625 0.6689453125 0.046875 0.068359375
1 0.076171875 0.755859375 0.0419921875 0.0732421875
1 0.427734375 0.6552734375 0.0361328125 0.064453125
0 0.4921875 0.361328125 0.041015625 0.0341796875
1 0.548828125 0.4677734375 0.021484375 0.0419921875
1 0.4375 0.4443359375 0.015625 0.0234375
1 0.548828125 0.4375 0.0185546875 0.03125
1 0.4580078125 0.779296875 0.037109375 0.0654296875
1 0.568359375 0.548828125 0.060546875 0.068359375
1 0.3896484375 0.4609375 0.0263671875 0.037109375
1 0.564453125 0.4541015625 0.0205078125 0.033203125
1 0.103515625 0.4033203125 0.0185546875 0.021484375
1 0.474609375 0.451171875 0.021484375 0.029296875
1 0.490234375 0.4755859375 0.0283203125 0.048828125
1 0.5830078125 0.3896484375 0.0185546875 0.029296875
0 0.509765625 0.3330078125 0.0283203125 0.0283203125
1 0.029296875 0.56640625 0.041015625 0.0673828125
1 0.056640625 0.4814453125 0.021484375 0.03125
1 0.4658203125 0.423828125 0.0185546875 0.0283203125
0 0.9375 0.5703125 0.0966796875 0.0654296875
1 0.421875 0.740234375 0.046875 0.0546875
1 0.646484375 0.490234375 0.0234375 0.0361328125
1 0.0283203125 0.78515625 0.0341796875 0.0830078125
1 0.4619140625 0.365234375 0.0234375 0.0283203125
1 0.6201171875 0.462890625 0.0185546875 0.03125
1 0.568359375 0.376953125 0.017578125 0.021484375
0 0.4326171875 0.5 0.119140625 0.0625
1 0.5947265625 0.466796875 0.013671875 0.021484375
1 0.4375 0.3623046875 0.015625 0.021484375
0 0.1962890625 0.8466796875 0.126953125 0.072265625
0 0.0341796875 0.373046875 0.03125 0.021484375
1 0.166015625 0.3642578125 0.013671875 0.0185546875
1 0.5615234375 0.427734375 0.017578125 0.0283203125
1 0.388671875 0.509765625 0.017578125 0.0234375
0 0.1875 0.3251953125 0.037109375 0.025390625
0 0.234375 0.37109375 0.0498046875 0.029296875
1 0.0771484375 0.5673828125 0.0263671875 0.041015625
1 0.453125 0.5234375 0.021484375 0.037109375
1 0.58984375 0.427734375 0.013671875 0.025390625
1 0.021484375 0.494140625 0.021484375 0.033203125
1 0.3701171875 0.591796875 0.025390625 0.0576171875