0 0.322265625 0.798828125 0.146484375 0.1767578125
1 0.6767578125 0.7080078125 0.0439453125 0.068359375
1 0.541015625 0.6669921875 0.041015625 0.068359375
1 0.552734375 0.5 0.0341796875 0.0439453125
1 0.1611328125 0.607421875 0.03125 0.044921875
1 0.544921875 0.552734375 0.025390625 0.0498046875
1 0.630859375 0.75390625 0.0439453125 0.076171875
0 0.2216796875 0.58984375 0.078125 0.0888671875
1 0.49609375 0.564453125 0.029296875 0.0576171875
1 0.6259765625 0.5849609375 0.033203125 0.0546875
1 0.498046875 0.462890625 0.0205078125 0.03125
0 0.31640625 0.650390625 0.091796875 0.109375
1 0.591796875 0.392578125 0.0185546875 0.029296875
1 0.3896484375 0.646484375 0.0361328125 0.056640625
1 0.69140625 0.5478515625 0.0546875 0.0576171875
1 0.1279296875 0.6572265625 0.0283203125 0.0517578125
1 0.822265625 0.5810546875 0.0830078125 0.0810546875
1 0.5625 0.390625 0.015625 0.025390625
0 0.240234375 0.509765625 0.064453125 0.0751953125
1 0.064453125 0.4833984375 0.029296875 0.029296875
1 0.5673828125 0.6103515625 0.0283203125 0.0517578125
1 0.1298828125 0.4912109375 0.021484375 0.029296875
0 0.322265625 0.5517578125 0.072265625 0.0810546875
1 0.380859375 0.392578125 0.046875 0.0361328125
1 0.94921875 0.693359375 0.0732421875 0.0703125
1 0.646484375 0.4541015625 0.0361328125 0.0419921875
1 0.4931640625 0.4052734375 0.0205078125 0.029296875
0 0.3271484375 0.490234375 0.0673828125 0.0595703125
1 0.7353515625 0.6845703125 0.0390625 0.0595703125
1 0.421875 0.6162109375 0.0439453125 0.048828125
1 0.1767578125 0.525390625 0.0341796875 0.0419921875
1 0.5068359375 0.3671875 0.0205078125 0.0283203125
0 0.505859375 0.3447265625 0.03125 0.033203125
1 0.35546875 0.39453125 0.017578125 0.0263671875
1 0.8916015625 0.6416015625 0.0732421875 0.0703125
1 0.8994140625 0.5419921875 0.0361328125 0.037109375
1 0.048828125 0.583984375 0.033203125 0.052734375
0 0.48046875 0.359375 0.033203125 0.0341796875
1 0.478515625 0.3994140625 0.017578125 0.029296875
1 0.41796875 0.388671875 0.013671875 0.025390625
1 0.111328125 0.5419921875 0.0263671875 0.052734375
1 0.42578125 0.580078125 0.0234375 0.0439453125
1 0.73046875 0.5390625 0.0390625 0.0439453125
1 0.623046875 0.439453125 0.017578125 0.03125
0 0.533203125 0.35546875 0.0341796875 0.0390625
0 0.2548828125 0.3994140625 0.0498046875 0.0517578125
1 0.068359375 0.748046875 0.044921875 0.119140625
1 0.21875 0.412109375 0.0283203125 0.0341796875
1 0.1064453125 0.5029296875 0.025390625 0.0283203125
1 0.20703125 0.458984375 0.0205078125 0.033203125
1 0.0234375 0.564453125 0.021484375 0.048828125
1 0.8603515625 0.556640625 0.0234375 0.029296875
1 0.1787109375 0.4853515625 0.0361328125 0.0390625
1 0.166015625 0.4189453125 0.037109375 0.037109375
0 0.837890625 0.857421875 0.15625 0.064453125
1 0.37109375 0.365234375 0.017578125 0.021484375
1 0.2431640625 0.3583984375 0.013671875 0.0205078125
1 0.560546875 0.470703125 0.017578125 0.025390625
1 0.8955078125 0.583984375 0.041015625 0.056640625
1 0.455078125 0.3603515625 0.0185546875 0.029296875
1 0.3583984375 0.353515625 0.017578125 0.025390625
1 0.8916015625 0.384765625 0.017578125 0.0283203125
1 0.841796875 0.5390625 0.025390625 0.0341796875
1 0.7255859375 0.466796875 0.0234375 0.0361328125
1 0.244140625 0.333984375 0.017578125 0.0234375
1 0.185546875 0.3251953125 0.029296875 0.021484375
1 0.95703125 0.626953125 0.0361328125 0.052734375
1 0.931640625 0.6513671875 0.033203125 0.046875