0 0.193359375 0.748046875 0.126953125 0.162109375
0 0.5107421875 0.423828125 0.052734375 0.052734375
0 0.33984375 0.728515625 0.1015625 0.1201171875
1 0.1533203125 0.52734375 0.03125 0.0517578125
1 0.7587890625 0.599609375 0.0546875 0.0654296875
1 0.2734375 0.474609375 0.0341796875 0.0361328125
0 0.462890625 0.509765625 0.1376953125 0.0751953125
1 0.5400390625 0.4716796875 0.033203125 0.037109375
0 0.716796875 0.537109375 0.15625 0.0654296875
0 0.5400390625 0.345703125 0.0390625 0.0263671875
1 0.166015625 0.455078125 0.0185546875 0.0283203125
1 0.63671875 0.501953125 0.0263671875 0.0439453125
0 0.4912109375 0.3623046875 0.0390625 0.0341796875
0 0.5087890625 0.333984375 0.033203125 0.029296875
1 0.5361328125 0.5849609375 0.0595703125 0.080078125
1 0.576171875 0.5546875 0.0546875 0.037109375
1 0.615234375 0.5986328125 0.0419921875 0.052734375
1 0.162109375 0.486328125 0.0234375 0.0361328125
1 0.529296875 0.37109375 0.0185546875 0.0234375
1 0.505859375 0.5498046875 0.0419921875 0.037109375
1 0.580078125 0.48828125 0.025390625 0.0361328125
1 0.15625 0.419921875 0.025390625 0.0283203125
1 0.3076171875 0.849609375 0.0439453125 0.0625
1 0.078125 0.765625 0.041015625 0.068359375
1 0.380859375 0.541015625 0.056640625 0.0546875
1 0.654296875 0.5810546875 0.048828125 0.046875
1 0.47265625 0.4453125 0.0205078125 0.025390625
1 0.4306640625 0.662109375 0.044921875 0.0703125
1 0.9091796875 0.580078125 0.03125 0.041015625
1 0.859375 0.623046875 0.041015625 0.056640625
1 0.4541015625 0.7841796875 0.0517578125 0.068359375
1 0.076171875 0.478515625 0.052734375 0.0390625
1 0.5498046875 0.373046875 0.015625 0.025390625
1 0.798828125 0.59765625 0.048828125 0.0517578125
1 0.384765625 0.466796875 0.0390625 0.03125
1 0.615234375 0.501953125 0.0263671875 0.041015625
1 0.572265625 0.3720703125 0.0126953125 0.025390625
1 0.25390625 0.455078125 0.029296875 0.0361328125
1 0.0810546875 0.642578125 0.037109375 0.0517578125
1 0.560546875 0.4541015625 0.017578125 0.029296875
1 0.455078125 0.361328125 0.021484375 0.0234375
1 0.353515625 0.3544921875 0.013671875 0.0185546875
1 0.234375 0.44140625 0.0283203125 0.0234375
1 0.1279296875 0.4716796875 0.0283203125 0.0341796875
1 0.71484375 0.802734375 0.0703125 0.099609375
1 0.63671875 0.4736328125 0.017578125 0.025390625
1 0.59375 0.466796875 0.0185546875 0.0283203125
1 0.814453125 0.5517578125 0.052734375 0.0341796875
0 0.908203125 0.5107421875 0.0595703125 0.046875
1 0.7099609375 0.75 0.033203125 0.041015625
1 0.947265625 0.5439453125 0.033203125 0.03125
1 0.177734375 0.326171875 0.025390625 0.0234375
1 0.392578125 0.326171875 0.0283203125 0.0185546875
1 0.96875 0.6376953125 0.0341796875 0.041015625
0 0.240234375 0.380859375 0.060546875 0.033203125
1 0.4169921875 0.7421875 0.037109375 0.0439453125
1 0.033203125 0.798828125 0.046875 0.1123046875
1 0.029296875 0.609375 0.0283203125 0.0625
1 0.146484375 0.78125 0.0341796875 0.052734375
1 0.0302734375 0.560546875 0.0390625 0.0546875
1 0.876953125 0.576171875 0.1826171875 0.1142578125
0 0.3544921875 0.322265625 0.03125 0.0185546875
1 0.3251953125 0.357421875 0.0126953125 0.0234375
1 0.125 0.619140625 0.056640625 0.0498046875
1 0.4208984375 0.615234375 0.0263671875 0.033203125
1 0.8466796875 0.880859375 0.0341796875 0.0185546875
1 0.0390625 0.4716796875 0.03125 0.037109375
0 0.205078125 0.8759765625 0.0888671875 0.0263671875
1 0.974609375 0.533203125 0.025390625 0.0439453125
1 0.9296875 0.380859375 0.0341796875 0.0439453125