0 0.193359375 0.7490234375 0.1201171875 0.1640625
0 0.33984375 0.7314453125 0.095703125 0.125
0 0.51171875 0.4248046875 0.0546875 0.0595703125
0 0.4892578125 0.361328125 0.037109375 0.0341796875
1 0.642578125 0.6982421875 0.072265625 0.083984375
0 0.541015625 0.3447265625 0.0390625 0.0263671875
1 0.5302734375 0.5009765625 0.0517578125 0.048828125
1 0.888671875 0.630859375 0.0517578125 0.0673828125
1 0.3984375 0.5029296875 0.0341796875 0.0498046875
1 0.8125 0.6298828125 0.052734375 0.0654296875
1 0.15625 0.494140625 0.021484375 0.044921875
1 0.705078125 0.837890625 0.0625 0.09375
0 0.509765625 0.333984375 0.029296875 0.029296875
0 0.595703125 0.533203125 0.1640625 0.072265625
1 0.95703125 0.6103515625 0.0576171875 0.064453125
1 0.353515625 0.4921875 0.037109375 0.037109375
0 0.837890625 0.548828125 0.1611328125 0.068359375
1 0.3154296875 0.4736328125 0.0341796875 0.03125
1 0.55078125 0.376953125 0.013671875 0.025390625
1 0.529296875 0.3701171875 0.0205078125 0.025390625
1 0.5107421875 0.576171875 0.0341796875 0.044921875
1 0.599609375 0.82421875 0.048828125 0.0888671875
1 0.271484375 0.404296875 0.0263671875 0.029296875
1 0.658203125 0.6064453125 0.0859375 0.068359375
1 0.08203125 0.75 0.0576171875 0.0966796875
1 0.6201171875 0.482421875 0.041015625 0.033203125
1 0.759765625 0.6005859375 0.068359375 0.060546875
1 0.107421875 0.6279296875 0.037109375 0.052734375
1 0.458984375 0.802734375 0.0419921875 0.0576171875
1 0.5576171875 0.45703125 0.021484375 0.033203125
1 0.275390625 0.447265625 0.0234375 0.025390625
1 0.7109375 0.5849609375 0.037109375 0.048828125
1 0.4765625 0.6220703125 0.0439453125 0.0751953125
1 0.7470703125 0.76171875 0.0654296875 0.0830078125
1 0.125 0.560546875 0.0283203125 0.078125
1 0.583984375 0.4833984375 0.0263671875 0.029296875
1 0.15234375 0.4208984375 0.0234375 0.0263671875
1 0.583984375 0.662109375 0.0419921875 0.060546875
1 0.4208984375 0.7431640625 0.044921875 0.0546875
1 0.1240234375 0.4501953125 0.033203125 0.0283203125
1 0.30859375 0.8291015625 0.048828125 0.0888671875
1 0.025390625 0.767578125 0.0283203125 0.0654296875
1 0.2333984375 0.396484375 0.017578125 0.021484375
1 0.783203125 0.8447265625 0.0703125 0.0830078125
1 0.541015625 0.5830078125 0.037109375 0.0439453125
1 0.42578125 0.677734375 0.0361328125 0.0419921875
1 0.435546875 0.6123046875 0.025390625 0.0439453125
1 0.5859375 0.4580078125 0.021484375 0.0341796875
1 0.4501953125 0.431640625 0.015625 0.029296875
1 0.6083984375 0.587890625 0.0361328125 0.0517578125
1 0.0302734375 0.5595703125 0.0390625 0.0498046875
1 0.0595703125 0.48046875 0.021484375 0.033203125
1 0.177734375 0.326171875 0.0205078125 0.0205078125
1 0.4609375 0.7314453125 0.0439453125 0.072265625
1 0.4521484375 0.3603515625 0.017578125 0.0205078125
1 0.541015625 0.466796875 0.021484375 0.0263671875
1 0.111328125 0.482421875 0.0390625 0.03125
0 0.328125 0.396484375 0.068359375 0.0390625
1 0.029296875 0.61328125 0.0341796875 0.080078125
1 0.3759765625 0.4580078125 0.0234375 0.037109375
1 0.580078125 0.3642578125 0.0283203125 0.0283203125
1 0.6708984375 0.7275390625 0.3203125 0.310546875
1 0.8251953125 0.58984375 0.0283203125 0.0419921875
0 0.2412109375 0.376953125 0.0673828125 0.0283203125
1 0.935546875 0.517578125 0.041015625 0.041015625
1 0.90625 0.517578125 0.021484375 0.021484375
1 0.849609375 0.5693359375 0.0283203125 0.0361328125
1 0.5517578125 0.4287109375 0.015625 0.0234375
0 0.1796875 0.873046875 0.1220703125 0.0341796875
1 0.755859375 0.69921875 0.025390625 0.0546875
1 0.1953125 0.322265625 0.0185546875 0.0185546875
1 0.3779296875 0.59765625 0.0283203125 0.0673828125