0 0.19140625 0.748046875 0.123046875 0.1611328125
0 0.51171875 0.421875 0.048828125 0.052734375
0 0.3388671875 0.728515625 0.0966796875 0.119140625
0 0.5390625 0.3515625 0.041015625 0.037109375
1 0.611328125 0.494140625 0.0341796875 0.046875
1 0.0771484375 0.763671875 0.048828125 0.0732421875
1 0.3671875 0.5087890625 0.046875 0.044921875
0 0.4892578125 0.361328125 0.0341796875 0.033203125
1 0.306640625 0.85546875 0.041015625 0.0546875
1 0.5146484375 0.4794921875 0.0263671875 0.046875
1 0.412109375 0.8037109375 0.046875 0.064453125
0 0.509765625 0.333984375 0.03125 0.03125
1 0.4677734375 0.4609375 0.0361328125 0.0498046875
1 0.1298828125 0.642578125 0.0439453125 0.056640625
1 0.55859375 0.470703125 0.0205078125 0.0390625
1 0.5751953125 0.404296875 0.021484375 0.033203125
1 0.53125 0.3720703125 0.0185546875 0.021484375
1 0.564453125 0.4375 0.017578125 0.021484375
0 0.669921875 0.544921875 0.1640625 0.0810546875
1 0.458984375 0.783203125 0.0361328125 0.0576171875
1 0.427734375 0.677734375 0.0390625 0.046875
1 0.646484375 0.48828125 0.0234375 0.0390625
0 0.287109375 0.4609375 0.083984375 0.0498046875
1 0.052734375 0.6552734375 0.0439453125 0.064453125
1 0.548828125 0.4375 0.0205078125 0.03125
1 0.537109375 0.4833984375 0.021484375 0.0419921875
1 0.060546875 0.4765625 0.0234375 0.03125
1 0.0205078125 0.572265625 0.0185546875 0.041015625
1 0.4423828125 0.447265625 0.0185546875 0.025390625
1 0.466796875 0.4208984375 0.015625 0.0234375
1 0.51171875 0.3681640625 0.017578125 0.0234375
1 0.568359375 0.376953125 0.017578125 0.0234375
1 0.3701171875 0.36328125 0.015625 0.0205078125
1 0.419921875 0.740234375 0.046875 0.0517578125
1 0.623046875 0.4521484375 0.0205078125 0.0263671875
1 0.349609375 0.353515625 0.0185546875 0.0234375
1 0.45703125 0.365234375 0.0234375 0.029296875
1 0.3896484375 0.4814453125 0.0234375 0.0439453125
1 0.5849609375 0.46484375 0.017578125 0.033203125
1 0.0654296875 0.5380859375 0.025390625 0.0419921875
1 0.287109375 0.3623046875 0.015625 0.021484375
1 0.2890625 0.408203125 0.0439453125 0.037109375
1 0.2080078125 0.3564453125 0.015625 0.0185546875
1 0.0263671875 0.787109375 0.0341796875 0.083984375
1 0.681640625 0.498046875 0.025390625 0.0205078125
1 0.3984375 0.361328125 0.015625 0.021484375
1 0.517578125 0.4521484375 0.017578125 0.0234375
1 0.021484375 0.4755859375 0.0205078125 0.0263671875
0 0.1865234375 0.32421875 0.0390625 0.0263671875
1 0.248046875 0.3544921875 0.013671875 0.021484375
0 0.236328125 0.373046875 0.056640625 0.0283203125
1 0.228515625 0.35546875 0.0107421875 0.0205078125
1 0.5556640625 0.46875 0.1796875 0.0908203125
0 0.19140625 0.875 0.0986328125 0.0283203125
0 0.90625 0.5732421875 0.068359375 0.0498046875
1 0.8916015625 0.38671875 0.017578125 0.0263671875
1 0.8505859375 0.412109375 0.0205078125 0.029296875