0 0.3212890625 0.7978515625 0.1484375 0.1767578125
1 0.5703125 0.654296875 0.041015625 0.0625
1 0.5693359375 0.53125 0.029296875 0.052734375
0 0.220703125 0.599609375 0.0830078125 0.09375
1 0.5048828125 0.505859375 0.025390625 0.041015625
0 0.314453125 0.6484375 0.0908203125 0.1123046875
1 0.603515625 0.6220703125 0.033203125 0.052734375
1 0.5625 0.390625 0.015625 0.025390625
1 0.591796875 0.392578125 0.0185546875 0.029296875
1 0.8203125 0.580078125 0.083984375 0.0830078125
1 0.693359375 0.546875 0.046875 0.052734375
1 0.9482421875 0.6904296875 0.0751953125 0.0751953125
1 0.689453125 0.4638671875 0.037109375 0.0341796875
1 0.6123046875 0.451171875 0.0283203125 0.0361328125
1 0.46875 0.5107421875 0.021484375 0.0341796875
1 0.1640625 0.5439453125 0.0283203125 0.046875
1 0.5029296875 0.6025390625 0.0283203125 0.060546875
1 0.455078125 0.4033203125 0.021484375 0.0341796875
1 0.123046875 0.5029296875 0.0263671875 0.037109375
1 0.1201171875 0.671875 0.0341796875 0.072265625
1 0.111328125 0.572265625 0.0283203125 0.0595703125
1 0.4228515625 0.615234375 0.0546875 0.056640625
1 0.4658203125 0.443359375 0.015625 0.021484375
1 0.8916015625 0.6455078125 0.076171875 0.072265625
1 0.5224609375 0.458984375 0.017578125 0.03125
0 0.322265625 0.55078125 0.072265625 0.080078125
1 0.505859375 0.474609375 0.0185546875 0.029296875
1 0.1005859375 0.51171875 0.0263671875 0.044921875
0 0.392578125 0.3759765625 0.041015625 0.0419921875
0 0.240234375 0.509765625 0.064453125 0.0751953125
1 0.5087890625 0.3662109375 0.0205078125 0.029296875
0 0.328125 0.490234375 0.068359375 0.0595703125
1 0.6630859375 0.6015625 0.033203125 0.0439453125
1 0.1796875 0.494140625 0.03125 0.044921875
0 0.4794921875 0.3603515625 0.0341796875 0.0361328125
0 0.7744140625 0.7841796875 0.189453125 0.2001953125
1 0.5234375 0.5458984375 0.021484375 0.044921875
1 0.162109375 0.4658203125 0.0185546875 0.0283203125
1 0.162109375 0.6650390625 0.033203125 0.064453125
1 0.3671875 0.3857421875 0.0185546875 0.0283203125
1 0.05078125 0.591796875 0.029296875 0.0673828125
1 0.4033203125 0.6748046875 0.0341796875 0.0498046875
1 0.240234375 0.361328125 0.017578125 0.0185546875
1 0.455078125 0.466796875 0.0390625 0.046875
1 0.1513671875 0.4150390625 0.021484375 0.029296875
1 0.0810546875 0.48046875 0.046875 0.0419921875
1 0.2177734375 0.412109375 0.0263671875 0.0341796875
0 0.3564453125 0.353515625 0.037109375 0.033203125
0 0.5322265625 0.357421875 0.0361328125 0.037109375
1 0.7314453125 0.5400390625 0.037109375 0.0419921875
0 0.255859375 0.396484375 0.0517578125 0.0498046875
1 0.185546875 0.4658203125 0.021484375 0.025390625
1 0.0966796875 0.4111328125 0.021484375 0.037109375
1 0.171875 0.423828125 0.025390625 0.03125
1 0.9697265625 0.5234375 0.033203125 0.0283203125
1 0.6396484375 0.857421875 0.044921875 0.056640625
1 0.142578125 0.3857421875 0.015625 0.021484375
1 0.060546875 0.392578125 0.0341796875 0.03125
1 0.2177734375 0.326171875 0.013671875 0.017578125
1 0.916015625 0.513671875 0.0185546875 0.0234375
1 0.0419921875 0.810546875 0.025390625 0.037109375
1 0.8984375 0.5859375 0.052734375 0.0595703125
1 0.9638671875 0.626953125 0.037109375 0.056640625
1 0.205078125 0.458984375 0.0234375 0.0361328125
1 0.0234375 0.3740234375 0.0185546875 0.0234375
1 0.0302734375 0.33984375 0.0107421875 0.017578125
1 0.8916015625 0.384765625 0.017578125 0.0283203125
1 0.841796875 0.537109375 0.03125 0.037109375
1 0.53515625 0.58984375 0.1640625 0.1826171875
1 0.169921875 0.3291015625 0.015625 0.017578125
1 0.455078125 0.3603515625 0.021484375 0.0361328125
1 0.501953125 0.556640625 0.0263671875 0.0390625
1 0.5673828125 0.48828125 0.021484375 0.0390625
0 0.373046875 0.3232421875 0.0390625 0.021484375