0 0.193359375 0.748046875 0.125 0.162109375
0 0.337890625 0.7275390625 0.0966796875 0.1171875
0 0.4130859375 0.4775390625 0.0986328125 0.0673828125
1 0.1396484375 0.52734375 0.029296875 0.0546875
0 0.5390625 0.34765625 0.041015625 0.0361328125
1 0.3115234375 0.841796875 0.048828125 0.0830078125
0 0.4921875 0.3583984375 0.041015625 0.033203125
1 0.455078125 0.779296875 0.046875 0.076171875
1 0.466796875 0.3828125 0.017578125 0.025390625
1 0.07421875 0.748046875 0.060546875 0.09375
0 0.5107421875 0.4091796875 0.0439453125 0.03125
1 0.068359375 0.529296875 0.029296875 0.0419921875
1 0.412109375 0.818359375 0.048828125 0.072265625
1 0.208984375 0.4638671875 0.0234375 0.037109375
1 0.291015625 0.4775390625 0.033203125 0.0361328125
1 0.1689453125 0.455078125 0.025390625 0.029296875
1 0.478515625 0.3974609375 0.013671875 0.0361328125
1 0.5947265625 0.5673828125 0.0390625 0.037109375
1 0.205078125 0.4169921875 0.0263671875 0.025390625
1 0.421875 0.7431640625 0.0439453125 0.0517578125
1 0.580078125 0.3896484375 0.015625 0.029296875
1 0.2470703125 0.498046875 0.03125 0.041015625
1 0.4326171875 0.4052734375 0.021484375 0.033203125
1 0.7060546875 0.6103515625 0.0654296875 0.048828125
1 0.548828125 0.3974609375 0.015625 0.033203125
1 0.6083984375 0.513671875 0.0546875 0.0419921875
1 0.5146484375 0.5712890625 0.0703125 0.0673828125
1 0.6357421875 0.490234375 0.021484375 0.03125
1 0.13671875 0.42578125 0.017578125 0.0234375
1 0.5595703125 0.4921875 0.0439453125 0.041015625
1 0.14453125 0.4892578125 0.0234375 0.03125
0 0.509765625 0.33203125 0.0341796875 0.0263671875
1 0.51171875 0.51171875 0.060546875 0.0517578125
1 0.9765625 0.705078125 0.025390625 0.0673828125
1 0.43359375 0.673828125 0.0546875 0.076171875
0 0.23046875 0.36328125 0.0576171875 0.029296875
1 0.6708984375 0.6826171875 0.060546875 0.0654296875
1 0.599609375 0.4736328125 0.033203125 0.0341796875
1 0.9677734375 0.591796875 0.0361328125 0.0361328125
1 0.7861328125 0.58203125 0.056640625 0.0419921875
1 0.162109375 0.408203125 0.025390625 0.025390625
1 0.4970703125 0.4560546875 0.015625 0.03125
1 0.4560546875 0.36328125 0.021484375 0.0263671875
1 0.5537109375 0.3681640625 0.017578125 0.0263671875
1 0.4384765625 0.3642578125 0.017578125 0.03125
1 0.458984375 0.7197265625 0.0263671875 0.0419921875
1 0.177734375 0.326171875 0.0234375 0.0234375
1 0.6201171875 0.462890625 0.0185546875 0.0283203125
1 0.4765625 0.517578125 0.025390625 0.0419921875
1 0.08984375 0.3994140625 0.0205078125 0.0234375
1 0.5517578125 0.4619140625 0.0185546875 0.029296875
1 0.76171875 0.5654296875 0.0205078125 0.0283203125
1 0.5869140625 0.3642578125 0.013671875 0.025390625
1 0.63671875 0.443359375 0.048828125 0.0283203125
1 0.380859375 0.3232421875 0.015625 0.0185546875
1 0.1953125 0.3212890625 0.0185546875 0.0205078125
1 0.6806640625 0.447265625 0.017578125 0.0185546875
1 0.1357421875 0.791015625 0.041015625 0.0703125
1 0.095703125 0.4833984375 0.0595703125 0.044921875
1 0.353515625 0.326171875 0.03125 0.0205078125
0 0.1875 0.8759765625 0.1123046875 0.029296875
1 0.888671875 0.384765625 0.015625 0.025390625