0 0.193359375 0.7509765625 0.123046875 0.1669921875
0 0.51171875 0.421875 0.0517578125 0.052734375
0 0.33984375 0.728515625 0.095703125 0.123046875
0 0.568359375 0.52734375 0.1611328125 0.0732421875
1 0.6572265625 0.599609375 0.0517578125 0.056640625
1 0.74609375 0.73828125 0.033203125 0.048828125
1 0.6279296875 0.48046875 0.0341796875 0.0361328125
0 0.4892578125 0.361328125 0.037109375 0.0341796875
1 0.896484375 0.6279296875 0.052734375 0.0625
0 0.81640625 0.5498046875 0.1611328125 0.072265625
0 0.541015625 0.3447265625 0.037109375 0.0263671875
1 0.650390625 0.748046875 0.0498046875 0.0654296875
1 0.69921875 0.5859375 0.033203125 0.046875
1 0.546875 0.466796875 0.025390625 0.041015625
1 0.369140625 0.50390625 0.041015625 0.0361328125
1 0.494140625 0.49609375 0.037109375 0.0361328125
1 0.2939453125 0.462890625 0.03125 0.0341796875
1 0.828125 0.619140625 0.068359375 0.068359375
1 0.458984375 0.7890625 0.0390625 0.056640625
1 0.328125 0.482421875 0.0341796875 0.037109375
0 0.509765625 0.333984375 0.03125 0.029296875
1 0.537109375 0.3701171875 0.037109375 0.0283203125
1 0.6884765625 0.724609375 0.044921875 0.080078125
1 0.158203125 0.4873046875 0.0205078125 0.0341796875
1 0.076171875 0.7568359375 0.0419921875 0.0703125
1 0.4912109375 0.6044921875 0.048828125 0.052734375
1 0.576171875 0.60546875 0.0390625 0.0419921875
1 0.451171875 0.427734375 0.015625 0.03125
1 0.25 0.4423828125 0.03125 0.025390625
1 0.953125 0.6025390625 0.056640625 0.0576171875
1 0.580078125 0.4794921875 0.025390625 0.0283203125
1 0.111328125 0.482421875 0.037109375 0.0341796875
1 0.1220703125 0.6005859375 0.03125 0.044921875
1 0.30859375 0.8505859375 0.0419921875 0.0576171875
1 0.677734375 0.568359375 0.033203125 0.029296875
1 0.4228515625 0.7431640625 0.044921875 0.0546875
1 0.732421875 0.853515625 0.041015625 0.048828125
1 0.57421875 0.3720703125 0.013671875 0.025390625
0 0.326171875 0.3955078125 0.0732421875 0.041015625
1 0.537109375 0.5771484375 0.041015625 0.0517578125
1 0.599609375 0.677734375 0.0517578125 0.0703125
1 0.6201171875 0.8623046875 0.046875 0.056640625
1 0.4296875 0.6611328125 0.046875 0.068359375
1 0.587890625 0.4482421875 0.0185546875 0.0283203125
1 0.7431640625 0.5927734375 0.0419921875 0.044921875
1 0.453125 0.361328125 0.0185546875 0.021484375
0 0.201171875 0.40234375 0.1435546875 0.076171875
1 0.1767578125 0.3251953125 0.021484375 0.021484375
1 0.482421875 0.5634765625 0.0263671875 0.033203125
1 0.818359375 0.8662109375 0.0673828125 0.044921875
1 0.138671875 0.546875 0.0263671875 0.0595703125
1 0.03125 0.7333984375 0.037109375 0.0546875
1 0.34765625 0.451171875 0.0234375 0.041015625
1 0.794921875 0.798828125 0.078125 0.0986328125
1 0.025390625 0.5595703125 0.025390625 0.0439453125
1 0.12890625 0.455078125 0.033203125 0.0341796875
1 0.505859375 0.56640625 0.033203125 0.044921875
0 0.9287109375 0.5390625 0.0888671875 0.052734375
1 0.0595703125 0.4814453125 0.021484375 0.0341796875
1 0.12890625 0.4169921875 0.017578125 0.0283203125
1 0.033203125 0.611328125 0.037109375 0.078125
1 0.6416015625 0.701171875 0.189453125 0.2109375
1 0.892578125 0.3828125 0.015625 0.03125
0 0.1923828125 0.875 0.125 0.03125
1 0.025390625 0.4794921875 0.033203125 0.0341796875
1 0.390625 0.5986328125 0.0283203125 0.0654296875
1 0.439453125 0.603515625 0.0263671875 0.052734375
1 0.427734375 0.3603515625 0.0107421875 0.0205078125
1 0.822265625 0.560546875 0.0283203125 0.0341796875
0 0.3525390625 0.3203125 0.033203125 0.0185546875
1 0.927734375 0.380859375 0.021484375 0.041015625
1 0.630859375 0.4404296875 0.017578125 0.03125
1 0.7861328125 0.57421875 0.025390625 0.0390625
0 0.0673828125 0.3232421875 0.0341796875 0.021484375
1 0.3828125 0.3251953125 0.015625 0.0185546875
1 0.1943359375 0.322265625 0.0205078125 0.0185546875
1 0.5498046875 0.4296875 0.015625 0.021484375