0 0.322265625 0.798828125 0.150390625 0.1767578125
0 0.185546875 0.728515625 0.1328125 0.158203125
0 0.572265625 0.525390625 0.09375 0.107421875
1 0.4951171875 0.44140625 0.0185546875 0.0361328125
1 0.5849609375 0.458984375 0.0263671875 0.03125
1 0.7255859375 0.7822265625 0.064453125 0.1484375
0 0.31640625 0.6494140625 0.091796875 0.111328125
1 0.416015625 0.4462890625 0.021484375 0.0390625
1 0.5634765625 0.392578125 0.017578125 0.021484375
1 0.1123046875 0.677734375 0.041015625 0.060546875
1 0.4208984375 0.59765625 0.0390625 0.0732421875
1 0.4609375 0.435546875 0.015625 0.0283203125
1 0.4287109375 0.4052734375 0.0263671875 0.029296875
1 0.548828125 0.4296875 0.0185546875 0.0283203125
1 0.822265625 0.583984375 0.083984375 0.0810546875
1 0.490234375 0.5205078125 0.025390625 0.046875
1 0.693359375 0.548828125 0.0546875 0.0576171875
1 0.62109375 0.455078125 0.0419921875 0.0439453125
1 0.5927734375 0.396484375 0.0205078125 0.0234375
1 0.1357421875 0.517578125 0.03125 0.037109375
0 0.240234375 0.515625 0.064453125 0.078125
1 0.791015625 0.744140625 0.0595703125 0.0732421875
1 0.8916015625 0.650390625 0.076171875 0.076171875
1 0.9443359375 0.69140625 0.080078125 0.080078125
0 0.3271484375 0.490234375 0.0673828125 0.0595703125
0 0.3203125 0.548828125 0.072265625 0.0830078125
1 0.9033203125 0.54296875 0.03125 0.0361328125
1 0.5068359375 0.3671875 0.017578125 0.025390625
0 0.478515625 0.357421875 0.033203125 0.037109375
1 0.4912109375 0.4150390625 0.0205078125 0.0234375
0 0.505859375 0.341796875 0.0263671875 0.0283203125
1 0.3759765625 0.3623046875 0.013671875 0.021484375
0 0.25390625 0.3955078125 0.0517578125 0.056640625
1 0.865234375 0.86328125 0.072265625 0.0576171875
1 0.095703125 0.6083984375 0.025390625 0.0390625
1 0.3837890625 0.41015625 0.0234375 0.029296875
1 0.021484375 0.4765625 0.017578125 0.0283203125
1 0.16796875 0.552734375 0.0419921875 0.060546875
1 0.96484375 0.51953125 0.0419921875 0.033203125
1 0.1796875 0.494140625 0.025390625 0.033203125
1 0.068359375 0.4794921875 0.0390625 0.041015625
1 0.4443359375 0.365234375 0.0107421875 0.0185546875
1 0.1181640625 0.5859375 0.0263671875 0.0439453125
0 0.123046875 0.4091796875 0.0419921875 0.0341796875
0 0.533203125 0.349609375 0.0283203125 0.0341796875
1 0.1982421875 0.328125 0.0126953125 0.0185546875
1 0.9326171875 0.6083984375 0.0439453125 0.0390625
1 0.349609375 0.35546875 0.015625 0.0234375
1 0.599609375 0.431640625 0.015625 0.0283203125
1 0.712890625 0.51171875 0.044921875 0.0390625
1 0.8955078125 0.5830078125 0.046875 0.056640625
1 0.0478515625 0.5712890625 0.0234375 0.0419921875
0 0.525390625 0.32421875 0.0283203125 0.017578125
1 0.572265625 0.615234375 0.033203125 0.0732421875
1 0.490234375 0.392578125 0.015625 0.0205078125
1 0.458984375 0.361328125 0.017578125 0.0283203125
0 0.3203125 0.34765625 0.115234375 0.048828125
1 0.7333984375 0.4765625 0.033203125 0.03125
1 0.189453125 0.4189453125 0.044921875 0.041015625
1 0.447265625 0.41796875 0.0810546875 0.0986328125
0 0.0693359375 0.3212890625 0.0361328125 0.0205078125
1 0.0478515625 0.8388671875 0.0361328125 0.0751953125
1 0.8427734375 0.5380859375 0.0234375 0.0361328125
1 0.4228515625 0.3857421875 0.0205078125 0.021484375
1 0.146484375 0.48828125 0.025390625 0.0263671875
1 0.0244140625 0.5615234375 0.0234375 0.048828125
0 0.236328125 0.3232421875 0.0361328125 0.0185546875
0 0.369140625 0.326171875 0.0517578125 0.0234375