0 0.1923828125 0.7490234375 0.125 0.1611328125
0 0.5126953125 0.4208984375 0.068359375 0.064453125
0 0.490234375 0.359375 0.037109375 0.0341796875
0 0.5380859375 0.35546875 0.044921875 0.044921875
0 0.337890625 0.7265625 0.0986328125 0.119140625
1 0.0673828125 0.537109375 0.0283203125 0.048828125
1 0.6103515625 0.4931640625 0.0390625 0.048828125
1 0.4130859375 0.8076171875 0.0419921875 0.056640625
1 0.646484375 0.4873046875 0.021484375 0.041015625
1 0.306640625 0.833984375 0.046875 0.0908203125
0 0.5107421875 0.333984375 0.03125 0.029296875
0 0.2958984375 0.466796875 0.095703125 0.0625
1 0.658203125 0.54296875 0.025390625 0.0517578125
1 0.0791015625 0.7529296875 0.0517578125 0.083984375
1 0.513671875 0.4697265625 0.0361328125 0.0517578125
1 0.427734375 0.701171875 0.046875 0.0654296875
1 0.5390625 0.474609375 0.025390625 0.0439453125
1 0.0498046875 0.71484375 0.0341796875 0.0830078125
1 0.5634765625 0.435546875 0.0205078125 0.025390625
1 0.4150390625 0.5205078125 0.048828125 0.0654296875
1 0.5712890625 0.4951171875 0.0234375 0.041015625
1 0.564453125 0.376953125 0.0263671875 0.03125
0 0.087890625 0.392578125 0.056640625 0.0341796875
1 0.189453125 0.4345703125 0.025390625 0.03125
1 0.458984375 0.7822265625 0.0390625 0.060546875
1 0.466796875 0.455078125 0.0341796875 0.041015625
1 0.4794921875 0.529296875 0.025390625 0.052734375
1 0.123046875 0.4130859375 0.025390625 0.0263671875
1 0.5478515625 0.4228515625 0.017578125 0.0263671875
1 0.583984375 0.380859375 0.017578125 0.0283203125
1 0.845703125 0.6376953125 0.0341796875 0.072265625
1 0.427734375 0.478515625 0.0263671875 0.0361328125
1 0.4609375 0.365234375 0.0185546875 0.0263671875
1 0.021484375 0.4912109375 0.0205078125 0.0361328125
1 0.166015625 0.3662109375 0.0126953125 0.017578125
1 0.560546875 0.46875 0.021484375 0.037109375
1 0.439453125 0.36328125 0.0205078125 0.0234375
1 0.4365234375 0.7626953125 0.0234375 0.041015625
1 0.1630859375 0.416015625 0.0205078125 0.025390625
1 0.466796875 0.4208984375 0.015625 0.0234375
1 0.515625 0.37109375 0.015625 0.0205078125
1 0.6328125 0.447265625 0.03125 0.03125
1 0.0234375 0.580078125 0.025390625 0.068359375
1 0.595703125 0.46484375 0.015625 0.0234375
1 0.650390625 0.4541015625 0.017578125 0.0263671875
0 0.189453125 0.8759765625 0.1171875 0.029296875
0 0.228515625 0.365234375 0.056640625 0.0341796875
0 0.353515625 0.3193359375 0.0361328125 0.0205078125
1 0.2060546875 0.3564453125 0.0126953125 0.015625
1 0.0341796875 0.3798828125 0.0439453125 0.0283203125
1 0.0673828125 0.478515625 0.041015625 0.0361328125
1 0.1787109375 0.326171875 0.0234375 0.021484375