0 0.1923828125 0.748046875 0.1220703125 0.162109375
0 0.509765625 0.423828125 0.048828125 0.056640625
0 0.337890625 0.7275390625 0.0986328125 0.1201171875
1 0.509765625 0.474609375 0.029296875 0.0419921875
0 0.541015625 0.3505859375 0.041015625 0.0390625
1 0.232421875 0.5205078125 0.037109375 0.0595703125
0 0.111328125 0.396484375 0.0625 0.037109375
1 0.6357421875 0.5029296875 0.025390625 0.046875
1 0.310546875 0.462890625 0.029296875 0.0361328125
1 0.279296875 0.46484375 0.0361328125 0.0390625
0 0.208984375 0.4189453125 0.080078125 0.041015625
1 0.068359375 0.5400390625 0.0283203125 0.0419921875
1 0.232421875 0.451171875 0.0361328125 0.0361328125
1 0.49609375 0.5126953125 0.044921875 0.046875
1 0.1474609375 0.49609375 0.0263671875 0.0390625
1 0.3076171875 0.833984375 0.0498046875 0.091796875
1 0.1923828125 0.453125 0.03125 0.0341796875
0 0.4921875 0.3603515625 0.041015625 0.0361328125
1 0.5419921875 0.4765625 0.025390625 0.041015625
1 0.6005859375 0.55078125 0.0517578125 0.0517578125
0 0.509765625 0.333984375 0.03125 0.029296875
0 0.94140625 0.5712890625 0.0888671875 0.0673828125
1 0.3818359375 0.51953125 0.044921875 0.0859375
1 0.5634765625 0.373046875 0.033203125 0.0341796875
1 0.4560546875 0.7900390625 0.041015625 0.060546875
1 0.57421875 0.4345703125 0.017578125 0.03125
1 0.580078125 0.4755859375 0.0234375 0.0419921875
1 0.3427734375 0.4453125 0.029296875 0.041015625
1 0.4150390625 0.8095703125 0.0390625 0.056640625
1 0.080078125 0.7578125 0.044921875 0.068359375
1 0.134765625 0.4287109375 0.0205078125 0.033203125
1 0.587890625 0.451171875 0.015625 0.0234375
1 0.1064453125 0.6025390625 0.0283203125 0.0546875
1 0.4287109375 0.669921875 0.0419921875 0.0498046875
1 0.5498046875 0.447265625 0.021484375 0.0263671875
1 0.0703125 0.4794921875 0.041015625 0.037109375
1 0.80078125 0.5859375 0.033203125 0.041015625
1 0.173828125 0.3369140625 0.0341796875 0.0263671875
1 0.435546875 0.3623046875 0.0185546875 0.025390625
1 0.4658203125 0.435546875 0.015625 0.03125
1 0.634765625 0.4443359375 0.037109375 0.029296875
1 0.6201171875 0.462890625 0.0185546875 0.029296875
1 0.869140625 0.8251953125 0.0830078125 0.119140625
1 0.0458984375 0.677734375 0.0263671875 0.046875
1 0.3720703125 0.326171875 0.0283203125 0.0205078125
1 0.3427734375 0.5185546875 0.0205078125 0.041015625
1 0.5615234375 0.474609375 0.154296875 0.095703125
1 0.4248046875 0.716796875 0.041015625 0.052734375
1 0.6630859375 0.5947265625 0.0390625 0.095703125
0 0.232421875 0.3681640625 0.0673828125 0.0390625
1 0.1103515625 0.484375 0.0390625 0.0341796875
0 0.197265625 0.875 0.091796875 0.0283203125
1 0.0234375 0.4619140625 0.015625 0.033203125
1 0.029296875 0.5966796875 0.0263671875 0.0625
1 0.322265625 0.423828125 0.0205078125 0.041015625
1 0.3291015625 0.35546875 0.017578125 0.029296875