1 0.62109375 0.5205078125 0.0263671875 0.052734375
0 0.36328125 0.59765625 0.080078125 0.0986328125
1 0.595703125 0.5234375 0.029296875 0.052734375
0 0.1494140625 0.4326171875 0.044921875 0.041015625
0 0.634765625 0.791015625 0.162109375 0.1953125
0 0.732421875 0.6630859375 0.1611328125 0.158203125
1 0.8212890625 0.583984375 0.080078125 0.078125
0 0.1962890625 0.603515625 0.091796875 0.125
0 0.525390625 0.4599609375 0.0625 0.0732421875
0 0.4892578125 0.564453125 0.1064453125 0.1171875
1 0.6064453125 0.62109375 0.0498046875 0.123046875
1 0.689453125 0.5498046875 0.044921875 0.056640625
1 0.302734375 0.6572265625 0.0390625 0.0830078125
1 0.890625 0.6474609375 0.072265625 0.076171875
1 0.564453125 0.537109375 0.0263671875 0.0517578125
1 0.5869140625 0.482421875 0.0234375 0.037109375
0 0.0947265625 0.3955078125 0.0517578125 0.0341796875
0 0.564453125 0.4111328125 0.037109375 0.0439453125
1 0.49609375 0.4169921875 0.0107421875 0.021484375
0 0.240234375 0.4697265625 0.0654296875 0.0673828125
0 0.3447265625 0.494140625 0.064453125 0.0595703125
0 0.4619140625 0.478515625 0.0576171875 0.0625
1 0.658203125 0.5400390625 0.025390625 0.0517578125
1 0.732421875 0.5380859375 0.0361328125 0.0419921875
1 0.228515625 0.728515625 0.029296875 0.044921875
1 0.5908203125 0.4384765625 0.015625 0.0263671875
0 0.216796875 0.365234375 0.037109375 0.037109375
1 0.177734375 0.494140625 0.0263671875 0.0576171875
1 0.9609375 0.658203125 0.0498046875 0.0751953125
1 0.16796875 0.384765625 0.013671875 0.0234375
1 0.498046875 0.466796875 0.0126953125 0.033203125
1 0.083984375 0.7509765625 0.052734375 0.064453125
1 0.5322265625 0.384765625 0.0205078125 0.025390625
1 0.63671875 0.4404296875 0.0361328125 0.0341796875
0 0.298828125 0.4111328125 0.064453125 0.0751953125
0 0.181640625 0.3662109375 0.025390625 0.0234375
1 0.896484375 0.5869140625 0.0419921875 0.0546875
0 0.560546875 0.373046875 0.029296875 0.0263671875
1 0.431640625 0.4482421875 0.0185546875 0.03125
1 0.927734375 0.6123046875 0.037109375 0.041015625
1 0.1298828125 0.5380859375 0.025390625 0.044921875
1 0.1767578125 0.408203125 0.0185546875 0.0283203125
1 0.59765625 0.388671875 0.0107421875 0.017578125
1 0.93359375 0.6982421875 0.0419921875 0.056640625
1 0.439453125 0.3671875 0.015625 0.021484375
1 0.146484375 0.4697265625 0.0185546875 0.029296875
1 0.1455078125 0.5087890625 0.015625 0.0234375
1 0.4423828125 0.4150390625 0.0185546875 0.0263671875
1 0.060546875 0.48046875 0.0234375 0.0361328125
1 0.173828125 0.4619140625 0.0126953125 0.017578125
1 0.025390625 0.5576171875 0.025390625 0.037109375
0 0.525390625 0.3564453125 0.044921875 0.041015625
1 0.404296875 0.423828125 0.0205078125 0.03125
0 0.955078125 0.5791015625 0.060546875 0.060546875
1 0.453125 0.373046875 0.0185546875 0.029296875
1 0.466796875 0.384765625 0.021484375 0.029296875
1 0.9052734375 0.544921875 0.0205078125 0.0283203125
1 0.478515625 0.419921875 0.0390625 0.0498046875
0 0.3427734375 0.396484375 0.0390625 0.0419921875