0 0.32421875 0.798828125 0.1484375 0.1767578125
1 0.611328125 0.5390625 0.025390625 0.052734375
1 0.5576171875 0.548828125 0.025390625 0.0576171875
1 0.693359375 0.546875 0.0498046875 0.0498046875
0 0.21875 0.61328125 0.0908203125 0.1015625
0 0.7138671875 0.6982421875 0.166015625 0.1875
1 0.111328125 0.7333984375 0.0341796875 0.064453125
0 0.3154296875 0.6494140625 0.0908203125 0.111328125
1 0.5625 0.3916015625 0.015625 0.0234375
1 0.4384765625 0.41796875 0.013671875 0.0263671875
1 0.53125 0.591796875 0.03125 0.048828125
1 0.583984375 0.4443359375 0.025390625 0.029296875
1 0.8203125 0.580078125 0.083984375 0.0810546875
1 0.9482421875 0.689453125 0.0751953125 0.078125
0 0.240234375 0.51171875 0.0654296875 0.080078125
1 0.4755859375 0.4482421875 0.017578125 0.0283203125
1 0.541015625 0.501953125 0.0205078125 0.041015625
1 0.0966796875 0.537109375 0.021484375 0.0361328125
1 0.646484375 0.4599609375 0.0341796875 0.033203125
1 0.4814453125 0.5634765625 0.025390625 0.0517578125
1 0.591796875 0.396484375 0.017578125 0.0234375
1 0.498046875 0.435546875 0.013671875 0.0263671875
1 0.5888671875 0.7607421875 0.041015625 0.0751953125
0 0.328125 0.490234375 0.068359375 0.0595703125
1 0.16796875 0.5205078125 0.0234375 0.037109375
0 0.4794921875 0.3603515625 0.0341796875 0.0361328125
1 0.1171875 0.517578125 0.021484375 0.0361328125
1 0.892578125 0.642578125 0.078125 0.0732421875
1 0.111328125 0.61328125 0.029296875 0.0546875
1 0.49609375 0.505859375 0.017578125 0.0390625
0 0.322265625 0.5498046875 0.072265625 0.078125
1 0.154296875 0.5654296875 0.025390625 0.0439453125
1 0.529296875 0.4716796875 0.0263671875 0.041015625
1 0.0693359375 0.4814453125 0.0361328125 0.0341796875
1 0.154296875 0.423828125 0.0185546875 0.0234375
1 0.5068359375 0.3662109375 0.0205078125 0.029296875
1 0.109375 0.421875 0.021484375 0.03125
1 0.490234375 0.4765625 0.0234375 0.037109375
1 0.7314453125 0.541015625 0.041015625 0.0439453125
0 0.5322265625 0.357421875 0.0361328125 0.037109375
1 0.4169921875 0.701171875 0.037109375 0.0546875
1 0.1630859375 0.72265625 0.0361328125 0.0517578125
1 0.443359375 0.48046875 0.0185546875 0.0263671875
0 0.25390625 0.3955078125 0.0517578125 0.052734375
1 0.91015625 0.537109375 0.0576171875 0.0419921875
0 0.50390625 0.337890625 0.029296875 0.025390625
1 0.6640625 0.505859375 0.0185546875 0.03125
0 0.3857421875 0.37109375 0.0341796875 0.0361328125
1 0.1748046875 0.419921875 0.03125 0.037109375
0 0.544921875 0.333984375 0.0390625 0.0283203125
1 0.2177734375 0.412109375 0.029296875 0.0341796875
1 0.4365234375 0.37109375 0.017578125 0.029296875
1 0.419921875 0.5810546875 0.0283203125 0.041015625
0 0.078125 0.396484375 0.0498046875 0.041015625
1 0.0439453125 0.583984375 0.03125 0.068359375
1 0.1865234375 0.478515625 0.0234375 0.0361328125
1 0.142578125 0.384765625 0.015625 0.0205078125
1 0.1640625 0.4697265625 0.03125 0.0390625
1 0.96875 0.521484375 0.0341796875 0.03125
1 0.4755859375 0.525390625 0.0234375 0.0439453125
1 0.455078125 0.5009765625 0.0205078125 0.0419921875
1 0.4677734375 0.6728515625 0.0234375 0.0673828125
1 0.8916015625 0.384765625 0.017578125 0.0283203125
1 0.20703125 0.458984375 0.0234375 0.037109375
1 0.51171875 0.5068359375 0.154296875 0.189453125
1 0.1396484375 0.509765625 0.1142578125 0.1376953125
1 0.107421875 0.48828125 0.0341796875 0.0361328125
1 0.8974609375 0.5859375 0.0517578125 0.056640625
1 0.357421875 0.3564453125 0.0283203125 0.0283203125
0 0.373046875 0.322265625 0.037109375 0.0234375