0 0.1923828125 0.748046875 0.125 0.162109375
0 0.509765625 0.41796875 0.044921875 0.044921875
0 0.3388671875 0.7275390625 0.0966796875 0.1171875
1 0.1943359375 0.546875 0.033203125 0.052734375
1 0.4140625 0.810546875 0.041015625 0.0498046875
1 0.642578125 0.4970703125 0.025390625 0.0439453125
0 0.5380859375 0.3505859375 0.0390625 0.0390625
1 0.3095703125 0.8525390625 0.0439453125 0.060546875
1 0.611328125 0.49609375 0.0341796875 0.048828125
1 0.197265625 0.451171875 0.029296875 0.033203125
0 0.4853515625 0.361328125 0.044921875 0.033203125
1 0.068359375 0.5322265625 0.0283203125 0.0390625
1 0.5615234375 0.5126953125 0.0263671875 0.0439453125
1 0.1435546875 0.5244140625 0.021484375 0.0361328125
1 0.4140625 0.3974609375 0.0185546875 0.029296875
1 0.49609375 0.4990234375 0.0205078125 0.0419921875
1 0.4560546875 0.7890625 0.03125 0.046875
0 0.3349609375 0.474609375 0.107421875 0.0673828125
1 0.51953125 0.4716796875 0.0234375 0.037109375
1 0.4287109375 0.6552734375 0.0361328125 0.0673828125
1 0.587890625 0.4873046875 0.0205078125 0.0341796875
1 0.0771484375 0.7568359375 0.044921875 0.076171875
1 0.466796875 0.482421875 0.0205078125 0.0361328125
1 0.3896484375 0.4130859375 0.017578125 0.0263671875
1 0.5634765625 0.478515625 0.0205078125 0.0361328125
0 0.505859375 0.333984375 0.03125 0.03125
1 0.5400390625 0.5166015625 0.0234375 0.044921875
1 0.5478515625 0.447265625 0.017578125 0.029296875
1 0.3466796875 0.513671875 0.046875 0.0439453125
1 0.4658203125 0.423828125 0.0185546875 0.029296875
1 0.166015625 0.3642578125 0.013671875 0.015625
1 0.0224609375 0.568359375 0.0205078125 0.0419921875
1 0.564453125 0.439453125 0.0185546875 0.03125
1 0.38671875 0.3916015625 0.0205078125 0.029296875
1 0.421875 0.7412109375 0.046875 0.0517578125
1 0.4970703125 0.4609375 0.0185546875 0.0341796875
1 0.634765625 0.447265625 0.041015625 0.0341796875
1 0.5390625 0.486328125 0.1220703125 0.1044921875
1 0.0302734375 0.84765625 0.0390625 0.0546875
1 0.0595703125 0.4814453125 0.021484375 0.0341796875
1 0.3603515625 0.3544921875 0.017578125 0.0185546875
1 0.4326171875 0.361328125 0.0283203125 0.025390625
1 0.4814453125 0.45703125 0.015625 0.0234375
1 0.025390625 0.7666015625 0.0263671875 0.0419921875
1 0.380859375 0.3681640625 0.0126953125 0.0205078125
1 0.205078125 0.361328125 0.0126953125 0.0205078125
1 0.6689453125 0.5107421875 0.0341796875 0.0439453125
1 0.1767578125 0.326171875 0.021484375 0.021484375
1 0.5439453125 0.484375 0.0185546875 0.03125
1 0.1845703125 0.4248046875 0.0185546875 0.025390625
1 0.5244140625 0.822265625 0.0205078125 0.044921875
1 0.515625 0.373046875 0.015625 0.017578125
0 0.1962890625 0.875 0.095703125 0.0283203125
0 0.353515625 0.318359375 0.0341796875 0.0185546875
1 0.041015625 0.5537109375 0.0185546875 0.033203125
1 0.548828125 0.419921875 0.015625 0.025390625
1 0.123046875 0.3984375 0.0234375 0.015625
1 0.5615234375 0.4111328125 0.0205078125 0.0283203125
1 0.5771484375 0.4189453125 0.013671875 0.0283203125
1 0.4541015625 0.3642578125 0.017578125 0.021484375
1 0.228515625 0.3564453125 0.0126953125 0.021484375
1 0.587890625 0.45703125 0.0185546875 0.0361328125
1 0.962890625 0.623046875 0.0439453125 0.044921875
1 0.095703125 0.5224609375 0.0205078125 0.0546875
1 0.4140625 0.369140625 0.0126953125 0.015625
1 0.1083984375 0.482421875 0.0361328125 0.0341796875
1 0.56640625 0.380859375 0.0205078125 0.0234375