0 0.322265625 0.8017578125 0.1435546875 0.1748046875
0 0.6513671875 0.67578125 0.140625 0.1767578125
0 0.201171875 0.67578125 0.103515625 0.1171875
0 0.240234375 0.5068359375 0.0625 0.0703125
0 0.318359375 0.650390625 0.0888671875 0.109375
0 0.224609375 0.5771484375 0.078125 0.0888671875
1 0.138671875 0.5205078125 0.029296875 0.037109375
1 0.8193359375 0.583984375 0.080078125 0.0751953125
0 0.076171875 0.806640625 0.1015625 0.158203125
1 0.728515625 0.5361328125 0.0439453125 0.0439453125
0 0.5048828125 0.3408203125 0.03125 0.025390625
0 0.482421875 0.3544921875 0.0283203125 0.025390625
0 0.3212890625 0.5498046875 0.0703125 0.0810546875
1 0.0615234375 0.4853515625 0.0263671875 0.0263671875
0 0.3271484375 0.490234375 0.0673828125 0.0576171875
0 0.5390625 0.451171875 0.09375 0.0595703125
1 0.701171875 0.548828125 0.0283203125 0.0419921875
1 0.6796875 0.5390625 0.0283203125 0.0439453125
1 0.9462890625 0.685546875 0.076171875 0.091796875
0 0.25 0.384765625 0.046875 0.0341796875
1 0.154296875 0.578125 0.0283203125 0.046875
1 0.9306640625 0.6044921875 0.048828125 0.0439453125
1 0.0341796875 0.5947265625 0.0341796875 0.0576171875
0 0.3515625 0.3212890625 0.03125 0.017578125
0 0.43359375 0.4248046875 0.0419921875 0.0498046875
1 0.1337890625 0.46875 0.017578125 0.025390625
1 0.1748046875 0.4658203125 0.021484375 0.0283203125
0 0.5400390625 0.328125 0.0234375 0.0185546875
1 0.8984375 0.5458984375 0.0341796875 0.033203125
0 0.224609375 0.3583984375 0.0283203125 0.0205078125
1 0.1884765625 0.5107421875 0.0263671875 0.0341796875
1 0.2177734375 0.41796875 0.033203125 0.033203125
1 0.63671875 0.458984375 0.0419921875 0.0361328125
1 0.23828125 0.40625 0.0205078125 0.0283203125
1 0.890625 0.5771484375 0.0283203125 0.0419921875
1 0.2060546875 0.482421875 0.015625 0.0390625
1 0.587890625 0.41015625 0.0126953125 0.0205078125
0 0.1904296875 0.384765625 0.0283203125 0.0185546875
1 0.0986328125 0.4794921875 0.03125 0.0341796875
0 0.06640625 0.3232421875 0.033203125 0.0185546875
1 0.490234375 0.396484375 0.044921875 0.044921875
1 0.56640625 0.380859375 0.0546875 0.0546875
0 0.392578125 0.419921875 0.0185546875 0.0283203125
1 0.583984375 0.439453125 0.009765625 0.0185546875
1 0.494140625 0.4248046875 0.021484375 0.025390625
1 0.5302734375 0.8291015625 0.0888671875 0.1142578125
1 0.197265625 0.423828125 0.013671875 0.0234375
1 0.138671875 0.4169921875 0.0185546875 0.025390625