0 0.365234375 0.62109375 0.0830078125 0.107421875
1 0.6123046875 0.521484375 0.03125 0.0498046875
0 0.193359375 0.630859375 0.1015625 0.1376953125
0 0.6904296875 0.6201171875 0.1435546875 0.140625
0 0.61328125 0.7509765625 0.1484375 0.1767578125
0 0.109375 0.3984375 0.0625 0.0341796875
0 0.150390625 0.435546875 0.0439453125 0.041015625
1 0.8212890625 0.58203125 0.0859375 0.0830078125
1 0.58984375 0.498046875 0.029296875 0.0439453125
0 0.521484375 0.451171875 0.0595703125 0.0830078125
0 0.484375 0.5498046875 0.09375 0.109375
0 0.240234375 0.4794921875 0.072265625 0.078125
1 0.892578125 0.654296875 0.080078125 0.080078125
1 0.9580078125 0.658203125 0.056640625 0.083984375
1 0.6865234375 0.5400390625 0.0546875 0.0517578125
1 0.2919921875 0.7138671875 0.0341796875 0.056640625
1 0.650390625 0.5361328125 0.03125 0.041015625
0 0.34765625 0.5048828125 0.064453125 0.0625
1 0.587890625 0.6025390625 0.046875 0.1142578125
1 0.484375 0.4208984375 0.025390625 0.0390625
1 0.1826171875 0.5341796875 0.021484375 0.0439453125
1 0.5869140625 0.4697265625 0.0205078125 0.029296875
0 0.5654296875 0.4013671875 0.041015625 0.0625
1 0.5576171875 0.513671875 0.025390625 0.0546875
0 0.90625 0.8427734375 0.15625 0.091796875
0 0.486328125 0.361328125 0.0283203125 0.029296875
1 0.2197265625 0.787109375 0.0419921875 0.0810546875
0 0.1796875 0.3701171875 0.0283203125 0.0283203125
1 0.9287109375 0.611328125 0.0419921875 0.0419921875
1 0.93359375 0.7021484375 0.0390625 0.048828125
0 0.3037109375 0.412109375 0.0673828125 0.0751953125
0 0.45703125 0.48046875 0.0576171875 0.0703125
1 0.537109375 0.3798828125 0.0234375 0.0283203125
0 0.1953125 0.3486328125 0.0341796875 0.03125
0 0.216796875 0.3642578125 0.0283203125 0.0283203125
1 0.619140625 0.4814453125 0.0205078125 0.0341796875
1 0.896484375 0.578125 0.041015625 0.0498046875
1 0.0595703125 0.478515625 0.025390625 0.0361328125
1 0.173828125 0.494140625 0.0205078125 0.0341796875
1 0.02734375 0.556640625 0.029296875 0.0390625
1 0.5888671875 0.439453125 0.015625 0.029296875
1 0.1845703125 0.4033203125 0.015625 0.025390625
1 0.23046875 0.7177734375 0.0361328125 0.0546875
0 0.529296875 0.3408203125 0.037109375 0.0283203125
0 0.95703125 0.580078125 0.0576171875 0.060546875
1 0.451171875 0.3681640625 0.025390625 0.0234375
1 0.12109375 0.5634765625 0.0263671875 0.044921875
1 0.1474609375 0.474609375 0.0205078125 0.03125
1 0.4140625 0.41015625 0.0341796875 0.0390625
1 0.025390625 0.4794921875 0.0283203125 0.037109375
1 0.45703125 0.404296875 0.0234375 0.0390625
1 0.1435546875 0.505859375 0.0126953125 0.0361328125
1 0.435546875 0.4365234375 0.0263671875 0.0419921875
0 0.251953125 0.3837890625 0.052734375 0.0361328125