0 0.19140625 0.748046875 0.123046875 0.1611328125
0 0.5107421875 0.4208984375 0.046875 0.0517578125
0 0.4873046875 0.3603515625 0.0439453125 0.0361328125
0 0.337890625 0.728515625 0.0986328125 0.119140625
0 0.537109375 0.3525390625 0.041015625 0.0419921875
1 0.4111328125 0.7998046875 0.056640625 0.0751953125
1 0.3056640625 0.8359375 0.044921875 0.09375
1 0.07421875 0.763671875 0.033203125 0.0576171875
1 0.615234375 0.48828125 0.0341796875 0.0390625
1 0.119140625 0.66796875 0.046875 0.0673828125
1 0.427734375 0.6796875 0.0390625 0.0439453125
1 0.53515625 0.4833984375 0.0234375 0.0361328125
1 0.615234375 0.5439453125 0.0419921875 0.056640625
1 0.439453125 0.4384765625 0.0185546875 0.029296875
0 0.4814453125 0.513671875 0.130859375 0.0751953125
1 0.51171875 0.4609375 0.029296875 0.0439453125
1 0.548828125 0.4638671875 0.0205078125 0.041015625
1 0.548828125 0.435546875 0.0205078125 0.0283203125
1 0.4580078125 0.7802734375 0.037109375 0.064453125
1 0.5712890625 0.388671875 0.013671875 0.0283203125
1 0.03125 0.5654296875 0.037109375 0.0625
1 0.4638671875 0.45703125 0.046875 0.044921875
0 0.04296875 0.376953125 0.048828125 0.0283203125
1 0.5654296875 0.4365234375 0.015625 0.0234375
1 0.466796875 0.4248046875 0.0185546875 0.0283203125
1 0.6474609375 0.4873046875 0.0205078125 0.03125
1 0.0693359375 0.4765625 0.033203125 0.0341796875
1 0.421875 0.7373046875 0.046875 0.056640625
0 0.509765625 0.3291015625 0.025390625 0.0205078125
1 0.02734375 0.76171875 0.0263671875 0.0361328125
1 0.6494140625 0.5498046875 0.0361328125 0.052734375
1 0.119140625 0.4091796875 0.0205078125 0.0283203125
1 0.5947265625 0.466796875 0.013671875 0.021484375
1 0.177734375 0.3291015625 0.013671875 0.017578125
1 0.6220703125 0.4560546875 0.015625 0.0283203125
1 0.0224609375 0.81640625 0.0234375 0.044921875
1 0.4560546875 0.3671875 0.021484375 0.03125
1 0.587890625 0.392578125 0.017578125 0.0341796875
1 0.841796875 0.6416015625 0.048828125 0.0732421875
0 0.1943359375 0.8466796875 0.1328125 0.0751953125
1 0.248046875 0.3564453125 0.013671875 0.021484375
1 0.166015625 0.3642578125 0.015625 0.0185546875
0 0.2353515625 0.37109375 0.0517578125 0.029296875
1 0.330078125 0.359375 0.015625 0.0185546875
1 0.068359375 0.5224609375 0.0234375 0.0517578125
1 0.205078125 0.357421875 0.013671875 0.015625
1 0.021484375 0.494140625 0.0205078125 0.03125
1 0.287109375 0.3583984375 0.021484375 0.0263671875
1 0.583984375 0.42578125 0.015625 0.0263671875