0 0.1943359375 0.7490234375 0.1201171875 0.1611328125
0 0.3388671875 0.7275390625 0.099609375 0.1201171875
1 0.814453125 0.7978515625 0.060546875 0.0859375
1 0.5849609375 0.8056640625 0.0517578125 0.111328125
1 0.568359375 0.572265625 0.0341796875 0.0517578125
0 0.509765625 0.4267578125 0.0498046875 0.0595703125
1 0.5830078125 0.4560546875 0.025390625 0.041015625
0 0.537109375 0.353515625 0.046875 0.041015625
1 0.763671875 0.826171875 0.0732421875 0.080078125
0 0.904296875 0.5732421875 0.158203125 0.0810546875
0 0.4853515625 0.3603515625 0.0546875 0.0361328125
1 0.369140625 0.45703125 0.0390625 0.0361328125
1 0.4306640625 0.6767578125 0.0390625 0.0595703125
1 0.6875 0.763671875 0.046875 0.068359375
1 0.490234375 0.5361328125 0.044921875 0.056640625
1 0.556640625 0.4677734375 0.025390625 0.033203125
1 0.6181640625 0.638671875 0.044921875 0.0517578125
1 0.681640625 0.8515625 0.0673828125 0.072265625
1 0.0791015625 0.755859375 0.0703125 0.091796875
1 0.552734375 0.421875 0.029296875 0.037109375
1 0.7841796875 0.65625 0.087890625 0.0751953125
1 0.3212890625 0.44140625 0.033203125 0.0263671875
1 0.5869140625 0.52734375 0.0390625 0.0517578125
1 0.7333984375 0.69921875 0.0390625 0.0703125
1 0.3076171875 0.8564453125 0.037109375 0.0625
1 0.845703125 0.666015625 0.0595703125 0.064453125
1 0.1796875 0.4169921875 0.0185546875 0.0185546875
0 0.5068359375 0.3349609375 0.0390625 0.033203125
1 0.599609375 0.4921875 0.0234375 0.037109375
1 0.966796875 0.6259765625 0.0439453125 0.0546875
1 0.689453125 0.6201171875 0.037109375 0.041015625
1 0.623046875 0.556640625 0.033203125 0.044921875
0 0.529296875 0.6298828125 0.115234375 0.146484375
1 0.638671875 0.498046875 0.029296875 0.033203125
1 0.5302734375 0.537109375 0.0263671875 0.0419921875
1 0.623046875 0.869140625 0.0419921875 0.0439453125
1 0.685546875 0.5205078125 0.037109375 0.046875
1 0.701171875 0.572265625 0.0390625 0.041015625
1 0.5771484375 0.365234375 0.0234375 0.03125
1 0.76171875 0.482421875 0.048828125 0.0361328125
1 0.333984375 0.595703125 0.0390625 0.076171875
1 0.7421875 0.5322265625 0.041015625 0.0361328125
1 0.701171875 0.46875 0.0390625 0.0341796875
1 0.623046875 0.439453125 0.015625 0.025390625
1 0.666015625 0.56640625 0.048828125 0.0546875
1 0.4248046875 0.5283203125 0.03125 0.041015625
1 0.103515625 0.4833984375 0.029296875 0.029296875
1 0.060546875 0.478515625 0.025390625 0.037109375
1 0.67578125 0.685546875 0.033203125 0.0673828125
1 0.646484375 0.623046875 0.0234375 0.0341796875
1 0.908203125 0.6416015625 0.052734375 0.0732421875
1 0.029296875 0.845703125 0.0390625 0.0859375
1 0.513671875 0.494140625 0.0263671875 0.0341796875
1 0.779296875 0.5703125 0.060546875 0.0654296875
1 0.580078125 0.427734375 0.015625 0.0283203125
0 0.353515625 0.3212890625 0.0341796875 0.017578125
1 0.4775390625 0.494140625 0.0419921875 0.046875
1 0.267578125 0.603515625 0.029296875 0.0732421875
1 0.70703125 0.7587890625 0.298828125 0.248046875
1 0.0244140625 0.375 0.0107421875 0.0185546875
1 0.03125 0.5673828125 0.041015625 0.0595703125
0 0.2421875 0.373046875 0.0654296875 0.0341796875
1 0.0537109375 0.67578125 0.0205078125 0.048828125
1 0.646484375 0.5244140625 0.203125 0.2109375
1 0.130859375 0.4931640625 0.0185546875 0.048828125
0 0.92578125 0.501953125 0.0673828125 0.046875
1 0.88671875 0.3828125 0.013671875 0.03125
1 0.966796875 0.537109375 0.0283203125 0.0263671875
1 0.7373046875 0.5732421875 0.03125 0.052734375
1 0.658203125 0.5244140625 0.03125 0.029296875
1 0.0302734375 0.4775390625 0.0419921875 0.048828125
1 0.6806640625 0.482421875 0.017578125 0.021484375
1 0.91796875 0.3603515625 0.033203125 0.029296875