0 0.578125 0.5078125 0.0908203125 0.099609375
0 0.69140625 0.658203125 0.1611328125 0.173828125
0 0.513671875 0.6025390625 0.1142578125 0.123046875
0 0.3408203125 0.529296875 0.0654296875 0.0732421875
0 0.2041015625 0.5390625 0.0732421875 0.078125
1 0.087890625 0.7138671875 0.0498046875 0.046875
1 0.3896484375 0.7587890625 0.033203125 0.0576171875
1 0.1806640625 0.5966796875 0.0263671875 0.056640625
1 0.1845703125 0.462890625 0.0185546875 0.0361328125
1 0.251953125 0.7216796875 0.0341796875 0.056640625
1 0.8916015625 0.658203125 0.0830078125 0.0859375
1 0.2861328125 0.6484375 0.03125 0.052734375
1 0.8203125 0.578125 0.083984375 0.087890625
1 0.6884765625 0.544921875 0.048828125 0.046875
1 0.1953125 0.732421875 0.041015625 0.048828125
1 0.6181640625 0.7548828125 0.048828125 0.1064453125
1 0.212890625 0.78515625 0.0439453125 0.0888671875
1 0.162109375 0.673828125 0.0263671875 0.0439453125
1 0.9580078125 0.669921875 0.056640625 0.078125
1 0.8095703125 0.6923828125 0.0625 0.099609375
1 0.2265625 0.6318359375 0.0283203125 0.0546875
0 0.482421875 0.5107421875 0.0830078125 0.0810546875
1 0.728515625 0.541015625 0.046875 0.046875
1 0.1298828125 0.615234375 0.03125 0.0576171875
1 0.490234375 0.44921875 0.03125 0.0390625
1 0.2841796875 0.5830078125 0.025390625 0.041015625
0 0.689453125 0.84375 0.1640625 0.087890625
1 0.1328125 0.572265625 0.025390625 0.0419921875
1 0.154296875 0.490234375 0.0205078125 0.046875
1 0.240234375 0.5947265625 0.029296875 0.044921875
1 0.419921875 0.818359375 0.046875 0.109375
1 0.517578125 0.4501953125 0.0185546875 0.0283203125
0 0.4951171875 0.359375 0.0283203125 0.025390625
0 0.2978515625 0.423828125 0.0517578125 0.048828125
1 0.2548828125 0.869140625 0.03125 0.0390625
1 0.91015625 0.83984375 0.0732421875 0.0986328125
1 0.2392578125 0.404296875 0.021484375 0.033203125
1 0.583984375 0.421875 0.0185546875 0.0341796875
1 0.451171875 0.37109375 0.025390625 0.029296875
1 0.400390625 0.58984375 0.025390625 0.048828125
1 0.1650390625 0.4248046875 0.0205078125 0.025390625
1 0.0556640625 0.791015625 0.033203125 0.044921875
0 0.537109375 0.3798828125 0.03125 0.021484375
1 0.37109375 0.38671875 0.029296875 0.033203125
1 0.0595703125 0.4814453125 0.025390625 0.037109375
1 0.447265625 0.4384765625 0.041015625 0.0673828125
0 0.5478515625 0.408203125 0.044921875 0.044921875
1 0.9248046875 0.611328125 0.046875 0.0419921875
0 0.509765625 0.3369140625 0.0263671875 0.0234375
1 0.4697265625 0.390625 0.013671875 0.021484375
1 0.5361328125 0.466796875 0.0185546875 0.0419921875
1 0.19140625 0.3828125 0.0234375 0.025390625
1 0.896484375 0.587890625 0.0419921875 0.056640625
0 0.111328125 0.396484375 0.0625 0.0439453125
0 0.232421875 0.3310546875 0.0234375 0.015625
1 0.0322265625 0.5771484375 0.0390625 0.080078125
1 0.150390625 0.4423828125 0.029296875 0.03125
1 0.638671875 0.439453125 0.0419921875 0.033203125
1 0.388671875 0.7119140625 0.037109375 0.0419921875
1 0.2275390625 0.4375 0.013671875 0.021484375
1 0.486328125 0.748046875 0.041015625 0.0810546875
1 0.2587890625 0.431640625 0.044921875 0.0341796875
0 0.5654296875 0.369140625 0.0283203125 0.0263671875
1 0.142578125 0.748046875 0.2080078125 0.1923828125
1 0.107421875 0.484375 0.0341796875 0.0341796875
1 0.189453125 0.6884765625 0.0361328125 0.0576171875
1 0.0654296875 0.859375 0.0908203125 0.0625
1 0.16015625 0.408203125 0.013671875 0.017578125
1 0.955078125 0.529296875 0.0205078125 0.017578125
0 0.4365234375 0.212890625 0.0263671875 0.013671875
1 0.267578125 0.830078125 0.0390625 0.056640625
1 0.451171875 0.6513671875 0.0234375 0.052734375
0 0.490234375 0.38671875 0.0283203125 0.033203125
1 0.8173828125 0.541015625 0.0283203125 0.041015625