0 0.1923828125 0.748046875 0.125 0.1611328125
0 0.33984375 0.7265625 0.0986328125 0.119140625
0 0.12890625 0.400390625 0.064453125 0.037109375
0 0.537109375 0.3544921875 0.041015625 0.0439453125
1 0.080078125 0.7587890625 0.0419921875 0.0673828125
1 0.3076171875 0.8544921875 0.046875 0.0595703125
1 0.515625 0.4736328125 0.0341796875 0.046875
1 0.4130859375 0.8037109375 0.0517578125 0.0673828125
0 0.490234375 0.361328125 0.037109375 0.03125
1 0.5732421875 0.396484375 0.0185546875 0.03125
1 0.611328125 0.4970703125 0.03125 0.037109375
1 0.2099609375 0.4462890625 0.0234375 0.029296875
0 0.5107421875 0.4150390625 0.041015625 0.0390625
0 0.5087890625 0.333984375 0.029296875 0.029296875
1 0.453125 0.37109375 0.0185546875 0.029296875
1 0.6435546875 0.4912109375 0.025390625 0.0390625
1 0.552734375 0.443359375 0.0283203125 0.0361328125
1 0.1162109375 0.6689453125 0.0517578125 0.0625
1 0.0654296875 0.5439453125 0.0283203125 0.041015625
1 0.4970703125 0.451171875 0.0185546875 0.03125
1 0.58984375 0.482421875 0.0205078125 0.037109375
1 0.962890625 0.5869140625 0.044921875 0.044921875
1 0.427734375 0.6962890625 0.046875 0.0859375
1 0.14453125 0.4267578125 0.0234375 0.03125
1 0.55078125 0.4736328125 0.0205078125 0.041015625
1 0.45703125 0.7822265625 0.0390625 0.060546875
1 0.470703125 0.4541015625 0.0341796875 0.0390625
1 0.8466796875 0.642578125 0.037109375 0.068359375
0 0.7724609375 0.556640625 0.1484375 0.072265625
1 0.923828125 0.568359375 0.0546875 0.0498046875
1 0.849609375 0.5302734375 0.0439453125 0.0361328125
0 0.234375 0.37109375 0.056640625 0.029296875
1 0.041015625 0.560546875 0.0185546875 0.0439453125
1 0.419921875 0.427734375 0.0205078125 0.03125
1 0.6201171875 0.4619140625 0.0185546875 0.029296875
1 0.4609375 0.4228515625 0.0283203125 0.0263671875
1 0.0302734375 0.603515625 0.029296875 0.037109375
1 0.0654296875 0.5048828125 0.0185546875 0.037109375
0 0.3271484375 0.396484375 0.0703125 0.0390625
1 0.9599609375 0.54296875 0.017578125 0.0205078125
1 0.1669921875 0.365234375 0.0126953125 0.017578125
0 0.19921875 0.875 0.1044921875 0.03125
1 0.248046875 0.35546875 0.015625 0.0234375
1 0.04296875 0.3798828125 0.0107421875 0.015625
1 0.0234375 0.3720703125 0.015625 0.021484375
1 0.5478515625 0.416015625 0.013671875 0.0205078125
1 0.6650390625 0.5068359375 0.0205078125 0.0361328125
1 0.228515625 0.3564453125 0.0107421875 0.0185546875