0 0.193359375 0.748046875 0.123046875 0.1611328125
0 0.51171875 0.423828125 0.0517578125 0.0546875
0 0.337890625 0.7275390625 0.0986328125 0.1201171875
1 0.2861328125 0.462890625 0.0341796875 0.037109375
1 0.33203125 0.4892578125 0.0361328125 0.037109375
0 0.5400390625 0.353515625 0.044921875 0.044921875
1 0.06640625 0.5458984375 0.029296875 0.044921875
1 0.15625 0.4873046875 0.021484375 0.03125
0 0.072265625 0.384765625 0.056640625 0.03125
1 0.107421875 0.4169921875 0.041015625 0.0341796875
1 0.244140625 0.4521484375 0.0263671875 0.033203125
1 0.5126953125 0.474609375 0.0341796875 0.041015625
0 0.58984375 0.5302734375 0.142578125 0.076171875
1 0.080078125 0.751953125 0.0498046875 0.083984375
1 0.201171875 0.49609375 0.0234375 0.033203125
1 0.23046875 0.431640625 0.033203125 0.03125
1 0.306640625 0.8310546875 0.046875 0.087890625
1 0.0888671875 0.65234375 0.03125 0.0419921875
0 0.494140625 0.3564453125 0.0439453125 0.041015625
1 0.4287109375 0.6953125 0.048828125 0.087890625
1 0.458984375 0.78125 0.0390625 0.0595703125
1 0.57421875 0.384765625 0.017578125 0.0234375
1 0.62109375 0.4794921875 0.0390625 0.03125
1 0.5185546875 0.3779296875 0.03125 0.03125
1 0.2314453125 0.486328125 0.037109375 0.0419921875
1 0.1875 0.4375 0.021484375 0.0341796875
1 0.1474609375 0.41015625 0.0390625 0.0361328125
1 0.6015625 0.384765625 0.0126953125 0.0205078125
1 0.7216796875 0.572265625 0.0625 0.044921875
1 0.5556640625 0.474609375 0.0263671875 0.0419921875
1 0.416015625 0.8115234375 0.0341796875 0.0546875
1 0.03125 0.5810546875 0.0341796875 0.0810546875
1 0.072265625 0.482421875 0.029296875 0.033203125
1 0.580078125 0.4697265625 0.0205078125 0.033203125
0 0.2333984375 0.369140625 0.0673828125 0.046875
1 0.466796875 0.439453125 0.0263671875 0.033203125
0 0.5107421875 0.3310546875 0.0283203125 0.025390625
1 0.6396484375 0.451171875 0.029296875 0.03125
1 0.220703125 0.333984375 0.013671875 0.0185546875
1 0.5498046875 0.44921875 0.0185546875 0.0205078125
1 0.1552734375 0.3359375 0.0205078125 0.0185546875
1 0.0283203125 0.7744140625 0.03125 0.0673828125
1 0.5732421875 0.365234375 0.041015625 0.0341796875
1 0.107421875 0.4873046875 0.033203125 0.03125
1 0.0263671875 0.375 0.015625 0.021484375
1 0.458984375 0.357421875 0.0234375 0.025390625
1 0.298828125 0.4453125 0.013671875 0.0185546875
0 0.0361328125 0.4716796875 0.0498046875 0.0439453125
1 0.4638671875 0.416015625 0.0126953125 0.017578125
0 0.197265625 0.8759765625 0.091796875 0.0263671875
1 0.6103515625 0.5537109375 0.0234375 0.029296875
1 0.0654296875 0.5146484375 0.0185546875 0.029296875
1 0.6396484375 0.515625 0.0234375 0.025390625