0 0.197265625 0.64453125 0.0986328125 0.107421875
1 0.806640625 0.84375 0.0654296875 0.0908203125
0 0.615234375 0.7314453125 0.150390625 0.2060546875
1 0.140625 0.55078125 0.025390625 0.0390625
0 0.6376953125 0.580078125 0.1064453125 0.103515625
1 0.267578125 0.703125 0.0390625 0.0595703125
1 0.3203125 0.548828125 0.021484375 0.0439453125
0 0.5380859375 0.4521484375 0.0517578125 0.0576171875
0 0.56640625 0.3955078125 0.048828125 0.052734375
1 0.6884765625 0.548828125 0.044921875 0.0498046875
1 0.607421875 0.498046875 0.0234375 0.0341796875
1 0.3017578125 0.4423828125 0.0185546875 0.025390625
0 0.5244140625 0.392578125 0.044921875 0.048828125
1 0.2744140625 0.5400390625 0.0234375 0.0390625
1 0.3671875 0.4794921875 0.021484375 0.03125
1 0.27734375 0.462890625 0.017578125 0.025390625
1 0.5322265625 0.537109375 0.0234375 0.041015625
1 0.14453125 0.4677734375 0.0234375 0.0361328125
1 0.8046875 0.5908203125 0.0439453125 0.052734375
1 0.9384765625 0.6787109375 0.091796875 0.091796875
1 0.244140625 0.564453125 0.0263671875 0.041015625
1 0.1826171875 0.5361328125 0.0283203125 0.0498046875
1 0.291015625 0.4951171875 0.0205078125 0.0341796875
1 0.728515625 0.5400390625 0.0439453125 0.044921875
1 0.107421875 0.6240234375 0.0341796875 0.044921875
1 0.259765625 0.416015625 0.029296875 0.025390625
1 0.25390625 0.486328125 0.0234375 0.037109375
1 0.07421875 0.7353515625 0.033203125 0.0517578125
1 0.189453125 0.501953125 0.021484375 0.03125
1 0.5556640625 0.578125 0.0263671875 0.0498046875
1 0.2333984375 0.451171875 0.0205078125 0.0283203125
1 0.17578125 0.46484375 0.0234375 0.029296875
1 0.25390625 0.44921875 0.0205078125 0.029296875
1 0.470703125 0.4345703125 0.017578125 0.0283203125
1 0.896484375 0.5419921875 0.033203125 0.037109375
1 0.845703125 0.603515625 0.048828125 0.046875
1 0.2294921875 0.4765625 0.021484375 0.037109375
1 0.4189453125 0.408203125 0.0185546875 0.0205078125
1 0.380859375 0.529296875 0.0263671875 0.052734375
1 0.1416015625 0.4248046875 0.0205078125 0.021484375
1 0.05859375 0.48046875 0.0205078125 0.0361328125
0 0.453125 0.4970703125 0.0595703125 0.09375
1 0.158203125 0.4853515625 0.0185546875 0.029296875
1 0.720703125 0.7353515625 0.03125 0.048828125
1 0.5224609375 0.609375 0.0263671875 0.0498046875
1 0.185546875 0.3779296875 0.0126953125 0.0185546875
1 0.107421875 0.4228515625 0.0185546875 0.0234375
1 0.0224609375 0.4794921875 0.0234375 0.041015625
0 0.5380859375 0.3466796875 0.033203125 0.0283203125
1 0.3515625 0.4228515625 0.0185546875 0.0263671875
1 0.951171875 0.529296875 0.0234375 0.017578125
1 0.6884765625 0.7841796875 0.0361328125 0.0751953125
1 0.263671875 0.5302734375 0.0986328125 0.091796875
1 0.4453125 0.3828125 0.0126953125 0.0185546875
1 0.560546875 0.513671875 0.029296875 0.0439453125
1 0.837890625 0.556640625 0.037109375 0.0546875
1 0.546875 0.810546875 0.0498046875 0.052734375
1 0.0380859375 0.5869140625 0.0234375 0.0673828125
1 0.740234375 0.8681640625 0.048828125 0.044921875
1 0.0830078125 0.4033203125 0.015625 0.021484375
0 0.9375 0.865234375 0.0966796875 0.0517578125
0 0.498046875 0.341796875 0.033203125 0.0263671875
0 0.166015625 0.408203125 0.046875 0.0341796875
1 0.1083984375 0.484375 0.0361328125 0.0341796875
0 0.951171875 0.58203125 0.068359375 0.064453125
1 0.974609375 0.6318359375 0.0283203125 0.0576171875
1 0.6015625 0.4609375 0.021484375 0.037109375
1 0.169921875 0.869140625 0.044921875 0.0439453125
1 0.2099609375 0.412109375 0.048828125 0.046875
1 0.6923828125 0.521484375 0.0185546875 0.03125
1 0.6796875 0.728515625 0.025390625 0.0419921875
1 0.48828125 0.3935546875 0.0263671875 0.0341796875
1 0.9365234375 0.650390625 0.0234375 0.0361328125