0 0.1884765625 0.7568359375 0.1298828125 0.169921875
0 0.74609375 0.7265625 0.1796875 0.197265625
0 0.5107421875 0.4091796875 0.0498046875 0.0595703125
0 0.5498046875 0.619140625 0.1064453125 0.1220703125
0 0.490234375 0.361328125 0.0361328125 0.03125
1 0.6826171875 0.5732421875 0.0498046875 0.0595703125
0 0.337890625 0.724609375 0.1015625 0.115234375
0 0.931640625 0.5166015625 0.103515625 0.064453125
1 0.755859375 0.595703125 0.080078125 0.068359375
1 0.404296875 0.658203125 0.0390625 0.046875
1 0.591796875 0.4462890625 0.03125 0.033203125
0 0.4921875 0.5283203125 0.0625 0.083984375
1 0.6201171875 0.5068359375 0.056640625 0.0546875
1 0.404296875 0.8193359375 0.0517578125 0.0986328125
1 0.279296875 0.4833984375 0.0234375 0.0419921875
1 0.513671875 0.4873046875 0.029296875 0.0439453125
1 0.548828125 0.5322265625 0.0390625 0.048828125
1 0.8251953125 0.5546875 0.041015625 0.037109375
1 0.02734375 0.55859375 0.029296875 0.0419921875
1 0.5625 0.498046875 0.0283203125 0.0361328125
0 0.509765625 0.333984375 0.029296875 0.0263671875
1 0.751953125 0.5400390625 0.0361328125 0.0361328125
1 0.8701171875 0.658203125 0.0966796875 0.087890625
1 0.810546875 0.583984375 0.0361328125 0.0439453125
1 0.0693359375 0.759765625 0.0390625 0.064453125
1 0.150390625 0.4736328125 0.0234375 0.041015625
1 0.853515625 0.7724609375 0.046875 0.0830078125
1 0.4521484375 0.369140625 0.017578125 0.029296875
1 0.955078125 0.638671875 0.060546875 0.0810546875
1 0.546875 0.4208984375 0.021484375 0.0361328125
1 0.6611328125 0.5302734375 0.0283203125 0.048828125
1 0.615234375 0.4501953125 0.017578125 0.03125
1 0.1416015625 0.71484375 0.0234375 0.0390625
1 0.4697265625 0.4248046875 0.0205078125 0.0341796875
1 0.560546875 0.392578125 0.015625 0.0234375
0 0.541015625 0.3408203125 0.0263671875 0.025390625
1 0.05859375 0.4775390625 0.0234375 0.0361328125
1 0.4921875 0.462890625 0.0185546875 0.0283203125
1 0.5908203125 0.404296875 0.021484375 0.0263671875
1 0.099609375 0.66015625 0.0576171875 0.0517578125
1 0.3994140625 0.498046875 0.0263671875 0.033203125
1 0.416015625 0.4482421875 0.0234375 0.0283203125
1 0.53125 0.3662109375 0.021484375 0.0263671875
1 0.423828125 0.5087890625 0.029296875 0.0419921875
1 0.857421875 0.60546875 0.0283203125 0.044921875
1 0.7275390625 0.5283203125 0.033203125 0.037109375
1 0.548828125 0.4736328125 0.021484375 0.03125
1 0.0234375 0.46875 0.021484375 0.037109375
1 0.765625 0.84765625 0.0595703125 0.080078125
1 0.6357421875 0.5380859375 0.021484375 0.029296875
0 0.4443359375 0.45703125 0.033203125 0.0419921875
1 0.2470703125 0.3388671875 0.0283203125 0.021484375
1 0.0234375 0.373046875 0.0185546875 0.0234375
0 0.953125 0.5771484375 0.072265625 0.060546875
1 0.482421875 0.67578125 0.037109375 0.064453125
1 0.7431640625 0.4794921875 0.0361328125 0.03125
1 0.935546875 0.841796875 0.068359375 0.0908203125
1 0.603515625 0.4716796875 0.0185546875 0.0283203125
1 0.3505859375 0.4345703125 0.0205078125 0.021484375
1 0.669921875 0.4990234375 0.037109375 0.0361328125
1 0.546875 0.8310546875 0.0595703125 0.103515625
1 0.552734375 0.37109375 0.013671875 0.0263671875
1 0.794921875 0.5361328125 0.017578125 0.0283203125