0 0.15234375 0.689453125 0.1171875 0.1279296875
0 0.794921875 0.822265625 0.185546875 0.138671875
0 0.548828125 0.638671875 0.103515625 0.1279296875
0 0.333984375 0.5380859375 0.072265625 0.080078125
0 0.33984375 0.6943359375 0.0986328125 0.126953125
1 0.6923828125 0.544921875 0.0498046875 0.052734375
0 0.5078125 0.4462890625 0.0498046875 0.0546875
1 0.6005859375 0.51171875 0.033203125 0.0517578125
1 0.494140625 0.5732421875 0.03125 0.046875
0 0.48828125 0.357421875 0.0361328125 0.0361328125
1 0.6357421875 0.564453125 0.0439453125 0.0517578125
1 0.701171875 0.7109375 0.048828125 0.078125
0 0.22265625 0.509765625 0.0546875 0.0654296875
1 0.6259765625 0.61328125 0.0361328125 0.0546875
1 0.7412109375 0.69921875 0.048828125 0.0732421875
1 0.80859375 0.5830078125 0.0576171875 0.0654296875
1 0.650390625 0.8076171875 0.0419921875 0.0654296875
1 0.8759765625 0.6640625 0.080078125 0.083984375
0 0.298828125 0.4619140625 0.052734375 0.0517578125
1 0.421875 0.505859375 0.021484375 0.0419921875
1 0.9462890625 0.68359375 0.076171875 0.0859375
1 0.5400390625 0.564453125 0.0263671875 0.03125
1 0.5703125 0.474609375 0.025390625 0.041015625
1 0.412109375 0.462890625 0.0185546875 0.0263671875
1 0.42578125 0.427734375 0.0205078125 0.033203125
1 0.599609375 0.451171875 0.0205078125 0.0341796875
0 0.5498046875 0.412109375 0.037109375 0.044921875
1 0.73046875 0.541015625 0.0419921875 0.0439453125
0 0.482421875 0.400390625 0.0341796875 0.044921875
1 0.6787109375 0.62109375 0.033203125 0.0576171875
1 0.568359375 0.7421875 0.0439453125 0.072265625
1 0.5751953125 0.572265625 0.03125 0.048828125
0 0.4775390625 0.4775390625 0.0419921875 0.0546875
1 0.083984375 0.662109375 0.044921875 0.056640625
1 0.2568359375 0.470703125 0.0205078125 0.03125
1 0.4892578125 0.5185546875 0.025390625 0.037109375
1 0.39453125 0.451171875 0.0234375 0.033203125
1 0.4345703125 0.408203125 0.0126953125 0.021484375
1 0.939453125 0.611328125 0.0908203125 0.0830078125
1 0.14453125 0.4931640625 0.0263671875 0.0361328125
1 0.1455078125 0.5673828125 0.025390625 0.0439453125
1 0.8974609375 0.5439453125 0.033203125 0.03125
0 0.216796875 0.4619140625 0.052734375 0.0517578125
1 0.57421875 0.4375 0.0205078125 0.037109375
1 0.5712890625 0.390625 0.0205078125 0.0283203125
1 0.552734375 0.513671875 0.017578125 0.033203125
1 0.9443359375 0.861328125 0.060546875 0.0595703125
1 0.0732421875 0.4794921875 0.0498046875 0.041015625
1 0.8505859375 0.5546875 0.029296875 0.046875
1 0.634765625 0.443359375 0.029296875 0.0361328125
1 0.39453125 0.4248046875 0.013671875 0.015625
1 0.244140625 0.40625 0.0205078125 0.0341796875
1 0.9765625 0.728515625 0.021484375 0.072265625
1 0.03125 0.572265625 0.037109375 0.064453125
1 0.177734375 0.4873046875 0.0283203125 0.037109375
1 0.8173828125 0.5341796875 0.025390625 0.041015625
0 0.2255859375 0.56640625 0.0390625 0.0546875
1 0.107421875 0.486328125 0.037109375 0.033203125
1 0.89453125 0.5751953125 0.0390625 0.037109375
0 0.5302734375 0.3525390625 0.029296875 0.029296875
1 0.220703125 0.416015625 0.0390625 0.0263671875
1 0.455078125 0.5087890625 0.021484375 0.0419921875
1 0.150390625 0.5341796875 0.0205078125 0.0341796875
1 0.591796875 0.4248046875 0.0205078125 0.03125
1 0.439453125 0.3642578125 0.015625 0.025390625
1 0.6455078125 0.5283203125 0.025390625 0.046875