0 0.193359375 0.74609375 0.123046875 0.1611328125
0 0.509765625 0.4248046875 0.046875 0.0595703125
0 0.33984375 0.7275390625 0.1015625 0.123046875
0 0.4892578125 0.36328125 0.041015625 0.0361328125
1 0.611328125 0.4833984375 0.033203125 0.048828125
1 0.55078125 0.431640625 0.0263671875 0.037109375
1 0.599609375 0.603515625 0.037109375 0.0703125
1 0.681640625 0.724609375 0.0517578125 0.0859375
1 0.666015625 0.623046875 0.037109375 0.0625
1 0.5205078125 0.603515625 0.052734375 0.0732421875
1 0.1005859375 0.626953125 0.0390625 0.072265625
1 0.5791015625 0.478515625 0.0234375 0.046875
1 0.4267578125 0.689453125 0.037109375 0.0625
1 0.7587890625 0.6171875 0.0703125 0.0751953125
1 0.6376953125 0.5009765625 0.025390625 0.0517578125
1 0.115234375 0.5380859375 0.0263671875 0.0419921875
1 0.080078125 0.755859375 0.0517578125 0.080078125
0 0.78515625 0.5615234375 0.1982421875 0.0830078125
1 0.548828125 0.3740234375 0.017578125 0.0263671875
1 0.576171875 0.7470703125 0.046875 0.0908203125
1 0.5634765625 0.5986328125 0.033203125 0.052734375
1 0.423828125 0.466796875 0.021484375 0.0361328125
0 0.505859375 0.3330078125 0.0341796875 0.0283203125
1 0.380859375 0.470703125 0.03125 0.0361328125
1 0.357421875 0.44921875 0.0263671875 0.029296875
0 0.5390625 0.3447265625 0.0341796875 0.0263671875
1 0.5166015625 0.525390625 0.064453125 0.0595703125
1 0.529296875 0.37109375 0.017578125 0.0234375
1 0.5849609375 0.5361328125 0.033203125 0.046875
1 0.115234375 0.484375 0.041015625 0.03125
1 0.4833984375 0.517578125 0.0205078125 0.033203125
1 0.5673828125 0.365234375 0.015625 0.0263671875
1 0.921875 0.5205078125 0.03125 0.041015625
1 0.306640625 0.833984375 0.046875 0.083984375
1 0.7958984375 0.8505859375 0.064453125 0.0732421875
1 0.0234375 0.5625 0.021484375 0.0439453125
1 0.5146484375 0.4814453125 0.0361328125 0.0283203125
1 0.552734375 0.6552734375 0.0654296875 0.091796875
1 0.025390625 0.759765625 0.0283203125 0.0625
1 0.060546875 0.4794921875 0.0234375 0.0341796875
1 0.51171875 0.560546875 0.0263671875 0.041015625
1 0.9296875 0.599609375 0.037109375 0.0498046875
1 0.966796875 0.544921875 0.037109375 0.041015625
1 0.1494140625 0.412109375 0.0390625 0.0263671875
1 0.3642578125 0.591796875 0.0498046875 0.048828125
1 0.8896484375 0.3837890625 0.017578125 0.029296875
1 0.8466796875 0.498046875 0.056640625 0.044921875
1 0.091796875 0.4169921875 0.0419921875 0.0341796875
1 0.39453125 0.43359375 0.0234375 0.0234375
1 0.888671875 0.62109375 0.068359375 0.0546875
1 0.80859375 0.48828125 0.0263671875 0.033203125
1 0.41796875 0.59375 0.048828125 0.046875
1 0.23046875 0.421875 0.0263671875 0.0283203125
1 0.576171875 0.447265625 0.0185546875 0.029296875
1 0.416015625 0.3837890625 0.017578125 0.0234375
1 0.0400390625 0.5546875 0.017578125 0.0283203125
1 0.4609375 0.3564453125 0.0185546875 0.0341796875
1 0.091796875 0.3994140625 0.0126953125 0.0205078125
1 0.193359375 0.34375 0.033203125 0.021484375
1 0.4541015625 0.5244140625 0.0263671875 0.0361328125
1 0.580078125 0.3974609375 0.0126953125 0.029296875
0 0.41796875 0.7744140625 0.044921875 0.0546875
1 0.7294921875 0.53515625 0.025390625 0.0263671875
1 0.962890625 0.59375 0.025390625 0.037109375
1 0.7412109375 0.478515625 0.0390625 0.029296875
1 0.69921875 0.8681640625 0.0576171875 0.044921875
1 0.4267578125 0.3623046875 0.0126953125 0.021484375
1 0.0244140625 0.373046875 0.0107421875 0.021484375
1 0.2294921875 0.33984375 0.0126953125 0.0205078125