0 0.1904296875 0.7490234375 0.125 0.1640625
0 0.515625 0.4423828125 0.052734375 0.052734375
0 0.3388671875 0.7265625 0.0966796875 0.119140625
0 0.4873046875 0.3623046875 0.046875 0.0341796875
1 0.6630859375 0.6357421875 0.029296875 0.052734375
1 0.564453125 0.486328125 0.03125 0.056640625
1 0.724609375 0.708984375 0.044921875 0.080078125
1 0.126953125 0.669921875 0.0419921875 0.0625
0 0.537109375 0.34765625 0.037109375 0.033203125
1 0.8330078125 0.7451171875 0.046875 0.0625
1 0.658203125 0.5849609375 0.041015625 0.0703125
0 0.1474609375 0.4140625 0.0673828125 0.0439453125
1 0.388671875 0.5927734375 0.037109375 0.0546875
1 0.591796875 0.587890625 0.041015625 0.056640625
1 0.423828125 0.4453125 0.021484375 0.0341796875
1 0.5087890625 0.498046875 0.0263671875 0.0419921875
1 0.412109375 0.794921875 0.0419921875 0.068359375
1 0.068359375 0.533203125 0.029296875 0.048828125
1 0.3095703125 0.8447265625 0.0498046875 0.0703125
1 0.4736328125 0.48046875 0.0283203125 0.0419921875
1 0.568359375 0.392578125 0.015625 0.025390625
1 0.587890625 0.443359375 0.021484375 0.0390625
1 0.6025390625 0.6494140625 0.033203125 0.0673828125
1 0.6484375 0.48828125 0.03125 0.044921875
1 0.5947265625 0.5126953125 0.0361328125 0.056640625
1 0.7060546875 0.59375 0.0283203125 0.046875
1 0.95703125 0.6005859375 0.0576171875 0.0546875
1 0.443359375 0.478515625 0.0234375 0.044921875
1 0.39453125 0.4150390625 0.0234375 0.033203125
0 0.509765625 0.333984375 0.029296875 0.029296875
1 0.4287109375 0.7001953125 0.0419921875 0.0498046875
1 0.5673828125 0.447265625 0.021484375 0.033203125
1 0.599609375 0.396484375 0.0205078125 0.025390625
1 0.029296875 0.56640625 0.037109375 0.0546875
1 0.53125 0.376953125 0.015625 0.021484375
1 0.451171875 0.7587890625 0.0361328125 0.060546875
1 0.0263671875 0.8251953125 0.03125 0.068359375
1 0.216796875 0.435546875 0.017578125 0.029296875
1 0.41796875 0.4033203125 0.017578125 0.025390625
1 0.248046875 0.361328125 0.0205078125 0.0205078125
1 0.630859375 0.5126953125 0.025390625 0.037109375
1 0.462890625 0.4326171875 0.0185546875 0.0283203125
1 0.064453125 0.482421875 0.037109375 0.0439453125
1 0.662109375 0.45703125 0.013671875 0.0234375
1 0.4013671875 0.3876953125 0.021484375 0.025390625
1 0.166015625 0.36328125 0.015625 0.013671875
1 0.5166015625 0.37109375 0.0205078125 0.0205078125
1 0.525390625 0.400390625 0.009765625 0.021484375
1 0.8349609375 0.5703125 0.0703125 0.0810546875
1 0.9375 0.62890625 0.0185546875 0.0361328125
1 0.4921875 0.4345703125 0.0126953125 0.0283203125
1 0.8193359375 0.8525390625 0.064453125 0.076171875
1 0.4541015625 0.373046875 0.0234375 0.0283203125
1 0.3779296875 0.3623046875 0.0126953125 0.0185546875
1 0.0341796875 0.7568359375 0.0283203125 0.048828125
0 0.2158203125 0.326171875 0.0341796875 0.0185546875
1 0.6396484375 0.4462890625 0.0390625 0.033203125
1 0.546875 0.7802734375 0.052734375 0.064453125
1 0.373046875 0.400390625 0.013671875 0.017578125
1 0.228515625 0.357421875 0.0126953125 0.021484375
1 0.6376953125 0.564453125 0.140625 0.216796875
1 0.6806640625 0.439453125 0.0205078125 0.03125
1 0.111328125 0.42578125 0.0126953125 0.0234375
1 0.95703125 0.6962890625 0.029296875 0.048828125
1 0.330078125 0.3583984375 0.013671875 0.0205078125
1 0.0224609375 0.373046875 0.017578125 0.021484375
1 0.6796875 0.51171875 0.0185546875 0.0361328125
0 0.193359375 0.875 0.1044921875 0.0283203125
1 0.453125 0.669921875 0.0283203125 0.0546875
1 0.212890625 0.359375 0.0126953125 0.0185546875
1 0.4296875 0.3603515625 0.009765625 0.017578125