0 0.193359375 0.7490234375 0.126953125 0.1640625
0 0.509765625 0.4228515625 0.046875 0.0546875
0 0.33984375 0.7275390625 0.1015625 0.1201171875
0 0.5830078125 0.7021484375 0.1376953125 0.158203125
1 0.3408203125 0.4453125 0.025390625 0.041015625
1 0.8955078125 0.845703125 0.083984375 0.080078125
1 0.74609375 0.708984375 0.0517578125 0.080078125
1 0.30859375 0.8564453125 0.0390625 0.0595703125
0 0.4912109375 0.361328125 0.0390625 0.033203125
1 0.3935546875 0.8544921875 0.0625 0.072265625
1 0.08984375 0.625 0.0263671875 0.041015625
0 0.541015625 0.345703125 0.037109375 0.0283203125
1 0.6865234375 0.712890625 0.044921875 0.0654296875
1 0.615234375 0.6396484375 0.037109375 0.0576171875
1 0.544921875 0.4267578125 0.017578125 0.025390625
1 0.6015625 0.5009765625 0.03125 0.0361328125
1 0.080078125 0.7626953125 0.0595703125 0.078125
1 0.529296875 0.3740234375 0.015625 0.0234375
1 0.5625 0.47265625 0.021484375 0.0361328125
1 0.4306640625 0.673828125 0.0419921875 0.0654296875
0 0.8427734375 0.572265625 0.1767578125 0.0625
1 0.7822265625 0.833984375 0.0673828125 0.109375
1 0.8330078125 0.658203125 0.072265625 0.0625
1 0.90234375 0.6357421875 0.044921875 0.046875
1 0.6708984375 0.568359375 0.0576171875 0.060546875
1 0.5478515625 0.373046875 0.017578125 0.0263671875
1 0.345703125 0.5986328125 0.0625 0.046875
1 0.658203125 0.609375 0.0419921875 0.046875
1 0.9560546875 0.623046875 0.052734375 0.046875
1 0.6357421875 0.509765625 0.0283203125 0.037109375
0 0.5068359375 0.333984375 0.033203125 0.029296875
1 0.50390625 0.5458984375 0.0576171875 0.0732421875
1 0.2744140625 0.4609375 0.033203125 0.0283203125
1 0.595703125 0.58203125 0.064453125 0.0703125
1 0.701171875 0.6298828125 0.033203125 0.046875
1 0.580078125 0.4814453125 0.0234375 0.0341796875
1 0.5029296875 0.638671875 0.046875 0.048828125
1 0.96875 0.5458984375 0.0341796875 0.0361328125
1 0.2021484375 0.416015625 0.0205078125 0.0234375
1 0.90625 0.5107421875 0.0283203125 0.025390625
1 0.0595703125 0.48046875 0.021484375 0.0361328125
1 0.888671875 0.3828125 0.015625 0.03125
1 0.40234375 0.798828125 0.0419921875 0.0576171875
1 0.7998046875 0.6005859375 0.041015625 0.0517578125
1 0.728515625 0.619140625 0.03125 0.0546875
1 0.1083984375 0.486328125 0.0361328125 0.0341796875
1 0.529296875 0.4013671875 0.0126953125 0.021484375
0 0.2373046875 0.3662109375 0.0595703125 0.033203125
1 0.55859375 0.5654296875 0.029296875 0.0498046875
1 0.5087890625 0.486328125 0.0263671875 0.037109375
1 0.0234375 0.5625 0.021484375 0.041015625
1 0.466796875 0.677734375 0.0234375 0.060546875
1 0.4033203125 0.6044921875 0.046875 0.0654296875
1 0.041015625 0.556640625 0.015625 0.029296875
1 0.8115234375 0.7138671875 0.029296875 0.078125
1 0.7919921875 0.55078125 0.025390625 0.0263671875
1 0.4560546875 0.3642578125 0.025390625 0.03125
0 0.611328125 0.44921875 0.046875 0.029296875
1 0.9404296875 0.513671875 0.0185546875 0.0205078125
1 0.83984375 0.4921875 0.017578125 0.03125
1 0.0439453125 0.73046875 0.021484375 0.0361328125
1 0.431640625 0.4697265625 0.0126953125 0.0234375
1 0.052734375 0.857421875 0.033203125 0.0517578125
1 0.564453125 0.4404296875 0.015625 0.025390625
1 0.580078125 0.3740234375 0.013671875 0.029296875
1 0.8125 0.4873046875 0.021484375 0.0341796875
0 0.4521484375 0.505859375 0.0263671875 0.0498046875
0 0.1865234375 0.3232421875 0.0419921875 0.025390625
1 0.0244140625 0.373046875 0.0107421875 0.021484375
1 0.923828125 0.603515625 0.037109375 0.0439453125
1 0.791015625 0.5048828125 0.037109375 0.0751953125
1 0.0361328125 0.470703125 0.041015625 0.037109375