0 0.609375 0.6572265625 0.1220703125 0.142578125
0 0.154296875 0.5712890625 0.068359375 0.080078125
0 0.3642578125 0.791015625 0.1220703125 0.169921875
0 0.599609375 0.478515625 0.068359375 0.087890625
1 0.6103515625 0.5625 0.033203125 0.0498046875
0 0.203125 0.6806640625 0.1591796875 0.185546875
1 0.689453125 0.5439453125 0.044921875 0.046875
1 0.822265625 0.591796875 0.060546875 0.064453125
1 0.8232421875 0.748046875 0.0498046875 0.0751953125
0 0.1884765625 0.4755859375 0.0546875 0.060546875
1 0.791015625 0.564453125 0.03125 0.052734375
1 0.880859375 0.662109375 0.0810546875 0.083984375
1 0.291015625 0.57421875 0.029296875 0.060546875
0 0.501953125 0.513671875 0.072265625 0.083984375
0 0.7255859375 0.845703125 0.1640625 0.0859375
1 0.548828125 0.470703125 0.0185546875 0.03125
1 0.9462890625 0.6982421875 0.076171875 0.0810546875
1 0.232421875 0.5390625 0.0283203125 0.037109375
0 0.3017578125 0.455078125 0.052734375 0.0498046875
1 0.697265625 0.634765625 0.0390625 0.0498046875
1 0.8447265625 0.861328125 0.0576171875 0.060546875
0 0.27734375 0.4189453125 0.044921875 0.0341796875
0 0.4404296875 0.4150390625 0.037109375 0.0419921875
1 0.6044921875 0.77734375 0.052734375 0.080078125
0 0.427734375 0.4599609375 0.0595703125 0.060546875
1 0.498046875 0.6337890625 0.03125 0.0390625
0 0.3583984375 0.498046875 0.076171875 0.119140625
1 0.728515625 0.5400390625 0.044921875 0.044921875
1 0.529296875 0.576171875 0.03125 0.046875
1 0.9375 0.853515625 0.0595703125 0.0703125
1 0.5458984375 0.798828125 0.0546875 0.0595703125
1 0.4912109375 0.4599609375 0.0205078125 0.0263671875
1 0.5537109375 0.4248046875 0.017578125 0.0283203125
1 0.0283203125 0.55859375 0.0341796875 0.0419921875
1 0.8857421875 0.59375 0.0654296875 0.0595703125
1 0.1435546875 0.458984375 0.021484375 0.0263671875
1 0.1162109375 0.65234375 0.048828125 0.064453125
0 0.228515625 0.353515625 0.0283203125 0.0283203125
1 0.49609375 0.4208984375 0.029296875 0.033203125
0 0.1865234375 0.3564453125 0.029296875 0.025390625
1 0.5380859375 0.7158203125 0.0361328125 0.056640625
1 0.201171875 0.435546875 0.0361328125 0.033203125
1 0.3505859375 0.55078125 0.0234375 0.0263671875
0 0.080078125 0.759765625 0.0439453125 0.0751953125
1 0.587890625 0.404296875 0.0205078125 0.0361328125
1 0.9296875 0.611328125 0.037109375 0.037109375
0 0.5283203125 0.443359375 0.046875 0.060546875
0 0.244140625 0.384765625 0.046875 0.037109375
1 0.900390625 0.546875 0.03125 0.037109375
1 0.5927734375 0.4267578125 0.0107421875 0.015625
0 0.46875 0.376953125 0.0283203125 0.029296875
1 0.466796875 0.4072265625 0.0205078125 0.0390625
1 0.0986328125 0.41796875 0.0185546875 0.0263671875
1 0.0625 0.478515625 0.037109375 0.0361328125
1 0.5625 0.400390625 0.025390625 0.03125
1 0.4384765625 0.36328125 0.017578125 0.0263671875
1 0.2001953125 0.572265625 0.0341796875 0.048828125
1 0.8134765625 0.5419921875 0.029296875 0.0439453125
1 0.9765625 0.6337890625 0.025390625 0.0517578125
0 0.193359375 0.4013671875 0.0361328125 0.0283203125
1 0.541015625 0.6689453125 0.025390625 0.046875
1 0.4599609375 0.7109375 0.048828125 0.1376953125
0 0.5205078125 0.3359375 0.0341796875 0.0283203125
1 0.0263671875 0.482421875 0.03125 0.041015625
1 0.2724609375 0.62109375 0.033203125 0.076171875
0 0.353515625 0.322265625 0.03125 0.0185546875
1 0.330078125 0.359375 0.015625 0.021484375