0 0.322265625 0.80078125 0.1455078125 0.1767578125
0 0.201171875 0.6748046875 0.103515625 0.115234375
0 0.240234375 0.5068359375 0.0625 0.0703125
0 0.3173828125 0.650390625 0.087890625 0.109375
0 0.6455078125 0.669921875 0.1376953125 0.171875
1 0.138671875 0.513671875 0.0263671875 0.046875
0 0.224609375 0.5771484375 0.078125 0.0888671875
1 0.8193359375 0.583984375 0.080078125 0.0751953125
1 0.728515625 0.53515625 0.0439453125 0.0419921875
0 0.328125 0.490234375 0.0654296875 0.0576171875
0 0.537109375 0.451171875 0.0908203125 0.0595703125
0 0.50390625 0.3408203125 0.033203125 0.025390625
0 0.072265625 0.8056640625 0.1015625 0.1513671875
0 0.3212890625 0.5498046875 0.0703125 0.0810546875
1 0.701171875 0.548828125 0.0283203125 0.0419921875
0 0.482421875 0.353515625 0.0263671875 0.0234375
1 0.6787109375 0.5400390625 0.0263671875 0.0419921875
1 0.9443359375 0.68359375 0.080078125 0.095703125
1 0.068359375 0.478515625 0.033203125 0.033203125
1 0.033203125 0.5947265625 0.0361328125 0.0576171875
1 0.9306640625 0.6044921875 0.048828125 0.0439453125
0 0.54296875 0.333984375 0.029296875 0.021484375
0 0.25 0.384765625 0.046875 0.0341796875
1 0.1337890625 0.4697265625 0.017578125 0.0263671875
1 0.63671875 0.4599609375 0.033203125 0.033203125
0 0.3515625 0.3212890625 0.03125 0.017578125
1 0.1552734375 0.572265625 0.033203125 0.060546875
0 0.435546875 0.423828125 0.044921875 0.052734375
1 0.1748046875 0.46484375 0.021484375 0.029296875
1 0.4892578125 0.408203125 0.021484375 0.029296875
1 0.8974609375 0.5458984375 0.033203125 0.033203125
0 0.5263671875 0.3232421875 0.021484375 0.0185546875
1 0.2392578125 0.40625 0.0185546875 0.0283203125
1 0.1884765625 0.51171875 0.0263671875 0.0361328125
1 0.20703125 0.4814453125 0.017578125 0.041015625
0 0.2255859375 0.357421875 0.0263671875 0.0185546875
1 0.587890625 0.4111328125 0.0126953125 0.021484375
1 0.099609375 0.4794921875 0.033203125 0.0341796875
1 0.890625 0.5771484375 0.0283203125 0.0419921875
1 0.2197265625 0.4189453125 0.0234375 0.03125
1 0.5849609375 0.4375 0.0107421875 0.0185546875
0 0.06640625 0.322265625 0.033203125 0.0205078125
1 0.3916015625 0.521484375 0.017578125 0.037109375
1 0.5322265625 0.8310546875 0.0830078125 0.109375
1 0.3916015625 0.419921875 0.017578125 0.0234375
1 0.197265625 0.423828125 0.013671875 0.021484375
0 0.1904296875 0.384765625 0.0283203125 0.0185546875
1 0.56640625 0.37890625 0.0517578125 0.0517578125
0 0.037109375 0.4677734375 0.0419921875 0.0390625