0 0.1923828125 0.751953125 0.125 0.166015625
0 0.509765625 0.4150390625 0.048828125 0.0546875
0 0.6796875 0.787109375 0.162109375 0.1923828125
0 0.3388671875 0.7255859375 0.0966796875 0.1142578125
1 0.779296875 0.5859375 0.060546875 0.052734375
0 0.544921875 0.595703125 0.1064453125 0.115234375
1 0.7177734375 0.5908203125 0.0546875 0.056640625
0 0.681640625 0.6484375 0.1142578125 0.1123046875
1 0.798828125 0.654296875 0.078125 0.064453125
1 0.08203125 0.75390625 0.048828125 0.0703125
1 0.57421875 0.439453125 0.029296875 0.0390625
1 0.958984375 0.6474609375 0.0546875 0.0703125
1 0.6826171875 0.525390625 0.037109375 0.0390625
1 0.1142578125 0.595703125 0.03125 0.068359375
1 0.427734375 0.681640625 0.03125 0.0703125
1 0.388671875 0.4921875 0.033203125 0.046875
0 0.48828125 0.361328125 0.0361328125 0.033203125
0 0.5400390625 0.34375 0.029296875 0.025390625
1 0.873046875 0.6650390625 0.0654296875 0.064453125
1 0.541015625 0.4794921875 0.037109375 0.046875
1 0.4208984375 0.4892578125 0.0234375 0.0439453125
1 0.658203125 0.5859375 0.0546875 0.056640625
1 0.5146484375 0.515625 0.029296875 0.0439453125
0 0.5087890625 0.3349609375 0.029296875 0.033203125
1 0.591796875 0.4892578125 0.033203125 0.041015625
0 0.9365234375 0.5654296875 0.1015625 0.068359375
1 0.498046875 0.4462890625 0.017578125 0.0263671875
1 0.4443359375 0.4287109375 0.0234375 0.0361328125
1 0.6962890625 0.4736328125 0.0361328125 0.041015625
1 0.03125 0.6474609375 0.0341796875 0.060546875
1 0.63671875 0.5166015625 0.0361328125 0.0517578125
1 0.626953125 0.55859375 0.037109375 0.0517578125
1 0.884765625 0.615234375 0.044921875 0.041015625
1 0.0400390625 0.5537109375 0.017578125 0.0263671875
1 0.4658203125 0.525390625 0.0498046875 0.0625
1 0.423828125 0.455078125 0.0205078125 0.0361328125
1 0.5654296875 0.5078125 0.025390625 0.03125
1 0.732421875 0.552734375 0.0341796875 0.0419921875
1 0.55078125 0.435546875 0.0234375 0.03125
1 0.6357421875 0.4462890625 0.056640625 0.0419921875
0 0.96875 0.517578125 0.041015625 0.046875
0 0.353515625 0.318359375 0.0341796875 0.021484375
1 0.4892578125 0.478515625 0.021484375 0.029296875
1 0.61328125 0.521484375 0.0263671875 0.0341796875
1 0.8505859375 0.548828125 0.0361328125 0.03125
1 0.0595703125 0.478515625 0.025390625 0.0390625
1 0.1943359375 0.6103515625 0.048828125 0.0546875
1 0.2666015625 0.486328125 0.0205078125 0.025390625
1 0.248046875 0.6025390625 0.0546875 0.048828125
1 0.880859375 0.728515625 0.0546875 0.0908203125
1 0.5068359375 0.5712890625 0.0263671875 0.0419921875
1 0.7802734375 0.548828125 0.029296875 0.0419921875
1 0.5498046875 0.3720703125 0.015625 0.03125
1 0.03515625 0.8515625 0.0419921875 0.0654296875
0 0.23828125 0.37890625 0.060546875 0.0263671875
1 0.2470703125 0.3271484375 0.025390625 0.0205078125
0 0.19921875 0.8759765625 0.095703125 0.029296875
1 0.4560546875 0.3583984375 0.0283203125 0.029296875
1 0.8447265625 0.5068359375 0.0361328125 0.029296875