0 0.322265625 0.8017578125 0.142578125 0.1748046875
0 0.09375 0.7060546875 0.09375 0.125
0 0.2001953125 0.677734375 0.103515625 0.1201171875
0 0.2412109375 0.5087890625 0.064453125 0.0703125
1 0.6923828125 0.5439453125 0.0498046875 0.056640625
0 0.3173828125 0.6474609375 0.0908203125 0.107421875
0 0.4755859375 0.4775390625 0.0830078125 0.076171875
1 0.8203125 0.57421875 0.087890625 0.091796875
0 0.224609375 0.5771484375 0.078125 0.0888671875
1 0.900390625 0.650390625 0.078125 0.078125
0 0.3203125 0.548828125 0.072265625 0.080078125
0 0.4794921875 0.3603515625 0.041015625 0.0361328125
0 0.3271484375 0.4921875 0.0673828125 0.0625
1 0.5888671875 0.4619140625 0.0185546875 0.0390625
1 0.9619140625 0.7001953125 0.0517578125 0.0751953125
0 0.228515625 0.3515625 0.033203125 0.03125
0 0.525390625 0.3330078125 0.052734375 0.0341796875
1 0.150390625 0.4150390625 0.015625 0.029296875
0 0.185546875 0.3779296875 0.029296875 0.0341796875
1 0.89453125 0.587890625 0.0419921875 0.0595703125
1 0.1884765625 0.5048828125 0.0263671875 0.041015625
1 0.5556640625 0.4619140625 0.0205078125 0.0419921875
1 0.4130859375 0.455078125 0.0205078125 0.0283203125
1 0.2001953125 0.412109375 0.025390625 0.033203125
1 0.671875 0.5078125 0.0185546875 0.0341796875
1 0.537109375 0.4892578125 0.0205078125 0.041015625
1 0.93359375 0.61328125 0.0419921875 0.048828125
1 0.896484375 0.541015625 0.037109375 0.0341796875
1 0.3564453125 0.4560546875 0.0185546875 0.0439453125
1 0.4365234375 0.7294921875 0.0263671875 0.056640625
1 0.1123046875 0.8603515625 0.046875 0.060546875
1 0.384765625 0.658203125 0.0498046875 0.0810546875
1 0.056640625 0.787109375 0.0390625 0.046875
1 0.0419921875 0.8515625 0.041015625 0.078125
1 0.2109375 0.845703125 0.056640625 0.0703125
0 0.2587890625 0.41015625 0.044921875 0.033203125
1 0.0322265625 0.591796875 0.0419921875 0.0859375
1 0.8603515625 0.548828125 0.0234375 0.041015625
1 0.40625 0.4208984375 0.0185546875 0.029296875
1 0.2060546875 0.484375 0.0185546875 0.041015625
1 0.150390625 0.470703125 0.0263671875 0.0263671875
1 0.0615234375 0.4794921875 0.0263671875 0.037109375
0 0.068359375 0.3232421875 0.0341796875 0.021484375
1 0.8173828125 0.5341796875 0.0283203125 0.037109375
1 0.47265625 0.4150390625 0.0263671875 0.0419921875
1 0.5625 0.412109375 0.072265625 0.099609375
1 0.4423828125 0.423828125 0.0185546875 0.041015625
1 0.2255859375 0.4150390625 0.017578125 0.029296875
1 0.833984375 0.4970703125 0.033203125 0.0283203125
1 0.1884765625 0.47265625 0.0234375 0.0361328125
1 0.240234375 0.640625 0.0263671875 0.041015625
1 0.5419921875 0.83203125 0.056640625 0.1015625
1 0.4384765625 0.361328125 0.017578125 0.0234375