0 0.572265625 0.4794921875 0.064453125 0.0654296875
1 0.244140625 0.7548828125 0.0361328125 0.052734375
1 0.181640625 0.5380859375 0.0234375 0.0419921875
1 0.306640625 0.650390625 0.029296875 0.0498046875
1 0.154296875 0.560546875 0.025390625 0.0419921875
0 0.578125 0.6884765625 0.134765625 0.1640625
1 0.197265625 0.65625 0.0341796875 0.056640625
1 0.5185546875 0.478515625 0.025390625 0.0390625
0 0.2041015625 0.484375 0.0576171875 0.0595703125
1 0.0966796875 0.599609375 0.037109375 0.046875
1 0.2529296875 0.625 0.03125 0.0595703125
1 0.220703125 0.591796875 0.03125 0.048828125
1 0.494140625 0.474609375 0.0234375 0.0361328125
1 0.1572265625 0.42578125 0.0234375 0.0234375
1 0.146484375 0.490234375 0.0205078125 0.041015625
1 0.15625 0.455078125 0.0185546875 0.0263671875
0 0.818359375 0.7822265625 0.2109375 0.201171875
0 0.3193359375 0.46875 0.0576171875 0.052734375
1 0.7333984375 0.537109375 0.033203125 0.037109375
1 0.275390625 0.5693359375 0.0263671875 0.044921875
1 0.40234375 0.6533203125 0.0361328125 0.068359375
1 0.2255859375 0.521484375 0.0263671875 0.033203125
1 0.06640625 0.7802734375 0.044921875 0.064453125
1 0.375 0.513671875 0.021484375 0.0361328125
0 0.654296875 0.576171875 0.087890625 0.09375
1 0.236328125 0.5517578125 0.0283203125 0.041015625
1 0.81640625 0.568359375 0.080078125 0.0810546875
1 0.37109375 0.61328125 0.029296875 0.0419921875
1 0.1962890625 0.708984375 0.0263671875 0.0517578125
1 0.259765625 0.474609375 0.0263671875 0.041015625
1 0.166015625 0.6298828125 0.03125 0.046875
1 0.3125 0.7783203125 0.037109375 0.083984375
1 0.275390625 0.52734375 0.0234375 0.029296875
0 0.53515625 0.384765625 0.0390625 0.0283203125
1 0.9443359375 0.6904296875 0.076171875 0.0810546875
0 0.4892578125 0.3583984375 0.0341796875 0.0361328125
1 0.107421875 0.6474609375 0.029296875 0.0419921875
1 0.1396484375 0.5390625 0.0205078125 0.0341796875
1 0.8515625 0.6572265625 0.03125 0.044921875
0 0.28125 0.408203125 0.0625 0.041015625
0 0.54296875 0.41796875 0.044921875 0.044921875
1 0.029296875 0.564453125 0.0341796875 0.0546875
1 0.927734375 0.611328125 0.0439453125 0.037109375
0 0.5634765625 0.373046875 0.0361328125 0.033203125
0 0.5078125 0.544921875 0.0810546875 0.1064453125
1 0.14453125 0.4111328125 0.0205078125 0.0283203125
1 0.05859375 0.478515625 0.0234375 0.0341796875
1 0.505859375 0.65234375 0.0263671875 0.0517578125
1 0.580078125 0.421875 0.0234375 0.0341796875
1 0.697265625 0.6005859375 0.021484375 0.044921875
1 0.234375 0.7099609375 0.0341796875 0.044921875
1 0.2236328125 0.599609375 0.1689453125 0.1484375
1 0.896484375 0.5791015625 0.0390625 0.048828125
1 0.1787109375 0.3623046875 0.0205078125 0.0185546875
0 0.419921875 0.509765625 0.0625 0.064453125
1 0.2060546875 0.4111328125 0.021484375 0.0283203125
1 0.0673828125 0.732421875 0.0283203125 0.0517578125
1 0.638671875 0.4404296875 0.0439453125 0.03125
1 0.681640625 0.51171875 0.0283203125 0.033203125
0 0.4384765625 0.435546875 0.0390625 0.068359375
1 0.59765625 0.3916015625 0.013671875 0.0234375
1 0.306640625 0.7236328125 0.017578125 0.025390625
1 0.0244140625 0.869140625 0.0205078125 0.0390625
0 0.4755859375 0.4013671875 0.0390625 0.037109375
1 0.205078125 0.73828125 0.259765625 0.126953125
1 0.974609375 0.6318359375 0.029296875 0.0576171875
1 0.1845703125 0.865234375 0.0283203125 0.0498046875
1 0.1064453125 0.484375 0.03125 0.0283203125
1 0.0810546875 0.400390625 0.0341796875 0.03125
1 0.1630859375 0.4013671875 0.0234375 0.021484375