0 0.64453125 0.791015625 0.169921875 0.1923828125
0 0.201171875 0.5810546875 0.0830078125 0.09375
0 0.3486328125 0.576171875 0.0751953125 0.087890625
0 0.6357421875 0.599609375 0.130859375 0.134765625
0 0.5615234375 0.4453125 0.0576171875 0.056640625
1 0.7978515625 0.5888671875 0.0419921875 0.0595703125
1 0.5576171875 0.673828125 0.046875 0.076171875
1 0.228515625 0.728515625 0.0517578125 0.0625
0 0.494140625 0.548828125 0.087890625 0.1279296875
1 0.1455078125 0.53125 0.021484375 0.0439453125
1 0.7890625 0.7060546875 0.0498046875 0.0751953125
1 0.427734375 0.5419921875 0.03125 0.0498046875
1 0.115234375 0.6376953125 0.03125 0.046875
1 0.7275390625 0.5380859375 0.044921875 0.044921875
1 0.154296875 0.4853515625 0.0283203125 0.033203125
1 0.943359375 0.685546875 0.0830078125 0.0859375
1 0.181640625 0.501953125 0.021484375 0.037109375
1 0.3955078125 0.837890625 0.041015625 0.0966796875
1 0.2705078125 0.4521484375 0.03125 0.0361328125
0 0.1416015625 0.4091796875 0.060546875 0.046875
1 0.2451171875 0.458984375 0.021484375 0.029296875
1 0.2978515625 0.6455078125 0.029296875 0.052734375
1 0.17578125 0.677734375 0.0234375 0.0498046875
1 0.8525390625 0.658203125 0.029296875 0.0419921875
0 0.3076171875 0.435546875 0.0498046875 0.046875
1 0.857421875 0.595703125 0.0673828125 0.0673828125
1 0.4169921875 0.65625 0.0283203125 0.052734375
1 0.6904296875 0.544921875 0.041015625 0.041015625
1 0.2666015625 0.701171875 0.029296875 0.060546875
1 0.119140625 0.7021484375 0.037109375 0.048828125
1 0.2451171875 0.6552734375 0.0283203125 0.044921875
0 0.541015625 0.3818359375 0.037109375 0.033203125
1 0.724609375 0.6103515625 0.025390625 0.044921875
1 0.19140625 0.458984375 0.017578125 0.029296875
0 0.2607421875 0.408203125 0.0595703125 0.0341796875
0 0.2392578125 0.35546875 0.0498046875 0.0419921875
0 0.49609375 0.3544921875 0.033203125 0.0283203125
1 0.224609375 0.8505859375 0.056640625 0.0703125
1 0.5849609375 0.41015625 0.0263671875 0.044921875
0 0.33203125 0.3984375 0.0830078125 0.037109375
0 0.494140625 0.390625 0.0439453125 0.0439453125
1 0.8310546875 0.5615234375 0.0283203125 0.0361328125
1 0.9267578125 0.609375 0.0439453125 0.037109375
1 0.1533203125 0.8623046875 0.0654296875 0.052734375
1 0.89453125 0.658203125 0.0390625 0.046875
1 0.060546875 0.4794921875 0.0234375 0.0341796875
1 0.1044921875 0.7509765625 0.041015625 0.080078125
0 0.5107421875 0.333984375 0.025390625 0.0205078125
1 0.03125 0.849609375 0.041015625 0.0703125
1 0.1650390625 0.44921875 0.0263671875 0.029296875
1 0.0234375 0.55859375 0.021484375 0.0419921875
1 0.44921875 0.369140625 0.017578125 0.0263671875
1 0.10546875 0.484375 0.029296875 0.03125
1 0.7880859375 0.650390625 0.0234375 0.03125
1 0.130859375 0.767578125 0.0234375 0.0390625
1 0.962890625 0.6279296875 0.03125 0.046875
1 0.3720703125 0.3994140625 0.021484375 0.0263671875
1 0.443359375 0.4208984375 0.033203125 0.048828125
1 0.4541015625 0.482421875 0.0263671875 0.056640625
1 0.1875 0.421875 0.0185546875 0.0341796875
1 0.8974609375 0.576171875 0.0390625 0.0361328125
0 0.5390625 0.3359375 0.0341796875 0.03125
1 0.7275390625 0.658203125 0.0703125 0.0966796875
1 0.46875 0.681640625 0.021484375 0.0576171875