0 0.193359375 0.748046875 0.123046875 0.1611328125
0 0.5126953125 0.4228515625 0.0498046875 0.0546875
0 0.337890625 0.728515625 0.0986328125 0.119140625
1 0.513671875 0.4697265625 0.037109375 0.0517578125
0 0.451171875 0.5166015625 0.1484375 0.0732421875
1 0.607421875 0.494140625 0.029296875 0.0498046875
1 0.2763671875 0.498046875 0.0283203125 0.0341796875
0 0.5380859375 0.35546875 0.0419921875 0.044921875
1 0.470703125 0.4541015625 0.03125 0.044921875
0 0.16796875 0.4111328125 0.064453125 0.037109375
1 0.5791015625 0.48828125 0.0234375 0.044921875
0 0.4873046875 0.361328125 0.041015625 0.03125
1 0.4150390625 0.80859375 0.0390625 0.0546875
1 0.556640625 0.412109375 0.017578125 0.0283203125
1 0.228515625 0.4580078125 0.025390625 0.0283203125
1 0.068359375 0.537109375 0.029296875 0.044921875
1 0.6396484375 0.505859375 0.029296875 0.0517578125
0 0.509765625 0.3349609375 0.033203125 0.029296875
1 0.564453125 0.3759765625 0.025390625 0.029296875
1 0.306640625 0.8349609375 0.046875 0.0888671875
1 0.134765625 0.4267578125 0.025390625 0.021484375
1 0.541015625 0.4697265625 0.0234375 0.044921875
1 0.142578125 0.455078125 0.0234375 0.033203125
1 0.1953125 0.43359375 0.0185546875 0.029296875
1 0.458984375 0.783203125 0.0361328125 0.0595703125
1 0.0791015625 0.759765625 0.0419921875 0.072265625
1 0.564453125 0.451171875 0.017578125 0.0263671875
1 0.068359375 0.4775390625 0.0341796875 0.033203125
1 0.6201171875 0.4638671875 0.0185546875 0.03125
1 0.646484375 0.4697265625 0.017578125 0.0234375
1 0.1640625 0.365234375 0.0126953125 0.017578125
1 0.779296875 0.572265625 0.0751953125 0.0576171875
1 0.716796875 0.564453125 0.0654296875 0.0517578125
1 0.4384765625 0.3798828125 0.0205078125 0.0283203125
1 0.17578125 0.330078125 0.013671875 0.0185546875
1 0.421875 0.740234375 0.0498046875 0.0654296875
1 0.091796875 0.388671875 0.015625 0.015625
1 0.0185546875 0.494140625 0.015625 0.0361328125
1 0.2568359375 0.39453125 0.0205078125 0.029296875
1 0.42578125 0.6806640625 0.0361328125 0.0390625
1 0.59375 0.4658203125 0.015625 0.025390625
1 0.6376953125 0.4443359375 0.041015625 0.029296875
1 0.90625 0.5537109375 0.021484375 0.0419921875
1 0.55078125 0.4443359375 0.017578125 0.029296875
1 0.3291015625 0.359375 0.017578125 0.021484375
1 0.6630859375 0.5087890625 0.0234375 0.0390625
1 0.025390625 0.375 0.0126953125 0.0185546875
1 0.248046875 0.3583984375 0.013671875 0.017578125
1 0.466796875 0.4208984375 0.017578125 0.0234375
1 0.025390625 0.826171875 0.03125 0.0810546875
1 0.849609375 0.654296875 0.0439453125 0.044921875
1 0.0693359375 0.33984375 0.013671875 0.017578125
0 0.19140625 0.8759765625 0.107421875 0.029296875
1 0.455078125 0.7158203125 0.0205078125 0.0283203125
1 0.20703125 0.3564453125 0.0107421875 0.021484375
1 0.5546875 0.447265625 0.2001953125 0.158203125
1 0.4912109375 0.6044921875 0.0419921875 0.087890625
1 0.513671875 0.37109375 0.0205078125 0.0205078125
1 0.9013671875 0.49609375 0.0341796875 0.0390625