0 0.205078125 0.6162109375 0.091796875 0.1044921875
1 0.279296875 0.6591796875 0.0419921875 0.0654296875
1 0.146484375 0.537109375 0.021484375 0.0361328125
1 0.197265625 0.826171875 0.052734375 0.076171875
0 0.462890625 0.416015625 0.037109375 0.0419921875
0 0.65234375 0.6015625 0.1142578125 0.119140625
0 0.6376953125 0.7666015625 0.1689453125 0.2265625
1 0.263671875 0.5087890625 0.0263671875 0.0419921875
1 0.310546875 0.5283203125 0.021484375 0.037109375
0 0.541015625 0.4609375 0.052734375 0.0595703125
1 0.0908203125 0.693359375 0.0341796875 0.0595703125
1 0.8056640625 0.591796875 0.044921875 0.052734375
0 0.560546875 0.3935546875 0.0341796875 0.0439453125
1 0.7568359375 0.7744140625 0.060546875 0.0703125
1 0.3662109375 0.4697265625 0.0205078125 0.029296875
1 0.271484375 0.455078125 0.017578125 0.025390625
1 0.896484375 0.6552734375 0.0830078125 0.076171875
1 0.185546875 0.5107421875 0.021484375 0.0498046875
1 0.236328125 0.525390625 0.0234375 0.046875
1 0.3837890625 0.525390625 0.0263671875 0.0595703125
1 0.5380859375 0.6279296875 0.029296875 0.0498046875
1 0.1787109375 0.4599609375 0.0263671875 0.033203125
1 0.693359375 0.548828125 0.03125 0.0390625
0 0.525390625 0.416015625 0.046875 0.048828125
1 0.150390625 0.423828125 0.0205078125 0.0263671875
1 0.51171875 0.4453125 0.0205078125 0.0341796875
1 0.251953125 0.4716796875 0.021484375 0.0341796875
1 0.1474609375 0.466796875 0.033203125 0.0361328125
1 0.2880859375 0.4853515625 0.0205078125 0.029296875
1 0.291015625 0.435546875 0.017578125 0.025390625
1 0.896484375 0.5419921875 0.03125 0.037109375
1 0.84375 0.6025390625 0.046875 0.048828125
1 0.73046875 0.537109375 0.0419921875 0.044921875
1 0.5673828125 0.60546875 0.0283203125 0.0517578125
1 0.130859375 0.4208984375 0.0185546875 0.0234375
1 0.5478515625 0.5625 0.0234375 0.037109375
1 0.4296875 0.4619140625 0.015625 0.0263671875
1 0.115234375 0.587890625 0.03125 0.0595703125
1 0.251953125 0.44140625 0.0205078125 0.0263671875
1 0.8505859375 0.865234375 0.0576171875 0.046875
1 0.2265625 0.470703125 0.0185546875 0.0283203125
0 0.4814453125 0.3623046875 0.03125 0.03125
1 0.6044921875 0.501953125 0.03125 0.0419921875
1 0.544921875 0.5302734375 0.0205078125 0.0263671875
1 0.9443359375 0.701171875 0.060546875 0.056640625
1 0.5966796875 0.462890625 0.041015625 0.0546875
0 0.537109375 0.3486328125 0.03125 0.0283203125
1 0.05859375 0.48046875 0.0205078125 0.0361328125
0 0.248046875 0.3857421875 0.078125 0.041015625
1 0.2333984375 0.4326171875 0.017578125 0.025390625
0 0.513671875 0.3671875 0.03125 0.03125
1 0.03125 0.5810546875 0.037109375 0.083984375
1 0.427734375 0.5439453125 0.0205078125 0.041015625
1 0.095703125 0.4130859375 0.017578125 0.0263671875
1 0.951171875 0.5283203125 0.0234375 0.0185546875
0 0.224609375 0.361328125 0.0283203125 0.025390625
1 0.1083984375 0.4833984375 0.0361328125 0.0361328125
1 0.5732421875 0.5068359375 0.0283203125 0.044921875
1 0.9287109375 0.611328125 0.0546875 0.0439453125
1 0.1845703125 0.3740234375 0.0126953125 0.017578125
1 0.0224609375 0.48046875 0.0234375 0.0390625
1 0.837890625 0.556640625 0.0361328125 0.0517578125
1 0.26171875 0.4814453125 0.0986328125 0.1123046875
1 0.4130859375 0.416015625 0.017578125 0.017578125
1 0.6376953125 0.439453125 0.041015625 0.033203125
1 0.607421875 0.630859375 0.025390625 0.0498046875
0 0.5009765625 0.3388671875 0.0361328125 0.03125
0 0.3251953125 0.40234375 0.078125 0.044921875
1 0.2001953125 0.7734375 0.037109375 0.052734375
1 0.951171875 0.763671875 0.029296875 0.044921875
1 0.6923828125 0.521484375 0.0185546875 0.03125
1 0.1533203125 0.4638671875 0.0908203125 0.140625
1 0.587890625 0.400390625 0.0234375 0.037109375
1 0.9755859375 0.6298828125 0.0263671875 0.0595703125
1 0.8974609375 0.5849609375 0.0390625 0.0546875
0 0.458984375 0.5048828125 0.0673828125 0.109375
1 0.712890625 0.8291015625 0.03125 0.0673828125