1 0.236328125 0.6611328125 0.0361328125 0.0810546875
1 0.1650390625 0.6865234375 0.029296875 0.0546875
0 0.7685546875 0.7177734375 0.171875 0.1796875
0 0.2197265625 0.513671875 0.064453125 0.072265625
0 0.546875 0.494140625 0.0654296875 0.0673828125
1 0.166015625 0.4736328125 0.025390625 0.03125
1 0.4091796875 0.4541015625 0.021484375 0.0234375
1 0.818359375 0.5732421875 0.078125 0.087890625
1 0.904296875 0.65625 0.0654296875 0.0654296875
1 0.68359375 0.544921875 0.0517578125 0.052734375
1 0.28125 0.5224609375 0.0283203125 0.0419921875
1 0.3544921875 0.4375 0.021484375 0.03125
1 0.1474609375 0.494140625 0.0263671875 0.0419921875
1 0.271484375 0.4501953125 0.0205078125 0.037109375
1 0.5986328125 0.4892578125 0.021484375 0.041015625
1 0.2626953125 0.5927734375 0.037109375 0.064453125
1 0.130859375 0.56640625 0.0263671875 0.0419921875
1 0.3798828125 0.494140625 0.03125 0.048828125
1 0.7236328125 0.53515625 0.0498046875 0.0517578125
1 0.615234375 0.5654296875 0.0419921875 0.052734375
1 0.9521484375 0.7109375 0.0732421875 0.103515625
0 0.5234375 0.427734375 0.046875 0.046875
1 0.640625 0.73046875 0.041015625 0.0673828125
1 0.13671875 0.419921875 0.0263671875 0.03125
0 0.55859375 0.40234375 0.0361328125 0.0361328125
0 0.4609375 0.4287109375 0.041015625 0.0390625
1 0.111328125 0.4111328125 0.021484375 0.03125
1 0.224609375 0.443359375 0.021484375 0.033203125
1 0.2080078125 0.453125 0.021484375 0.0341796875
1 0.2255859375 0.408203125 0.017578125 0.0263671875
1 0.72265625 0.623046875 0.0419921875 0.033203125
1 0.634765625 0.615234375 0.0439453125 0.0703125
1 0.16796875 0.4228515625 0.0205078125 0.0263671875
1 0.470703125 0.4521484375 0.015625 0.0234375
1 0.4619140625 0.5263671875 0.033203125 0.046875
1 0.57421875 0.46875 0.0205078125 0.0283203125
1 0.0595703125 0.4794921875 0.025390625 0.037109375
1 0.611328125 0.765625 0.0419921875 0.087890625
0 0.228515625 0.3505859375 0.025390625 0.029296875
1 0.8984375 0.5419921875 0.03125 0.037109375
1 0.1845703125 0.3818359375 0.0126953125 0.0234375
1 0.6552734375 0.861328125 0.048828125 0.0595703125
1 0.623046875 0.51171875 0.0234375 0.0361328125
1 0.09375 0.734375 0.03125 0.041015625
1 0.623046875 0.6884765625 0.033203125 0.060546875
1 0.412109375 0.42578125 0.0205078125 0.029296875
1 0.4521484375 0.3642578125 0.013671875 0.025390625
1 0.4189453125 0.509765625 0.037109375 0.064453125
1 0.955078125 0.6298828125 0.044921875 0.0595703125
1 0.19921875 0.4140625 0.017578125 0.03125
1 0.1083984375 0.4833984375 0.033203125 0.033203125
0 0.533203125 0.3564453125 0.029296875 0.03125
0 0.4892578125 0.357421875 0.0283203125 0.029296875
1 0.67578125 0.50390625 0.0263671875 0.0390625
1 0.4931640625 0.408203125 0.0205078125 0.0341796875
0 0.3505859375 0.3203125 0.029296875 0.021484375
1 0.701171875 0.791015625 0.0517578125 0.072265625
1 0.46484375 0.3798828125 0.0263671875 0.0341796875
1 0.111328125 0.7080078125 0.0283203125 0.0498046875
1 0.896484375 0.576171875 0.041015625 0.0419921875
1 0.1923828125 0.3671875 0.009765625 0.015625
1 0.63671875 0.4384765625 0.0361328125 0.0361328125
1 0.232421875 0.427734375 0.09375 0.0810546875
1 0.5947265625 0.4560546875 0.0234375 0.0341796875
0 0.4619140625 0.322265625 0.0419921875 0.033203125
1 0.021484375 0.4873046875 0.0205078125 0.041015625
1 0.1796875 0.330078125 0.0185546875 0.017578125
0 0.572265625 0.373046875 0.03125 0.033203125
1 0.5341796875 0.396484375 0.021484375 0.03125
0 0.5166015625 0.3408203125 0.0263671875 0.0283203125
1 0.244140625 0.4931640625 0.0126953125 0.017578125
1 0.0771484375 0.337890625 0.0205078125 0.0185546875
1 0.6064453125 0.53125 0.021484375 0.0341796875
1 0.140625 0.6162109375 0.03125 0.044921875
1 0.955078125 0.5908203125 0.0361328125 0.037109375
1 0.134765625 0.447265625 0.0986328125 0.1279296875
1 0.81640625 0.533203125 0.0205078125 0.03125
1 0.37890625 0.45703125 0.013671875 0.0234375
0 0.2529296875 0.369140625 0.037109375 0.0439453125
1 0.021484375 0.373046875 0.0185546875 0.021484375