0 0.1904296875 0.7490234375 0.125 0.1640625
0 0.5107421875 0.421875 0.046875 0.0498046875
0 0.337890625 0.7265625 0.0986328125 0.119140625
1 0.556640625 0.5576171875 0.025390625 0.0498046875
0 0.5380859375 0.3544921875 0.0419921875 0.0439453125
1 0.0673828125 0.5380859375 0.0283203125 0.0517578125
1 0.513671875 0.4736328125 0.03125 0.0439453125
0 0.490234375 0.361328125 0.0390625 0.0341796875
1 0.3212890625 0.4794921875 0.033203125 0.0498046875
1 0.61328125 0.486328125 0.0390625 0.044921875
1 0.572265625 0.3837890625 0.017578125 0.0263671875
1 0.412109375 0.791015625 0.056640625 0.0908203125
1 0.646484375 0.4892578125 0.021484375 0.037109375
1 0.46875 0.451171875 0.0283203125 0.0390625
0 0.5107421875 0.333984375 0.03125 0.029296875
0 0.2177734375 0.4306640625 0.0732421875 0.0517578125
1 0.2861328125 0.439453125 0.0283203125 0.03125
1 0.7802734375 0.716796875 0.0517578125 0.0751953125
1 0.49609375 0.4521484375 0.017578125 0.033203125
1 0.306640625 0.8369140625 0.046875 0.095703125
1 0.2421875 0.486328125 0.0341796875 0.041015625
1 0.4541015625 0.37109375 0.017578125 0.029296875
1 0.458984375 0.783203125 0.037109375 0.0576171875
1 0.392578125 0.4052734375 0.0185546875 0.0263671875
1 0.5634765625 0.4375 0.0205078125 0.025390625
1 0.091796875 0.685546875 0.0654296875 0.060546875
1 0.544921875 0.4736328125 0.021484375 0.046875
1 0.0791015625 0.748046875 0.048828125 0.072265625
1 0.0888671875 0.4013671875 0.021484375 0.021484375
1 0.4658203125 0.4033203125 0.015625 0.0283203125
1 0.5791015625 0.4638671875 0.0234375 0.0341796875
1 0.595703125 0.390625 0.0126953125 0.021484375
1 0.4375 0.365234375 0.0185546875 0.021484375
1 0.4287109375 0.6669921875 0.0419921875 0.046875
0 0.955078125 0.578125 0.0576171875 0.0625
1 0.1669921875 0.3642578125 0.0126953125 0.0185546875
1 0.5478515625 0.4189453125 0.013671875 0.0185546875
1 0.2841796875 0.3623046875 0.0185546875 0.025390625
1 0.1357421875 0.412109375 0.015625 0.017578125
0 0.2275390625 0.365234375 0.0576171875 0.0361328125
1 0.84765625 0.6611328125 0.048828125 0.0498046875
0 0.06640625 0.4765625 0.107421875 0.0595703125
1 0.025390625 0.5849609375 0.025390625 0.0703125
1 0.4375 0.7646484375 0.021484375 0.0361328125
0 0.1865234375 0.8759765625 0.123046875 0.029296875
1 0.640625 0.443359375 0.025390625 0.03125
1 0.177734375 0.326171875 0.0205078125 0.021484375
1 0.2275390625 0.3603515625 0.0107421875 0.017578125
1 0.103515625 0.39453125 0.017578125 0.0263671875
1 0.357421875 0.396484375 0.0126953125 0.0263671875
1 0.0263671875 0.373046875 0.0126953125 0.0205078125
1 0.9052734375 0.49609375 0.0263671875 0.029296875
1 0.6201171875 0.455078125 0.015625 0.0263671875
1 0.4130859375 0.7373046875 0.0263671875 0.0341796875