0 0.1904296875 0.7958984375 0.134765625 0.1826171875
0 0.6552734375 0.6240234375 0.1328125 0.1484375
0 0.5185546875 0.5751953125 0.0908203125 0.109375
0 0.337890625 0.7255859375 0.1015625 0.1171875
1 0.791015625 0.6806640625 0.0498046875 0.0732421875
1 0.8935546875 0.6806640625 0.087890625 0.0830078125
0 0.490234375 0.3603515625 0.0361328125 0.033203125
0 0.5400390625 0.341796875 0.033203125 0.0283203125
0 0.51171875 0.40234375 0.0390625 0.048828125
1 0.654296875 0.5244140625 0.0439453125 0.048828125
1 0.7744140625 0.5576171875 0.044921875 0.046875
1 0.1591796875 0.52734375 0.021484375 0.0361328125
1 0.724609375 0.595703125 0.052734375 0.0595703125
1 0.783203125 0.62890625 0.0625 0.0546875
1 0.689453125 0.5546875 0.0439453125 0.0654296875
0 0.505859375 0.3349609375 0.0341796875 0.033203125
1 0.357421875 0.568359375 0.033203125 0.0546875
1 0.638671875 0.490234375 0.03125 0.0341796875
1 0.4013671875 0.4716796875 0.025390625 0.041015625
0 0.837890625 0.5078125 0.0908203125 0.078125
1 0.5263671875 0.490234375 0.03125 0.046875
1 0.4404296875 0.796875 0.0439453125 0.09375
1 0.0625 0.4794921875 0.03125 0.0341796875
1 0.828125 0.5908203125 0.046875 0.041015625
1 0.455078125 0.51953125 0.0283203125 0.044921875
1 0.501953125 0.4873046875 0.0234375 0.041015625
0 0.232421875 0.341796875 0.021484375 0.0234375
1 0.427734375 0.45703125 0.0205078125 0.033203125
1 0.591796875 0.42578125 0.0185546875 0.029296875
1 0.55859375 0.4716796875 0.0205078125 0.0283203125
1 0.626953125 0.748046875 0.0517578125 0.056640625
1 0.814453125 0.5556640625 0.0361328125 0.0361328125
1 0.1083984375 0.482421875 0.0390625 0.0341796875
1 0.0322265625 0.572265625 0.044921875 0.0673828125
1 0.9189453125 0.8388671875 0.041015625 0.072265625
1 0.927734375 0.5947265625 0.068359375 0.0576171875
1 0.884765625 0.5859375 0.0341796875 0.0595703125
1 0.0234375 0.4755859375 0.025390625 0.029296875
1 0.419921875 0.421875 0.0234375 0.0341796875
1 0.095703125 0.408203125 0.0205078125 0.015625
1 0.482421875 0.525390625 0.041015625 0.033203125
1 0.5927734375 0.478515625 0.0234375 0.0361328125
1 0.884765625 0.548828125 0.0234375 0.0361328125
1 0.154296875 0.4833984375 0.017578125 0.0234375
1 0.0810546875 0.6689453125 0.078125 0.052734375
1 0.869140625 0.6259765625 0.0283203125 0.0361328125
1 0.0888671875 0.388671875 0.0185546875 0.017578125
1 0.66796875 0.466796875 0.0390625 0.033203125
1 0.5693359375 0.435546875 0.0234375 0.03125
1 0.5908203125 0.3974609375 0.025390625 0.0390625
1 0.298828125 0.685546875 0.025390625 0.025390625
1 0.453125 0.359375 0.0185546875 0.025390625
1 0.044921875 0.806640625 0.0595703125 0.0810546875
1 0.611328125 0.5234375 0.033203125 0.046875
1 0.732421875 0.669921875 0.052734375 0.072265625
1 0.373046875 0.689453125 0.0263671875 0.044921875
1 0.4716796875 0.4345703125 0.025390625 0.0341796875
1 0.96484375 0.6025390625 0.029296875 0.029296875
1 0.4453125 0.671875 0.03125 0.0595703125
1 0.9619140625 0.64453125 0.0546875 0.0703125
1 0.4677734375 0.6181640625 0.060546875 0.0830078125