0 0.3212890625 0.798828125 0.1484375 0.1767578125
0 0.623046875 0.626953125 0.109375 0.142578125
1 0.400390625 0.521484375 0.0263671875 0.046875
1 0.072265625 0.771484375 0.046875 0.072265625
1 0.693359375 0.548828125 0.046875 0.0546875
0 0.3154296875 0.6494140625 0.09375 0.111328125
0 0.2412109375 0.509765625 0.060546875 0.0751953125
1 0.5625 0.390625 0.015625 0.025390625
1 0.380859375 0.380859375 0.0263671875 0.0283203125
1 0.4482421875 0.42578125 0.0185546875 0.033203125
1 0.822265625 0.580078125 0.0888671875 0.0888671875
1 0.552734375 0.4970703125 0.0263671875 0.0439453125
0 0.4912109375 0.5078125 0.076171875 0.103515625
1 0.416015625 0.4140625 0.015625 0.0283203125
0 0.509765625 0.349609375 0.0341796875 0.0439453125
1 0.8916015625 0.6533203125 0.076171875 0.072265625
1 0.21875 0.5908203125 0.03125 0.046875
1 0.1220703125 0.5478515625 0.03125 0.0546875
1 0.189453125 0.5244140625 0.0234375 0.0361328125
1 0.6484375 0.56640625 0.025390625 0.044921875
1 0.1875 0.6044921875 0.0341796875 0.068359375
0 0.3271484375 0.490234375 0.064453125 0.0595703125
1 0.552734375 0.4462890625 0.0205078125 0.029296875
0 0.3212890625 0.55078125 0.0703125 0.0830078125
1 0.9453125 0.6884765625 0.078125 0.0859375
1 0.1806640625 0.5615234375 0.0263671875 0.0419921875
1 0.15625 0.6962890625 0.037109375 0.064453125
1 0.0654296875 0.4775390625 0.0341796875 0.033203125
1 0.595703125 0.400390625 0.0107421875 0.021484375
0 0.939453125 0.5263671875 0.09375 0.078125
0 0.4794921875 0.3583984375 0.0341796875 0.0390625
1 0.509765625 0.4619140625 0.0205078125 0.033203125
0 0.2568359375 0.404296875 0.048828125 0.0419921875
1 0.587890625 0.3974609375 0.009765625 0.0205078125
1 0.0205078125 0.6396484375 0.0185546875 0.0517578125
0 0.1611328125 0.4541015625 0.056640625 0.044921875
1 0.216796875 0.41796875 0.03125 0.033203125
1 0.892578125 0.5869140625 0.044921875 0.0576171875
1 0.193359375 0.421875 0.0234375 0.0283203125
1 0.7265625 0.7998046875 0.0439453125 0.0810546875
1 0.4208984375 0.392578125 0.017578125 0.03125
1 0.357421875 0.4462890625 0.0234375 0.029296875
1 0.3564453125 0.361328125 0.03125 0.0283203125
1 0.431640625 0.490234375 0.0185546875 0.0390625
1 0.6123046875 0.5146484375 0.021484375 0.060546875
0 0.185546875 0.32421875 0.052734375 0.0234375
1 0.892578125 0.3876953125 0.0205078125 0.03125
0 0.240234375 0.330078125 0.0419921875 0.025390625
1 0.2822265625 0.36328125 0.017578125 0.0205078125
1 0.455078125 0.498046875 0.0205078125 0.0439453125
1 0.107421875 0.4921875 0.029296875 0.03125
1 0.1494140625 0.392578125 0.0205078125 0.021484375
0 0.54296875 0.333984375 0.0361328125 0.0283203125
1 0.6328125 0.4609375 0.0341796875 0.037109375
1 0.0234375 0.51953125 0.025390625 0.0205078125
1 0.71875 0.509765625 0.021484375 0.0341796875
1 0.791015625 0.4833984375 0.033203125 0.0263671875
0 0.3505859375 0.3212890625 0.033203125 0.017578125
1 0.6142578125 0.431640625 0.0283203125 0.0361328125
1 0.03125 0.5751953125 0.041015625 0.068359375
1 0.2060546875 0.4619140625 0.0185546875 0.029296875
1 0.841796875 0.537109375 0.0283203125 0.0341796875