0 0.32421875 0.7998046875 0.1455078125 0.1748046875
0 0.6044921875 0.5556640625 0.1064453125 0.111328125
0 0.203125 0.671875 0.1064453125 0.119140625
1 0.525390625 0.4736328125 0.021484375 0.041015625
1 0.1328125 0.6337890625 0.0341796875 0.0517578125
1 0.0986328125 0.5908203125 0.0283203125 0.0439453125
1 0.5634765625 0.390625 0.017578125 0.025390625
1 0.513671875 0.5703125 0.0263671875 0.0498046875
1 0.578125 0.435546875 0.021484375 0.033203125
0 0.318359375 0.6484375 0.0888671875 0.109375
1 0.431640625 0.470703125 0.0234375 0.0419921875
1 0.59375 0.396484375 0.0185546875 0.0263671875
1 0.822265625 0.58203125 0.0830078125 0.080078125
1 0.474609375 0.4990234375 0.0263671875 0.048828125
1 0.6904296875 0.5478515625 0.0498046875 0.0576171875
1 0.947265625 0.6884765625 0.0751953125 0.0830078125
1 0.63671875 0.47265625 0.0390625 0.0419921875
1 0.638671875 0.7265625 0.0361328125 0.0625
1 0.173828125 0.5283203125 0.029296875 0.0498046875
0 0.3271484375 0.490234375 0.0673828125 0.0595703125
1 0.5234375 0.423828125 0.0283203125 0.0439453125
1 0.115234375 0.5595703125 0.0263671875 0.037109375
1 0.4853515625 0.4697265625 0.0205078125 0.0361328125
1 0.1552734375 0.55078125 0.0263671875 0.0419921875
1 0.6787109375 0.4775390625 0.0390625 0.0390625
1 0.3984375 0.384765625 0.0126953125 0.017578125
1 0.4033203125 0.42578125 0.021484375 0.033203125
0 0.478515625 0.357421875 0.0361328125 0.037109375
0 0.240234375 0.513671875 0.0625 0.078125
1 0.5068359375 0.3671875 0.017578125 0.025390625
1 0.43359375 0.435546875 0.0205078125 0.03125
1 0.447265625 0.8251953125 0.037109375 0.1123046875
1 0.8369140625 0.8642578125 0.064453125 0.0498046875
1 0.4443359375 0.3671875 0.0107421875 0.0185546875
0 0.3203125 0.5478515625 0.072265625 0.080078125
1 0.4609375 0.4267578125 0.015625 0.0341796875
1 0.0615234375 0.478515625 0.033203125 0.0390625
0 0.2548828125 0.396484375 0.0498046875 0.0576171875
1 0.037109375 0.5927734375 0.048828125 0.0732421875
1 0.904296875 0.53515625 0.0341796875 0.044921875
1 0.08203125 0.7314453125 0.033203125 0.0595703125
1 0.4208984375 0.615234375 0.0546875 0.060546875
1 0.4345703125 0.39453125 0.0126953125 0.0234375
1 0.1796875 0.4931640625 0.0283203125 0.0361328125
0 0.5048828125 0.337890625 0.025390625 0.021484375
1 0.056640625 0.8642578125 0.048828125 0.052734375
0 0.5322265625 0.3515625 0.029296875 0.0341796875
1 0.931640625 0.6103515625 0.048828125 0.0419921875
1 0.9091796875 0.853515625 0.0595703125 0.072265625
1 0.431640625 0.361328125 0.0107421875 0.021484375
1 0.146484375 0.4921875 0.048828125 0.052734375
1 0.966796875 0.5234375 0.041015625 0.03125
1 0.1064453125 0.486328125 0.03125 0.0361328125
1 0.4609375 0.443359375 0.083984375 0.125
0 0.1982421875 0.4111328125 0.0595703125 0.046875
1 0.353515625 0.3935546875 0.015625 0.03125
1 0.892578125 0.580078125 0.041015625 0.0546875
1 0.8408203125 0.5419921875 0.025390625 0.037109375
1 0.6181640625 0.4326171875 0.0419921875 0.041015625
1 0.2060546875 0.46484375 0.021484375 0.0419921875