0 0.3203125 0.798828125 0.146484375 0.177734375
0 0.193359375 0.69921875 0.109375 0.123046875
1 0.111328125 0.5478515625 0.0234375 0.0390625
0 0.240234375 0.5078125 0.0625 0.068359375
1 0.7236328125 0.5341796875 0.052734375 0.0498046875
1 0.431640625 0.4951171875 0.0234375 0.041015625
1 0.51953125 0.6708984375 0.033203125 0.0576171875
1 0.822265625 0.5771484375 0.0859375 0.080078125
0 0.2255859375 0.576171875 0.080078125 0.0888671875
0 0.3173828125 0.6494140625 0.0908203125 0.111328125
0 0.41796875 0.3984375 0.0419921875 0.0439453125
1 0.0478515625 0.595703125 0.0361328125 0.056640625
1 0.1650390625 0.560546875 0.0263671875 0.046875
0 0.505859375 0.3486328125 0.033203125 0.041015625
0 0.3212890625 0.546875 0.0703125 0.0810546875
1 0.3818359375 0.4951171875 0.0205078125 0.041015625
1 0.7958984375 0.494140625 0.0263671875 0.0283203125
1 0.3994140625 0.4248046875 0.013671875 0.025390625
1 0.083984375 0.78125 0.046875 0.0595703125
1 0.0693359375 0.4794921875 0.0390625 0.037109375
1 0.896484375 0.548828125 0.0419921875 0.0439453125
0 0.478515625 0.359375 0.033203125 0.037109375
1 0.1201171875 0.673828125 0.041015625 0.0732421875
1 0.9462890625 0.6845703125 0.076171875 0.09375
0 0.251953125 0.3955078125 0.0517578125 0.056640625
1 0.560546875 0.3916015625 0.015625 0.0205078125
1 0.740234375 0.482421875 0.0234375 0.03125
1 0.634765625 0.4453125 0.044921875 0.037109375
1 0.1767578125 0.4716796875 0.025390625 0.041015625
1 0.5869140625 0.39453125 0.0107421875 0.0205078125
1 0.9716796875 0.521484375 0.03125 0.025390625
1 0.6767578125 0.5361328125 0.025390625 0.037109375
1 0.0244140625 0.564453125 0.0234375 0.0498046875
1 0.1083984375 0.6123046875 0.0263671875 0.052734375
1 0.6240234375 0.630859375 0.0390625 0.0732421875
0 0.5322265625 0.34375 0.0263671875 0.025390625
0 0.3896484375 0.36328125 0.0361328125 0.029296875
1 0.9501953125 0.5205078125 0.021484375 0.0185546875
1 0.1806640625 0.517578125 0.0234375 0.046875
1 0.1474609375 0.474609375 0.0263671875 0.0390625
1 0.353515625 0.3603515625 0.017578125 0.0234375
1 0.021484375 0.4765625 0.021484375 0.03125
1 0.9287109375 0.6103515625 0.0673828125 0.0517578125
1 0.173828125 0.419921875 0.021484375 0.025390625
1 0.751953125 0.8173828125 0.0419921875 0.068359375
1 0.6630859375 0.501953125 0.0205078125 0.0390625
1 0.1220703125 0.4208984375 0.025390625 0.029296875
1 0.216796875 0.4130859375 0.03125 0.033203125
1 0.5625 0.3701171875 0.0283203125 0.03125
1 0.2333984375 0.3583984375 0.0234375 0.0234375
1 0.171875 0.783203125 0.0283203125 0.0498046875
1 0.4267578125 0.3662109375 0.0185546875 0.0263671875
1 0.93359375 0.869140625 0.0576171875 0.0439453125
1 0.9716796875 0.630859375 0.03125 0.064453125
1 0.0751953125 0.404296875 0.025390625 0.0263671875
1 0.1474609375 0.41796875 0.0263671875 0.033203125
1 0.90625 0.509765625 0.0283203125 0.0341796875
1 0.203125 0.462890625 0.0283203125 0.0419921875
1 0.837890625 0.5390625 0.025390625 0.037109375
1 0.2109375 0.3564453125 0.0185546875 0.021484375
1 0.84765625 0.5068359375 0.0576171875 0.044921875