0 0.193359375 0.7509765625 0.125 0.1640625
0 0.513671875 0.4365234375 0.052734375 0.0517578125
1 0.6328125 0.529296875 0.03125 0.0498046875
1 0.673828125 0.6357421875 0.0439453125 0.0595703125
1 0.626953125 0.5703125 0.0263671875 0.052734375
0 0.337890625 0.7265625 0.0986328125 0.119140625
1 0.1083984375 0.6953125 0.048828125 0.072265625
0 0.486328125 0.3623046875 0.044921875 0.0341796875
0 0.537109375 0.349609375 0.041015625 0.037109375
1 0.5849609375 0.5390625 0.029296875 0.0595703125
1 0.408203125 0.6171875 0.041015625 0.072265625
1 0.556640625 0.5908203125 0.033203125 0.056640625
1 0.4990234375 0.478515625 0.0234375 0.044921875
1 0.5634765625 0.47265625 0.0234375 0.044921875
1 0.412109375 0.8056640625 0.048828125 0.064453125
1 0.421875 0.4306640625 0.0185546875 0.033203125
1 0.30859375 0.849609375 0.044921875 0.0625
1 0.435546875 0.466796875 0.0234375 0.0419921875
1 0.8359375 0.58203125 0.052734375 0.060546875
1 0.4560546875 0.779296875 0.037109375 0.0625
1 0.6748046875 0.5546875 0.025390625 0.046875
1 0.7197265625 0.7138671875 0.0517578125 0.068359375
1 0.068359375 0.53125 0.03125 0.056640625
1 0.46875 0.4365234375 0.0185546875 0.029296875
1 0.4150390625 0.392578125 0.017578125 0.025390625
1 0.759765625 0.6474609375 0.0341796875 0.0517578125
0 0.509765625 0.333984375 0.03125 0.029296875
1 0.400390625 0.41015625 0.0341796875 0.0390625
1 0.5947265625 0.4931640625 0.017578125 0.0361328125
1 0.455078125 0.37109375 0.021484375 0.033203125
1 0.4228515625 0.7333984375 0.0419921875 0.0517578125
1 0.5771484375 0.4306640625 0.0205078125 0.033203125
1 0.666015625 0.7734375 0.0419921875 0.052734375
0 0.18359375 0.419921875 0.091796875 0.048828125
1 0.4697265625 0.4619140625 0.0205078125 0.033203125
1 0.6474609375 0.4814453125 0.0205078125 0.037109375
1 0.0625 0.48046875 0.03125 0.0419921875
1 0.248046875 0.3623046875 0.0205078125 0.021484375
1 0.634765625 0.4521484375 0.0205078125 0.029296875
1 0.5595703125 0.541015625 0.021484375 0.041015625
1 0.021484375 0.56640625 0.021484375 0.0546875
1 0.556640625 0.435546875 0.017578125 0.03125
1 0.9736328125 0.5927734375 0.03125 0.0390625
1 0.03125 0.7060546875 0.037109375 0.0654296875
1 0.564453125 0.37890625 0.0205078125 0.0234375
1 0.6220703125 0.4892578125 0.025390625 0.041015625
1 0.5791015625 0.50390625 0.0205078125 0.029296875
1 0.8408203125 0.658203125 0.072265625 0.052734375
1 0.02734375 0.7763671875 0.033203125 0.0625
1 0.654296875 0.7255859375 0.029296875 0.0419921875
1 0.5380859375 0.4033203125 0.0107421875 0.021484375
1 0.900390625 0.6982421875 0.0517578125 0.1220703125
1 0.0927734375 0.408203125 0.013671875 0.0234375
1 0.166015625 0.3623046875 0.015625 0.0126953125
1 0.375 0.392578125 0.021484375 0.0283203125
1 0.39453125 0.376953125 0.013671875 0.013671875
1 0.587890625 0.375 0.0185546875 0.0185546875
1 0.396484375 0.359375 0.015625 0.021484375
0 0.1953125 0.3251953125 0.046875 0.025390625
1 0.330078125 0.359375 0.013671875 0.0185546875
1 0.6142578125 0.5234375 0.1220703125 0.197265625
1 0.22265625 0.359375 0.017578125 0.021484375
1 0.681640625 0.4404296875 0.0185546875 0.0283203125
0 0.1943359375 0.875 0.095703125 0.0283203125
1 0.5615234375 0.833984375 0.0703125 0.107421875
1 0.423828125 0.6904296875 0.037109375 0.056640625
1 0.216796875 0.453125 0.015625 0.03125