0 0.3203125 0.798828125 0.150390625 0.1767578125
0 0.638671875 0.6474609375 0.1123046875 0.1513671875
1 0.396484375 0.5146484375 0.0234375 0.0419921875
1 0.08203125 0.744140625 0.0419921875 0.056640625
1 0.5634765625 0.3916015625 0.017578125 0.0263671875
0 0.5 0.513671875 0.083984375 0.099609375
1 0.5625 0.5107421875 0.0283203125 0.046875
0 0.3154296875 0.6494140625 0.09375 0.111328125
1 0.3828125 0.3857421875 0.025390625 0.03125
0 0.240234375 0.509765625 0.0625 0.076171875
1 0.8232421875 0.580078125 0.0908203125 0.0908203125
1 0.693359375 0.5478515625 0.0498046875 0.0576171875
1 0.5673828125 0.451171875 0.025390625 0.0361328125
0 0.5087890625 0.3505859375 0.0361328125 0.044921875
1 0.185546875 0.607421875 0.03125 0.0576171875
1 0.439453125 0.498046875 0.0205078125 0.0390625
1 0.4208984375 0.416015625 0.017578125 0.033203125
1 0.892578125 0.654296875 0.078125 0.0732421875
1 0.21484375 0.5849609375 0.033203125 0.0517578125
1 0.1220703125 0.541015625 0.0283203125 0.0517578125
1 0.6220703125 0.544921875 0.025390625 0.044921875
1 0.587890625 0.3974609375 0.0126953125 0.0234375
1 0.064453125 0.4775390625 0.033203125 0.033203125
0 0.328125 0.490234375 0.0654296875 0.0595703125
1 0.353515625 0.443359375 0.021484375 0.029296875
1 0.189453125 0.5244140625 0.0205078125 0.029296875
1 0.712890625 0.515625 0.033203125 0.037109375
1 0.521484375 0.4765625 0.0234375 0.03125
0 0.3212890625 0.5498046875 0.0732421875 0.083984375
1 0.958984375 0.6962890625 0.0595703125 0.0732421875
0 0.193359375 0.326171875 0.0498046875 0.0234375
1 0.650390625 0.4658203125 0.029296875 0.0341796875
1 0.6728515625 0.5888671875 0.0263671875 0.0498046875
0 0.4794921875 0.3583984375 0.0341796875 0.0390625
1 0.4609375 0.4189453125 0.0126953125 0.0341796875
0 0.255859375 0.404296875 0.046875 0.041015625
1 0.021484375 0.642578125 0.0205078125 0.048828125
1 0.16796875 0.7119140625 0.0517578125 0.076171875
0 0.44140625 0.3984375 0.0390625 0.0498046875
1 0.1923828125 0.4208984375 0.025390625 0.029296875
1 0.4521484375 0.4384765625 0.017578125 0.0234375
0 0.939453125 0.525390625 0.09375 0.076171875
1 0.353515625 0.3955078125 0.017578125 0.03125
0 0.244140625 0.333984375 0.0439453125 0.029296875
1 0.216796875 0.41796875 0.03125 0.033203125
1 0.8935546875 0.587890625 0.046875 0.0595703125
1 0.892578125 0.3876953125 0.0205078125 0.03125
0 0.162109375 0.451171875 0.046875 0.0419921875
1 0.75 0.8408203125 0.0498046875 0.0908203125
1 0.283203125 0.3623046875 0.017578125 0.021484375
1 0.8935546875 0.525390625 0.03125 0.046875
1 0.357421875 0.3623046875 0.0234375 0.025390625
1 0.4208984375 0.3642578125 0.0205078125 0.021484375
1 0.1494140625 0.392578125 0.0205078125 0.021484375
1 0.8427734375 0.5390625 0.033203125 0.037109375
0 0.54296875 0.3359375 0.0361328125 0.0283203125
1 0.3955078125 0.357421875 0.0341796875 0.0263671875
0 0.3671875 0.3251953125 0.052734375 0.021484375
1 0.603515625 0.416015625 0.015625 0.037109375
1 0.021484375 0.51953125 0.021484375 0.0205078125
1 0.033203125 0.57421875 0.041015625 0.0673828125
1 0.1884765625 0.5361328125 0.0576171875 0.1376953125
1 0.474609375 0.453125 0.0126953125 0.015625
1 0.580078125 0.404296875 0.0576171875 0.091796875
1 0.6796875 0.4384765625 0.0185546875 0.0361328125
1 0.20703125 0.4609375 0.017578125 0.03125
1 0.1298828125 0.5029296875 0.021484375 0.046875