0 0.193359375 0.75 0.123046875 0.162109375
0 0.5107421875 0.4248046875 0.0498046875 0.056640625
0 0.337890625 0.7255859375 0.0986328125 0.1201171875
0 0.541015625 0.3515625 0.0439453125 0.0439453125
0 0.7646484375 0.5498046875 0.158203125 0.0751953125
1 0.1455078125 0.53515625 0.0283203125 0.0361328125
1 0.306640625 0.845703125 0.044921875 0.068359375
0 0.126953125 0.400390625 0.0673828125 0.041015625
1 0.3984375 0.494140625 0.0439453125 0.046875
1 0.1904296875 0.4345703125 0.025390625 0.0283203125
1 0.076171875 0.7607421875 0.0390625 0.068359375
1 0.580078125 0.486328125 0.025390625 0.0390625
0 0.4931640625 0.359375 0.0419921875 0.037109375
1 0.2607421875 0.51171875 0.0439453125 0.048828125
1 0.18359375 0.478515625 0.0234375 0.046875
1 0.32421875 0.4853515625 0.033203125 0.033203125
1 0.1357421875 0.443359375 0.0283203125 0.0341796875
1 0.08984375 0.4150390625 0.0234375 0.0234375
1 0.505859375 0.48046875 0.0205078125 0.0361328125
1 0.548828125 0.47265625 0.0234375 0.0419921875
1 0.6162109375 0.494140625 0.0546875 0.0595703125
1 0.2578125 0.470703125 0.025390625 0.03125
1 0.525390625 0.4775390625 0.0234375 0.0390625
1 0.693359375 0.580078125 0.0361328125 0.0341796875
1 0.0595703125 0.48828125 0.021484375 0.029296875
1 0.466796875 0.4384765625 0.015625 0.0263671875
1 0.4306640625 0.685546875 0.0517578125 0.1064453125
1 0.4150390625 0.8125 0.0361328125 0.052734375
1 0.068359375 0.533203125 0.0263671875 0.033203125
1 0.203125 0.4130859375 0.025390625 0.033203125
1 0.0380859375 0.73046875 0.033203125 0.060546875
0 0.5087890625 0.3330078125 0.029296875 0.025390625
1 0.5322265625 0.384765625 0.013671875 0.03125
1 0.45703125 0.7822265625 0.044921875 0.0576171875
1 0.302734375 0.4609375 0.0283203125 0.025390625
1 0.5546875 0.443359375 0.025390625 0.0283203125
0 0.234375 0.3642578125 0.052734375 0.03125
1 0.6552734375 0.580078125 0.0419921875 0.048828125
1 0.47265625 0.529296875 0.0419921875 0.03125
0 0.490234375 0.3154296875 0.033203125 0.015625
1 0.5927734375 0.4658203125 0.017578125 0.0283203125
1 0.623046875 0.4462890625 0.0234375 0.0263671875
0 0.041015625 0.3779296875 0.048828125 0.03125
1 0.1083984375 0.484375 0.0361328125 0.0341796875
1 0.58203125 0.36328125 0.0205078125 0.0234375
1 0.85546875 0.658203125 0.0419921875 0.0498046875
0 0.9541015625 0.5810546875 0.064453125 0.052734375
1 0.5546875 0.369140625 0.0126953125 0.025390625
1 0.03125 0.580078125 0.0341796875 0.0830078125
0 0.35546875 0.3271484375 0.0390625 0.0205078125
0 0.193359375 0.875 0.0986328125 0.0283203125