0 0.193359375 0.748046875 0.123046875 0.162109375
0 0.513671875 0.421875 0.0517578125 0.0498046875
1 0.412109375 0.8076171875 0.0439453125 0.0595703125
0 0.337890625 0.7275390625 0.0986328125 0.1171875
1 0.609375 0.494140625 0.037109375 0.0517578125
0 0.486328125 0.361328125 0.0439453125 0.03125
1 0.3076171875 0.8349609375 0.0498046875 0.091796875
1 0.0673828125 0.5400390625 0.0283203125 0.048828125
0 0.5380859375 0.3544921875 0.0419921875 0.046875
1 0.521484375 0.470703125 0.0546875 0.056640625
1 0.470703125 0.4501953125 0.029296875 0.046875
1 0.6484375 0.5166015625 0.0283203125 0.0576171875
1 0.5791015625 0.4892578125 0.029296875 0.046875
1 0.07421875 0.7509765625 0.0517578125 0.0888671875
0 0.1064453125 0.3955078125 0.0625 0.0341796875
0 0.3271484375 0.478515625 0.1044921875 0.0673828125
1 0.5654296875 0.3779296875 0.0283203125 0.0341796875
0 0.509765625 0.333984375 0.03125 0.029296875
1 0.458984375 0.783203125 0.037109375 0.056640625
1 0.205078125 0.4453125 0.021484375 0.03125
1 0.5654296875 0.4345703125 0.0185546875 0.0283203125
1 0.138671875 0.4169921875 0.0263671875 0.0283203125
1 0.5537109375 0.4697265625 0.0234375 0.0419921875
1 0.5107421875 0.5439453125 0.087890625 0.072265625
1 0.552734375 0.416015625 0.0234375 0.029296875
1 0.583984375 0.3779296875 0.0185546875 0.03125
1 0.107421875 0.4189453125 0.033203125 0.0283203125
1 0.8466796875 0.6416015625 0.037109375 0.0703125
1 0.068359375 0.478515625 0.0361328125 0.033203125
1 0.439453125 0.3623046875 0.0205078125 0.025390625
1 0.4267578125 0.6748046875 0.041015625 0.046875
1 0.541015625 0.5068359375 0.0185546875 0.029296875
1 0.1650390625 0.365234375 0.013671875 0.015625
1 0.1796875 0.42578125 0.021484375 0.0234375
1 0.419921875 0.740234375 0.046875 0.056640625
1 0.638671875 0.4423828125 0.046875 0.0341796875
1 0.1767578125 0.3310546875 0.015625 0.0185546875
1 0.646484375 0.470703125 0.0205078125 0.0341796875
1 0.0234375 0.380859375 0.025390625 0.0283203125
1 0.513671875 0.505859375 0.0283203125 0.0263671875
1 0.5869140625 0.4521484375 0.0205078125 0.029296875
0 0.23046875 0.3671875 0.060546875 0.037109375
1 0.1953125 0.326171875 0.0185546875 0.021484375
1 0.455078125 0.7177734375 0.0185546875 0.0234375
0 0.1923828125 0.8759765625 0.099609375 0.029296875
1 0.466796875 0.421875 0.017578125 0.025390625
1 0.0380859375 0.716796875 0.0361328125 0.056640625
0 0.3203125 0.3486328125 0.099609375 0.0810546875
1 0.5166015625 0.3720703125 0.013671875 0.0185546875
1 0.6162109375 0.455078125 0.017578125 0.021484375