0 0.3212890625 0.798828125 0.1484375 0.1767578125
0 0.138671875 0.54296875 0.0654296875 0.0732421875
0 0.2060546875 0.67578125 0.099609375 0.1171875
1 0.62109375 0.54296875 0.0361328125 0.048828125
1 0.1484375 0.611328125 0.0283203125 0.0439453125
1 0.689453125 0.58984375 0.0576171875 0.0703125
1 0.52734375 0.6083984375 0.029296875 0.0517578125
0 0.240234375 0.509765625 0.0625 0.072265625
1 0.3955078125 0.54296875 0.025390625 0.0419921875
0 0.314453125 0.64453125 0.0908203125 0.107421875
0 0.318359375 0.521484375 0.0625 0.0732421875
1 0.5732421875 0.5400390625 0.025390625 0.0419921875
1 0.37109375 0.47265625 0.0205078125 0.0361328125
0 0.2255859375 0.5791015625 0.080078125 0.0859375
0 0.7099609375 0.7861328125 0.1826171875 0.203125
1 0.8212890625 0.58203125 0.0830078125 0.0830078125
1 0.048828125 0.6337890625 0.029296875 0.048828125
1 0.0380859375 0.5908203125 0.033203125 0.056640625
1 0.9482421875 0.689453125 0.072265625 0.076171875
1 0.6025390625 0.4619140625 0.0205078125 0.0263671875
1 0.59375 0.509765625 0.025390625 0.041015625
1 0.5107421875 0.478515625 0.0185546875 0.0341796875
1 0.609375 0.61328125 0.03125 0.064453125
1 0.49609375 0.541015625 0.029296875 0.041015625
1 0.076171875 0.7275390625 0.048828125 0.0888671875
1 0.09375 0.595703125 0.03125 0.0419921875
1 0.1162109375 0.673828125 0.029296875 0.041015625
1 0.1416015625 0.7177734375 0.0419921875 0.0576171875
1 0.5517578125 0.4873046875 0.025390625 0.046875
1 0.4296875 0.4384765625 0.015625 0.029296875
1 0.732421875 0.541015625 0.0390625 0.046875
1 0.890625 0.6552734375 0.078125 0.0703125
0 0.31640625 0.462890625 0.060546875 0.0517578125
0 0.5234375 0.3876953125 0.041015625 0.052734375
0 0.4970703125 0.359375 0.0341796875 0.037109375
1 0.4970703125 0.4208984375 0.0185546875 0.033203125
1 0.5810546875 0.4677734375 0.025390625 0.0390625
1 0.6337890625 0.5849609375 0.033203125 0.060546875
1 0.564453125 0.6025390625 0.03125 0.0576171875
1 0.19140625 0.4560546875 0.0205078125 0.0341796875
1 0.169921875 0.7470703125 0.0419921875 0.0439453125
1 0.193359375 0.427734375 0.015625 0.0263671875
0 0.2197265625 0.3564453125 0.029296875 0.025390625
1 0.6318359375 0.498046875 0.0234375 0.037109375
1 0.15234375 0.3798828125 0.013671875 0.025390625
1 0.4951171875 0.390625 0.0185546875 0.03125
1 0.580078125 0.4375 0.017578125 0.03125
1 0.1728515625 0.388671875 0.017578125 0.0234375
1 0.189453125 0.4873046875 0.0205078125 0.0341796875
1 0.0703125 0.4794921875 0.046875 0.041015625
1 0.552734375 0.4462890625 0.0205078125 0.029296875
0 0.21484375 0.404296875 0.0361328125 0.037109375
1 0.240234375 0.642578125 0.0263671875 0.044921875
0 0.9541015625 0.578125 0.0673828125 0.0625
1 0.525390625 0.43359375 0.041015625 0.048828125
1 0.4794921875 0.400390625 0.021484375 0.0390625
1 0.8994140625 0.5390625 0.033203125 0.041015625
1 0.5859375 0.55859375 0.1533203125 0.1669921875
0 0.30078125 0.412109375 0.060546875 0.0703125
1 0.455078125 0.416015625 0.015625 0.0390625
0 0.19921875 0.3505859375 0.0234375 0.0234375
1 0.6416015625 0.4404296875 0.0234375 0.0283203125
1 0.57421875 0.419921875 0.0703125 0.1142578125
1 0.4619140625 0.357421875 0.0263671875 0.0341796875
1 0.5263671875 0.5732421875 0.015625 0.0283203125
1 0.9599609375 0.630859375 0.0263671875 0.0390625
1 0.0244140625 0.373046875 0.013671875 0.021484375
1 0.818359375 0.53515625 0.021484375 0.0390625
1 0.1083984375 0.478515625 0.0390625 0.0419921875