0 0.3701171875 0.7216796875 0.103515625 0.134765625
1 0.556640625 0.6279296875 0.037109375 0.0625
0 0.642578125 0.72265625 0.1435546875 0.154296875
0 0.154296875 0.5439453125 0.0595703125 0.072265625
1 0.69140625 0.544921875 0.044921875 0.0517578125
1 0.65625 0.607421875 0.0439453125 0.0576171875
1 0.818359375 0.5791015625 0.078125 0.0859375
1 0.775390625 0.7265625 0.0498046875 0.0654296875
1 0.5205078125 0.671875 0.0341796875 0.0625
1 0.5927734375 0.43359375 0.0234375 0.033203125
1 0.564453125 0.4560546875 0.0205078125 0.037109375
0 0.615234375 0.501953125 0.072265625 0.0966796875
1 0.498046875 0.4658203125 0.03125 0.046875
0 0.5068359375 0.533203125 0.076171875 0.0888671875
1 0.9423828125 0.685546875 0.083984375 0.0888671875
1 0.275390625 0.517578125 0.0205078125 0.0361328125
1 0.728515625 0.5380859375 0.0439453125 0.0517578125
1 0.48828125 0.439453125 0.017578125 0.0283203125
0 0.220703125 0.642578125 0.1484375 0.1669921875
0 0.4423828125 0.423828125 0.0439453125 0.052734375
0 0.3486328125 0.4755859375 0.0810546875 0.107421875
0 0.2958984375 0.4443359375 0.048828125 0.044921875
0 0.1875 0.4638671875 0.0498046875 0.046875
1 0.173828125 0.595703125 0.03125 0.0498046875
1 0.9326171875 0.529296875 0.041015625 0.033203125
1 0.8759765625 0.6611328125 0.0732421875 0.072265625
1 0.5654296875 0.4228515625 0.0185546875 0.033203125
0 0.2666015625 0.416015625 0.044921875 0.0341796875
0 0.5361328125 0.45703125 0.056640625 0.0703125
1 0.6396484375 0.8720703125 0.0263671875 0.037109375
1 0.1005859375 0.70703125 0.0263671875 0.0419921875
1 0.1416015625 0.4404296875 0.017578125 0.025390625
1 0.548828125 0.4052734375 0.017578125 0.029296875
1 0.662109375 0.826171875 0.0283203125 0.0419921875
1 0.931640625 0.611328125 0.044921875 0.041015625
1 0.4736328125 0.3984375 0.0185546875 0.0283203125
1 0.5712890625 0.7958984375 0.044921875 0.0732421875
1 0.923828125 0.86328125 0.064453125 0.0517578125
1 0.0810546875 0.3427734375 0.0126953125 0.017578125
1 0.064453125 0.478515625 0.0361328125 0.0390625
0 0.43359375 0.470703125 0.0732421875 0.0673828125
1 0.0263671875 0.5693359375 0.0283203125 0.060546875
1 0.494140625 0.373046875 0.0205078125 0.03125
1 0.216796875 0.509765625 0.025390625 0.0263671875
1 0.03125 0.478515625 0.041015625 0.0439453125
1 0.8935546875 0.5859375 0.041015625 0.0595703125
0 0.3515625 0.3212890625 0.03125 0.017578125
0 0.9560546875 0.576171875 0.0625 0.0546875
0 0.1875 0.3994140625 0.037109375 0.033203125
1 0.6826171875 0.51171875 0.021484375 0.029296875
0 0.20703125 0.744140625 0.0419921875 0.0439453125
0 0.2275390625 0.3525390625 0.0234375 0.0205078125
1 0.9716796875 0.638671875 0.025390625 0.0517578125
1 0.5810546875 0.3798828125 0.0185546875 0.0341796875
1 0.5107421875 0.349609375 0.025390625 0.0341796875
1 0.171875 0.751953125 0.0439453125 0.056640625
0 0.423828125 0.212890625 0.029296875 0.013671875
1 0.107421875 0.486328125 0.0341796875 0.03125
1 0.537109375 0.38671875 0.0205078125 0.033203125
1 0.474609375 0.3583984375 0.017578125 0.029296875
1 0.9580078125 0.7626953125 0.025390625 0.0439453125
1 0.1650390625 0.4228515625 0.017578125 0.0205078125