0 0.3193359375 0.798828125 0.1455078125 0.1767578125
0 0.1943359375 0.693359375 0.107421875 0.1201171875
1 0.166015625 0.5478515625 0.0263671875 0.044921875
0 0.240234375 0.505859375 0.0625 0.0654296875
1 0.6904296875 0.5478515625 0.046875 0.0517578125
0 0.224609375 0.576171875 0.078125 0.0888671875
1 0.8212890625 0.576171875 0.0859375 0.0830078125
0 0.3173828125 0.650390625 0.0908203125 0.109375
0 0.474609375 0.4599609375 0.076171875 0.0703125
1 0.09765625 0.720703125 0.044921875 0.083984375
0 0.505859375 0.349609375 0.0341796875 0.0419921875
1 0.11328125 0.572265625 0.029296875 0.0576171875
1 0.4091796875 0.4404296875 0.0185546875 0.03125
0 0.3212890625 0.5458984375 0.0703125 0.080078125
1 0.044921875 0.5810546875 0.03125 0.0595703125
1 0.5625 0.390625 0.0185546875 0.025390625
1 0.681640625 0.71484375 0.046875 0.064453125
1 0.896484375 0.5498046875 0.0419921875 0.046875
1 0.9453125 0.681640625 0.078125 0.0986328125
0 0.328125 0.490234375 0.068359375 0.0595703125
1 0.068359375 0.478515625 0.041015625 0.0361328125
0 0.478515625 0.3583984375 0.033203125 0.0390625
1 0.1826171875 0.513671875 0.021484375 0.033203125
1 0.1484375 0.4716796875 0.021484375 0.03125
1 0.5322265625 0.67578125 0.0361328125 0.0517578125
1 0.1748046875 0.466796875 0.025390625 0.0361328125
1 0.1337890625 0.6455078125 0.0361328125 0.0625
1 0.3759765625 0.478515625 0.0205078125 0.037109375
1 0.171875 0.4228515625 0.021484375 0.0263671875
1 0.623046875 0.4404296875 0.021484375 0.03125
1 0.189453125 0.48046875 0.017578125 0.0263671875
1 0.587890625 0.396484375 0.0107421875 0.0205078125
0 0.5322265625 0.3427734375 0.0263671875 0.0263671875
1 0.021484375 0.4755859375 0.021484375 0.029296875
1 0.927734375 0.61328125 0.072265625 0.0546875
1 0.1162109375 0.5302734375 0.0234375 0.033203125
1 0.1953125 0.4228515625 0.021484375 0.0263671875
0 0.2392578125 0.39453125 0.0654296875 0.0546875
1 0.443359375 0.408203125 0.015625 0.029296875
1 0.4140625 0.4736328125 0.0185546875 0.052734375
0 0.41796875 0.3837890625 0.044921875 0.0361328125
1 0.1494140625 0.419921875 0.0234375 0.0341796875
1 0.4150390625 0.412109375 0.013671875 0.025390625
1 0.0224609375 0.5595703125 0.0205078125 0.0439453125
1 0.2841796875 0.529296875 0.0185546875 0.021484375
1 0.4716796875 0.4814453125 0.015625 0.025390625
1 0.37890625 0.3544921875 0.0234375 0.0283203125
1 0.78515625 0.498046875 0.029296875 0.025390625
1 0.154296875 0.525390625 0.0986328125 0.150390625
1 0.4560546875 0.50390625 0.021484375 0.0419921875