0 0.193359375 0.7470703125 0.123046875 0.162109375
0 0.5126953125 0.423828125 0.0595703125 0.052734375
0 0.3388671875 0.728515625 0.103515625 0.1220703125
1 0.6201171875 0.486328125 0.037109375 0.037109375
1 0.4853515625 0.455078125 0.0263671875 0.0341796875
0 0.6591796875 0.5302734375 0.1533203125 0.0673828125
1 0.2392578125 0.4599609375 0.0283203125 0.0361328125
1 0.166015625 0.4951171875 0.0263671875 0.041015625
1 0.54296875 0.470703125 0.0390625 0.0439453125
1 0.111328125 0.4873046875 0.0390625 0.037109375
0 0.5400390625 0.345703125 0.0390625 0.0263671875
1 0.580078125 0.486328125 0.0263671875 0.037109375
1 0.330078125 0.5234375 0.048828125 0.052734375
0 0.4091796875 0.4970703125 0.115234375 0.068359375
0 0.5087890625 0.333984375 0.033203125 0.029296875
1 0.078125 0.75 0.068359375 0.099609375
1 0.7099609375 0.5751953125 0.0419921875 0.046875
1 0.529296875 0.3720703125 0.0185546875 0.025390625
1 0.3828125 0.5478515625 0.052734375 0.048828125
1 0.55078125 0.384765625 0.013671875 0.0263671875
0 0.4912109375 0.361328125 0.0390625 0.033203125
1 0.79296875 0.5947265625 0.1044921875 0.076171875
1 0.09765625 0.6171875 0.033203125 0.056640625
1 0.3076171875 0.8330078125 0.046875 0.0966796875
1 0.4619140625 0.3662109375 0.0205078125 0.0263671875
1 0.2060546875 0.427734375 0.021484375 0.0263671875
1 0.466796875 0.7880859375 0.0283203125 0.0546875
1 0.47265625 0.5556640625 0.029296875 0.048828125
1 0.0595703125 0.48046875 0.021484375 0.0361328125
1 0.978515625 0.56640625 0.0185546875 0.0361328125
1 0.328125 0.451171875 0.021484375 0.025390625
1 0.1630859375 0.466796875 0.0205078125 0.025390625
1 0.126953125 0.419921875 0.013671875 0.021484375
1 0.154296875 0.4375 0.0205078125 0.0283203125
1 0.3681640625 0.357421875 0.0205078125 0.025390625
1 0.951171875 0.6337890625 0.0673828125 0.048828125
1 0.42578125 0.7099609375 0.0419921875 0.0546875
1 0.626953125 0.5849609375 0.056640625 0.0517578125
1 0.3974609375 0.462890625 0.017578125 0.015625
1 0.6767578125 0.564453125 0.041015625 0.037109375
1 0.943359375 0.5146484375 0.025390625 0.029296875
1 0.0234375 0.478515625 0.0283203125 0.0341796875
1 0.5654296875 0.3671875 0.015625 0.0283203125
1 0.0400390625 0.55859375 0.017578125 0.033203125
1 0.7900390625 0.556640625 0.029296875 0.046875
1 0.50390625 0.5380859375 0.0234375 0.029296875
1 0.177734375 0.326171875 0.025390625 0.0234375
1 0.521484375 0.6171875 0.037109375 0.068359375
1 0.5283203125 0.55078125 0.025390625 0.0390625
1 0.220703125 0.41015625 0.013671875 0.0234375
1 0.466796875 0.345703125 0.015625 0.0185546875
1 0.431640625 0.6484375 0.046875 0.068359375
1 0.599609375 0.5458984375 0.0283203125 0.033203125
1 0.5537109375 0.4384765625 0.017578125 0.0234375
0 0.240234375 0.3720703125 0.0625 0.041015625
1 0.3828125 0.32421875 0.0185546875 0.0205078125
1 0.8984375 0.5556640625 0.0498046875 0.033203125
0 0.1865234375 0.875 0.107421875 0.03125
0 0.3515625 0.3212890625 0.0283203125 0.0205078125
1 0.052734375 0.6865234375 0.037109375 0.0576171875
1 0.029296875 0.595703125 0.033203125 0.078125
1 0.330078125 0.357421875 0.0126953125 0.021484375
0 0.478515625 0.78125 0.109375 0.208984375