0 0.3203125 0.7998046875 0.150390625 0.1748046875
1 0.158203125 0.6005859375 0.033203125 0.048828125
0 0.1884765625 0.740234375 0.123046875 0.1611328125
1 0.380859375 0.5458984375 0.0234375 0.0419921875
1 0.5048828125 0.537109375 0.0341796875 0.037109375
0 0.31640625 0.6494140625 0.0888671875 0.107421875
0 0.240234375 0.509765625 0.0625 0.068359375
1 0.7880859375 0.7939453125 0.0673828125 0.1279296875
1 0.5859375 0.4501953125 0.025390625 0.03125
1 0.8212890625 0.583984375 0.0830078125 0.083984375
1 0.689453125 0.5498046875 0.046875 0.0498046875
0 0.2255859375 0.5771484375 0.080078125 0.0859375
1 0.9453125 0.685546875 0.0810546875 0.087890625
1 0.5625 0.392578125 0.015625 0.025390625
0 0.3271484375 0.490234375 0.0673828125 0.0595703125
0 0.505859375 0.345703125 0.03125 0.033203125
1 0.048828125 0.5859375 0.03125 0.0498046875
0 0.3212890625 0.5498046875 0.0703125 0.078125
1 0.1708984375 0.556640625 0.0205078125 0.033203125
1 0.650390625 0.46484375 0.0341796875 0.0390625
1 0.775390625 0.4873046875 0.021484375 0.0283203125
1 0.658203125 0.642578125 0.033203125 0.0625
1 0.087890625 0.671875 0.03125 0.0498046875
1 0.505859375 0.623046875 0.052734375 0.0595703125
0 0.4794921875 0.357421875 0.03125 0.03125
1 0.5419921875 0.4462890625 0.03125 0.0361328125
1 0.6787109375 0.4453125 0.0205078125 0.025390625
1 0.4326171875 0.4404296875 0.021484375 0.0341796875
1 0.154296875 0.501953125 0.021484375 0.033203125
1 0.099609375 0.595703125 0.025390625 0.0390625
1 0.060546875 0.48046875 0.0283203125 0.0361328125
1 0.908203125 0.5234375 0.044921875 0.0439453125
0 0.2548828125 0.396484375 0.052734375 0.0595703125
1 0.134765625 0.4775390625 0.0263671875 0.044921875
1 0.5927734375 0.3984375 0.017578125 0.025390625
1 0.09375 0.4794921875 0.03125 0.0283203125
1 0.3955078125 0.4306640625 0.021484375 0.0361328125
1 0.8935546875 0.5849609375 0.046875 0.060546875
0 0.5283203125 0.3271484375 0.0341796875 0.0234375
1 0.3974609375 0.3916015625 0.017578125 0.0234375
1 0.61328125 0.859375 0.048828125 0.0595703125
1 0.0283203125 0.5615234375 0.03125 0.044921875
1 0.109375 0.419921875 0.0185546875 0.0234375
1 0.9599609375 0.5205078125 0.033203125 0.0283203125
1 0.216796875 0.4150390625 0.029296875 0.033203125
1 0.0810546875 0.765625 0.052734375 0.09375
1 0.1484375 0.421875 0.0283203125 0.03125
1 0.7529296875 0.47265625 0.0185546875 0.0361328125
1 0.17578125 0.48046875 0.0234375 0.0361328125
1 0.1923828125 0.490234375 0.0185546875 0.0341796875
1 0.462890625 0.4365234375 0.0205078125 0.033203125
1 0.8408203125 0.5419921875 0.03125 0.041015625
1 0.0380859375 0.86328125 0.033203125 0.0546875
1 0.8603515625 0.498046875 0.029296875 0.0361328125
0 0.494140625 0.318359375 0.0341796875 0.0205078125
1 0.205078125 0.462890625 0.025390625 0.037109375
1 0.9658203125 0.599609375 0.037109375 0.048828125
1 0.22265625 0.392578125 0.017578125 0.025390625
1 0.7744140625 0.6865234375 0.0419921875 0.0859375
1 0.357421875 0.3994140625 0.0107421875 0.017578125
1 0.416015625 0.3603515625 0.03125 0.0234375
0 0.4326171875 0.38671875 0.0341796875 0.0263671875
1 0.4619140625 0.33984375 0.0205078125 0.0234375
1 0.7158203125 0.5224609375 0.0283203125 0.0419921875
1 0.9306640625 0.876953125 0.029296875 0.0263671875
1 0.193359375 0.4267578125 0.015625 0.021484375
1 0.8662109375 0.423828125 0.0234375 0.021484375