0 0.193359375 0.7490234375 0.125 0.1640625
0 0.3388671875 0.7265625 0.099609375 0.119140625
0 0.509765625 0.416015625 0.044921875 0.041015625
1 0.068359375 0.533203125 0.029296875 0.046875
0 0.3759765625 0.46875 0.1044921875 0.0625
0 0.4912109375 0.357421875 0.0390625 0.0361328125
1 0.6357421875 0.505859375 0.025390625 0.0439453125
1 0.5224609375 0.5595703125 0.033203125 0.041015625
1 0.14453125 0.5107421875 0.0234375 0.041015625
1 0.3076171875 0.8330078125 0.046875 0.0908203125
1 0.333984375 0.5068359375 0.0419921875 0.0390625
0 0.5390625 0.345703125 0.041015625 0.033203125
1 0.630859375 0.5908203125 0.025390625 0.0341796875
1 0.408203125 0.8056640625 0.0498046875 0.0732421875
1 0.466796875 0.38671875 0.0185546875 0.0234375
1 0.6611328125 0.603515625 0.03125 0.0361328125
1 0.0771484375 0.751953125 0.044921875 0.0810546875
1 0.720703125 0.572265625 0.033203125 0.0361328125
1 0.4111328125 0.5146484375 0.0283203125 0.0390625
1 0.4775390625 0.40234375 0.013671875 0.0234375
1 0.5791015625 0.390625 0.013671875 0.0283203125
1 0.455078125 0.783203125 0.0419921875 0.0703125
1 0.5009765625 0.486328125 0.033203125 0.037109375
1 0.5830078125 0.5146484375 0.037109375 0.0419921875
1 0.2392578125 0.47265625 0.025390625 0.0390625
1 0.552734375 0.404296875 0.017578125 0.03125
1 0.1455078125 0.4423828125 0.0283203125 0.0283203125
0 0.509765625 0.3330078125 0.033203125 0.0283203125
1 0.146484375 0.4736328125 0.0263671875 0.0341796875
1 0.447265625 0.419921875 0.013671875 0.0283203125
1 0.0791015625 0.6708984375 0.0419921875 0.048828125
1 0.1220703125 0.4130859375 0.025390625 0.029296875
1 0.42578125 0.6767578125 0.0361328125 0.046875
1 0.638671875 0.474609375 0.017578125 0.0263671875
1 0.263671875 0.462890625 0.025390625 0.033203125
1 0.552734375 0.447265625 0.021484375 0.0263671875
1 0.18359375 0.4560546875 0.017578125 0.025390625
1 0.5595703125 0.470703125 0.021484375 0.0341796875
1 0.4248046875 0.73828125 0.037109375 0.0390625
1 0.49609375 0.4560546875 0.017578125 0.0283203125
1 0.6201171875 0.4619140625 0.0185546875 0.029296875
1 0.4501953125 0.662109375 0.0283203125 0.044921875
1 0.58203125 0.466796875 0.017578125 0.0263671875
0 0.228515625 0.3623046875 0.056640625 0.0283203125
0 0.8896484375 0.5673828125 0.1201171875 0.056640625
1 0.5537109375 0.3701171875 0.017578125 0.0283203125
1 0.171875 0.408203125 0.025390625 0.033203125
1 0.5234375 0.82421875 0.025390625 0.0732421875
1 0.7119140625 0.6982421875 0.060546875 0.0654296875
1 0.474609375 0.529296875 0.0361328125 0.0595703125
1 0.5556640625 0.6064453125 0.0205078125 0.0595703125
1 0.6865234375 0.568359375 0.0234375 0.048828125
1 0.177734375 0.326171875 0.0234375 0.021484375
1 0.564453125 0.4794921875 0.1591796875 0.0810546875
1 0.5908203125 0.4521484375 0.0126953125 0.0205078125
1 0.5400390625 0.5234375 0.0263671875 0.0595703125
1 0.4580078125 0.359375 0.021484375 0.021484375
0 0.185546875 0.875 0.1298828125 0.03125
1 0.9677734375 0.712890625 0.0361328125 0.0703125
1 0.3291015625 0.35546875 0.017578125 0.0263671875
1 0.357421875 0.3251953125 0.0341796875 0.021484375
1 0.0419921875 0.5537109375 0.0185546875 0.029296875
1 0.650390625 0.58984375 0.134765625 0.0859375
1 0.396484375 0.318359375 0.025390625 0.0185546875
1 0.0595703125 0.4814453125 0.021484375 0.041015625