0 0.193359375 0.748046875 0.125 0.162109375
0 0.5126953125 0.4228515625 0.056640625 0.0517578125
0 0.337890625 0.7294921875 0.0986328125 0.119140625
1 0.7421875 0.583984375 0.072265625 0.072265625
0 0.353515625 0.478515625 0.109375 0.068359375
0 0.5380859375 0.3505859375 0.0390625 0.0361328125
0 0.572265625 0.51171875 0.1376953125 0.0703125
1 0.259765625 0.48828125 0.0361328125 0.0517578125
1 0.3681640625 0.5517578125 0.0517578125 0.0439453125
1 0.548828125 0.4599609375 0.0439453125 0.044921875
1 0.107421875 0.6357421875 0.0419921875 0.068359375
1 0.080078125 0.7568359375 0.046875 0.0732421875
1 0.310546875 0.5185546875 0.037109375 0.0439453125
1 0.548828125 0.3876953125 0.017578125 0.0283203125
0 0.4921875 0.3603515625 0.041015625 0.033203125
0 0.509765625 0.333984375 0.03125 0.029296875
1 0.57421875 0.375 0.0205078125 0.0283203125
1 0.49609375 0.4609375 0.0234375 0.037109375
1 0.1181640625 0.5615234375 0.033203125 0.0419921875
1 0.6533203125 0.6123046875 0.0810546875 0.0751953125
1 0.1728515625 0.4208984375 0.0361328125 0.029296875
1 0.0947265625 0.5009765625 0.0361328125 0.0361328125
1 0.4677734375 0.380859375 0.017578125 0.0283203125
1 0.634765625 0.490234375 0.0185546875 0.0341796875
1 0.419921875 0.517578125 0.046875 0.041015625
1 0.30859375 0.833984375 0.048828125 0.095703125
1 0.1650390625 0.4638671875 0.029296875 0.037109375
0 0.2353515625 0.369140625 0.0576171875 0.0361328125
1 0.4501953125 0.375 0.015625 0.025390625
1 0.455078125 0.791015625 0.037109375 0.0654296875
1 0.474609375 0.6162109375 0.029296875 0.048828125
1 0.3955078125 0.365234375 0.015625 0.021484375
1 0.126953125 0.419921875 0.0185546875 0.025390625
1 0.4228515625 0.7333984375 0.048828125 0.080078125
1 0.1953125 0.44140625 0.021484375 0.029296875
1 0.5732421875 0.583984375 0.0751953125 0.0625
1 0.373046875 0.5166015625 0.033203125 0.029296875
1 0.6708984375 0.533203125 0.060546875 0.041015625
1 0.634765625 0.56640625 0.041015625 0.0419921875
1 0.6025390625 0.462890625 0.044921875 0.037109375
1 0.431640625 0.6572265625 0.048828125 0.0673828125
1 0.583984375 0.6396484375 0.0673828125 0.0703125
1 0.892578125 0.630859375 0.048828125 0.0390625
1 0.9814453125 0.591796875 0.0126953125 0.041015625
1 0.2646484375 0.4384765625 0.033203125 0.0263671875
1 0.435546875 0.365234375 0.015625 0.025390625
1 0.845703125 0.5546875 0.021484375 0.0341796875
1 0.5166015625 0.53125 0.0205078125 0.041015625
1 0.8828125 0.5673828125 0.0341796875 0.037109375
1 0.0576171875 0.478515625 0.0185546875 0.033203125
1 0.177734375 0.326171875 0.0234375 0.021484375
1 0.462890625 0.8798828125 0.0341796875 0.021484375
1 0.509765625 0.595703125 0.0419921875 0.078125
1 0.158203125 0.3994140625 0.013671875 0.0234375
1 0.7197265625 0.5302734375 0.0390625 0.044921875
1 0.5244140625 0.849609375 0.029296875 0.048828125
1 0.041015625 0.556640625 0.0185546875 0.033203125
1 0.0234375 0.560546875 0.021484375 0.0439453125
1 0.9716796875 0.525390625 0.0341796875 0.0390625
0 0.18359375 0.875 0.107421875 0.0283203125
1 0.0703125 0.5703125 0.119140625 0.130859375
1 0.326171875 0.435546875 0.0185546875 0.0283203125
1 0.8046875 0.5439453125 0.0595703125 0.041015625