0 0.189453125 0.662109375 0.1044921875 0.1123046875
0 0.6083984375 0.7099609375 0.1513671875 0.1923828125
1 0.607421875 0.49609375 0.0234375 0.029296875
1 0.1025390625 0.640625 0.0361328125 0.056640625
0 0.630859375 0.5703125 0.09375 0.0966796875
1 0.259765625 0.7314453125 0.0419921875 0.0625
1 0.7763671875 0.78515625 0.052734375 0.1171875
1 0.1796875 0.5556640625 0.0283203125 0.0419921875
1 0.5146484375 0.591796875 0.0263671875 0.048828125
1 0.2822265625 0.466796875 0.017578125 0.033203125
1 0.513671875 0.44140625 0.0205078125 0.033203125
1 0.0615234375 0.7734375 0.029296875 0.052734375
1 0.8173828125 0.576171875 0.0810546875 0.0859375
1 0.5478515625 0.5556640625 0.0263671875 0.0546875
1 0.255859375 0.498046875 0.025390625 0.0361328125
1 0.279296875 0.5537109375 0.0263671875 0.0390625
0 0.525390625 0.390625 0.0439453125 0.0439453125
1 0.13671875 0.5625 0.0234375 0.037109375
1 0.251953125 0.5791015625 0.03125 0.0546875
1 0.2958984375 0.5068359375 0.0205078125 0.0361328125
1 0.32421875 0.568359375 0.0234375 0.044921875
1 0.9404296875 0.681640625 0.087890625 0.0888671875
1 0.380859375 0.541015625 0.0283203125 0.052734375
1 0.1435546875 0.46875 0.025390625 0.0341796875
1 0.3076171875 0.447265625 0.0185546875 0.0263671875
1 0.1923828125 0.5 0.025390625 0.0341796875
1 0.689453125 0.5458984375 0.0439453125 0.048828125
1 0.255859375 0.4541015625 0.0185546875 0.033203125
1 0.1806640625 0.4775390625 0.0263671875 0.029296875
1 0.3681640625 0.478515625 0.0205078125 0.0390625
1 0.158203125 0.494140625 0.0185546875 0.03125
1 0.896484375 0.5419921875 0.03125 0.037109375
1 0.7294921875 0.5400390625 0.041015625 0.044921875
1 0.115234375 0.4267578125 0.025390625 0.025390625
0 0.564453125 0.388671875 0.0390625 0.0419921875
1 0.681640625 0.7080078125 0.046875 0.056640625
1 0.232421875 0.453125 0.0185546875 0.0341796875
1 0.525390625 0.5263671875 0.0234375 0.037109375
1 0.0576171875 0.4814453125 0.0185546875 0.0341796875
1 0.228515625 0.4892578125 0.021484375 0.0341796875
0 0.9189453125 0.8427734375 0.130859375 0.0888671875
1 0.42578125 0.4052734375 0.013671875 0.0263671875
1 0.2294921875 0.42578125 0.0185546875 0.0263671875
0 0.1689453125 0.412109375 0.046875 0.0390625
1 0.44921875 0.380859375 0.013671875 0.0185546875
1 0.1875 0.380859375 0.0126953125 0.0205078125
1 0.5869140625 0.505859375 0.0234375 0.0390625
1 0.583984375 0.5966796875 0.029296875 0.037109375
1 0.4697265625 0.431640625 0.0205078125 0.0283203125
0 0.4658203125 0.4033203125 0.03125 0.03125
0 0.5419921875 0.345703125 0.03125 0.0283203125
1 0.041015625 0.583984375 0.0263671875 0.064453125
1 0.552734375 0.513671875 0.0263671875 0.0361328125
1 0.673828125 0.7587890625 0.0361328125 0.0732421875
1 0.951171875 0.529296875 0.0234375 0.017578125
1 0.021484375 0.478515625 0.021484375 0.0390625
1 0.5849609375 0.45703125 0.029296875 0.0390625
1 0.720703125 0.87109375 0.0546875 0.0361328125
0 0.451171875 0.4873046875 0.0595703125 0.078125
1 0.23828125 0.392578125 0.0205078125 0.029296875
1 0.4677734375 0.3623046875 0.013671875 0.025390625
1 0.4892578125 0.390625 0.025390625 0.0341796875
1 0.287109375 0.541015625 0.193359375 0.1171875
1 0.58984375 0.3974609375 0.0234375 0.0361328125
1 0.962890625 0.59375 0.046875 0.056640625
1 0.1806640625 0.818359375 0.044921875 0.041015625
1 0.8974609375 0.5849609375 0.0390625 0.0517578125
0 0.4970703125 0.349609375 0.0283203125 0.0341796875
1 0.095703125 0.408203125 0.017578125 0.025390625
1 0.9599609375 0.630859375 0.0263671875 0.041015625
1 0.1142578125 0.4853515625 0.046875 0.0419921875
1 0.349609375 0.423828125 0.015625 0.0234375
1 0.322265625 0.5341796875 0.013671875 0.021484375
1 0.56640625 0.4873046875 0.0263671875 0.03125
1 0.677734375 0.513671875 0.021484375 0.0361328125
1 0.4560546875 0.708984375 0.041015625 0.125