0 0.1923828125 0.748046875 0.125 0.162109375
0 0.5107421875 0.419921875 0.046875 0.0498046875
1 0.5126953125 0.478515625 0.0283203125 0.044921875
1 0.611328125 0.494140625 0.0341796875 0.048828125
0 0.3388671875 0.7265625 0.0966796875 0.119140625
1 0.4111328125 0.80078125 0.052734375 0.0703125
0 0.490234375 0.359375 0.0390625 0.0341796875
1 0.306640625 0.8349609375 0.046875 0.0888671875
1 0.541015625 0.478515625 0.0263671875 0.044921875
0 0.537109375 0.3544921875 0.0390625 0.0439453125
1 0.080078125 0.759765625 0.0517578125 0.072265625
1 0.1181640625 0.662109375 0.0419921875 0.052734375
1 0.318359375 0.4375 0.025390625 0.0283203125
1 0.548828125 0.4384765625 0.0185546875 0.033203125
1 0.47265625 0.451171875 0.0263671875 0.037109375
1 0.5595703125 0.4755859375 0.015625 0.033203125
0 0.8271484375 0.5576171875 0.1767578125 0.078125
1 0.564453125 0.4375 0.017578125 0.025390625
1 0.427734375 0.6572265625 0.037109375 0.060546875
1 0.45703125 0.7802734375 0.0361328125 0.064453125
1 0.646484375 0.486328125 0.021484375 0.041015625
1 0.35546875 0.3603515625 0.017578125 0.0205078125
1 0.439453125 0.4384765625 0.017578125 0.029296875
1 0.4951171875 0.451171875 0.015625 0.0205078125
1 0.4794921875 0.53515625 0.03125 0.0517578125
1 0.4658203125 0.423828125 0.0185546875 0.0283203125
1 0.056640625 0.482421875 0.021484375 0.033203125
1 0.0185546875 0.576171875 0.0185546875 0.048828125
0 0.509765625 0.33203125 0.0283203125 0.0263671875
1 0.421875 0.7412109375 0.0498046875 0.060546875
1 0.029296875 0.716796875 0.037109375 0.060546875
1 0.4375 0.3623046875 0.015625 0.021484375
0 0.3564453125 0.4833984375 0.099609375 0.0576171875
1 0.583984375 0.466796875 0.015625 0.03125
1 0.072265625 0.3955078125 0.017578125 0.025390625
1 0.2470703125 0.3583984375 0.015625 0.017578125
1 0.037109375 0.55859375 0.025390625 0.0419921875
1 0.025390625 0.8330078125 0.033203125 0.072265625
0 0.236328125 0.373046875 0.056640625 0.029296875
1 0.0654296875 0.5078125 0.0185546875 0.037109375
1 0.6201171875 0.462890625 0.015625 0.029296875
1 0.2060546875 0.357421875 0.015625 0.015625
1 0.525390625 0.46484375 0.1767578125 0.1015625
0 0.3193359375 0.3896484375 0.091796875 0.0419921875
1 0.529296875 0.4521484375 0.017578125 0.0234375
1 0.177734375 0.3271484375 0.0185546875 0.0205078125
1 0.01953125 0.494140625 0.017578125 0.029296875
1 0.0751953125 0.5458984375 0.037109375 0.0673828125
1 0.330078125 0.3564453125 0.0205078125 0.025390625
1 0.1669921875 0.3623046875 0.015625 0.021484375
0 0.1953125 0.8759765625 0.09375 0.029296875
1 0.384765625 0.349609375 0.015625 0.0185546875
1 0.0234375 0.373046875 0.0185546875 0.021484375
1 0.4541015625 0.458984375 0.0205078125 0.03125