0 0.193359375 0.75 0.123046875 0.162109375
1 0.53515625 0.693359375 0.044921875 0.0673828125
0 0.3388671875 0.7275390625 0.099609375 0.1201171875
1 0.57421875 0.7841796875 0.044921875 0.083984375
1 0.8642578125 0.802734375 0.0810546875 0.0966796875
0 0.5107421875 0.4267578125 0.046875 0.0595703125
1 0.71875 0.6982421875 0.037109375 0.0625
1 0.62109375 0.708984375 0.0419921875 0.072265625
1 0.6484375 0.794921875 0.056640625 0.09375
1 0.583984375 0.572265625 0.0390625 0.0546875
1 0.9150390625 0.646484375 0.080078125 0.087890625
0 0.5380859375 0.3486328125 0.0419921875 0.03125
1 0.4306640625 0.677734375 0.0390625 0.060546875
1 0.7705078125 0.794921875 0.041015625 0.0732421875
1 0.599609375 0.4677734375 0.029296875 0.0361328125
1 0.7978515625 0.6513671875 0.064453125 0.072265625
0 0.4912109375 0.361328125 0.044921875 0.0341796875
1 0.08203125 0.74609375 0.0546875 0.095703125
1 0.4921875 0.5048828125 0.0283203125 0.041015625
1 0.677734375 0.634765625 0.037109375 0.068359375
0 0.9287109375 0.580078125 0.1201171875 0.0625
1 0.578125 0.451171875 0.025390625 0.0390625
1 0.638671875 0.5556640625 0.037109375 0.048828125
1 0.544921875 0.59375 0.0263671875 0.046875
1 0.673828125 0.720703125 0.0439453125 0.052734375
1 0.740234375 0.583984375 0.0498046875 0.048828125
1 0.63671875 0.474609375 0.0205078125 0.0283203125
1 0.712890625 0.4697265625 0.041015625 0.029296875
0 0.5068359375 0.3369140625 0.0361328125 0.033203125
1 0.5234375 0.5234375 0.0283203125 0.0341796875
1 0.7138671875 0.62890625 0.037109375 0.044921875
1 0.451171875 0.373046875 0.0185546875 0.0283203125
1 0.0341796875 0.7724609375 0.0439453125 0.0703125
1 0.6328125 0.501953125 0.025390625 0.0341796875
1 0.3046875 0.861328125 0.0341796875 0.0576171875
1 0.6865234375 0.57421875 0.060546875 0.0517578125
1 0.5419921875 0.5439453125 0.025390625 0.037109375
1 0.482421875 0.43359375 0.0205078125 0.033203125
1 0.970703125 0.6279296875 0.0341796875 0.0595703125
1 0.41015625 0.53515625 0.029296875 0.0576171875
1 0.548828125 0.3720703125 0.015625 0.025390625
1 0.619140625 0.595703125 0.029296875 0.0498046875
1 0.564453125 0.54296875 0.021484375 0.0361328125
1 0.322265625 0.439453125 0.033203125 0.03125
1 0.2958984375 0.595703125 0.064453125 0.044921875
1 0.890625 0.384765625 0.021484375 0.03125
1 0.5537109375 0.42578125 0.017578125 0.033203125
1 0.65625 0.458984375 0.037109375 0.033203125
1 0.880859375 0.6123046875 0.033203125 0.041015625
1 0.6796875 0.6630859375 0.162109375 0.201171875
1 0.49609375 0.6005859375 0.033203125 0.0419921875
1 0.5869140625 0.50390625 0.0390625 0.044921875
1 0.0771484375 0.478515625 0.060546875 0.0390625
1 0.447265625 0.5234375 0.052734375 0.0654296875
0 0.931640625 0.5107421875 0.109375 0.0625
1 0.623046875 0.646484375 0.0390625 0.056640625
1 0.8408203125 0.587890625 0.0439453125 0.037109375
1 0.4619140625 0.71875 0.0390625 0.109375
1 0.103515625 0.572265625 0.025390625 0.044921875
1 0.357421875 0.5908203125 0.0673828125 0.0498046875
0 0.265625 0.3896484375 0.115234375 0.0732421875
1 0.029296875 0.564453125 0.0341796875 0.0546875
0 0.353515625 0.3212890625 0.0341796875 0.017578125
1 0.724609375 0.548828125 0.015625 0.033203125
1 0.4931640625 0.4091796875 0.0107421875 0.025390625
1 0.544921875 0.3994140625 0.0126953125 0.0263671875
1 0.2265625 0.615234375 0.025390625 0.076171875
1 0.5771484375 0.375 0.017578125 0.0341796875
1 0.783203125 0.5732421875 0.029296875 0.041015625
1 0.873046875 0.357421875 0.0234375 0.0234375
1 0.916015625 0.361328125 0.0361328125 0.025390625