0 0.1923828125 0.7490234375 0.125 0.1640625
0 0.509765625 0.423828125 0.048828125 0.0546875
0 0.337890625 0.7275390625 0.0986328125 0.1201171875
0 0.541015625 0.353515625 0.044921875 0.044921875
0 0.7509765625 0.5498046875 0.1513671875 0.0751953125
1 0.2568359375 0.5107421875 0.0419921875 0.046875
1 0.306640625 0.845703125 0.044921875 0.0673828125
1 0.1376953125 0.4345703125 0.0341796875 0.046875
1 0.1474609375 0.529296875 0.0263671875 0.037109375
1 0.1806640625 0.478515625 0.0234375 0.0390625
1 0.1884765625 0.4306640625 0.029296875 0.0361328125
1 0.3896484375 0.4892578125 0.048828125 0.046875
1 0.5791015625 0.4853515625 0.0263671875 0.0390625
1 0.07421875 0.76171875 0.0390625 0.0703125
0 0.49609375 0.3505859375 0.044921875 0.0419921875
1 0.3115234375 0.478515625 0.0390625 0.0390625
1 0.505859375 0.4794921875 0.0205078125 0.037109375
1 0.5498046875 0.4716796875 0.025390625 0.0439453125
1 0.46875 0.439453125 0.015625 0.025390625
1 0.087890625 0.4140625 0.0234375 0.025390625
1 0.53125 0.3837890625 0.015625 0.029296875
1 0.251953125 0.4697265625 0.0234375 0.029296875
1 0.6357421875 0.5087890625 0.021484375 0.0390625
1 0.6025390625 0.4873046875 0.0234375 0.0439453125
1 0.2177734375 0.4091796875 0.029296875 0.03125
0 0.119140625 0.3994140625 0.0751953125 0.0390625
1 0.068359375 0.5341796875 0.0283203125 0.041015625
1 0.2939453125 0.458984375 0.0283203125 0.0263671875
1 0.416015625 0.79296875 0.048828125 0.0830078125
1 0.4580078125 0.7822265625 0.0439453125 0.0576171875
1 0.44921875 0.51953125 0.0419921875 0.044921875
1 0.6357421875 0.4736328125 0.025390625 0.0283203125
1 0.6484375 0.580078125 0.0654296875 0.041015625
1 0.970703125 0.57421875 0.029296875 0.0419921875
0 0.482421875 0.3203125 0.052734375 0.025390625
1 0.060546875 0.482421875 0.0234375 0.041015625
1 0.0390625 0.708984375 0.0283203125 0.056640625
1 0.1083984375 0.484375 0.0361328125 0.037109375
1 0.5673828125 0.373046875 0.0185546875 0.0234375
1 0.5927734375 0.466796875 0.013671875 0.0263671875
1 0.568359375 0.470703125 0.1484375 0.0751953125
1 0.42578125 0.681640625 0.033203125 0.0341796875
1 0.5830078125 0.36328125 0.0185546875 0.0234375
1 0.03125 0.580078125 0.0341796875 0.0830078125
1 0.4619140625 0.4130859375 0.0205078125 0.0517578125
0 0.2333984375 0.3642578125 0.060546875 0.0341796875
1 0.634765625 0.443359375 0.0439453125 0.029296875
1 0.55078125 0.4423828125 0.017578125 0.025390625
1 0.2265625 0.330078125 0.0185546875 0.0185546875
1 0.0927734375 0.501953125 0.158203125 0.1171875
1 0.564453125 0.4306640625 0.0126953125 0.0234375
0 0.1923828125 0.875 0.099609375 0.0283203125