0 0.322265625 0.798828125 0.150390625 0.1767578125
1 0.12890625 0.677734375 0.0390625 0.0595703125
1 0.6904296875 0.546875 0.0498046875 0.052734375
1 0.541015625 0.673828125 0.029296875 0.064453125
1 0.6875 0.7822265625 0.037109375 0.0703125
1 0.638671875 0.66015625 0.0439453125 0.0673828125
0 0.240234375 0.509765625 0.0625 0.072265625
1 0.8212890625 0.583984375 0.0830078125 0.0830078125
1 0.3779296875 0.595703125 0.0283203125 0.046875
1 0.7607421875 0.666015625 0.041015625 0.076171875
1 0.5263671875 0.4169921875 0.0185546875 0.021484375
0 0.3154296875 0.650390625 0.087890625 0.107421875
0 0.224609375 0.5810546875 0.078125 0.087890625
1 0.9443359375 0.6884765625 0.0830078125 0.0859375
1 0.650390625 0.5869140625 0.0283203125 0.048828125
0 0.505859375 0.34765625 0.033203125 0.0361328125
1 0.751953125 0.76171875 0.046875 0.076171875
1 0.630859375 0.8447265625 0.052734375 0.0830078125
1 0.568359375 0.533203125 0.0234375 0.0341796875
0 0.1767578125 0.7841796875 0.1220703125 0.162109375
0 0.3212890625 0.5517578125 0.0703125 0.078125
0 0.3271484375 0.490234375 0.0673828125 0.0595703125
1 0.5927734375 0.39453125 0.0205078125 0.0263671875
1 0.064453125 0.48046875 0.0361328125 0.0390625
1 0.044921875 0.57421875 0.0263671875 0.0517578125
0 0.41796875 0.400390625 0.0517578125 0.044921875
1 0.677734375 0.458984375 0.025390625 0.0263671875
1 0.4208984375 0.453125 0.0205078125 0.03125
0 0.255859375 0.396484375 0.056640625 0.052734375
0 0.36328125 0.349609375 0.0517578125 0.0341796875
0 0.4794921875 0.357421875 0.0341796875 0.0341796875
1 0.8642578125 0.658203125 0.0751953125 0.0751953125
1 0.5615234375 0.421875 0.017578125 0.03125
1 0.1533203125 0.59375 0.025390625 0.046875
1 0.091796875 0.666015625 0.025390625 0.0439453125
1 0.48046875 0.603515625 0.0361328125 0.048828125
1 0.9453125 0.529296875 0.0341796875 0.029296875
1 0.119140625 0.5087890625 0.0234375 0.0419921875
0 0.533203125 0.3291015625 0.0439453125 0.029296875
1 0.47265625 0.404296875 0.0205078125 0.03125
1 0.89453125 0.5849609375 0.044921875 0.0576171875
1 0.140625 0.47265625 0.0185546875 0.0263671875
1 0.5634765625 0.3916015625 0.013671875 0.0234375
1 0.1884765625 0.5009765625 0.0263671875 0.0419921875
1 0.1572265625 0.537109375 0.0263671875 0.044921875
1 0.841796875 0.54296875 0.029296875 0.0390625
1 0.212890625 0.4130859375 0.0361328125 0.0390625
1 0.3505859375 0.6142578125 0.017578125 0.03125
0 0.0771484375 0.2138671875 0.0361328125 0.015625
1 0.439453125 0.611328125 0.0390625 0.0390625
1 0.6298828125 0.4375 0.046875 0.037109375
1 0.3984375 0.4853515625 0.03125 0.033203125
1 0.35546875 0.365234375 0.0107421875 0.015625
1 0.8662109375 0.423828125 0.0234375 0.025390625
0 0.390625 0.365234375 0.0341796875 0.0234375
1 0.185546875 0.421875 0.0205078125 0.03125
0 0.162109375 0.3232421875 0.0419921875 0.0283203125
1 0.9658203125 0.6015625 0.0439453125 0.068359375
1 0.7138671875 0.5224609375 0.025390625 0.0390625
1 0.6953125 0.623046875 0.162109375 0.177734375
1 0.048828125 0.7724609375 0.021484375 0.0390625
1 0.119140625 0.640625 0.029296875 0.03125
0 0.349609375 0.3232421875 0.0283203125 0.0185546875
0 0.146484375 0.40234375 0.0283203125 0.0419921875