0 0.193359375 0.748046875 0.123046875 0.1611328125
0 0.5126953125 0.423828125 0.052734375 0.0498046875
1 0.3369140625 0.5146484375 0.0361328125 0.0517578125
0 0.337890625 0.7255859375 0.0966796875 0.1201171875
0 0.541015625 0.5380859375 0.1640625 0.0830078125
0 0.5400390625 0.3525390625 0.0419921875 0.0419921875
1 0.4140625 0.810546875 0.037109375 0.0498046875
1 0.306640625 0.833984375 0.046875 0.0908203125
1 0.509765625 0.474609375 0.033203125 0.041015625
1 0.2216796875 0.4541015625 0.021484375 0.0263671875
0 0.48828125 0.361328125 0.0390625 0.03125
0 0.201171875 0.41796875 0.0673828125 0.0361328125
1 0.0673828125 0.537109375 0.0283203125 0.0419921875
1 0.6103515625 0.498046875 0.033203125 0.037109375
1 0.556640625 0.404296875 0.013671875 0.021484375
1 0.150390625 0.474609375 0.0205078125 0.03125
1 0.4697265625 0.455078125 0.0361328125 0.046875
1 0.2646484375 0.474609375 0.029296875 0.033203125
1 0.6416015625 0.4970703125 0.029296875 0.041015625
1 0.08203125 0.7568359375 0.044921875 0.080078125
1 0.458984375 0.7841796875 0.0390625 0.056640625
1 0.427734375 0.6875 0.0439453125 0.056640625
1 0.423828125 0.3740234375 0.013671875 0.0234375
1 0.580078125 0.4853515625 0.0234375 0.033203125
0 0.509765625 0.333984375 0.03125 0.0283203125
1 0.283203125 0.408203125 0.015625 0.0263671875
1 0.646484375 0.46875 0.021484375 0.0283203125
1 0.564453125 0.451171875 0.0185546875 0.025390625
1 0.16015625 0.453125 0.0234375 0.03125
1 0.845703125 0.6376953125 0.0419921875 0.0751953125
1 0.1650390625 0.365234375 0.013671875 0.017578125
1 0.541015625 0.4775390625 0.021484375 0.033203125
1 0.1318359375 0.396484375 0.017578125 0.0205078125
1 0.4951171875 0.4541015625 0.0185546875 0.029296875
1 0.912109375 0.5810546875 0.0751953125 0.052734375
1 0.572265625 0.3798828125 0.0185546875 0.03125
1 0.619140625 0.4609375 0.0205078125 0.0283203125
1 0.4677734375 0.423828125 0.0205078125 0.033203125
1 0.0576171875 0.478515625 0.021484375 0.03125
1 0.419921875 0.7392578125 0.044921875 0.052734375
1 0.087890625 0.4052734375 0.017578125 0.0205078125
1 0.0302734375 0.37890625 0.033203125 0.0234375
1 0.5146484375 0.3720703125 0.013671875 0.0185546875
1 0.462890625 0.361328125 0.0185546875 0.029296875
1 0.3291015625 0.359375 0.017578125 0.021484375
1 0.4560546875 0.71484375 0.021484375 0.029296875
1 0.595703125 0.4658203125 0.015625 0.021484375
1 0.1767578125 0.3271484375 0.0185546875 0.0205078125
1 0.2060546875 0.357421875 0.009765625 0.0185546875
1 0.1220703125 0.3603515625 0.015625 0.0205078125
1 0.548828125 0.4423828125 0.017578125 0.025390625
1 0.029296875 0.59375 0.029296875 0.068359375
1 0.1513671875 0.423828125 0.0126953125 0.0234375
1 0.0205078125 0.4599609375 0.0185546875 0.029296875
1 0.068359375 0.33984375 0.015625 0.017578125
1 0.818359375 0.541015625 0.0263671875 0.029296875
1 0.517578125 0.4501953125 0.0205078125 0.021484375
1 0.5810546875 0.3583984375 0.0126953125 0.017578125
1 0.890625 0.3857421875 0.015625 0.021484375
1 0.857421875 0.54296875 0.0263671875 0.029296875
1 0.224609375 0.3701171875 0.033203125 0.0283203125
1 0.8525390625 0.576171875 0.0390625 0.0390625
0 0.1884765625 0.876953125 0.1484375 0.0283203125
1 0.1943359375 0.3232421875 0.017578125 0.0185546875