0 0.193359375 0.74609375 0.1220703125 0.158203125
0 0.509765625 0.423828125 0.048828125 0.0576171875
0 0.3388671875 0.7275390625 0.099609375 0.123046875
1 0.517578125 0.5791015625 0.0390625 0.064453125
0 0.48828125 0.36328125 0.0419921875 0.0361328125
1 0.6943359375 0.7392578125 0.0576171875 0.109375
1 0.611328125 0.48828125 0.0361328125 0.048828125
1 0.578125 0.4755859375 0.021484375 0.048828125
1 0.572265625 0.6025390625 0.0419921875 0.0673828125
1 0.5517578125 0.431640625 0.025390625 0.0361328125
1 0.076171875 0.7646484375 0.0361328125 0.064453125
1 0.751953125 0.62109375 0.0576171875 0.0703125
1 0.1025390625 0.6357421875 0.033203125 0.0625
1 0.681640625 0.626953125 0.0810546875 0.0859375
1 0.427734375 0.685546875 0.0419921875 0.0546875
1 0.361328125 0.4697265625 0.0390625 0.0390625
1 0.63671875 0.5048828125 0.0234375 0.0439453125
0 0.7734375 0.5625 0.197265625 0.087890625
1 0.5498046875 0.3740234375 0.015625 0.0263671875
1 0.8857421875 0.619140625 0.0751953125 0.0625
1 0.5400390625 0.6240234375 0.0390625 0.0546875
1 0.505859375 0.5166015625 0.0595703125 0.0546875
1 0.4755859375 0.509765625 0.0234375 0.0390625
1 0.5087890625 0.62890625 0.029296875 0.060546875
1 0.560546875 0.4736328125 0.0205078125 0.041015625
0 0.5400390625 0.3447265625 0.0361328125 0.0263671875
1 0.306640625 0.833984375 0.046875 0.0859375
1 0.529296875 0.369140625 0.0205078125 0.0283203125
1 0.6044921875 0.6181640625 0.037109375 0.0673828125
1 0.416015625 0.46484375 0.0390625 0.0361328125
1 0.1181640625 0.525390625 0.0263671875 0.046875
0 0.5087890625 0.33203125 0.029296875 0.0263671875
1 0.115234375 0.4814453125 0.0419921875 0.0341796875
1 0.50390625 0.4765625 0.0361328125 0.0341796875
1 0.3466796875 0.4482421875 0.025390625 0.025390625
1 0.951171875 0.62890625 0.0703125 0.0732421875
1 0.9130859375 0.5234375 0.0390625 0.0341796875
1 0.03125 0.5615234375 0.037109375 0.048828125
1 0.8466796875 0.505859375 0.0283203125 0.041015625
1 0.81640625 0.859375 0.064453125 0.0625
1 0.142578125 0.794921875 0.0283203125 0.068359375
1 0.060546875 0.478515625 0.025390625 0.033203125
1 0.8896484375 0.3828125 0.017578125 0.0283203125
1 0.5771484375 0.5439453125 0.0419921875 0.046875
1 0.419921875 0.59375 0.052734375 0.052734375
1 0.3828125 0.4365234375 0.03125 0.029296875
0 0.951171875 0.564453125 0.0732421875 0.0576171875
1 0.2255859375 0.419921875 0.0390625 0.033203125
1 0.5791015625 0.3955078125 0.013671875 0.03125
0 0.06640625 0.5087890625 0.1142578125 0.107421875
1 0.02734375 0.7607421875 0.033203125 0.125
1 0.0771484375 0.3955078125 0.013671875 0.021484375
1 0.587890625 0.712890625 0.029296875 0.037109375
1 0.5595703125 0.6669921875 0.046875 0.052734375
1 0.419921875 0.767578125 0.0439453125 0.056640625
1 0.564453125 0.361328125 0.021484375 0.033203125
1 0.587890625 0.779296875 0.0517578125 0.126953125
1 0.5439453125 0.544921875 0.03125 0.0390625
1 0.541015625 0.5498046875 0.1826171875 0.228515625
1 0.8544921875 0.5625 0.0185546875 0.03125
1 0.177734375 0.326171875 0.021484375 0.0234375
1 0.12890625 0.3974609375 0.017578125 0.0263671875
1 0.4619140625 0.357421875 0.0205078125 0.0361328125
1 0.1962890625 0.34375 0.0390625 0.0185546875
1 0.7490234375 0.4765625 0.029296875 0.0341796875
1 0.6162109375 0.4580078125 0.017578125 0.025390625
1 0.806640625 0.4892578125 0.021484375 0.0341796875
1 0.427734375 0.3623046875 0.0107421875 0.025390625