0 0.1923828125 0.7490234375 0.125 0.1611328125
1 0.59375 0.833984375 0.052734375 0.083984375
0 0.3388671875 0.7275390625 0.099609375 0.1201171875
1 0.751953125 0.724609375 0.0439453125 0.076171875
1 0.81640625 0.8427734375 0.0673828125 0.0888671875
1 0.5546875 0.744140625 0.052734375 0.0810546875
0 0.509765625 0.42578125 0.046875 0.060546875
1 0.6435546875 0.7587890625 0.0498046875 0.080078125
1 0.6689453125 0.84375 0.052734375 0.087890625
1 0.611328125 0.517578125 0.025390625 0.037109375
0 0.4912109375 0.3603515625 0.044921875 0.033203125
1 0.5947265625 0.4931640625 0.0234375 0.0361328125
0 0.9248046875 0.580078125 0.1220703125 0.078125
0 0.5380859375 0.349609375 0.0419921875 0.033203125
1 0.416015625 0.54296875 0.0341796875 0.0546875
1 0.6513671875 0.6923828125 0.0498046875 0.068359375
1 0.591796875 0.603515625 0.0361328125 0.0546875
1 0.580078125 0.4501953125 0.0234375 0.037109375
1 0.4296875 0.677734375 0.037109375 0.0595703125
1 0.556640625 0.435546875 0.017578125 0.0263671875
1 0.77734375 0.642578125 0.060546875 0.064453125
1 0.876953125 0.6640625 0.0703125 0.072265625
1 0.4892578125 0.515625 0.037109375 0.0498046875
1 0.9677734375 0.626953125 0.0390625 0.056640625
1 0.6943359375 0.662109375 0.0361328125 0.0576171875
1 0.5546875 0.548828125 0.0439453125 0.0546875
1 0.078125 0.7587890625 0.041015625 0.076171875
1 0.642578125 0.64453125 0.03125 0.0419921875
1 0.556640625 0.6171875 0.025390625 0.037109375
1 0.3955078125 0.455078125 0.037109375 0.0263671875
1 0.3271484375 0.595703125 0.048828125 0.0419921875
1 0.306640625 0.8564453125 0.0361328125 0.0625
1 0.650390625 0.580078125 0.052734375 0.0595703125
1 0.7275390625 0.58203125 0.060546875 0.0576171875
1 0.7109375 0.767578125 0.0654296875 0.0546875
1 0.712890625 0.5380859375 0.0390625 0.0390625
0 0.505859375 0.333984375 0.037109375 0.029296875
1 0.6240234375 0.544921875 0.0390625 0.046875
1 0.033203125 0.806640625 0.046875 0.0859375
1 0.7265625 0.470703125 0.0341796875 0.033203125
1 0.572265625 0.5126953125 0.021484375 0.0341796875
1 0.7099609375 0.625 0.0263671875 0.0439453125
1 0.625 0.4755859375 0.041015625 0.0361328125
1 0.9453125 0.8564453125 0.078125 0.0654296875
1 0.833984375 0.53515625 0.0283203125 0.029296875
1 0.806640625 0.552734375 0.044921875 0.056640625
1 0.5439453125 0.41015625 0.0185546875 0.0361328125
1 0.451171875 0.373046875 0.017578125 0.0283203125
1 0.5771484375 0.3759765625 0.013671875 0.033203125
0 0.353515625 0.3212890625 0.0341796875 0.0205078125
1 0.1142578125 0.53515625 0.0283203125 0.0419921875
1 0.6787109375 0.4658203125 0.0361328125 0.0341796875
1 0.44140625 0.5927734375 0.0205078125 0.044921875
1 0.4609375 0.716796875 0.037109375 0.107421875
1 0.693359375 0.6708984375 0.1689453125 0.2734375
1 0.4345703125 0.4638671875 0.025390625 0.0283203125
1 0.5068359375 0.6220703125 0.033203125 0.0439453125
1 0.537109375 0.5048828125 0.041015625 0.0439453125
1 0.892578125 0.380859375 0.017578125 0.03125
1 0.455078125 0.5048828125 0.0439453125 0.056640625
0 0.931640625 0.5146484375 0.099609375 0.064453125
1 0.037109375 0.7099609375 0.021484375 0.0517578125
1 0.0302734375 0.564453125 0.0361328125 0.060546875
1 0.9365234375 0.603515625 0.0234375 0.041015625
0 0.2431640625 0.3759765625 0.0673828125 0.0361328125
1 0.060546875 0.478515625 0.025390625 0.037109375
1 0.7646484375 0.572265625 0.0263671875 0.041015625
1 0.5986328125 0.5615234375 0.025390625 0.0390625
1 0.5205078125 0.392578125 0.009765625 0.015625
1 0.248046875 0.607421875 0.0263671875 0.0654296875
1 0.916015625 0.361328125 0.0361328125 0.0283203125
1 0.587890625 0.3564453125 0.0126953125 0.0185546875
0 0.30078125 0.3720703125 0.060546875 0.046875