0 0.537109375 0.482421875 0.068359375 0.0888671875
0 0.583984375 0.4375 0.0517578125 0.0498046875
0 0.3271484375 0.8212890625 0.1328125 0.1357421875
1 0.7890625 0.623046875 0.0498046875 0.0673828125
1 0.1513671875 0.490234375 0.025390625 0.0361328125
1 0.2490234375 0.466796875 0.0234375 0.0439453125
1 0.205078125 0.578125 0.037109375 0.0498046875
1 0.7021484375 0.603515625 0.0361328125 0.064453125
0 0.6201171875 0.59375 0.1064453125 0.115234375
1 0.65234375 0.556640625 0.0234375 0.0390625
0 0.6513671875 0.7666015625 0.181640625 0.2294921875
1 0.6884765625 0.5419921875 0.0390625 0.0439453125
1 0.751953125 0.7119140625 0.0419921875 0.0703125
1 0.2255859375 0.6259765625 0.0263671875 0.0576171875
1 0.61328125 0.5224609375 0.0361328125 0.0390625
1 0.2041015625 0.3779296875 0.0205078125 0.0283203125
1 0.166015625 0.6552734375 0.029296875 0.0546875
1 0.142578125 0.5693359375 0.029296875 0.044921875
0 0.490234375 0.3603515625 0.0361328125 0.033203125
1 0.73046875 0.533203125 0.0390625 0.041015625
1 0.1943359375 0.36328125 0.013671875 0.0205078125
1 0.791015625 0.5576171875 0.0283203125 0.0439453125
1 0.380859375 0.462890625 0.025390625 0.052734375
0 0.478515625 0.560546875 0.0966796875 0.103515625
1 0.24609375 0.42578125 0.0263671875 0.029296875
1 0.0625 0.478515625 0.0283203125 0.0361328125
1 0.439453125 0.5224609375 0.0234375 0.0419921875
1 0.3681640625 0.4208984375 0.033203125 0.0361328125
1 0.884765625 0.853515625 0.0546875 0.0673828125
1 0.884765625 0.646484375 0.0673828125 0.068359375
0 0.1533203125 0.4169921875 0.0595703125 0.046875
1 0.9599609375 0.6943359375 0.0546875 0.076171875
1 0.810546875 0.701171875 0.03125 0.0625
0 0.224609375 0.3662109375 0.033203125 0.0361328125
1 0.837890625 0.759765625 0.080078125 0.0908203125
1 0.587890625 0.4912109375 0.017578125 0.0390625
1 0.166015625 0.3681640625 0.0185546875 0.0263671875
0 0.576171875 0.392578125 0.0390625 0.037109375
1 0.9052734375 0.8115234375 0.033203125 0.0390625
1 0.8291015625 0.5634765625 0.029296875 0.033203125
1 0.439453125 0.435546875 0.021484375 0.03125
1 0.435546875 0.404296875 0.017578125 0.0234375
1 0.916015625 0.609375 0.0361328125 0.052734375
1 0.70703125 0.513671875 0.0205078125 0.0234375
1 0.0244140625 0.5615234375 0.0234375 0.044921875
1 0.845703125 0.603515625 0.0361328125 0.0341796875
0 0.95703125 0.5791015625 0.0576171875 0.0576171875
0 0.248046875 0.3359375 0.03125 0.0283203125
1 0.9453125 0.634765625 0.021484375 0.0419921875
1 0.6455078125 0.44140625 0.0439453125 0.033203125
1 0.9052734375 0.7392578125 0.033203125 0.078125
1 0.16015625 0.607421875 0.017578125 0.0205078125
1 0.4638671875 0.408203125 0.0283203125 0.044921875
0 0.544921875 0.337890625 0.0361328125 0.0283203125
1 0.62109375 0.486328125 0.0205078125 0.0390625
1 0.8740234375 0.64453125 0.216796875 0.236328125
1 0.673828125 0.494140625 0.021484375 0.029296875
0 0.1611328125 0.3408203125 0.025390625 0.025390625
1 0.455078125 0.3603515625 0.015625 0.017578125