1 0.271484375 0.66015625 0.037109375 0.080078125
0 0.201171875 0.62890625 0.095703125 0.1044921875
0 0.6494140625 0.591796875 0.1015625 0.111328125
1 0.142578125 0.5439453125 0.0234375 0.037109375
1 0.8291015625 0.853515625 0.064453125 0.072265625
1 0.267578125 0.521484375 0.025390625 0.044921875
0 0.5400390625 0.4580078125 0.0517578125 0.056640625
1 0.541015625 0.5478515625 0.021484375 0.0390625
0 0.4609375 0.4130859375 0.037109375 0.0419921875
1 0.1123046875 0.607421875 0.03125 0.0517578125
1 0.185546875 0.5302734375 0.0234375 0.0390625
0 0.5625 0.392578125 0.037109375 0.044921875
1 0.365234375 0.4716796875 0.021484375 0.03125
0 0.5244140625 0.3984375 0.044921875 0.046875
0 0.630859375 0.7451171875 0.1611328125 0.21875
1 0.251953125 0.4814453125 0.0205078125 0.03125
1 0.736328125 0.5400390625 0.03125 0.0419921875
1 0.14453125 0.466796875 0.0234375 0.029296875
1 0.818359375 0.5751953125 0.0830078125 0.087890625
1 0.8974609375 0.654296875 0.080078125 0.0751953125
1 0.2958984375 0.4384765625 0.017578125 0.029296875
1 0.3828125 0.529296875 0.021484375 0.037109375
1 0.3154296875 0.5322265625 0.021484375 0.048828125
1 0.083984375 0.7109375 0.037109375 0.056640625
1 0.291015625 0.490234375 0.021484375 0.029296875
1 0.6884765625 0.544921875 0.044921875 0.048828125
1 0.7333984375 0.7548828125 0.0576171875 0.068359375
1 0.240234375 0.548828125 0.025390625 0.037109375
1 0.5625 0.5927734375 0.0283203125 0.0517578125
1 0.177734375 0.4599609375 0.0263671875 0.033203125
1 0.275390625 0.4619140625 0.015625 0.0234375
1 0.896484375 0.5419921875 0.03125 0.037109375
1 0.255859375 0.447265625 0.021484375 0.03125
1 0.2216796875 0.416015625 0.025390625 0.0341796875
1 0.4287109375 0.4638671875 0.017578125 0.0283203125
1 0.2275390625 0.474609375 0.0205078125 0.033203125
1 0.9599609375 0.6982421875 0.060546875 0.078125
1 0.529296875 0.623046875 0.025390625 0.044921875
0 0.48046875 0.3623046875 0.029296875 0.0341796875
1 0.1806640625 0.8564453125 0.0546875 0.0625
1 0.0576171875 0.48046875 0.021484375 0.0361328125
1 0.611328125 0.49609375 0.0234375 0.029296875
1 0.1015625 0.4228515625 0.0185546875 0.0234375
0 0.537109375 0.3486328125 0.03125 0.0283203125
1 0.158203125 0.4248046875 0.021484375 0.025390625
1 0.4150390625 0.4130859375 0.017578125 0.0205078125
1 0.1591796875 0.4794921875 0.0185546875 0.0283203125
1 0.4306640625 0.4951171875 0.017578125 0.0498046875
1 0.193359375 0.375 0.025390625 0.03125
1 0.6005859375 0.6220703125 0.033203125 0.052734375
1 0.232421875 0.447265625 0.0185546875 0.025390625
1 0.599609375 0.525390625 0.021484375 0.0419921875
1 0.5107421875 0.44140625 0.021484375 0.029296875
1 0.0224609375 0.4794921875 0.0234375 0.041015625
1 0.951171875 0.5283203125 0.0234375 0.0185546875
1 0.2353515625 0.5068359375 0.2109375 0.1142578125
1 0.0302734375 0.5810546875 0.0361328125 0.0810546875
1 0.69921875 0.80859375 0.033203125 0.0703125
0 0.1611328125 0.400390625 0.0439453125 0.025390625
1 0.56640625 0.5166015625 0.033203125 0.0517578125
1 0.1083984375 0.484375 0.0361328125 0.0341796875
1 0.076171875 0.4033203125 0.013671875 0.021484375
0 0.244140625 0.384765625 0.080078125 0.0361328125
1 0.931640625 0.609375 0.0576171875 0.046875
0 0.501953125 0.337890625 0.037109375 0.029296875
1 0.59375 0.4619140625 0.046875 0.0703125
1 0.548828125 0.8017578125 0.0439453125 0.0341796875
1 0.763671875 0.87109375 0.037109375 0.0361328125
1 0.3515625 0.4208984375 0.015625 0.0234375
1 0.974609375 0.630859375 0.0283203125 0.0595703125
1 0.638671875 0.439453125 0.0390625 0.033203125
1 0.455078125 0.380859375 0.0185546875 0.0390625
1 0.896484375 0.5869140625 0.041015625 0.0576171875