0 0.8369140625 0.77734375 0.185546875 0.2138671875
0 0.3662109375 0.6767578125 0.0888671875 0.125
0 0.580078125 0.6796875 0.1279296875 0.140625
0 0.1826171875 0.6943359375 0.125 0.1669921875
1 0.587890625 0.4921875 0.0263671875 0.037109375
0 0.6318359375 0.564453125 0.1142578125 0.111328125
1 0.8154296875 0.5859375 0.072265625 0.072265625
1 0.5537109375 0.552734375 0.033203125 0.0517578125
0 0.1552734375 0.455078125 0.048828125 0.046875
1 0.896484375 0.65625 0.0751953125 0.078125
1 0.5517578125 0.494140625 0.021484375 0.03125
0 0.25 0.4990234375 0.072265625 0.0888671875
0 0.359375 0.5322265625 0.068359375 0.0703125
0 0.470703125 0.53125 0.0830078125 0.103515625
1 0.185546875 0.5712890625 0.0263671875 0.044921875
1 0.580078125 0.453125 0.0205078125 0.0341796875
0 0.513671875 0.4296875 0.056640625 0.087890625
0 0.5673828125 0.396484375 0.041015625 0.056640625
1 0.177734375 0.5283203125 0.021484375 0.03125
1 0.6923828125 0.541015625 0.0439453125 0.0517578125
1 0.13671875 0.55859375 0.0205078125 0.033203125
0 0.1396484375 0.4111328125 0.0546875 0.041015625
1 0.962890625 0.6494140625 0.044921875 0.076171875
1 0.6376953125 0.505859375 0.021484375 0.025390625
1 0.029296875 0.568359375 0.029296875 0.0419921875
1 0.9287109375 0.611328125 0.0419921875 0.0439453125
1 0.484375 0.408203125 0.0185546875 0.0361328125
1 0.6181640625 0.490234375 0.0234375 0.029296875
1 0.896484375 0.58203125 0.0439453125 0.0546875
1 0.1044921875 0.59375 0.025390625 0.0498046875
0 0.455078125 0.4658203125 0.044921875 0.041015625
1 0.7294921875 0.541015625 0.041015625 0.046875
0 0.1884765625 0.3564453125 0.0390625 0.0341796875
1 0.1455078125 0.5087890625 0.0185546875 0.0263671875
1 0.4296875 0.4287109375 0.025390625 0.0419921875
1 0.7041015625 0.474609375 0.0419921875 0.03125
0 0.2333984375 0.400390625 0.0673828125 0.046875
1 0.060546875 0.4794921875 0.0263671875 0.037109375
1 0.533203125 0.37890625 0.0126953125 0.0205078125
0 0.310546875 0.423828125 0.0732421875 0.080078125
0 0.2744140625 0.7685546875 0.048828125 0.083984375
0 0.4912109375 0.357421875 0.029296875 0.0439453125
1 0.4892578125 0.451171875 0.0126953125 0.029296875
1 0.5908203125 0.427734375 0.0185546875 0.0283203125
1 0.421875 0.396484375 0.015625 0.0185546875
1 0.6416015625 0.6669921875 0.029296875 0.037109375
1 0.1767578125 0.505859375 0.015625 0.021484375
1 0.9599609375 0.5888671875 0.0390625 0.0439453125
1 0.025390625 0.478515625 0.029296875 0.0361328125
0 0.5341796875 0.341796875 0.041015625 0.0283203125
1 0.935546875 0.6572265625 0.0234375 0.0361328125