0 0.642578125 0.6083984375 0.123046875 0.138671875
0 0.1923828125 0.8037109375 0.140625 0.169921875
0 0.5078125 0.5634765625 0.0810546875 0.0986328125
0 0.5654296875 0.5166015625 0.0751953125 0.080078125
0 0.3388671875 0.7265625 0.099609375 0.115234375
1 0.748046875 0.603515625 0.0576171875 0.0576171875
0 0.5390625 0.341796875 0.03125 0.0283203125
1 0.59765625 0.716796875 0.0517578125 0.056640625
1 0.763671875 0.6591796875 0.0517578125 0.0751953125
1 0.158203125 0.537109375 0.029296875 0.046875
0 0.4892578125 0.359375 0.0341796875 0.03125
1 0.896484375 0.677734375 0.0859375 0.080078125
1 0.6650390625 0.521484375 0.0732421875 0.0654296875
1 0.5185546875 0.49609375 0.03125 0.0419921875
1 0.90234375 0.541015625 0.0390625 0.0361328125
0 0.51171875 0.39453125 0.0361328125 0.044921875
1 0.5888671875 0.43359375 0.0439453125 0.0419921875
0 0.5087890625 0.3330078125 0.0263671875 0.0283203125
1 0.888671875 0.57421875 0.021484375 0.0361328125
1 0.455078125 0.5234375 0.029296875 0.0439453125
1 0.7001953125 0.58984375 0.0341796875 0.0517578125
1 0.400390625 0.4619140625 0.0263671875 0.0419921875
0 0.23046875 0.3447265625 0.0234375 0.0263671875
1 0.8876953125 0.791015625 0.0751953125 0.087890625
1 0.099609375 0.4814453125 0.048828125 0.037109375
1 0.6416015625 0.4638671875 0.0419921875 0.03125
1 0.8115234375 0.5654296875 0.091796875 0.068359375
1 0.380859375 0.587890625 0.0341796875 0.0576171875
0 0.828125 0.494140625 0.1064453125 0.064453125
1 0.4453125 0.857421875 0.041015625 0.064453125
1 0.42578125 0.404296875 0.017578125 0.0283203125
1 0.1533203125 0.498046875 0.0185546875 0.029296875
1 0.517578125 0.4541015625 0.0205078125 0.029296875
1 0.0615234375 0.4814453125 0.029296875 0.037109375
1 0.0322265625 0.560546875 0.0390625 0.0419921875
1 0.48828125 0.447265625 0.0263671875 0.0341796875
1 0.8486328125 0.8662109375 0.0654296875 0.044921875
1 0.025390625 0.4931640625 0.029296875 0.033203125
1 0.587890625 0.46875 0.0234375 0.0283203125
1 0.5908203125 0.396484375 0.0283203125 0.041015625
1 0.828125 0.6484375 0.0751953125 0.068359375
1 0.962890625 0.638671875 0.052734375 0.080078125
1 0.8740234375 0.6298828125 0.0361328125 0.0439453125
1 0.4990234375 0.474609375 0.0234375 0.033203125
1 0.4521484375 0.359375 0.013671875 0.021484375
0 0.4423828125 0.4375 0.0439453125 0.046875
1 0.9150390625 0.72265625 0.029296875 0.064453125
1 0.552734375 0.455078125 0.0263671875 0.0341796875
0 0.669921875 0.8212890625 0.1640625 0.1328125
1 0.447265625 0.794921875 0.0341796875 0.0361328125
1 0.548828125 0.4091796875 0.03125 0.037109375
1 0.5341796875 0.380859375 0.025390625 0.0361328125
1 0.1171875 0.412109375 0.021484375 0.0283203125
1 0.470703125 0.427734375 0.025390625 0.037109375
1 0.740234375 0.8544921875 0.0185546875 0.025390625
1 0.5908203125 0.619140625 0.015625 0.0498046875
1 0.0625 0.6796875 0.087890625 0.0625
1 0.677734375 0.685546875 0.068359375 0.060546875
1 0.5634765625 0.369140625 0.017578125 0.0263671875
1 0.6416015625 0.4873046875 0.017578125 0.03125