0 0.345703125 0.64453125 0.091796875 0.1171875
0 0.6640625 0.744140625 0.146484375 0.1669921875
0 0.615234375 0.587890625 0.0908203125 0.125
0 0.2177734375 0.587890625 0.0732421875 0.0888671875
1 0.3759765625 0.5107421875 0.0234375 0.037109375
0 0.48046875 0.5068359375 0.060546875 0.0703125
0 0.09765625 0.3984375 0.0419921875 0.037109375
1 0.80859375 0.599609375 0.048828125 0.0576171875
0 0.31640625 0.517578125 0.064453125 0.068359375
0 0.5068359375 0.416015625 0.0419921875 0.052734375
1 0.751953125 0.630859375 0.0390625 0.056640625
1 0.8974609375 0.6533203125 0.076171875 0.078125
1 0.650390625 0.541015625 0.021484375 0.041015625
1 0.4345703125 0.4716796875 0.0185546875 0.03125
1 0.091796875 0.677734375 0.037109375 0.056640625
0 0.2294921875 0.498046875 0.0625 0.0654296875
1 0.68359375 0.5791015625 0.0419921875 0.044921875
1 0.8642578125 0.5908203125 0.0751953125 0.072265625
1 0.607421875 0.4482421875 0.017578125 0.025390625
0 0.498046875 0.337890625 0.0263671875 0.017578125
1 0.587890625 0.498046875 0.0185546875 0.03125
1 0.509765625 0.45703125 0.013671875 0.0234375
1 0.41796875 0.439453125 0.017578125 0.0283203125
1 0.5341796875 0.5458984375 0.0185546875 0.0234375
1 0.1767578125 0.427734375 0.025390625 0.029296875
1 0.126953125 0.4287109375 0.0185546875 0.0234375
1 0.16796875 0.541015625 0.0205078125 0.0361328125
1 0.6171875 0.529296875 0.0341796875 0.044921875
1 0.705078125 0.541015625 0.0283203125 0.048828125
1 0.287109375 0.568359375 0.0283203125 0.0654296875
1 0.8310546875 0.8447265625 0.068359375 0.0888671875
1 0.9619140625 0.697265625 0.0517578125 0.0732421875
1 0.123046875 0.572265625 0.0341796875 0.044921875
0 0.287109375 0.4296875 0.046875 0.0498046875
1 0.5458984375 0.4931640625 0.0234375 0.0419921875
1 0.5380859375 0.5791015625 0.033203125 0.064453125
1 0.794921875 0.556640625 0.0361328125 0.0439453125
0 0.189453125 0.361328125 0.0341796875 0.029296875
1 0.578125 0.4619140625 0.021484375 0.029296875
1 0.236328125 0.791015625 0.041015625 0.068359375
1 0.2470703125 0.5595703125 0.025390625 0.0341796875
1 0.0595703125 0.48046875 0.025390625 0.0361328125
1 0.537109375 0.67578125 0.0361328125 0.0576171875
1 0.4833984375 0.4521484375 0.0205078125 0.0263671875
1 0.828125 0.5625 0.037109375 0.046875
1 0.927734375 0.607421875 0.0439453125 0.037109375
1 0.6552734375 0.638671875 0.0234375 0.0361328125
1 0.607421875 0.5 0.0205078125 0.0283203125
1 0.572265625 0.552734375 0.029296875 0.048828125
0 0.205078125 0.40625 0.060546875 0.0595703125
1 0.4931640625 0.630859375 0.029296875 0.048828125
0 0.2265625 0.3427734375 0.021484375 0.017578125
1 0.97265625 0.6337890625 0.029296875 0.060546875
1 0.14453125 0.4482421875 0.017578125 0.0185546875
0 0.439453125 0.421875 0.033203125 0.041015625
1 0.244140625 0.45703125 0.033203125 0.0361328125
1 0.8974609375 0.734375 0.0390625 0.083984375
1 0.8994140625 0.544921875 0.0263671875 0.03125
1 0.732421875 0.5390625 0.041015625 0.041015625
1 0.107421875 0.4873046875 0.033203125 0.03125
1 0.029296875 0.5712890625 0.033203125 0.064453125
0 0.32421875 0.3984375 0.0732421875 0.0439453125
0 0.5322265625 0.3369140625 0.0263671875 0.0234375
1 0.4189453125 0.392578125 0.015625 0.0205078125
1 0.4716796875 0.3681640625 0.021484375 0.029296875
1 0.033203125 0.4873046875 0.0439453125 0.0439453125