0 0.193359375 0.751953125 0.125 0.1640625
0 0.513671875 0.4345703125 0.052734375 0.0498046875
0 0.3388671875 0.7255859375 0.0966796875 0.1171875
1 0.4990234375 0.4736328125 0.0234375 0.0439453125
0 0.537109375 0.349609375 0.041015625 0.037109375
1 0.6640625 0.6279296875 0.037109375 0.052734375
0 0.4873046875 0.361328125 0.046875 0.0341796875
1 0.583984375 0.537109375 0.025390625 0.0498046875
1 0.0673828125 0.5341796875 0.0283203125 0.046875
1 0.7470703125 0.6318359375 0.0341796875 0.048828125
1 0.4130859375 0.642578125 0.0361328125 0.048828125
1 0.62890625 0.537109375 0.029296875 0.060546875
1 0.548828125 0.5859375 0.0283203125 0.0439453125
1 0.6708984375 0.560546875 0.0205078125 0.041015625
1 0.1044921875 0.689453125 0.0498046875 0.083984375
1 0.8359375 0.580078125 0.041015625 0.060546875
1 0.466796875 0.43359375 0.0185546875 0.029296875
1 0.45703125 0.78125 0.0390625 0.0625
1 0.41015625 0.806640625 0.048828125 0.0625
1 0.568359375 0.486328125 0.029296875 0.044921875
1 0.310546875 0.84765625 0.0498046875 0.0673828125
1 0.5947265625 0.4892578125 0.017578125 0.0341796875
0 0.509765625 0.333984375 0.033203125 0.029296875
1 0.4228515625 0.4267578125 0.0205078125 0.03125
1 0.564453125 0.44921875 0.0283203125 0.0361328125
1 0.7021484375 0.693359375 0.0517578125 0.0654296875
1 0.0625 0.48046875 0.0341796875 0.0419921875
1 0.3955078125 0.4111328125 0.025390625 0.03125
1 0.408203125 0.390625 0.0263671875 0.03125
1 0.248046875 0.361328125 0.0234375 0.0234375
1 0.0224609375 0.56640625 0.0234375 0.0546875
1 0.5654296875 0.37890625 0.021484375 0.0263671875
0 0.1884765625 0.419921875 0.0888671875 0.044921875
1 0.4306640625 0.462890625 0.0234375 0.0419921875
1 0.5419921875 0.404296875 0.0126953125 0.0205078125
1 0.6318359375 0.44921875 0.017578125 0.0263671875
1 0.6474609375 0.4970703125 0.017578125 0.037109375
1 0.392578125 0.3740234375 0.017578125 0.0234375
1 0.095703125 0.408203125 0.0234375 0.025390625
1 0.42578125 0.7255859375 0.0361328125 0.0361328125
1 0.216796875 0.458984375 0.015625 0.029296875
1 0.3740234375 0.390625 0.0263671875 0.0283203125
1 0.455078125 0.36328125 0.021484375 0.0263671875
1 0.6376953125 0.7421875 0.052734375 0.083984375
1 0.97265625 0.5986328125 0.033203125 0.037109375
1 0.5595703125 0.5419921875 0.0283203125 0.041015625
1 0.166015625 0.36328125 0.015625 0.013671875
1 0.021484375 0.8359375 0.0205078125 0.037109375
1 0.224609375 0.4150390625 0.0185546875 0.0205078125
1 0.5732421875 0.4111328125 0.0126953125 0.025390625
1 0.095703125 0.513671875 0.0234375 0.046875
1 0.8916015625 0.6767578125 0.0546875 0.0625
1 0.619140625 0.490234375 0.0185546875 0.03125
1 0.2294921875 0.357421875 0.0126953125 0.021484375
1 0.017578125 0.681640625 0.013671875 0.0283203125
1 0.2119140625 0.359375 0.0107421875 0.0185546875
1 0.62109375 0.5283203125 0.123046875 0.177734375
1 0.6005859375 0.3994140625 0.013671875 0.0263671875
0 0.1962890625 0.8759765625 0.095703125 0.0263671875
1 0.560546875 0.8359375 0.064453125 0.099609375
1 0.330078125 0.359375 0.013671875 0.0185546875
1 0.361328125 0.3623046875 0.015625 0.0185546875
1 0.7451171875 0.537109375 0.0185546875 0.0546875
1 0.396484375 0.35546875 0.0126953125 0.0205078125
1 0.0390625 0.705078125 0.025390625 0.0498046875
1 0.8828125 0.544921875 0.0126953125 0.0283203125
1 0.212890625 0.326171875 0.015625 0.0185546875
1 0.9501953125 0.62890625 0.0185546875 0.0390625
1 0.0712890625 0.396484375 0.0107421875 0.0126953125