1 0.1796875 0.5859375 0.025390625 0.046875
1 0.646484375 0.5576171875 0.0439453125 0.0595703125
0 0.21484375 0.4677734375 0.0546875 0.0576171875
0 0.869140625 0.8076171875 0.21875 0.1591796875
0 0.51953125 0.4462890625 0.0546875 0.0703125
0 0.5595703125 0.5126953125 0.072265625 0.0908203125
1 0.119140625 0.615234375 0.0263671875 0.0390625
0 0.560546875 0.4130859375 0.0361328125 0.044921875
1 0.7119140625 0.6865234375 0.0419921875 0.0732421875
1 0.798828125 0.587890625 0.041015625 0.0546875
1 0.61328125 0.515625 0.0205078125 0.0341796875
1 0.662109375 0.619140625 0.0439453125 0.0810546875
1 0.6787109375 0.53125 0.0263671875 0.0341796875
1 0.2421875 0.630859375 0.0341796875 0.0576171875
1 0.412109375 0.44921875 0.021484375 0.029296875
1 0.251953125 0.5595703125 0.0283203125 0.046875
1 0.373046875 0.4677734375 0.0283203125 0.044921875
1 0.70703125 0.763671875 0.0576171875 0.0751953125
0 0.458984375 0.431640625 0.0419921875 0.0498046875
1 0.353515625 0.4296875 0.017578125 0.021484375
1 0.8486328125 0.654296875 0.0439453125 0.0498046875
1 0.15234375 0.4609375 0.0205078125 0.0283203125
1 0.27734375 0.478515625 0.0234375 0.03125
1 0.5888671875 0.4755859375 0.0185546875 0.0390625
1 0.6064453125 0.4775390625 0.021484375 0.033203125
1 0.5849609375 0.5478515625 0.0234375 0.033203125
1 0.248046875 0.412109375 0.0205078125 0.0263671875
1 0.728515625 0.5380859375 0.0390625 0.044921875
1 0.7109375 0.8388671875 0.046875 0.068359375
1 0.9443359375 0.6640625 0.0732421875 0.0654296875
1 0.162109375 0.541015625 0.03125 0.037109375
1 0.1279296875 0.419921875 0.025390625 0.033203125
0 0.4892578125 0.3583984375 0.0341796875 0.029296875
1 0.14453125 0.4384765625 0.013671875 0.0205078125
1 0.2646484375 0.5146484375 0.0263671875 0.0361328125
1 0.107421875 0.4091796875 0.017578125 0.0185546875
1 0.453125 0.6865234375 0.037109375 0.0732421875
1 0.50390625 0.6181640625 0.044921875 0.064453125
1 0.169921875 0.423828125 0.0185546875 0.021484375
1 0.8369140625 0.5556640625 0.0517578125 0.0546875
1 0.4716796875 0.5380859375 0.03125 0.0419921875
1 0.841796875 0.603515625 0.0439453125 0.0439453125
1 0.4208984375 0.486328125 0.0234375 0.044921875
0 0.232421875 0.341796875 0.025390625 0.021484375
1 0.896484375 0.666015625 0.044921875 0.0419921875
1 0.0673828125 0.478515625 0.0439453125 0.0390625
1 0.177734375 0.4033203125 0.015625 0.021484375
0 0.943359375 0.5830078125 0.0830078125 0.072265625
1 0.6025390625 0.453125 0.017578125 0.025390625
1 0.1435546875 0.5087890625 0.021484375 0.0263671875
0 0.53125 0.3583984375 0.03125 0.0263671875
1 0.029296875 0.564453125 0.0341796875 0.0517578125
1 0.1943359375 0.4150390625 0.017578125 0.0263671875
1 0.2197265625 0.4072265625 0.0205078125 0.029296875
1 0.39453125 0.4921875 0.0205078125 0.041015625
1 0.3662109375 0.3955078125 0.017578125 0.0185546875
0 0.251953125 0.3193359375 0.0234375 0.017578125
0 0.5703125 0.37890625 0.03125 0.029296875
1 0.0859375 0.4013671875 0.025390625 0.021484375
0 0.4951171875 0.337890625 0.025390625 0.0185546875
1 0.896484375 0.5390625 0.029296875 0.041015625
1 0.896484375 0.57421875 0.0390625 0.044921875
1 0.6396484375 0.5263671875 0.017578125 0.03125
1 0.2041015625 0.3974609375 0.013671875 0.0263671875
1 0.6396484375 0.439453125 0.0419921875 0.0341796875
1 0.19921875 0.55078125 0.1640625 0.185546875
0 0.322265625 0.3974609375 0.0908203125 0.044921875
1 0.853515625 0.7392578125 0.052734375 0.0439453125
1 0.6708984375 0.861328125 0.0517578125 0.0595703125
1 0.0263671875 0.373046875 0.0126953125 0.021484375
1 0.775390625 0.791015625 0.033203125 0.0830078125
0 0.505859375 0.3740234375 0.125 0.1044921875
0 0.5087890625 0.400390625 0.0361328125 0.03125
1 0.6787109375 0.4384765625 0.0205078125 0.033203125