0 0.322265625 0.80078125 0.1435546875 0.1767578125
0 0.662109375 0.689453125 0.150390625 0.181640625
0 0.2412109375 0.5068359375 0.064453125 0.0703125
0 0.201171875 0.67578125 0.103515625 0.1171875
0 0.318359375 0.650390625 0.0908203125 0.107421875
0 0.224609375 0.578125 0.078125 0.0908203125
0 0.076171875 0.798828125 0.1064453125 0.1513671875
0 0.50390625 0.341796875 0.0361328125 0.0283203125
1 0.818359375 0.5830078125 0.0810546875 0.0751953125
1 0.728515625 0.53515625 0.0439453125 0.0419921875
0 0.5478515625 0.4541015625 0.095703125 0.060546875
1 0.138671875 0.513671875 0.0283203125 0.041015625
0 0.478515625 0.369140625 0.029296875 0.0341796875
0 0.328125 0.490234375 0.0654296875 0.0595703125
0 0.3203125 0.55078125 0.068359375 0.080078125
1 0.701171875 0.548828125 0.0283203125 0.0419921875
1 0.48046875 0.4169921875 0.017578125 0.0283203125
1 0.0615234375 0.4853515625 0.0234375 0.0263671875
1 0.6787109375 0.5390625 0.029296875 0.0439453125
1 0.388671875 0.51171875 0.0185546875 0.0419921875
0 0.248046875 0.3857421875 0.044921875 0.0341796875
1 0.9462890625 0.6865234375 0.076171875 0.0888671875
0 0.3515625 0.3212890625 0.03125 0.017578125
0 0.224609375 0.357421875 0.0263671875 0.0185546875
1 0.494140625 0.4326171875 0.0205078125 0.03125
1 0.134765625 0.4658203125 0.021484375 0.0283203125
1 0.9306640625 0.60546875 0.048828125 0.0419921875
0 0.5419921875 0.3330078125 0.03125 0.021484375
1 0.0966796875 0.486328125 0.0185546875 0.029296875
1 0.6533203125 0.4609375 0.0341796875 0.03125
1 0.587890625 0.4111328125 0.015625 0.021484375
1 0.89453125 0.57421875 0.0390625 0.0517578125
1 0.033203125 0.5966796875 0.0361328125 0.0595703125
1 0.1572265625 0.5771484375 0.0263671875 0.0419921875
1 0.4140625 0.4541015625 0.0283203125 0.044921875
1 0.5712890625 0.376953125 0.0234375 0.0283203125
0 0.189453125 0.384765625 0.029296875 0.0185546875
1 0.630859375 0.4404296875 0.0234375 0.0341796875
1 0.1884765625 0.51171875 0.0263671875 0.033203125
1 0.1748046875 0.46484375 0.021484375 0.029296875
1 0.5078125 0.4013671875 0.0126953125 0.0185546875
1 0.138671875 0.4169921875 0.017578125 0.025390625
1 0.890625 0.654296875 0.0810546875 0.0732421875
1 0.435546875 0.853515625 0.0439453125 0.0732421875
0 0.392578125 0.4208984375 0.0205078125 0.029296875
1 0.458984375 0.353515625 0.0185546875 0.025390625
0 0.2568359375 0.408203125 0.0361328125 0.0234375
1 0.197265625 0.4248046875 0.017578125 0.025390625
1 0.2177734375 0.41796875 0.029296875 0.0361328125
1 0.205078125 0.4814453125 0.017578125 0.037109375
0 0.0673828125 0.3232421875 0.0341796875 0.0185546875
1 0.1630859375 0.4072265625 0.0419921875 0.0419921875
1 0.904296875 0.5458984375 0.015625 0.0263671875
1 0.1806640625 0.8486328125 0.044921875 0.083984375
0 0.037109375 0.4677734375 0.041015625 0.0390625