0 0.193359375 0.7490234375 0.126953125 0.1640625
0 0.611328125 0.6865234375 0.134765625 0.1513671875
0 0.509765625 0.41015625 0.0498046875 0.0517578125
0 0.861328125 0.810546875 0.2216796875 0.15625
0 0.33984375 0.724609375 0.0986328125 0.115234375
0 0.48828125 0.361328125 0.0361328125 0.03125
1 0.0693359375 0.7666015625 0.0419921875 0.076171875
0 0.943359375 0.5205078125 0.083984375 0.0625
1 0.830078125 0.662109375 0.0888671875 0.072265625
1 0.724609375 0.59375 0.0751953125 0.068359375
1 0.7060546875 0.5390625 0.0498046875 0.052734375
0 0.513671875 0.568359375 0.0888671875 0.107421875
1 0.791015625 0.5546875 0.0673828125 0.052734375
1 0.4248046875 0.71484375 0.0341796875 0.0859375
0 0.5087890625 0.333984375 0.029296875 0.029296875
1 0.9521484375 0.640625 0.064453125 0.078125
1 0.8359375 0.587890625 0.068359375 0.0546875
1 0.5654296875 0.5341796875 0.0595703125 0.0654296875
1 0.560546875 0.435546875 0.017578125 0.0283203125
1 0.15234375 0.634765625 0.0517578125 0.0517578125
1 0.6591796875 0.4658203125 0.037109375 0.046875
1 0.3232421875 0.5595703125 0.046875 0.087890625
0 0.537109375 0.341796875 0.0283203125 0.0263671875
1 0.3984375 0.466796875 0.021484375 0.0361328125
1 0.4140625 0.4716796875 0.0185546875 0.037109375
1 0.896484375 0.6416015625 0.0390625 0.0576171875
1 0.591796875 0.421875 0.025390625 0.037109375
1 0.0244140625 0.5634765625 0.0234375 0.0517578125
1 0.6171875 0.5146484375 0.037109375 0.0361328125
1 0.548828125 0.37109375 0.0185546875 0.029296875
0 0.455078125 0.4619140625 0.041015625 0.0517578125
1 0.0595703125 0.4775390625 0.025390625 0.0390625
0 0.748046875 0.470703125 0.095703125 0.0517578125
1 0.513671875 0.4873046875 0.0205078125 0.0283203125
1 0.595703125 0.494140625 0.0263671875 0.0361328125
1 0.353515625 0.482421875 0.0263671875 0.033203125
1 0.44140625 0.3583984375 0.0205078125 0.033203125
1 0.19140625 0.6025390625 0.0361328125 0.029296875
1 0.443359375 0.4228515625 0.025390625 0.033203125
1 0.142578125 0.4306640625 0.015625 0.029296875
0 0.455078125 0.5107421875 0.0439453125 0.0625
0 0.35546875 0.3203125 0.029296875 0.0185546875
1 0.025390625 0.373046875 0.0126953125 0.0234375
1 0.6455078125 0.517578125 0.0283203125 0.044921875
1 0.55078125 0.40234375 0.029296875 0.0419921875
0 0.1923828125 0.40625 0.109375 0.0751953125
0 0.5146484375 0.45703125 0.0517578125 0.0576171875
0 0.314453125 0.388671875 0.091796875 0.0595703125