0 0.1923828125 0.7490234375 0.1220703125 0.1611328125
0 0.3388671875 0.728515625 0.099609375 0.119140625
1 0.62890625 0.7275390625 0.044921875 0.080078125
0 0.5107421875 0.4267578125 0.0498046875 0.0595703125
1 0.580078125 0.7958984375 0.046875 0.091796875
1 0.8837890625 0.8203125 0.0888671875 0.0966796875
1 0.779296875 0.7998046875 0.0517578125 0.072265625
1 0.4111328125 0.5244140625 0.025390625 0.0576171875
1 0.6513671875 0.8115234375 0.0498046875 0.1015625
1 0.71875 0.677734375 0.0498046875 0.0908203125
1 0.583984375 0.576171875 0.033203125 0.0498046875
0 0.927734375 0.5693359375 0.119140625 0.0732421875
1 0.8359375 0.666015625 0.087890625 0.080078125
0 0.4921875 0.3603515625 0.0439453125 0.033203125
1 0.4296875 0.677734375 0.037109375 0.0595703125
1 0.5419921875 0.564453125 0.03125 0.052734375
0 0.5380859375 0.34765625 0.0419921875 0.033203125
1 0.4892578125 0.5087890625 0.0283203125 0.044921875
1 0.3056640625 0.83984375 0.0419921875 0.091796875
1 0.5400390625 0.708984375 0.048828125 0.0751953125
1 0.60546875 0.470703125 0.029296875 0.0341796875
1 0.576171875 0.4619140625 0.021484375 0.0361328125
1 0.6357421875 0.5615234375 0.037109375 0.044921875
1 0.0810546875 0.7451171875 0.056640625 0.0908203125
1 0.68359375 0.646484375 0.0361328125 0.0654296875
1 0.7177734375 0.4697265625 0.0390625 0.029296875
1 0.68359375 0.73046875 0.0517578125 0.0546875
1 0.94140625 0.63671875 0.0859375 0.0703125
1 0.7119140625 0.623046875 0.0419921875 0.048828125
1 0.451171875 0.373046875 0.0185546875 0.0283203125
1 0.53125 0.3720703125 0.025390625 0.0283203125
1 0.294921875 0.6005859375 0.0625 0.044921875
1 0.751953125 0.5947265625 0.0419921875 0.0517578125
1 0.724609375 0.541015625 0.0341796875 0.037109375
1 0.486328125 0.4306640625 0.013671875 0.029296875
1 0.033203125 0.7802734375 0.037109375 0.0517578125
1 0.1044921875 0.568359375 0.021484375 0.037109375
1 0.525390625 0.5283203125 0.025390625 0.0341796875
1 0.5302734375 0.6259765625 0.064453125 0.0703125
1 0.5546875 0.427734375 0.0185546875 0.037109375
1 0.6298828125 0.65625 0.041015625 0.056640625
1 0.634765625 0.5146484375 0.025390625 0.0361328125
1 0.228515625 0.6181640625 0.0283203125 0.0830078125
1 0.548828125 0.373046875 0.015625 0.025390625
1 0.310546875 0.435546875 0.0263671875 0.033203125
1 0.66015625 0.462890625 0.048828125 0.037109375
1 0.564453125 0.5439453125 0.021484375 0.0341796875
1 0.841796875 0.54296875 0.041015625 0.033203125
1 0.6845703125 0.57421875 0.0625 0.048828125
1 0.890625 0.384765625 0.0185546875 0.0283203125
1 0.0615234375 0.478515625 0.0263671875 0.037109375
1 0.880859375 0.607421875 0.033203125 0.0419921875
1 0.029296875 0.5634765625 0.0341796875 0.0576171875
1 0.6240234375 0.615234375 0.0263671875 0.0361328125
1 0.5244140625 0.5302734375 0.1669921875 0.1201171875
0 0.509765625 0.337890625 0.033203125 0.0341796875
1 0.462890625 0.720703125 0.037109375 0.109375
1 0.48828125 0.474609375 0.0205078125 0.0341796875
1 0.5771484375 0.375 0.017578125 0.03125
1 0.6640625 0.533203125 0.041015625 0.0517578125
1 0.837890625 0.587890625 0.0517578125 0.0419921875
0 0.4521484375 0.5087890625 0.0419921875 0.0517578125
1 0.498046875 0.607421875 0.0263671875 0.0361328125
0 0.353515625 0.322265625 0.0341796875 0.0185546875
1 0.576171875 0.4267578125 0.0205078125 0.0341796875
1 0.681640625 0.666015625 0.1748046875 0.298828125
1 0.4638671875 0.60546875 0.0498046875 0.0830078125
1 0.2890625 0.392578125 0.041015625 0.0341796875
1 0.7822265625 0.572265625 0.029296875 0.0361328125
1 0.3603515625 0.5908203125 0.0673828125 0.0498046875
0 0.9365234375 0.5107421875 0.1015625 0.052734375
1 0.880859375 0.732421875 0.064453125 0.0908203125
1 0.103515625 0.4833984375 0.029296875 0.029296875
1 0.873046875 0.357421875 0.021484375 0.0263671875
1 0.544921875 0.3994140625 0.013671875 0.0263671875