0 0.193359375 0.748046875 0.126953125 0.1611328125
0 0.51171875 0.4228515625 0.0517578125 0.048828125
1 0.1328125 0.5732421875 0.03125 0.0498046875
0 0.494140625 0.494140625 0.119140625 0.0703125
0 0.337890625 0.728515625 0.0986328125 0.1220703125
0 0.298828125 0.458984375 0.09375 0.0595703125
0 0.5390625 0.3505859375 0.0439453125 0.0390625
1 0.2080078125 0.4765625 0.03125 0.0341796875
1 0.291015625 0.5185546875 0.041015625 0.046875
1 0.2490234375 0.4892578125 0.029296875 0.037109375
1 0.458984375 0.78515625 0.0341796875 0.0576171875
0 0.4921875 0.3583984375 0.037109375 0.033203125
1 0.306640625 0.8330078125 0.0517578125 0.09375
1 0.5576171875 0.4765625 0.025390625 0.0341796875
1 0.158203125 0.4404296875 0.0234375 0.0283203125
1 0.3427734375 0.4951171875 0.033203125 0.0341796875
1 0.0703125 0.517578125 0.03125 0.033203125
1 0.4736328125 0.5283203125 0.03125 0.037109375
1 0.671875 0.583984375 0.0439453125 0.044921875
1 0.0810546875 0.7470703125 0.0498046875 0.083984375
1 0.548828125 0.388671875 0.015625 0.0283203125
1 0.5859375 0.5810546875 0.068359375 0.0625
1 0.0830078125 0.4052734375 0.021484375 0.0234375
1 0.1357421875 0.51953125 0.025390625 0.0390625
1 0.1201171875 0.40625 0.015625 0.021484375
0 0.5107421875 0.3349609375 0.0341796875 0.029296875
1 0.4755859375 0.3896484375 0.013671875 0.0263671875
1 0.4228515625 0.748046875 0.044921875 0.0654296875
1 0.630859375 0.666015625 0.0654296875 0.056640625
1 0.427734375 0.6767578125 0.0390625 0.046875
1 0.7822265625 0.615234375 0.064453125 0.0439453125
1 0.560546875 0.37109375 0.0283203125 0.033203125
0 0.232421875 0.369140625 0.0625 0.037109375
1 0.025390625 0.560546875 0.0263671875 0.0439453125
1 0.205078125 0.41796875 0.0283203125 0.0263671875
1 0.6240234375 0.802734375 0.0390625 0.044921875
1 0.1005859375 0.3984375 0.0205078125 0.0185546875
1 0.134765625 0.41796875 0.0185546875 0.0234375
1 0.7099609375 0.5341796875 0.0517578125 0.0439453125
1 0.025390625 0.744140625 0.029296875 0.0390625
1 0.896484375 0.5849609375 0.0361328125 0.0419921875
1 0.830078125 0.650390625 0.0751953125 0.052734375
1 0.455078125 0.36328125 0.0205078125 0.0263671875
1 0.423828125 0.8291015625 0.0546875 0.091796875
1 0.556640625 0.4501953125 0.021484375 0.0283203125
1 0.546875 0.544921875 0.03125 0.03125
1 0.6240234375 0.494140625 0.044921875 0.041015625
1 0.4189453125 0.38671875 0.025390625 0.0263671875
1 0.060546875 0.478515625 0.0205078125 0.033203125
1 0.59375 0.466796875 0.015625 0.021484375
1 0.255859375 0.4150390625 0.017578125 0.0234375
1 0.619140625 0.46484375 0.0205078125 0.0263671875
1 0.6025390625 0.509765625 0.0205078125 0.029296875
1 0.177734375 0.326171875 0.0234375 0.021484375
1 0.9775390625 0.548828125 0.0205078125 0.0390625
1 0.744140625 0.552734375 0.0390625 0.033203125
1 0.458984375 0.71875 0.029296875 0.046875
1 0.5048828125 0.59375 0.0185546875 0.041015625
1 0.5166015625 0.830078125 0.0390625 0.0625
1 0.4970703125 0.44921875 0.0126953125 0.0234375
1 0.025390625 0.802734375 0.0283203125 0.0361328125
1 0.859375 0.57421875 0.0185546875 0.0263671875
1 0.025390625 0.373046875 0.0126953125 0.0205078125
1 0.1201171875 0.412109375 0.103515625 0.056640625
0 0.15625 0.298828125 0.037109375 0.0341796875
1 0.646484375 0.552734375 0.0419921875 0.041015625
1 0.099609375 0.486328125 0.048828125 0.037109375
0 0.1865234375 0.875 0.095703125 0.0283203125
1 0.681640625 0.447265625 0.015625 0.017578125
1 0.1953125 0.3212890625 0.021484375 0.0205078125
1 0.638671875 0.4423828125 0.048828125 0.03125
1 0.0390625 0.470703125 0.0283203125 0.029296875
1 0.5986328125 0.591796875 0.240234375 0.2001953125