0 0.5791015625 0.6728515625 0.1328125 0.142578125
0 0.1923828125 0.658203125 0.1064453125 0.1328125
0 0.349609375 0.6611328125 0.0888671875 0.115234375
1 0.6865234375 0.587890625 0.0390625 0.052734375
1 0.0859375 0.751953125 0.037109375 0.0625
1 0.74609375 0.7099609375 0.044921875 0.080078125
1 0.416015625 0.501953125 0.0234375 0.0361328125
0 0.5478515625 0.46484375 0.0517578125 0.0517578125
1 0.81640625 0.5869140625 0.076171875 0.0703125
1 0.6884765625 0.5439453125 0.0517578125 0.0498046875
1 0.1669921875 0.5615234375 0.025390625 0.048828125
1 0.4521484375 0.4931640625 0.0263671875 0.0390625
1 0.2646484375 0.498046875 0.0263671875 0.033203125
0 0.583984375 0.548828125 0.099609375 0.115234375
1 0.162109375 0.5263671875 0.0263671875 0.0341796875
1 0.7353515625 0.541015625 0.0361328125 0.0419921875
1 0.4921875 0.4580078125 0.025390625 0.037109375
1 0.638671875 0.537109375 0.0283203125 0.0439453125
1 0.8896484375 0.658203125 0.076171875 0.080078125
1 0.958984375 0.669921875 0.0546875 0.080078125
1 0.5888671875 0.412109375 0.025390625 0.0361328125
0 0.5009765625 0.369140625 0.0361328125 0.03125
1 0.880859375 0.80078125 0.0595703125 0.0859375
0 0.474609375 0.5400390625 0.068359375 0.0859375
0 0.521484375 0.33203125 0.029296875 0.0234375
0 0.5419921875 0.373046875 0.0341796875 0.021484375
1 0.1484375 0.74609375 0.056640625 0.0576171875
0 0.271484375 0.41796875 0.0703125 0.0390625
0 0.3203125 0.4560546875 0.0595703125 0.0498046875
1 0.150390625 0.501953125 0.0185546875 0.029296875
1 0.435546875 0.767578125 0.0263671875 0.0595703125
1 0.123046875 0.6044921875 0.0283203125 0.0625
1 0.0615234375 0.4794921875 0.029296875 0.037109375
1 0.515625 0.4453125 0.0185546875 0.0341796875
0 0.6923828125 0.8466796875 0.1533203125 0.083984375
1 0.5732421875 0.4501953125 0.021484375 0.0341796875
1 0.5341796875 0.4111328125 0.0185546875 0.0341796875
0 0.228515625 0.3505859375 0.0390625 0.0263671875
1 0.197265625 0.486328125 0.0205078125 0.044921875
1 0.92578125 0.609375 0.044921875 0.041015625
0 0.162109375 0.4169921875 0.0390625 0.0341796875
0 0.5673828125 0.3701171875 0.0283203125 0.021484375
0 0.5615234375 0.421875 0.0390625 0.037109375
1 0.24609375 0.767578125 0.033203125 0.0498046875
1 0.369140625 0.4365234375 0.017578125 0.033203125
1 0.3056640625 0.498046875 0.0205078125 0.0419921875
1 0.0390625 0.5615234375 0.021484375 0.0419921875
0 0.9541015625 0.5751953125 0.0673828125 0.056640625
1 0.298828125 0.765625 0.0390625 0.083984375
1 0.232421875 0.427734375 0.013671875 0.0234375
1 0.896484375 0.5791015625 0.0390625 0.048828125
0 0.529296875 0.4013671875 0.138671875 0.1591796875
1 0.1650390625 0.478515625 0.0234375 0.0283203125
1 0.4384765625 0.3642578125 0.013671875 0.021484375
1 0.638671875 0.439453125 0.0439453125 0.0361328125
1 0.208984375 0.4599609375 0.025390625 0.0361328125
1 0.791015625 0.552734375 0.025390625 0.0361328125
1 0.896484375 0.72265625 0.0341796875 0.080078125
1 0.396484375 0.4990234375 0.021484375 0.0390625
1 0.861328125 0.560546875 0.017578125 0.0234375
0 0.3525390625 0.3212890625 0.033203125 0.017578125
1 0.8251953125 0.537109375 0.0185546875 0.0341796875