0 0.193359375 0.7490234375 0.123046875 0.1611328125
0 0.515625 0.4326171875 0.052734375 0.0498046875
0 0.3388671875 0.7275390625 0.0966796875 0.1171875
1 0.63671875 0.5888671875 0.033203125 0.041015625
1 0.546875 0.52734375 0.0283203125 0.048828125
1 0.57421875 0.5166015625 0.0263671875 0.048828125
0 0.486328125 0.361328125 0.046875 0.033203125
0 0.537109375 0.349609375 0.037109375 0.0361328125
1 0.4951171875 0.470703125 0.025390625 0.041015625
1 0.095703125 0.728515625 0.052734375 0.072265625
1 0.212890625 0.47265625 0.0234375 0.0390625
1 0.619140625 0.5263671875 0.037109375 0.0625
1 0.06640625 0.53515625 0.029296875 0.044921875
1 0.4208984375 0.6396484375 0.0390625 0.080078125
1 0.5908203125 0.4794921875 0.0185546875 0.03125
1 0.5244140625 0.55078125 0.0234375 0.060546875
1 0.4560546875 0.7822265625 0.041015625 0.064453125
1 0.4677734375 0.43359375 0.017578125 0.0263671875
1 0.65625 0.54296875 0.021484375 0.0419921875
0 0.5107421875 0.3330078125 0.03125 0.0283203125
1 0.5810546875 0.6552734375 0.037109375 0.0546875
1 0.392578125 0.4013671875 0.017578125 0.0283203125
1 0.6474609375 0.4921875 0.017578125 0.03125
1 0.421875 0.455078125 0.021484375 0.0390625
1 0.552734375 0.439453125 0.0205078125 0.0283203125
1 0.30859375 0.8603515625 0.0361328125 0.048828125
1 0.4111328125 0.806640625 0.046875 0.060546875
1 0.248046875 0.361328125 0.0205078125 0.0205078125
1 0.423828125 0.41796875 0.0205078125 0.0361328125
1 0.41015625 0.388671875 0.017578125 0.0234375
1 0.5634765625 0.466796875 0.0205078125 0.0283203125
1 0.701171875 0.587890625 0.0283203125 0.052734375
1 0.0615234375 0.48046875 0.033203125 0.0390625
1 0.654296875 0.6328125 0.033203125 0.0498046875
1 0.384765625 0.37109375 0.0205078125 0.0234375
1 0.376953125 0.3818359375 0.0126953125 0.017578125
1 0.0224609375 0.5673828125 0.0234375 0.052734375
1 0.619140625 0.478515625 0.0185546875 0.03125
1 0.6435546875 0.447265625 0.025390625 0.0283203125
1 0.6162109375 0.447265625 0.0205078125 0.0283203125
1 0.34765625 0.3564453125 0.0234375 0.025390625
1 0.0224609375 0.8310546875 0.0234375 0.0439453125
0 0.2001953125 0.4287109375 0.078125 0.0517578125
0 0.3291015625 0.3935546875 0.1015625 0.041015625
1 0.56640625 0.48828125 0.0205078125 0.0263671875
1 0.4541015625 0.365234375 0.0205078125 0.0263671875
1 0.166015625 0.36328125 0.013671875 0.013671875
1 0.87890625 0.685546875 0.0390625 0.052734375
1 0.560546875 0.408203125 0.0185546875 0.033203125
1 0.8603515625 0.5830078125 0.0205078125 0.046875
1 0.8935546875 0.5380859375 0.0185546875 0.0390625
1 0.228515625 0.357421875 0.0107421875 0.0205078125
1 0.5654296875 0.380859375 0.0185546875 0.0205078125
0 0.4248046875 0.72265625 0.046875 0.0673828125
1 0.5927734375 0.45703125 0.013671875 0.0234375
1 0.2060546875 0.357421875 0.0126953125 0.0185546875
1 0.025390625 0.76171875 0.0263671875 0.033203125
1 0.3310546875 0.3583984375 0.0126953125 0.0205078125
0 0.19140625 0.3251953125 0.0419921875 0.025390625
0 0.2001953125 0.8759765625 0.09375 0.029296875
1 0.5625 0.755859375 0.0341796875 0.0703125
1 0.8935546875 0.5986328125 0.0283203125 0.0654296875
1 0.4482421875 0.6650390625 0.021484375 0.044921875
1 0.384765625 0.3486328125 0.0107421875 0.015625
1 0.966796875 0.6201171875 0.029296875 0.052734375
1 0.6787109375 0.509765625 0.017578125 0.033203125
1 0.0986328125 0.5126953125 0.021484375 0.0498046875
0 0.3525390625 0.3193359375 0.0361328125 0.0234375