0 0.318359375 0.7998046875 0.140625 0.1748046875
0 0.083984375 0.7509765625 0.0966796875 0.1357421875
0 0.2001953125 0.677734375 0.1064453125 0.1201171875
0 0.3154296875 0.6474609375 0.0908203125 0.107421875
1 0.689453125 0.5419921875 0.044921875 0.0595703125
1 0.900390625 0.650390625 0.0908203125 0.087890625
0 0.224609375 0.578125 0.078125 0.087890625
1 0.8212890625 0.572265625 0.0859375 0.095703125
0 0.4775390625 0.375 0.033203125 0.037109375
0 0.2412109375 0.513671875 0.064453125 0.064453125
0 0.744140625 0.7890625 0.1982421875 0.1875
0 0.599609375 0.4658203125 0.109375 0.0625
0 0.3212890625 0.546875 0.0703125 0.0810546875
0 0.5009765625 0.3447265625 0.0390625 0.029296875
0 0.2265625 0.357421875 0.0283203125 0.0263671875
1 0.486328125 0.4091796875 0.0185546875 0.0283203125
1 0.9609375 0.6982421875 0.052734375 0.0751953125
1 0.7529296875 0.482421875 0.0341796875 0.029296875
0 0.189453125 0.380859375 0.0341796875 0.025390625
0 0.5390625 0.3310546875 0.0341796875 0.025390625
1 0.521484375 0.42578125 0.0283203125 0.0419921875
1 0.896484375 0.5419921875 0.037109375 0.0341796875
1 0.1494140625 0.4892578125 0.0263671875 0.0341796875
1 0.5009765625 0.4091796875 0.017578125 0.0283203125
1 0.4765625 0.4755859375 0.0185546875 0.0361328125
1 0.4365234375 0.755859375 0.0361328125 0.068359375
1 0.376953125 0.4677734375 0.0205078125 0.044921875
1 0.5830078125 0.419921875 0.015625 0.029296875
1 0.1884765625 0.505859375 0.0263671875 0.0419921875
1 0.033203125 0.5927734375 0.0390625 0.076171875
1 0.4375 0.36328125 0.015625 0.0205078125
0 0.0673828125 0.322265625 0.0341796875 0.0205078125
1 0.400390625 0.4345703125 0.0205078125 0.0283203125
1 0.0615234375 0.48046875 0.0263671875 0.0361328125
0 0.2509765625 0.3876953125 0.064453125 0.037109375
1 0.8955078125 0.57421875 0.041015625 0.0390625
1 0.0205078125 0.4716796875 0.0185546875 0.025390625
1 0.392578125 0.681640625 0.03125 0.0390625
1 0.1669921875 0.5361328125 0.03125 0.0625
1 0.7158203125 0.51953125 0.0283203125 0.0361328125
1 0.193359375 0.849609375 0.0810546875 0.0810546875
1 0.9619140625 0.6220703125 0.044921875 0.072265625
1 0.4033203125 0.400390625 0.0185546875 0.0341796875
1 0.427734375 0.455078125 0.021484375 0.046875
1 0.189453125 0.4716796875 0.021484375 0.03125
1 0.54296875 0.833984375 0.060546875 0.099609375
0 0.3515625 0.3203125 0.03125 0.015625
1 0.560546875 0.3916015625 0.0703125 0.0673828125
1 0.8173828125 0.5341796875 0.0283203125 0.041015625
1 0.1455078125 0.4111328125 0.021484375 0.037109375