0 0.19140625 0.7490234375 0.123046875 0.1640625
0 0.51171875 0.423828125 0.048828125 0.052734375
0 0.337890625 0.7265625 0.0986328125 0.119140625
0 0.5390625 0.353515625 0.0439453125 0.044921875
1 0.4140625 0.810546875 0.041015625 0.0498046875
1 0.306640625 0.8466796875 0.048828125 0.078125
1 0.0673828125 0.537109375 0.0283203125 0.0498046875
1 0.513671875 0.4716796875 0.033203125 0.046875
0 0.490234375 0.3603515625 0.0390625 0.033203125
1 0.6103515625 0.4912109375 0.0390625 0.0517578125
1 0.3603515625 0.490234375 0.0361328125 0.052734375
1 0.283203125 0.4951171875 0.0390625 0.056640625
1 0.7197265625 0.623046875 0.0361328125 0.052734375
1 0.646484375 0.4892578125 0.021484375 0.037109375
0 0.5107421875 0.333984375 0.03125 0.0283203125
1 0.541015625 0.478515625 0.025390625 0.041015625
1 0.3203125 0.451171875 0.03125 0.0341796875
0 0.240234375 0.443359375 0.0810546875 0.052734375
1 0.5732421875 0.384765625 0.015625 0.025390625
1 0.458984375 0.783203125 0.0361328125 0.0576171875
1 0.076171875 0.7451171875 0.048828125 0.09375
1 0.556640625 0.5166015625 0.025390625 0.0576171875
1 0.099609375 0.4052734375 0.0283203125 0.029296875
1 0.07421875 0.4052734375 0.0205078125 0.0234375
1 0.49609375 0.453125 0.017578125 0.0341796875
1 0.095703125 0.689453125 0.041015625 0.0498046875
1 0.46875 0.44921875 0.025390625 0.0390625
1 0.591796875 0.38671875 0.0283203125 0.033203125
1 0.5634765625 0.4521484375 0.0205078125 0.033203125
1 0.1513671875 0.4111328125 0.0185546875 0.0283203125
1 0.4296875 0.6875 0.0439453125 0.0595703125
1 0.4228515625 0.7412109375 0.048828125 0.0576171875
0 0.0400390625 0.3779296875 0.044921875 0.025390625
1 0.224609375 0.3701171875 0.037109375 0.03125
1 0.4541015625 0.37109375 0.017578125 0.029296875
1 0.8466796875 0.63671875 0.037109375 0.0732421875
1 0.58203125 0.4658203125 0.029296875 0.037109375
1 0.1669921875 0.3642578125 0.0126953125 0.0185546875
1 0.466796875 0.423828125 0.013671875 0.025390625
1 0.546875 0.41796875 0.015625 0.0205078125
0 0.068359375 0.5009765625 0.115234375 0.107421875
1 0.130859375 0.400390625 0.029296875 0.0263671875
1 0.6201171875 0.462890625 0.0185546875 0.03125
1 0.17578125 0.326171875 0.0205078125 0.021484375
1 0.056640625 0.671875 0.056640625 0.0595703125
1 0.02734375 0.578125 0.029296875 0.072265625
1 0.0595703125 0.478515625 0.021484375 0.037109375
1 0.4609375 0.396484375 0.0126953125 0.0263671875
1 0.38671875 0.3916015625 0.0205078125 0.0234375
1 0.330078125 0.35546875 0.021484375 0.0263671875
0 0.1845703125 0.876953125 0.140625 0.0283203125
1 0.6328125 0.44140625 0.021484375 0.033203125
1 0.2451171875 0.353515625 0.0126953125 0.0234375
1 0.1953125 0.322265625 0.0185546875 0.0185546875
1 0.072265625 0.33984375 0.0126953125 0.013671875
1 0.5458984375 0.4716796875 0.1767578125 0.140625