0 0.3232421875 0.8017578125 0.140625 0.1748046875
0 0.0908203125 0.7197265625 0.09375 0.1298828125
0 0.201171875 0.677734375 0.1044921875 0.1201171875
0 0.318359375 0.646484375 0.09375 0.1064453125
1 0.69140625 0.5458984375 0.048828125 0.0546875
0 0.240234375 0.5068359375 0.0625 0.0703125
1 0.8203125 0.576171875 0.083984375 0.0908203125
0 0.6279296875 0.4716796875 0.0908203125 0.068359375
0 0.224609375 0.5771484375 0.076171875 0.0888671875
1 0.8935546875 0.654296875 0.09375 0.0830078125
0 0.322265625 0.546875 0.072265625 0.0810546875
0 0.1875 0.3798828125 0.0341796875 0.0341796875
1 0.552734375 0.455078125 0.0205078125 0.0390625
1 0.681640625 0.48046875 0.0341796875 0.0361328125
1 0.9619140625 0.701171875 0.0517578125 0.072265625
0 0.482421875 0.3583984375 0.033203125 0.0263671875
1 0.5224609375 0.44921875 0.0205078125 0.0361328125
1 0.41015625 0.4482421875 0.0205078125 0.0341796875
0 0.2275390625 0.349609375 0.0361328125 0.033203125
1 0.0341796875 0.5888671875 0.041015625 0.087890625
1 0.9345703125 0.61328125 0.0439453125 0.048828125
1 0.1435546875 0.400390625 0.0185546875 0.021484375
1 0.8232421875 0.4912109375 0.0341796875 0.033203125
1 0.896484375 0.54296875 0.0341796875 0.029296875
0 0.529296875 0.328125 0.0419921875 0.0283203125
1 0.185546875 0.423828125 0.013671875 0.025390625
1 0.435546875 0.724609375 0.037109375 0.060546875
0 0.783203125 0.837890625 0.1689453125 0.099609375
0 0.068359375 0.322265625 0.033203125 0.0205078125
1 0.4814453125 0.4833984375 0.056640625 0.0419921875
1 0.896484375 0.5869140625 0.0390625 0.0576171875
1 0.5732421875 0.390625 0.0341796875 0.037109375
1 0.38671875 0.6591796875 0.044921875 0.0751953125
1 0.533203125 0.4296875 0.111328125 0.0908203125
1 0.197265625 0.4130859375 0.0205078125 0.029296875
1 0.9716796875 0.634765625 0.03125 0.0654296875
1 0.1884765625 0.50390625 0.0263671875 0.044921875
1 0.0634765625 0.4794921875 0.033203125 0.037109375
1 0.720703125 0.517578125 0.0205078125 0.03125
1 0.173828125 0.408203125 0.0283203125 0.0341796875
0 0.5 0.3408203125 0.0283203125 0.021484375
1 0.1650390625 0.529296875 0.0205078125 0.044921875
1 0.1787109375 0.4638671875 0.0361328125 0.041015625
1 0.1533203125 0.474609375 0.025390625 0.03125
0 0.3525390625 0.3203125 0.033203125 0.015625
1 0.81640625 0.5341796875 0.0263671875 0.037109375
1 0.40234375 0.4169921875 0.017578125 0.025390625
1 0.5888671875 0.443359375 0.021484375 0.0439453125
0 0.2529296875 0.388671875 0.0810546875 0.044921875
1 0.4384765625 0.3642578125 0.017578125 0.021484375
1 0.5400390625 0.833984375 0.060546875 0.1015625