0 0.185546875 0.7001953125 0.1201171875 0.146484375
0 0.5546875 0.6435546875 0.119140625 0.1435546875
0 0.345703125 0.712890625 0.1015625 0.130859375
1 0.7060546875 0.646484375 0.0439453125 0.068359375
1 0.654296875 0.5556640625 0.033203125 0.0517578125
0 0.5712890625 0.53515625 0.091796875 0.107421875
1 0.2724609375 0.515625 0.0263671875 0.037109375
1 0.689453125 0.544921875 0.044921875 0.0517578125
1 0.4130859375 0.48828125 0.0234375 0.0361328125
1 0.1611328125 0.578125 0.03125 0.072265625
1 0.8193359375 0.576171875 0.0830078125 0.080078125
1 0.814453125 0.7158203125 0.056640625 0.0625
1 0.435546875 0.8095703125 0.029296875 0.0595703125
1 0.498046875 0.4560546875 0.025390625 0.037109375
1 0.572265625 0.455078125 0.0234375 0.0390625
1 0.7294921875 0.5380859375 0.0439453125 0.048828125
0 0.328125 0.462890625 0.052734375 0.0546875
0 0.4697265625 0.509765625 0.0673828125 0.109375
1 0.892578125 0.6513671875 0.078125 0.083984375
1 0.251953125 0.44921875 0.021484375 0.029296875
1 0.1552734375 0.5185546875 0.0361328125 0.041015625
1 0.626953125 0.5185546875 0.0234375 0.037109375
1 0.876953125 0.861328125 0.064453125 0.0576171875
1 0.806640625 0.86328125 0.0625 0.0576171875
1 0.9541015625 0.673828125 0.064453125 0.0888671875
1 0.3212890625 0.541015625 0.029296875 0.0390625
1 0.1103515625 0.6650390625 0.029296875 0.048828125
1 0.1611328125 0.462890625 0.015625 0.025390625
0 0.5498046875 0.396484375 0.046875 0.046875
1 0.591796875 0.4111328125 0.013671875 0.03125
1 0.6142578125 0.556640625 0.021484375 0.056640625
0 0.6669921875 0.814453125 0.162109375 0.1455078125
0 0.5029296875 0.36328125 0.0341796875 0.0234375
1 0.376953125 0.462890625 0.0205078125 0.0361328125
0 0.1728515625 0.4228515625 0.044921875 0.0263671875
1 0.2158203125 0.4716796875 0.025390625 0.037109375
0 0.9267578125 0.5849609375 0.115234375 0.0986328125
1 0.068359375 0.478515625 0.0439453125 0.041015625
1 0.451171875 0.3671875 0.015625 0.025390625
0 0.3193359375 0.4013671875 0.0888671875 0.041015625
0 0.224609375 0.3505859375 0.029296875 0.0205078125
1 0.0517578125 0.8154296875 0.0439453125 0.0751953125
1 0.9677734375 0.8671875 0.0390625 0.0498046875
1 0.19921875 0.5029296875 0.0234375 0.052734375
1 0.033203125 0.576171875 0.0419921875 0.0810546875
1 0.7890625 0.5517578125 0.025390625 0.0283203125
0 0.521484375 0.333984375 0.033203125 0.025390625
0 0.3515625 0.3212890625 0.03125 0.017578125
1 0.515625 0.419921875 0.015625 0.03125
1 0.1640625 0.490234375 0.021484375 0.025390625
1 0.302734375 0.83203125 0.0439453125 0.0830078125
1 0.814453125 0.66015625 0.0263671875 0.029296875
1 0.904296875 0.544921875 0.017578125 0.025390625
1 0.826171875 0.537109375 0.0205078125 0.0390625
1 0.7490234375 0.87109375 0.0234375 0.033203125