1 0.390625 0.728515625 0.0341796875 0.056640625
0 0.205078125 0.525390625 0.0703125 0.076171875
1 0.41796875 0.787109375 0.044921875 0.095703125
0 0.3369140625 0.513671875 0.064453125 0.0673828125
0 0.7109375 0.6826171875 0.1689453125 0.1845703125
0 0.5654296875 0.458984375 0.0595703125 0.0546875
1 0.2294921875 0.611328125 0.03125 0.046875
1 0.396484375 0.578125 0.0263671875 0.046875
1 0.201171875 0.6943359375 0.033203125 0.048828125
0 0.58203125 0.521484375 0.1015625 0.1015625
1 0.1025390625 0.689453125 0.044921875 0.044921875
1 0.2568359375 0.6640625 0.033203125 0.072265625
0 0.521484375 0.615234375 0.125 0.130859375
1 0.2880859375 0.6201171875 0.0263671875 0.0498046875
1 0.18359375 0.58203125 0.0263671875 0.0517578125
1 0.490234375 0.4541015625 0.0234375 0.029296875
1 0.6875 0.5458984375 0.0498046875 0.048828125
1 0.8203125 0.578125 0.083984375 0.087890625
1 0.2216796875 0.763671875 0.037109375 0.0576171875
1 0.18359375 0.458984375 0.017578125 0.029296875
1 0.7265625 0.5400390625 0.046875 0.044921875
1 0.13671875 0.5546875 0.0234375 0.041015625
1 0.9541015625 0.6728515625 0.064453125 0.0830078125
1 0.583984375 0.4169921875 0.0205078125 0.0341796875
1 0.5166015625 0.453125 0.0205078125 0.0283203125
1 0.130859375 0.5966796875 0.025390625 0.0498046875
1 0.158203125 0.642578125 0.0234375 0.0419921875
1 0.6396484375 0.7646484375 0.044921875 0.091796875
0 0.4921875 0.517578125 0.078125 0.0859375
1 0.880859375 0.666015625 0.078125 0.080078125
1 0.07421875 0.751953125 0.0390625 0.0517578125
1 0.283203125 0.8017578125 0.037109375 0.09375
1 0.8525390625 0.75 0.0546875 0.078125
0 0.548828125 0.4091796875 0.048828125 0.046875
0 0.5654296875 0.373046875 0.03125 0.029296875
0 0.6943359375 0.8642578125 0.1455078125 0.0498046875
1 0.279296875 0.560546875 0.0234375 0.037109375
1 0.15625 0.486328125 0.0185546875 0.0283203125
0 0.4951171875 0.359375 0.0283203125 0.021484375
1 0.9267578125 0.611328125 0.046875 0.041015625
0 0.0859375 0.388671875 0.041015625 0.0361328125
0 0.5078125 0.337890625 0.025390625 0.0234375
1 0.5927734375 0.388671875 0.0205078125 0.0234375
0 0.537109375 0.380859375 0.0341796875 0.025390625
1 0.2353515625 0.5703125 0.029296875 0.0498046875
1 0.1630859375 0.4208984375 0.0205078125 0.0263671875
1 0.962890625 0.5986328125 0.044921875 0.0595703125
1 0.4404296875 0.4345703125 0.03125 0.056640625
1 0.4677734375 0.3916015625 0.013671875 0.0263671875
1 0.955078125 0.8759765625 0.0546875 0.033203125
1 0.130859375 0.8505859375 0.046875 0.0546875
1 0.1748046875 0.69140625 0.234375 0.2265625
1 0.453125 0.3671875 0.021484375 0.0341796875
1 0.0419921875 0.560546875 0.015625 0.033203125
1 0.5791015625 0.3935546875 0.017578125 0.0283203125
1 0.1533203125 0.6005859375 0.021484375 0.0263671875
1 0.6376953125 0.439453125 0.041015625 0.033203125
1 0.8984375 0.583984375 0.046875 0.0517578125
0 0.0830078125 0.4755859375 0.0810546875 0.048828125
1 0.1904296875 0.380859375 0.015625 0.025390625
1 0.4443359375 0.650390625 0.029296875 0.0517578125
1 0.490234375 0.431640625 0.015625 0.0234375
1 0.0244140625 0.560546875 0.0234375 0.048828125
0 0.51171875 0.3505859375 0.095703125 0.0673828125
1 0.03125 0.474609375 0.0439453125 0.0439453125