0 0.13671875 0.6796875 0.0986328125 0.103515625
0 0.58984375 0.662109375 0.1328125 0.1533203125
0 0.1865234375 0.529296875 0.0673828125 0.0751953125
1 0.6884765625 0.6328125 0.0361328125 0.0625
0 0.544921875 0.55078125 0.0830078125 0.0859375
1 0.6376953125 0.587890625 0.0283203125 0.0625
1 0.818359375 0.580078125 0.076171875 0.0810546875
0 0.3232421875 0.494140625 0.0595703125 0.0654296875
1 0.7529296875 0.720703125 0.0595703125 0.087890625
1 0.6845703125 0.5888671875 0.037109375 0.046875
1 0.6357421875 0.5380859375 0.025390625 0.044921875
0 0.294921875 0.4501953125 0.0517578125 0.046875
1 0.279296875 0.7412109375 0.044921875 0.064453125
1 0.9462890625 0.693359375 0.076171875 0.091796875
1 0.5029296875 0.619140625 0.041015625 0.0625
1 0.5556640625 0.4873046875 0.0205078125 0.0439453125
1 0.259765625 0.537109375 0.0234375 0.0390625
0 0.185546875 0.3994140625 0.041015625 0.0361328125
1 0.728515625 0.541015625 0.0419921875 0.0439453125
1 0.7744140625 0.8076171875 0.0673828125 0.1220703125
0 0.2470703125 0.3857421875 0.0498046875 0.037109375
1 0.8974609375 0.837890625 0.0703125 0.103515625
1 0.4697265625 0.509765625 0.0205078125 0.0419921875
0 0.4814453125 0.45703125 0.046875 0.0576171875
1 0.8662109375 0.669921875 0.060546875 0.072265625
0 0.1884765625 0.3701171875 0.0361328125 0.025390625
1 0.4755859375 0.5556640625 0.0234375 0.0390625
1 0.142578125 0.4638671875 0.0205078125 0.03125
1 0.744140625 0.6455078125 0.0361328125 0.0625
1 0.0283203125 0.576171875 0.0341796875 0.0654296875
1 0.541015625 0.41796875 0.0185546875 0.033203125
0 0.2099609375 0.4326171875 0.0419921875 0.0439453125
1 0.2392578125 0.4111328125 0.0185546875 0.03125
1 0.92578125 0.6083984375 0.0419921875 0.0390625
1 0.755859375 0.8681640625 0.0341796875 0.044921875
0 0.2275390625 0.359375 0.029296875 0.0185546875
1 0.6875 0.53515625 0.041015625 0.0390625
1 0.244140625 0.458984375 0.017578125 0.029296875
1 0.677734375 0.46875 0.0283203125 0.03125
1 0.12109375 0.533203125 0.0263671875 0.044921875
1 0.5458984375 0.4560546875 0.0234375 0.037109375
1 0.470703125 0.619140625 0.0185546875 0.0498046875
1 0.9560546875 0.626953125 0.0439453125 0.0546875
1 0.224609375 0.818359375 0.0595703125 0.1279296875
1 0.5908203125 0.4287109375 0.0185546875 0.029296875
0 0.3779296875 0.615234375 0.1064453125 0.189453125
1 0.095703125 0.474609375 0.033203125 0.037109375
1 0.888671875 0.763671875 0.0341796875 0.041015625
0 0.427734375 0.4228515625 0.046875 0.0517578125
1 0.8935546875 0.5859375 0.041015625 0.052734375
1 0.6220703125 0.8505859375 0.09375 0.080078125
1 0.1552734375 0.4248046875 0.029296875 0.0341796875
1 0.658203125 0.466796875 0.0205078125 0.0205078125
1 0.119140625 0.421875 0.0234375 0.025390625
0 0.48046875 0.3681640625 0.0263671875 0.0419921875
1 0.025390625 0.4833984375 0.029296875 0.0390625
0 0.5361328125 0.357421875 0.03125 0.0390625
0 0.619140625 0.44921875 0.048828125 0.0390625
1 0.900390625 0.5478515625 0.0283203125 0.0390625
1 0.669921875 0.49609375 0.017578125 0.0390625
1 0.814453125 0.537109375 0.025390625 0.0439453125