0 0.1923828125 0.74609375 0.1220703125 0.1611328125
0 0.5166015625 0.4228515625 0.0517578125 0.0546875
1 0.30859375 0.8515625 0.0419921875 0.0654296875
1 0.515625 0.4755859375 0.0341796875 0.048828125
1 0.6103515625 0.494140625 0.0361328125 0.044921875
0 0.3388671875 0.7275390625 0.0966796875 0.1171875
0 0.537109375 0.3525390625 0.041015625 0.0419921875
0 0.4892578125 0.361328125 0.041015625 0.0341796875
1 0.412109375 0.80078125 0.052734375 0.0703125
1 0.470703125 0.451171875 0.0283203125 0.0439453125
1 0.119140625 0.66796875 0.048828125 0.060546875
1 0.5517578125 0.466796875 0.021484375 0.0419921875
1 0.4384765625 0.4443359375 0.017578125 0.029296875
1 0.0751953125 0.7578125 0.041015625 0.0654296875
0 0.9140625 0.564453125 0.1435546875 0.0732421875
1 0.49609375 0.4482421875 0.017578125 0.0283203125
1 0.4267578125 0.6796875 0.046875 0.056640625
1 0.564453125 0.435546875 0.0185546875 0.025390625
1 0.533203125 0.544921875 0.056640625 0.0703125
1 0.6435546875 0.4931640625 0.021484375 0.033203125
1 0.4580078125 0.7802734375 0.037109375 0.064453125
1 0.056640625 0.4873046875 0.021484375 0.0283203125
1 0.361328125 0.4462890625 0.0263671875 0.0361328125
1 0.029296875 0.564453125 0.037109375 0.0595703125
0 0.509765625 0.333984375 0.0283203125 0.029296875
1 0.5478515625 0.505859375 0.0263671875 0.0361328125
1 0.091796875 0.40234375 0.0205078125 0.0234375
1 0.580078125 0.392578125 0.015625 0.0263671875
1 0.0283203125 0.7841796875 0.0341796875 0.078125
1 0.421875 0.73828125 0.046875 0.0517578125
0 0.4013671875 0.4951171875 0.1064453125 0.0625
1 0.4375 0.3623046875 0.015625 0.021484375
1 0.6201171875 0.46484375 0.0185546875 0.029296875
1 0.341796875 0.3505859375 0.015625 0.0205078125
1 0.568359375 0.37890625 0.017578125 0.0234375
1 0.4658203125 0.4228515625 0.0185546875 0.0263671875
1 0.4619140625 0.365234375 0.0234375 0.0283203125
1 0.076171875 0.55859375 0.03125 0.0546875
1 0.529296875 0.455078125 0.017578125 0.025390625
1 0.5849609375 0.462890625 0.017578125 0.033203125
1 0.3291015625 0.3564453125 0.017578125 0.025390625
1 0.0654296875 0.5087890625 0.0185546875 0.029296875
0 0.2353515625 0.37109375 0.0546875 0.029296875
1 0.177734375 0.326171875 0.0205078125 0.021484375
1 0.166015625 0.36328125 0.015625 0.0205078125
1 0.5908203125 0.443359375 0.015625 0.0185546875
0 0.193359375 0.84765625 0.134765625 0.076171875
1 0.8505859375 0.630859375 0.0361328125 0.0751953125
0 0.3212890625 0.3974609375 0.0859375 0.0419921875
1 0.646484375 0.466796875 0.017578125 0.0263671875
1 0.021484375 0.4951171875 0.021484375 0.03125
1 0.9814453125 0.595703125 0.0126953125 0.03125
1 0.5478515625 0.41796875 0.013671875 0.0234375
1 0.2060546875 0.3583984375 0.015625 0.017578125