0 0.3232421875 0.7998046875 0.140625 0.1748046875
1 0.666015625 0.591796875 0.0341796875 0.060546875
0 0.2001953125 0.6748046875 0.0966796875 0.115234375
0 0.1591796875 0.482421875 0.046875 0.052734375
0 0.318359375 0.611328125 0.0830078125 0.0986328125
1 0.7587890625 0.66015625 0.0390625 0.0703125
0 0.5234375 0.4423828125 0.046875 0.0654296875
1 0.796875 0.57421875 0.041015625 0.0576171875
0 0.2265625 0.57421875 0.0810546875 0.0859375
1 0.623046875 0.541015625 0.025390625 0.044921875
0 0.4794921875 0.462890625 0.056640625 0.0673828125
1 0.81640625 0.84375 0.0673828125 0.0908203125
1 0.599609375 0.455078125 0.017578125 0.0361328125
1 0.6162109375 0.681640625 0.0361328125 0.0673828125
1 0.568359375 0.455078125 0.021484375 0.0419921875
1 0.498046875 0.431640625 0.0205078125 0.033203125
1 0.9462890625 0.6884765625 0.0732421875 0.0830078125
1 0.701171875 0.6669921875 0.0390625 0.0654296875
1 0.716796875 0.783203125 0.0517578125 0.0751953125
0 0.240234375 0.509765625 0.0595703125 0.0654296875
1 0.154296875 0.521484375 0.025390625 0.0361328125
0 0.3115234375 0.482421875 0.0517578125 0.056640625
1 0.47265625 0.423828125 0.0234375 0.029296875
1 0.84765625 0.5927734375 0.0546875 0.064453125
1 0.708984375 0.5439453125 0.0283203125 0.0498046875
1 0.65234375 0.8193359375 0.0517578125 0.0703125
1 0.173828125 0.5556640625 0.025390625 0.0419921875
1 0.056640625 0.4833984375 0.0263671875 0.029296875
1 0.646484375 0.4619140625 0.0361328125 0.0390625
1 0.109375 0.5458984375 0.03125 0.0419921875
1 0.0322265625 0.595703125 0.0390625 0.0625
1 0.12890625 0.646484375 0.0419921875 0.0625
1 0.1171875 0.595703125 0.0283203125 0.0390625
0 0.2001953125 0.400390625 0.0439453125 0.037109375
0 0.4873046875 0.3505859375 0.03125 0.029296875
0 0.515625 0.333984375 0.037109375 0.03125
1 0.240234375 0.6416015625 0.0283203125 0.0517578125
1 0.15625 0.3837890625 0.0185546875 0.0234375
0 0.306640625 0.443359375 0.056640625 0.0419921875
1 0.443359375 0.416015625 0.017578125 0.0263671875
0 0.521484375 0.3818359375 0.029296875 0.029296875
1 0.5478515625 0.4130859375 0.0205078125 0.029296875
1 0.154296875 0.7919921875 0.046875 0.068359375
1 0.6181640625 0.587890625 0.029296875 0.037109375
1 0.1767578125 0.4150390625 0.015625 0.0263671875
1 0.931640625 0.607421875 0.0546875 0.0439453125
0 0.3515625 0.3212890625 0.03125 0.017578125
1 0.87890625 0.7099609375 0.0703125 0.1044921875
1 0.59375 0.3955078125 0.0185546875 0.03125
1 0.625 0.5048828125 0.021484375 0.0341796875
1 0.5087890625 0.5546875 0.0234375 0.0498046875
0 0.1142578125 0.505859375 0.037109375 0.044921875
1 0.642578125 0.75390625 0.033203125 0.048828125
1 0.572265625 0.400390625 0.0205078125 0.029296875
1 0.357421875 0.443359375 0.017578125 0.037109375
1 0.8955078125 0.5849609375 0.0341796875 0.060546875
1 0.431640625 0.857421875 0.0498046875 0.0576171875
1 0.462890625 0.373046875 0.025390625 0.0341796875
1 0.5595703125 0.7607421875 0.0283203125 0.068359375
0 0.220703125 0.341796875 0.025390625 0.0234375
1 0.080078125 0.3388671875 0.013671875 0.025390625
1 0.705078125 0.630859375 0.1845703125 0.1640625
1 0.2646484375 0.8671875 0.0390625 0.0439453125
0 0.9443359375 0.5654296875 0.0830078125 0.0595703125
1 0.9755859375 0.630859375 0.0234375 0.0576171875
0 0.333984375 0.396484375 0.0498046875 0.0361328125
1 0.021484375 0.4736328125 0.0205078125 0.025390625
1 0.93359375 0.650390625 0.0263671875 0.0419921875
1 0.0576171875 0.3408203125 0.009765625 0.0185546875
1 0.4150390625 0.4072265625 0.013671875 0.0234375
1 0.076171875 0.759765625 0.041015625 0.0673828125