0 0.333984375 0.72265625 0.1123046875 0.1484375
0 0.5703125 0.5126953125 0.068359375 0.083984375
0 0.2158203125 0.6279296875 0.09375 0.103515625
0 0.572265625 0.6005859375 0.0908203125 0.1044921875
1 0.814453125 0.5693359375 0.072265625 0.0732421875
0 0.3212890625 0.5458984375 0.0703125 0.080078125
1 0.650390625 0.5458984375 0.025390625 0.0517578125
1 0.6875 0.5400390625 0.037109375 0.0517578125
0 0.142578125 0.4189453125 0.044921875 0.0439453125
1 0.6279296875 0.5126953125 0.025390625 0.0341796875
1 0.67578125 0.595703125 0.0419921875 0.064453125
0 0.23046875 0.529296875 0.0673828125 0.0732421875
0 0.240234375 0.4697265625 0.0517578125 0.0576171875
0 0.298828125 0.4462890625 0.0439453125 0.048828125
1 0.4921875 0.5380859375 0.021484375 0.0361328125
1 0.8076171875 0.693359375 0.056640625 0.0703125
1 0.6240234375 0.4814453125 0.0234375 0.041015625
0 0.4560546875 0.470703125 0.041015625 0.048828125
0 0.5107421875 0.341796875 0.046875 0.0361328125
0 0.51171875 0.4033203125 0.0390625 0.0439453125
1 0.9482421875 0.681640625 0.072265625 0.0908203125
0 0.1884765625 0.3759765625 0.029296875 0.033203125
1 0.892578125 0.6474609375 0.0751953125 0.080078125
1 0.267578125 0.662109375 0.037109375 0.0546875
1 0.1650390625 0.494140625 0.0263671875 0.037109375
1 0.107421875 0.705078125 0.0234375 0.0546875
1 0.0986328125 0.6259765625 0.037109375 0.048828125
1 0.1474609375 0.6083984375 0.033203125 0.0703125
1 0.068359375 0.478515625 0.0439453125 0.041015625
1 0.8330078125 0.7939453125 0.072265625 0.1220703125
1 0.5029296875 0.5908203125 0.03125 0.0595703125
1 0.728515625 0.541015625 0.044921875 0.046875
0 0.451171875 0.537109375 0.0361328125 0.0830078125
1 0.89453125 0.5791015625 0.0361328125 0.044921875
1 0.029296875 0.5615234375 0.033203125 0.044921875
1 0.927734375 0.6103515625 0.0517578125 0.0419921875
1 0.8974609375 0.544921875 0.029296875 0.0361328125
0 0.94921875 0.5751953125 0.0732421875 0.056640625
0 0.2861328125 0.412109375 0.0498046875 0.033203125
1 0.0263671875 0.806640625 0.03125 0.0546875
1 0.59375 0.423828125 0.015625 0.0341796875
0 0.552734375 0.376953125 0.033203125 0.03125
0 0.162109375 0.341796875 0.029296875 0.025390625
1 0.396484375 0.5927734375 0.0205078125 0.029296875
1 0.189453125 0.466796875 0.0205078125 0.0361328125
1 0.41796875 0.43359375 0.0205078125 0.029296875
1 0.9736328125 0.6337890625 0.0283203125 0.064453125
1 0.55078125 0.435546875 0.0234375 0.0361328125
1 0.44140625 0.396484375 0.0234375 0.029296875
1 0.4931640625 0.4375 0.0205078125 0.041015625
1 0.775390625 0.658203125 0.0341796875 0.072265625
0 0.4755859375 0.3544921875 0.048828125 0.037109375
1 0.146484375 0.4755859375 0.0263671875 0.0390625