0 0.1923828125 0.748046875 0.125 0.1611328125
0 0.513671875 0.4228515625 0.052734375 0.0546875
0 0.337890625 0.7275390625 0.0966796875 0.1171875
0 0.5380859375 0.3544921875 0.0419921875 0.0439453125
0 0.486328125 0.361328125 0.0439453125 0.03125
1 0.244140625 0.474609375 0.025390625 0.037109375
1 0.517578125 0.470703125 0.046875 0.056640625
1 0.6396484375 0.5048828125 0.0263671875 0.0439453125
0 0.396484375 0.5029296875 0.126953125 0.0751953125
1 0.412109375 0.802734375 0.046875 0.068359375
1 0.0791015625 0.759765625 0.0419921875 0.0703125
1 0.6123046875 0.494140625 0.0341796875 0.0439453125
1 0.0673828125 0.5380859375 0.0283203125 0.044921875
1 0.5791015625 0.4892578125 0.0234375 0.041015625
1 0.1396484375 0.44140625 0.0263671875 0.033203125
0 0.509765625 0.333984375 0.033203125 0.03125
1 0.2080078125 0.4453125 0.021484375 0.025390625
1 0.5576171875 0.4208984375 0.0185546875 0.0263671875
1 0.306640625 0.8359375 0.046875 0.087890625
1 0.66015625 0.572265625 0.060546875 0.048828125
1 0.470703125 0.447265625 0.029296875 0.048828125
1 0.7001953125 0.5595703125 0.0439453125 0.052734375
0 0.1455078125 0.4091796875 0.0654296875 0.046875
1 0.458984375 0.783203125 0.037109375 0.0546875
1 0.427734375 0.6943359375 0.044921875 0.0673828125
1 0.5595703125 0.4736328125 0.021484375 0.037109375
1 0.646484375 0.470703125 0.0205078125 0.029296875
1 0.177734375 0.423828125 0.0185546875 0.0263671875
1 0.630859375 0.55078125 0.0263671875 0.0419921875
1 0.01953125 0.4912109375 0.017578125 0.0361328125
1 0.4423828125 0.3984375 0.015625 0.025390625
1 0.564453125 0.3740234375 0.0234375 0.0263671875
1 0.845703125 0.6396484375 0.033203125 0.0673828125
1 0.068359375 0.478515625 0.033203125 0.033203125
1 0.1650390625 0.365234375 0.0107421875 0.017578125
1 0.5517578125 0.4423828125 0.0185546875 0.03125
1 0.6201171875 0.462890625 0.0185546875 0.029296875
1 0.177734375 0.3291015625 0.013671875 0.0205078125
1 0.248046875 0.357421875 0.015625 0.0185546875
1 0.591796875 0.373046875 0.0185546875 0.029296875
1 0.2255859375 0.3291015625 0.017578125 0.017578125
1 0.634765625 0.443359375 0.0390625 0.0283203125
1 0.587890625 0.451171875 0.0185546875 0.029296875
1 0.556640625 0.396484375 0.0185546875 0.0341796875
1 0.0224609375 0.810546875 0.0263671875 0.076171875
1 0.466796875 0.419921875 0.015625 0.021484375
1 0.4375 0.7646484375 0.021484375 0.0361328125
1 0.255859375 0.388671875 0.025390625 0.033203125
1 0.025390625 0.375 0.0126953125 0.0185546875
1 0.6103515625 0.5029296875 0.1767578125 0.1591796875
1 0.2041015625 0.427734375 0.013671875 0.0205078125
0 0.193359375 0.875 0.0908203125 0.0283203125
1 0.068359375 0.33984375 0.0126953125 0.017578125
1 0.205078125 0.3564453125 0.0107421875 0.0185546875
1 0.9033203125 0.494140625 0.03125 0.0361328125