0 0.1787109375 0.5771484375 0.0830078125 0.0888671875
1 0.599609375 0.509765625 0.0283203125 0.044921875
0 0.5419921875 0.5888671875 0.0966796875 0.103515625
1 0.6123046875 0.552734375 0.0283203125 0.060546875
1 0.744140625 0.65625 0.0498046875 0.078125
1 0.705078125 0.6044921875 0.03125 0.0498046875
1 0.6611328125 0.66796875 0.046875 0.0673828125
1 0.6123046875 0.787109375 0.052734375 0.1044921875
1 0.8349609375 0.830078125 0.0732421875 0.1044921875
0 0.5205078125 0.5068359375 0.068359375 0.0703125
0 0.11328125 0.779296875 0.126953125 0.1484375
1 0.70703125 0.8056640625 0.0576171875 0.1142578125
0 0.341796875 0.5380859375 0.0673828125 0.080078125
0 0.3076171875 0.46875 0.056640625 0.0625
0 0.4765625 0.3759765625 0.046875 0.044921875
1 0.6943359375 0.546875 0.0419921875 0.0498046875
1 0.7978515625 0.576171875 0.0419921875 0.064453125
1 0.6494140625 0.54296875 0.0419921875 0.0576171875
1 0.5361328125 0.697265625 0.041015625 0.056640625
1 0.943359375 0.681640625 0.0830078125 0.0888671875
1 0.431640625 0.498046875 0.021484375 0.041015625
1 0.525390625 0.4345703125 0.0263671875 0.0439453125
0 0.58203125 0.4384765625 0.060546875 0.0517578125
0 0.478515625 0.4326171875 0.044921875 0.056640625
1 0.7001953125 0.732421875 0.041015625 0.044921875
1 0.1376953125 0.509765625 0.021484375 0.0419921875
1 0.44140625 0.4326171875 0.033203125 0.041015625
0 0.2177734375 0.458984375 0.044921875 0.044921875
1 0.1640625 0.486328125 0.025390625 0.037109375
1 0.841796875 0.580078125 0.0419921875 0.0751953125
1 0.619140625 0.7197265625 0.0390625 0.048828125
1 0.0654296875 0.478515625 0.037109375 0.037109375
1 0.7294921875 0.5380859375 0.037109375 0.044921875
0 0.197265625 0.41015625 0.044921875 0.044921875
1 0.6328125 0.5048828125 0.0185546875 0.03125
1 0.857421875 0.765625 0.0439453125 0.072265625
0 0.2470703125 0.3896484375 0.0439453125 0.0419921875
1 0.142578125 0.447265625 0.021484375 0.0263671875
1 0.091796875 0.64453125 0.033203125 0.044921875
1 0.4580078125 0.51953125 0.0283203125 0.060546875
1 0.607421875 0.447265625 0.013671875 0.0234375
1 0.640625 0.443359375 0.021484375 0.0283203125
1 0.728515625 0.615234375 0.025390625 0.0341796875
0 0.275390625 0.4208984375 0.037109375 0.0390625
1 0.888671875 0.599609375 0.056640625 0.0576171875
1 0.1005859375 0.4814453125 0.0361328125 0.0341796875
0 0.498046875 0.34765625 0.0439453125 0.0390625
0 0.947265625 0.583984375 0.078125 0.0732421875
1 0.265625 0.6943359375 0.025390625 0.0390625
1 0.111328125 0.5908203125 0.021484375 0.0341796875
1 0.1728515625 0.458984375 0.0263671875 0.0361328125
1 0.97265625 0.63671875 0.033203125 0.0576171875
1 0.2578125 0.515625 0.0185546875 0.0341796875
0 0.580078125 0.396484375 0.0390625 0.046875
1 0.68359375 0.580078125 0.1513671875 0.203125
1 0.822265625 0.537109375 0.0234375 0.0419921875
0 0.6806640625 0.876953125 0.111328125 0.03125
1 0.0283203125 0.576171875 0.0341796875 0.078125
0 0.353515625 0.3203125 0.037109375 0.0185546875
1 0.3291015625 0.357421875 0.017578125 0.025390625
1 0.1494140625 0.38671875 0.013671875 0.017578125
1 0.9716796875 0.7392578125 0.025390625 0.083984375