0 0.6806640625 0.62109375 0.126953125 0.1328125
0 0.5380859375 0.46484375 0.0546875 0.064453125
1 0.6826171875 0.544921875 0.046875 0.044921875
0 0.2119140625 0.583984375 0.0859375 0.087890625
1 0.224609375 0.7294921875 0.044921875 0.0908203125
1 0.826171875 0.8369140625 0.072265625 0.091796875
1 0.6201171875 0.544921875 0.03125 0.046875
1 0.154296875 0.51953125 0.0234375 0.0361328125
1 0.28125 0.599609375 0.03125 0.068359375
1 0.1025390625 0.654296875 0.033203125 0.0595703125
0 0.55859375 0.396484375 0.0361328125 0.044921875
1 0.818359375 0.583984375 0.078125 0.080078125
1 0.1240234375 0.560546875 0.029296875 0.0498046875
1 0.25390625 0.48828125 0.0234375 0.0390625
1 0.5556640625 0.654296875 0.033203125 0.0595703125
1 0.583984375 0.6279296875 0.03125 0.056640625
1 0.2314453125 0.4130859375 0.0185546875 0.029296875
0 0.521484375 0.41796875 0.044921875 0.0390625
1 0.185546875 0.494140625 0.0234375 0.0439453125
1 0.8876953125 0.6533203125 0.078125 0.0810546875
1 0.30078125 0.501953125 0.0205078125 0.037109375
1 0.732421875 0.5390625 0.0390625 0.041015625
1 0.205078125 0.4091796875 0.0185546875 0.0283203125
1 0.2607421875 0.4462890625 0.021484375 0.0361328125
1 0.564453125 0.5771484375 0.0263671875 0.048828125
1 0.123046875 0.41796875 0.0283203125 0.033203125
1 0.228515625 0.5068359375 0.025390625 0.0390625
1 0.3837890625 0.505859375 0.0234375 0.0439453125
1 0.1494140625 0.412109375 0.0234375 0.03125
0 0.2255859375 0.357421875 0.0263671875 0.025390625
1 0.3642578125 0.45703125 0.0185546875 0.0263671875
1 0.470703125 0.44140625 0.017578125 0.0263671875
1 0.05859375 0.48046875 0.0234375 0.0361328125
0 0.6533203125 0.779296875 0.1689453125 0.181640625
0 0.4931640625 0.357421875 0.0419921875 0.037109375
1 0.8955078125 0.5419921875 0.0341796875 0.0341796875
1 0.4091796875 0.421875 0.0185546875 0.025390625
0 0.4658203125 0.4111328125 0.037109375 0.0341796875
1 0.2236328125 0.455078125 0.0185546875 0.03125
1 0.25 0.4267578125 0.0185546875 0.0283203125
1 0.951171875 0.6904296875 0.0751953125 0.087890625
1 0.021484375 0.4775390625 0.021484375 0.0361328125
1 0.2841796875 0.466796875 0.021484375 0.033203125
1 0.1728515625 0.458984375 0.0361328125 0.0439453125
1 0.61328125 0.4990234375 0.0361328125 0.048828125
1 0.1904296875 0.373046875 0.025390625 0.0341796875
1 0.3505859375 0.416015625 0.017578125 0.0234375
1 0.7060546875 0.5224609375 0.0283203125 0.0390625
1 0.6328125 0.6669921875 0.0341796875 0.046875
0 0.5390625 0.3515625 0.03125 0.0341796875
1 0.4326171875 0.392578125 0.0185546875 0.025390625
1 0.634765625 0.4384765625 0.0390625 0.0361328125
1 0.111328125 0.4833984375 0.0390625 0.0361328125
1 0.462890625 0.369140625 0.017578125 0.021484375
1 0.4345703125 0.4736328125 0.025390625 0.041015625
1 0.5888671875 0.470703125 0.0185546875 0.0263671875
1 0.5927734375 0.5537109375 0.029296875 0.0361328125
0 0.2431640625 0.3818359375 0.080078125 0.0390625
1 0.8974609375 0.5869140625 0.0390625 0.0517578125
1 0.97265625 0.6318359375 0.033203125 0.060546875
1 0.095703125 0.73828125 0.0341796875 0.033203125
1 0.537109375 0.380859375 0.0234375 0.029296875
1 0.2294921875 0.474609375 0.162109375 0.099609375
0 0.3525390625 0.3203125 0.033203125 0.0185546875
1 0.19921875 0.390625 0.013671875 0.015625
1 0.0791015625 0.4091796875 0.0263671875 0.0283203125
1 0.744140625 0.865234375 0.03125 0.0498046875
1 0.0302734375 0.578125 0.0361328125 0.078125
1 0.890625 0.3857421875 0.015625 0.025390625
1 0.0771484375 0.337890625 0.0205078125 0.0205078125
1 0.595703125 0.544921875 0.1064453125 0.244140625
1 0.5458984375 0.798828125 0.0517578125 0.03125
1 0.9541015625 0.53125 0.0205078125 0.015625
1 0.025390625 0.373046875 0.013671875 0.021484375
0 0.32421875 0.3994140625 0.080078125 0.0419921875
1 0.6796875 0.439453125 0.0185546875 0.0341796875
1 0.935546875 0.6474609375 0.0234375 0.0390625