0 0.193359375 0.748046875 0.123046875 0.162109375
0 0.51171875 0.423828125 0.060546875 0.0546875
0 0.3388671875 0.728515625 0.103515625 0.123046875
1 0.5439453125 0.4677734375 0.037109375 0.044921875
0 0.4267578125 0.5009765625 0.1279296875 0.076171875
0 0.673828125 0.53125 0.158203125 0.0654296875
1 0.6220703125 0.4873046875 0.037109375 0.041015625
1 0.482421875 0.4501953125 0.025390625 0.03125
0 0.5400390625 0.345703125 0.0390625 0.0263671875
1 0.580078125 0.4873046875 0.0234375 0.0341796875
0 0.5087890625 0.333984375 0.033203125 0.029296875
1 0.08203125 0.755859375 0.060546875 0.0888671875
1 0.244140625 0.4609375 0.029296875 0.041015625
1 0.71875 0.5966796875 0.109375 0.0751953125
1 0.833984375 0.6279296875 0.046875 0.046875
1 0.5283203125 0.3720703125 0.0185546875 0.025390625
1 0.484375 0.5595703125 0.0341796875 0.0439453125
1 0.30859375 0.85546875 0.0419921875 0.060546875
0 0.4912109375 0.361328125 0.0390625 0.033203125
1 0.1650390625 0.498046875 0.0263671875 0.046875
1 0.11328125 0.4833984375 0.0419921875 0.0419921875
1 0.55078125 0.384765625 0.013671875 0.025390625
1 0.462890625 0.7958984375 0.033203125 0.0546875
1 0.9541015625 0.6328125 0.060546875 0.0498046875
1 0.4326171875 0.673828125 0.052734375 0.1142578125
1 0.095703125 0.609375 0.03125 0.0498046875
1 0.462890625 0.365234375 0.0185546875 0.025390625
1 0.529296875 0.546875 0.052734375 0.046875
1 0.630859375 0.583984375 0.0595703125 0.0546875
1 0.3388671875 0.455078125 0.021484375 0.0283203125
1 0.974609375 0.572265625 0.025390625 0.0361328125
1 0.7900390625 0.59375 0.064453125 0.0595703125
1 0.0595703125 0.4794921875 0.021484375 0.0341796875
1 0.341796875 0.529296875 0.052734375 0.056640625
1 0.2138671875 0.4345703125 0.0283203125 0.0283203125
1 0.5751953125 0.373046875 0.015625 0.025390625
1 0.39453125 0.5537109375 0.0576171875 0.044921875
1 0.423828125 0.74609375 0.0517578125 0.048828125
1 0.775390625 0.541015625 0.052734375 0.041015625
1 0.1318359375 0.419921875 0.013671875 0.025390625
1 0.59375 0.4677734375 0.0185546875 0.0263671875
1 0.435546875 0.5302734375 0.03125 0.0419921875
1 0.177734375 0.3251953125 0.0234375 0.021484375
1 0.0400390625 0.5595703125 0.017578125 0.03125
1 0.4716796875 0.5185546875 0.021484375 0.041015625
1 0.6982421875 0.560546875 0.0341796875 0.029296875
1 0.4111328125 0.4609375 0.0185546875 0.0185546875
1 0.029296875 0.607421875 0.029296875 0.0625
1 0.6640625 0.568359375 0.03125 0.037109375
1 0.5478515625 0.6259765625 0.0517578125 0.0703125
1 0.158203125 0.4443359375 0.013671875 0.017578125
1 0.904296875 0.5546875 0.0595703125 0.0439453125
0 0.2412109375 0.369140625 0.064453125 0.0390625
0 0.353515625 0.322265625 0.03125 0.0185546875
1 0.466796875 0.345703125 0.015625 0.0185546875
1 0.76953125 0.8583984375 0.0673828125 0.064453125
1 0.677734375 0.5400390625 0.0234375 0.0390625
1 0.552734375 0.4384765625 0.015625 0.0234375
1 0.9775390625 0.5439453125 0.017578125 0.0341796875
1 0.3837890625 0.32421875 0.017578125 0.0205078125
1 0.6123046875 0.5478515625 0.025390625 0.033203125
1 0.9404296875 0.513671875 0.0185546875 0.0234375
1 0.4658203125 0.599609375 0.021484375 0.056640625
1 0.044921875 0.7099609375 0.037109375 0.0830078125
1 0.216796875 0.353515625 0.0126953125 0.0185546875
1 0.8330078125 0.5556640625 0.0439453125 0.0419921875
1 0.2294921875 0.4111328125 0.0126953125 0.021484375