0 0.193359375 0.748046875 0.123046875 0.162109375
0 0.5126953125 0.419921875 0.0498046875 0.0546875
0 0.337890625 0.7265625 0.0986328125 0.115234375
0 0.5390625 0.345703125 0.037109375 0.0283203125
0 0.7392578125 0.83984375 0.162109375 0.1015625
0 0.744140625 0.716796875 0.1513671875 0.1484375
1 0.4912109375 0.595703125 0.033203125 0.0732421875
1 0.3994140625 0.513671875 0.0263671875 0.0390625
0 0.5771484375 0.6435546875 0.1201171875 0.1279296875
1 0.5341796875 0.6005859375 0.03125 0.048828125
1 0.6943359375 0.6142578125 0.0576171875 0.0654296875
1 0.5498046875 0.4892578125 0.0595703125 0.0625
1 0.431640625 0.564453125 0.0234375 0.0498046875
1 0.43359375 0.673828125 0.044921875 0.068359375
0 0.4951171875 0.34765625 0.056640625 0.0546875
1 0.861328125 0.658203125 0.060546875 0.072265625
1 0.748046875 0.6337890625 0.033203125 0.0419921875
1 0.6025390625 0.45703125 0.0234375 0.0390625
1 0.767578125 0.5927734375 0.046875 0.0419921875
0 0.927734375 0.5791015625 0.1123046875 0.064453125
1 0.521484375 0.5244140625 0.037109375 0.060546875
1 0.9189453125 0.638671875 0.056640625 0.064453125
1 0.078125 0.7587890625 0.0439453125 0.076171875
1 0.568359375 0.44140625 0.0341796875 0.0419921875
1 0.6044921875 0.578125 0.0341796875 0.0439453125
1 0.83203125 0.5810546875 0.048828125 0.0439453125
1 0.541015625 0.416015625 0.021484375 0.041015625
0 0.46484375 0.521484375 0.080078125 0.103515625
1 0.56640625 0.5615234375 0.029296875 0.0361328125
1 0.6357421875 0.458984375 0.0341796875 0.033203125
1 0.6123046875 0.541015625 0.041015625 0.046875
1 0.234375 0.595703125 0.037109375 0.0517578125
1 0.5419921875 0.556640625 0.03125 0.048828125
1 0.654296875 0.5498046875 0.0546875 0.0595703125
0 0.3525390625 0.3212890625 0.033203125 0.017578125
1 0.15625 0.6005859375 0.0341796875 0.0361328125
1 0.2841796875 0.5927734375 0.041015625 0.044921875
1 0.4404296875 0.3603515625 0.0185546875 0.029296875
1 0.0244140625 0.5634765625 0.0234375 0.0517578125
1 0.646484375 0.513671875 0.0263671875 0.033203125
1 0.4443359375 0.435546875 0.0234375 0.0390625
1 0.615234375 0.5029296875 0.029296875 0.037109375
1 0.416015625 0.466796875 0.017578125 0.029296875
1 0.626953125 0.63671875 0.0234375 0.0361328125
1 0.5478515625 0.3720703125 0.0205078125 0.03125
1 0.67578125 0.4765625 0.0263671875 0.041015625
1 0.06640625 0.478515625 0.0419921875 0.0361328125
1 0.5322265625 0.390625 0.013671875 0.03125
1 0.552734375 0.396484375 0.017578125 0.033203125
1 0.498046875 0.529296875 0.0205078125 0.03125
1 0.326171875 0.357421875 0.025390625 0.0263671875
1 0.10546875 0.4873046875 0.029296875 0.03125
0 0.455078125 0.4658203125 0.0341796875 0.037109375
1 0.509765625 0.486328125 0.021484375 0.033203125
0 0.193359375 0.875 0.0908203125 0.0283203125
1 0.09375 0.6357421875 0.037109375 0.0654296875
1 0.0732421875 0.337890625 0.015625 0.0185546875
1 0.7529296875 0.482421875 0.0341796875 0.0361328125
0 0.2412109375 0.3759765625 0.064453125 0.029296875
1 0.1767578125 0.3251953125 0.021484375 0.021484375