0 0.3212890625 0.798828125 0.1455078125 0.173828125
0 0.4931640625 0.431640625 0.0576171875 0.0576171875
0 0.599609375 0.638671875 0.134765625 0.158203125
0 0.314453125 0.6484375 0.091796875 0.109375
1 0.69140625 0.548828125 0.044921875 0.0546875
1 0.654296875 0.59765625 0.029296875 0.044921875
1 0.7119140625 0.662109375 0.0576171875 0.072265625
1 0.517578125 0.5849609375 0.033203125 0.0576171875
0 0.2421875 0.51171875 0.0625 0.080078125
0 0.5068359375 0.3447265625 0.029296875 0.0361328125
1 0.431640625 0.431640625 0.0205078125 0.0390625
1 0.9453125 0.6884765625 0.078125 0.080078125
0 0.48046875 0.357421875 0.033203125 0.037109375
1 0.822265625 0.580078125 0.0888671875 0.0830078125
1 0.400390625 0.412109375 0.015625 0.0283203125
1 0.1298828125 0.5888671875 0.03125 0.0498046875
1 0.5634765625 0.390625 0.017578125 0.025390625
1 0.892578125 0.650390625 0.0830078125 0.072265625
0 0.326171875 0.4912109375 0.0673828125 0.060546875
0 0.154296875 0.443359375 0.052734375 0.056640625
1 0.7294921875 0.537109375 0.0439453125 0.046875
1 0.50390625 0.509765625 0.0234375 0.052734375
1 0.1357421875 0.5078125 0.025390625 0.03125
1 0.189453125 0.5419921875 0.0390625 0.0498046875
1 0.05859375 0.482421875 0.0263671875 0.033203125
1 0.5380859375 0.427734375 0.0234375 0.0283203125
1 0.548828125 0.5029296875 0.029296875 0.046875
1 0.5732421875 0.5478515625 0.037109375 0.0517578125
0 0.25390625 0.396484375 0.0517578125 0.0546875
1 0.505859375 0.3681640625 0.015625 0.0263671875
1 0.6591796875 0.6845703125 0.0283203125 0.0595703125
0 0.5322265625 0.3427734375 0.0263671875 0.0263671875
1 0.5908203125 0.396484375 0.015625 0.0234375
1 0.17578125 0.611328125 0.029296875 0.0517578125
0 0.376953125 0.390625 0.0673828125 0.0439453125
0 0.1787109375 0.322265625 0.0546875 0.0234375
1 0.37109375 0.455078125 0.0234375 0.0341796875
0 0.7900390625 0.8603515625 0.1328125 0.0576171875
1 0.8916015625 0.5849609375 0.0419921875 0.0517578125
1 0.896484375 0.5400390625 0.0283203125 0.0390625
0 0.955078125 0.5751953125 0.064453125 0.056640625
1 0.9326171875 0.6083984375 0.0439453125 0.0390625
1 0.212890625 0.412109375 0.033203125 0.0361328125
1 0.841796875 0.5390625 0.0341796875 0.037109375
1 0.1015625 0.6962890625 0.037109375 0.064453125
1 0.15234375 0.537109375 0.033203125 0.0419921875
1 0.478515625 0.3935546875 0.0107421875 0.0185546875
1 0.052734375 0.8076171875 0.0439453125 0.078125
1 0.4326171875 0.3818359375 0.037109375 0.033203125
1 0.498046875 0.3916015625 0.0107421875 0.0263671875
1 0.419921875 0.697265625 0.037109375 0.0908203125
1 0.740234375 0.4833984375 0.0263671875 0.029296875
1 0.212890625 0.572265625 0.0263671875 0.0546875
1 0.1884765625 0.4697265625 0.0419921875 0.044921875