0 0.1923828125 0.748046875 0.125 0.162109375
0 0.337890625 0.7275390625 0.0986328125 0.1201171875
0 0.5107421875 0.4169921875 0.041015625 0.0439453125
1 0.513671875 0.47265625 0.033203125 0.048828125
0 0.490234375 0.3603515625 0.041015625 0.033203125
1 0.6103515625 0.494140625 0.0390625 0.0439453125
1 0.30859375 0.833984375 0.0517578125 0.0908203125
1 0.0791015625 0.7587890625 0.044921875 0.0732421875
1 0.412109375 0.7998046875 0.0576171875 0.072265625
0 0.083984375 0.390625 0.0673828125 0.037109375
1 0.1171875 0.673828125 0.046875 0.0595703125
1 0.068359375 0.537109375 0.025390625 0.0361328125
0 0.5380859375 0.3505859375 0.0390625 0.0390625
1 0.4375 0.4365234375 0.021484375 0.0361328125
1 0.4970703125 0.4482421875 0.0185546875 0.0283203125
1 0.646484375 0.4873046875 0.021484375 0.0341796875
1 0.1630859375 0.4228515625 0.0205078125 0.0234375
1 0.5400390625 0.4755859375 0.0263671875 0.0419921875
1 0.55859375 0.447265625 0.0234375 0.033203125
0 0.509765625 0.3330078125 0.0283203125 0.0283203125
1 0.427734375 0.681640625 0.0419921875 0.0517578125
1 0.1123046875 0.412109375 0.0185546875 0.025390625
1 0.458984375 0.779296875 0.0390625 0.0625
1 0.7841796875 0.5625 0.046875 0.0498046875
1 0.568359375 0.37890625 0.015625 0.0234375
1 0.4619140625 0.365234375 0.0205078125 0.0283203125
1 0.021484375 0.572265625 0.025390625 0.0439453125
1 0.044921875 0.599609375 0.0419921875 0.048828125
1 0.46484375 0.4482421875 0.033203125 0.0439453125
1 0.421875 0.736328125 0.0498046875 0.056640625
1 0.0595703125 0.4775390625 0.021484375 0.033203125
1 0.830078125 0.5791015625 0.052734375 0.0517578125
0 0.6376953125 0.537109375 0.134765625 0.0673828125
1 0.572265625 0.427734375 0.0126953125 0.0205078125
1 0.048828125 0.3798828125 0.0205078125 0.0185546875
1 0.166015625 0.365234375 0.0107421875 0.013671875
1 0.2041015625 0.357421875 0.013671875 0.015625
1 0.025390625 0.3740234375 0.013671875 0.017578125
1 0.59375 0.3818359375 0.0126953125 0.0205078125
1 0.6201171875 0.462890625 0.0185546875 0.029296875
1 0.5732421875 0.408203125 0.0126953125 0.021484375
1 0.5947265625 0.466796875 0.017578125 0.025390625
1 0.02734375 0.828125 0.033203125 0.056640625
1 0.0654296875 0.5087890625 0.0185546875 0.033203125
1 0.248046875 0.3564453125 0.015625 0.021484375
1 0.4765625 0.337890625 0.0126953125 0.015625
1 0.677734375 0.4990234375 0.0234375 0.0234375
1 0.2138671875 0.583984375 0.0283203125 0.0576171875
0 0.1875 0.32421875 0.041015625 0.0234375
1 0.330078125 0.357421875 0.017578125 0.021484375
0 0.3203125 0.392578125 0.083984375 0.044921875
1 0.2275390625 0.35546875 0.0107421875 0.0205078125
1 0.546875 0.4169921875 0.015625 0.021484375
1 0.291015625 0.3505859375 0.015625 0.0234375
0 0.1953125 0.875 0.109375 0.03125