0 0.193359375 0.748046875 0.1220703125 0.162109375
0 0.51171875 0.421875 0.0517578125 0.052734375
0 0.3388671875 0.7255859375 0.0966796875 0.1201171875
1 0.30078125 0.4912109375 0.033203125 0.0390625
0 0.59765625 0.5498046875 0.173828125 0.087890625
1 0.400390625 0.537109375 0.0390625 0.0576171875
0 0.5400390625 0.3525390625 0.0419921875 0.0419921875
1 0.0673828125 0.537109375 0.0283203125 0.0419921875
1 0.244140625 0.46484375 0.0283203125 0.029296875
1 0.150390625 0.478515625 0.0263671875 0.0498046875
1 0.576171875 0.388671875 0.017578125 0.0283203125
1 0.306640625 0.8330078125 0.048828125 0.087890625
0 0.4892578125 0.361328125 0.037109375 0.03125
1 0.517578125 0.4716796875 0.0419921875 0.0439453125
1 0.4150390625 0.80859375 0.0390625 0.060546875
1 0.4697265625 0.4296875 0.0234375 0.025390625
1 0.6220703125 0.48828125 0.0341796875 0.0390625
1 0.568359375 0.4384765625 0.017578125 0.0234375
1 0.427734375 0.681640625 0.0439453125 0.0498046875
1 0.890625 0.583984375 0.037109375 0.0419921875
1 0.458984375 0.783203125 0.037109375 0.0576171875
1 0.55859375 0.3935546875 0.0205078125 0.03125
0 0.509765625 0.333984375 0.03125 0.0283203125
1 0.5810546875 0.486328125 0.021484375 0.0341796875
1 0.0830078125 0.748046875 0.052734375 0.095703125
1 0.5166015625 0.373046875 0.017578125 0.0205078125
1 0.4951171875 0.455078125 0.0185546875 0.0283203125
1 0.103515625 0.416015625 0.0185546875 0.029296875
1 0.5537109375 0.47265625 0.0205078125 0.0419921875
1 0.06640625 0.474609375 0.0361328125 0.03125
1 0.8486328125 0.578125 0.03125 0.0341796875
1 0.646484375 0.4697265625 0.0205078125 0.0263671875
1 0.419921875 0.740234375 0.046875 0.0576171875
1 0.1572265625 0.4150390625 0.013671875 0.0263671875
1 0.62109375 0.453125 0.017578125 0.025390625
1 0.412109375 0.361328125 0.013671875 0.017578125
1 0.25 0.365234375 0.0185546875 0.037109375
1 0.4560546875 0.7158203125 0.021484375 0.0283203125
1 0.587890625 0.4482421875 0.013671875 0.025390625
1 0.8408203125 0.646484375 0.046875 0.064453125
1 0.3017578125 0.419921875 0.0185546875 0.0361328125
1 0.1767578125 0.3271484375 0.0185546875 0.0205078125
1 0.068359375 0.3388671875 0.015625 0.0185546875
1 0.455078125 0.3623046875 0.015625 0.0185546875
1 0.021484375 0.373046875 0.0185546875 0.025390625
0 0.228515625 0.423828125 0.068359375 0.0341796875
1 0.6298828125 0.587890625 0.021484375 0.0390625
1 0.5166015625 0.44921875 0.017578125 0.0205078125
1 0.595703125 0.466796875 0.015625 0.0205078125
1 0.1943359375 0.3232421875 0.017578125 0.0185546875
1 0.162109375 0.36328125 0.0185546875 0.0234375
1 0.0185546875 0.4970703125 0.015625 0.0283203125
1 0.9716796875 0.587890625 0.0283203125 0.0390625
1 0.029296875 0.5947265625 0.0283203125 0.0673828125
1 0.8916015625 0.384765625 0.017578125 0.0234375
1 0.5498046875 0.44140625 0.015625 0.0234375
1 0.890625 0.556640625 0.0185546875 0.0263671875
1 0.0205078125 0.4599609375 0.0185546875 0.033203125
1 0.1416015625 0.794921875 0.0263671875 0.0625
0 0.185546875 0.361328125 0.041015625 0.021484375