0 0.193359375 0.748046875 0.123046875 0.162109375
0 0.5107421875 0.419921875 0.0439453125 0.048828125
0 0.3388671875 0.7255859375 0.0966796875 0.1171875
1 0.1982421875 0.451171875 0.0283203125 0.0341796875
1 0.19140625 0.55078125 0.033203125 0.0517578125
1 0.49609375 0.5 0.0234375 0.0439453125
1 0.3095703125 0.8525390625 0.0439453125 0.060546875
0 0.5390625 0.349609375 0.037109375 0.0341796875
1 0.068359375 0.533203125 0.0283203125 0.037109375
0 0.4853515625 0.361328125 0.044921875 0.033203125
1 0.416015625 0.7978515625 0.0517578125 0.0732421875
1 0.412109375 0.39453125 0.015625 0.0263671875
1 0.6083984375 0.501953125 0.0263671875 0.0419921875
1 0.478515625 0.466796875 0.0205078125 0.0361328125
1 0.6416015625 0.4970703125 0.0234375 0.0439453125
1 0.140625 0.529296875 0.021484375 0.0390625
0 0.3427734375 0.478515625 0.111328125 0.068359375
1 0.5625 0.51171875 0.025390625 0.0390625
1 0.078125 0.7568359375 0.0439453125 0.076171875
1 0.587890625 0.486328125 0.0205078125 0.0361328125
1 0.45703125 0.7890625 0.029296875 0.046875
1 0.53125 0.3720703125 0.0185546875 0.021484375
1 0.427734375 0.677734375 0.0361328125 0.041015625
1 0.5205078125 0.4755859375 0.021484375 0.0361328125
0 0.505859375 0.3349609375 0.033203125 0.029296875
1 0.5634765625 0.4794921875 0.0205078125 0.0341796875
1 0.166015625 0.365234375 0.015625 0.017578125
1 0.5380859375 0.513671875 0.0263671875 0.046875
1 0.3896484375 0.412109375 0.017578125 0.025390625
1 0.0224609375 0.568359375 0.0205078125 0.0419921875
1 0.548828125 0.4365234375 0.0185546875 0.029296875
1 0.46484375 0.423828125 0.017578125 0.029296875
1 0.5654296875 0.4521484375 0.015625 0.0263671875
1 0.3818359375 0.3779296875 0.013671875 0.0185546875
1 0.421875 0.740234375 0.046875 0.0498046875
0 0.1416015625 0.408203125 0.0546875 0.0361328125
1 0.0302734375 0.84375 0.0390625 0.0595703125
1 0.2470703125 0.357421875 0.0185546875 0.021484375
0 0.1865234375 0.32421875 0.0419921875 0.0263671875
1 0.5634765625 0.427734375 0.017578125 0.0283203125
1 0.205078125 0.361328125 0.0126953125 0.0185546875
1 0.6708984375 0.5107421875 0.033203125 0.041015625
1 0.025390625 0.765625 0.0263671875 0.037109375
1 0.392578125 0.388671875 0.017578125 0.03125
1 0.5419921875 0.462890625 0.0185546875 0.0263671875
1 0.63671875 0.4501953125 0.0390625 0.037109375
1 0.5244140625 0.8232421875 0.0205078125 0.0439453125
1 0.970703125 0.6201171875 0.033203125 0.046875
1 0.060546875 0.4814453125 0.0205078125 0.0341796875
1 0.3603515625 0.3525390625 0.013671875 0.017578125
1 0.5771484375 0.4169921875 0.013671875 0.0283203125
0 0.1953125 0.875 0.0966796875 0.0283203125
0 0.353515625 0.318359375 0.0361328125 0.0185546875
1 0.041015625 0.552734375 0.017578125 0.03125
1 0.5400390625 0.4697265625 0.1455078125 0.1171875
1 0.189453125 0.4287109375 0.0185546875 0.033203125
1 0.2275390625 0.3857421875 0.0205078125 0.0439453125
1 0.412109375 0.3662109375 0.0107421875 0.013671875
1 0.1083984375 0.4833984375 0.0361328125 0.033203125
1 0.2275390625 0.357421875 0.0107421875 0.0205078125
1 0.119140625 0.353515625 0.021484375 0.0263671875
1 0.5478515625 0.416015625 0.013671875 0.021484375