0 0.322265625 0.80078125 0.1435546875 0.1767578125
1 0.78125 0.787109375 0.0625 0.0888671875
1 0.732421875 0.6279296875 0.037109375 0.0595703125
0 0.2021484375 0.677734375 0.0986328125 0.1171875
1 0.6015625 0.625 0.03125 0.068359375
0 0.4755859375 0.4619140625 0.0576171875 0.0576171875
1 0.6904296875 0.744140625 0.046875 0.072265625
0 0.16015625 0.486328125 0.0546875 0.0546875
1 0.5 0.5361328125 0.025390625 0.0498046875
0 0.2265625 0.576171875 0.0810546875 0.0888671875
1 0.619140625 0.509765625 0.0283203125 0.0517578125
0 0.318359375 0.6162109375 0.083984375 0.1015625
1 0.7978515625 0.576171875 0.0419921875 0.060546875
1 0.677734375 0.6484375 0.0341796875 0.0498046875
1 0.6298828125 0.775390625 0.0439453125 0.076171875
1 0.1552734375 0.529296875 0.0263671875 0.037109375
1 0.6953125 0.53125 0.0341796875 0.037109375
1 0.6494140625 0.5869140625 0.033203125 0.0546875
1 0.5966796875 0.455078125 0.0185546875 0.0341796875
1 0.56640625 0.45703125 0.0205078125 0.033203125
1 0.947265625 0.6865234375 0.0732421875 0.0830078125
1 0.6298828125 0.462890625 0.03125 0.041015625
0 0.525390625 0.4423828125 0.052734375 0.0595703125
0 0.3125 0.4833984375 0.052734375 0.060546875
1 0.599609375 0.5625 0.03125 0.041015625
0 0.240234375 0.5048828125 0.060546875 0.068359375
1 0.498046875 0.4189453125 0.0234375 0.037109375
1 0.8525390625 0.5927734375 0.060546875 0.0673828125
1 0.6513671875 0.5458984375 0.025390625 0.0361328125
0 0.203125 0.404296875 0.041015625 0.037109375
1 0.056640625 0.484375 0.0263671875 0.03125
1 0.7294921875 0.537109375 0.041015625 0.046875
1 0.123046875 0.6611328125 0.0439453125 0.0751953125
1 0.478515625 0.419921875 0.0185546875 0.025390625
1 0.6201171875 0.705078125 0.0283203125 0.0419921875
0 0.51953125 0.3876953125 0.0361328125 0.0341796875
1 0.166015625 0.8076171875 0.052734375 0.0751953125
1 0.1689453125 0.5634765625 0.025390625 0.048828125
1 0.5947265625 0.396484375 0.017578125 0.029296875
1 0.7109375 0.5537109375 0.015625 0.029296875
1 0.1142578125 0.60546875 0.03125 0.0419921875
0 0.517578125 0.333984375 0.0341796875 0.0283203125
1 0.6513671875 0.6044921875 0.1279296875 0.166015625
1 0.443359375 0.412109375 0.015625 0.0283203125
0 0.4873046875 0.3525390625 0.0283203125 0.029296875
1 0.5712890625 0.3974609375 0.017578125 0.0263671875
1 0.9287109375 0.8671875 0.0517578125 0.046875
1 0.4599609375 0.3701171875 0.029296875 0.037109375
1 0.9326171875 0.6083984375 0.056640625 0.044921875
1 0.1044921875 0.5546875 0.0283203125 0.037109375
0 0.2197265625 0.3447265625 0.0263671875 0.0263671875
1 0.8955078125 0.5849609375 0.037109375 0.060546875
0 0.3515625 0.3203125 0.03125 0.015625
1 0.0244140625 0.560546875 0.0234375 0.0439453125
1 0.0634765625 0.3427734375 0.013671875 0.017578125
1 0.876953125 0.705078125 0.076171875 0.111328125
0 0.111328125 0.513671875 0.033203125 0.046875
1 0.6689453125 0.8642578125 0.0439453125 0.0498046875
1 0.9755859375 0.6318359375 0.0234375 0.0576171875
1 0.4638671875 0.677734375 0.025390625 0.0703125
1 0.068359375 0.7705078125 0.044921875 0.0625
1 0.021484375 0.47265625 0.0205078125 0.0234375
1 0.265625 0.8623046875 0.041015625 0.052734375
1 0.36328125 0.4501953125 0.0205078125 0.0439453125
1 0.4267578125 0.876953125 0.052734375 0.0283203125
1 0.0361328125 0.802734375 0.041015625 0.09375