0 0.322265625 0.7998046875 0.1455078125 0.1748046875
0 0.6181640625 0.5771484375 0.111328125 0.123046875
0 0.203125 0.658203125 0.09375 0.1142578125
1 0.587890625 0.4462890625 0.0234375 0.033203125
1 0.5244140625 0.580078125 0.029296875 0.0595703125
0 0.31640625 0.6494140625 0.0888671875 0.111328125
1 0.69140625 0.546875 0.048828125 0.052734375
1 0.5634765625 0.3896484375 0.017578125 0.0263671875
1 0.54296875 0.44140625 0.0263671875 0.0361328125
1 0.1376953125 0.619140625 0.03125 0.052734375
1 0.59375 0.396484375 0.0185546875 0.0263671875
1 0.822265625 0.58203125 0.083984375 0.080078125
1 0.0908203125 0.708984375 0.03125 0.060546875
1 0.5400390625 0.486328125 0.0205078125 0.0390625
1 0.947265625 0.6884765625 0.0751953125 0.080078125
1 0.6572265625 0.4794921875 0.0390625 0.037109375
1 0.4951171875 0.4677734375 0.021484375 0.0390625
1 0.4091796875 0.431640625 0.0185546875 0.0341796875
1 0.890625 0.658203125 0.083984375 0.078125
1 0.4375 0.4482421875 0.021484375 0.0341796875
1 0.1572265625 0.541015625 0.0263671875 0.0419921875
1 0.669921875 0.783203125 0.0341796875 0.0703125
0 0.3271484375 0.490234375 0.0673828125 0.0595703125
1 0.474609375 0.4326171875 0.0205078125 0.03125
0 0.4794921875 0.357421875 0.0341796875 0.0390625
1 0.443359375 0.4833984375 0.025390625 0.044921875
0 0.3203125 0.5478515625 0.072265625 0.0830078125
1 0.099609375 0.5673828125 0.03125 0.056640625
0 0.240234375 0.5126953125 0.0625 0.0810546875
1 0.505859375 0.365234375 0.0185546875 0.0283203125
1 0.404296875 0.3857421875 0.015625 0.021484375
1 0.068359375 0.4755859375 0.033203125 0.033203125
1 0.90234375 0.5361328125 0.044921875 0.052734375
1 0.619140625 0.4296875 0.017578125 0.0283203125
1 0.4208984375 0.6142578125 0.0546875 0.0595703125
1 0.037109375 0.595703125 0.048828125 0.072265625
0 0.2529296875 0.3955078125 0.0498046875 0.056640625
1 0.974609375 0.5263671875 0.0263671875 0.025390625
1 0.11328125 0.533203125 0.0263671875 0.046875
0 0.53125 0.353515625 0.03125 0.0390625
0 0.505859375 0.337890625 0.025390625 0.021484375
1 0.458984375 0.361328125 0.017578125 0.0283203125
1 0.443359375 0.4111328125 0.0205078125 0.0341796875
1 0.689453125 0.4755859375 0.033203125 0.0390625
1 0.1806640625 0.490234375 0.0390625 0.0419921875
1 0.931640625 0.6103515625 0.0498046875 0.0419921875
0 0.107421875 0.404296875 0.041015625 0.0361328125
1 0.560546875 0.755859375 0.03125 0.076171875
1 0.478515625 0.505859375 0.0361328125 0.060546875
1 0.0673828125 0.85546875 0.0341796875 0.0576171875
1 0.5498046875 0.650390625 0.037109375 0.044921875
1 0.13671875 0.4921875 0.0263671875 0.041015625
1 0.4453125 0.7880859375 0.0341796875 0.107421875
0 0.384765625 0.35546875 0.09375 0.0390625
1 0.892578125 0.58203125 0.0439453125 0.0546875
1 0.193359375 0.41796875 0.046875 0.0419921875
1 0.44921875 0.4326171875 0.0859375 0.083984375
1 0.037109375 0.47265625 0.0361328125 0.0390625
1 0.529296875 0.4130859375 0.015625 0.033203125
1 0.841796875 0.5419921875 0.025390625 0.037109375
1 0.279296875 0.7412109375 0.0205078125 0.0234375
0 0.0712890625 0.322265625 0.0390625 0.0234375