0 0.1923828125 0.748046875 0.125 0.1611328125
0 0.513671875 0.4228515625 0.0517578125 0.0546875
0 0.3388671875 0.7275390625 0.0966796875 0.1171875
1 0.6123046875 0.4931640625 0.03125 0.044921875
1 0.513671875 0.47265625 0.0361328125 0.0517578125
1 0.416015625 0.810546875 0.037109375 0.0498046875
1 0.4697265625 0.455078125 0.033203125 0.044921875
0 0.5380859375 0.35546875 0.0419921875 0.044921875
0 0.4384765625 0.5107421875 0.142578125 0.0751953125
1 0.5791015625 0.4873046875 0.0234375 0.0439453125
0 0.486328125 0.361328125 0.0419921875 0.03125
1 0.6396484375 0.505859375 0.029296875 0.0498046875
1 0.267578125 0.4921875 0.0283203125 0.0341796875
1 0.068359375 0.537109375 0.0263671875 0.041015625
1 0.556640625 0.412109375 0.017578125 0.033203125
0 0.509765625 0.3349609375 0.03125 0.029296875
0 0.1650390625 0.408203125 0.064453125 0.037109375
1 0.2216796875 0.4541015625 0.021484375 0.029296875
1 0.564453125 0.375 0.0234375 0.0283203125
1 0.541015625 0.470703125 0.025390625 0.0498046875
1 0.0595703125 0.484375 0.025390625 0.0283203125
1 0.564453125 0.451171875 0.017578125 0.0283203125
1 0.306640625 0.8369140625 0.046875 0.0859375
1 0.1435546875 0.4560546875 0.0185546875 0.025390625
1 0.189453125 0.4296875 0.0205078125 0.03125
1 0.080078125 0.759765625 0.0517578125 0.0751953125
1 0.458984375 0.783203125 0.037109375 0.056640625
1 0.7578125 0.572265625 0.068359375 0.0546875
1 0.4384765625 0.37890625 0.0205078125 0.029296875
1 0.681640625 0.5576171875 0.0263671875 0.0439453125
1 0.646484375 0.470703125 0.017578125 0.021484375
1 0.0185546875 0.494140625 0.015625 0.0361328125
1 0.1640625 0.3642578125 0.0126953125 0.015625
1 0.177734375 0.3291015625 0.013671875 0.0205078125
1 0.419921875 0.740234375 0.046875 0.0576171875
1 0.6650390625 0.5087890625 0.029296875 0.0390625
1 0.62109375 0.455078125 0.017578125 0.025390625
1 0.42578125 0.681640625 0.033203125 0.0341796875
1 0.13671875 0.419921875 0.013671875 0.029296875
1 0.587890625 0.4521484375 0.0185546875 0.029296875
1 0.55078125 0.4443359375 0.017578125 0.029296875
1 0.1591796875 0.4208984375 0.0126953125 0.017578125
1 0.255859375 0.3955078125 0.0185546875 0.025390625
1 0.021484375 0.814453125 0.021484375 0.0673828125
1 0.3310546875 0.353515625 0.021484375 0.0263671875
1 0.5634765625 0.4677734375 0.173828125 0.1044921875
1 0.025390625 0.375 0.013671875 0.0185546875
0 0.2333984375 0.365234375 0.060546875 0.0341796875
1 0.20703125 0.3564453125 0.0107421875 0.0185546875
1 0.466796875 0.4208984375 0.015625 0.0234375
1 0.7177734375 0.55078125 0.0234375 0.048828125
0 0.1982421875 0.875 0.0966796875 0.0283203125
1 0.455078125 0.716796875 0.0205078125 0.025390625
1 0.513671875 0.3701171875 0.0205078125 0.021484375
1 0.892578125 0.3818359375 0.017578125 0.0263671875
1 0.068359375 0.33984375 0.0126953125 0.017578125
0 0.8310546875 0.55859375 0.072265625 0.0576171875