0 0.193359375 0.7490234375 0.123046875 0.1640625
0 0.51171875 0.4189453125 0.0517578125 0.052734375
0 0.337890625 0.7265625 0.0986328125 0.115234375
0 0.5390625 0.34765625 0.041015625 0.033203125
0 0.7724609375 0.7294921875 0.1640625 0.1748046875
0 0.587890625 0.662109375 0.1328125 0.134765625
0 0.494140625 0.345703125 0.0576171875 0.0546875
1 0.576171875 0.451171875 0.029296875 0.041015625
1 0.6103515625 0.58203125 0.0361328125 0.048828125
1 0.431640625 0.6708984375 0.041015625 0.0703125
1 0.400390625 0.521484375 0.0263671875 0.041015625
1 0.5419921875 0.5849609375 0.0283203125 0.0517578125
1 0.71484375 0.580078125 0.064453125 0.072265625
1 0.572265625 0.568359375 0.033203125 0.046875
1 0.166015625 0.6005859375 0.0341796875 0.048828125
1 0.666015625 0.62109375 0.0419921875 0.060546875
1 0.498046875 0.626953125 0.029296875 0.046875
1 0.6083984375 0.4580078125 0.0263671875 0.037109375
1 0.857421875 0.654296875 0.064453125 0.068359375
0 0.751953125 0.8544921875 0.15625 0.072265625
1 0.751953125 0.646484375 0.064453125 0.0546875
1 0.439453125 0.5810546875 0.0205078125 0.037109375
1 0.638671875 0.451171875 0.0283203125 0.03125
1 0.078125 0.751953125 0.0439453125 0.078125
1 0.7978515625 0.5771484375 0.0888671875 0.0673828125
0 0.927734375 0.5693359375 0.115234375 0.0732421875
1 0.412109375 0.48828125 0.029296875 0.048828125
1 0.544921875 0.51171875 0.03125 0.0546875
1 0.2939453125 0.5966796875 0.037109375 0.056640625
1 0.62109375 0.5087890625 0.0517578125 0.0546875
1 0.5546875 0.40625 0.021484375 0.0341796875
1 0.2412109375 0.595703125 0.033203125 0.0546875
0 0.3525390625 0.3212890625 0.033203125 0.017578125
1 0.548828125 0.37109375 0.0185546875 0.029296875
0 0.466796875 0.5146484375 0.083984375 0.1044921875
0 0.455078125 0.4677734375 0.0341796875 0.0390625
1 0.6591796875 0.533203125 0.03125 0.0439453125
1 0.5009765625 0.451171875 0.0263671875 0.0283203125
1 0.0244140625 0.564453125 0.0234375 0.0498046875
1 0.728515625 0.537109375 0.037109375 0.0341796875
1 0.439453125 0.3583984375 0.0205078125 0.029296875
1 0.4970703125 0.5791015625 0.0283203125 0.0517578125
1 0.576171875 0.375 0.017578125 0.025390625
1 0.4462890625 0.431640625 0.017578125 0.033203125
1 0.060546875 0.4794921875 0.0234375 0.037109375
1 0.974609375 0.6298828125 0.025390625 0.041015625
1 0.5234375 0.5126953125 0.0185546875 0.0283203125
1 0.041015625 0.7041015625 0.0361328125 0.0732421875
1 0.6845703125 0.466796875 0.021484375 0.033203125
1 0.501953125 0.537109375 0.021484375 0.03125
1 0.328125 0.357421875 0.021484375 0.025390625
0 0.1875 0.875 0.109375 0.0283203125
1 0.103515625 0.486328125 0.029296875 0.03125
1 0.5771484375 0.41796875 0.1142578125 0.1142578125
1 0.4677734375 0.423828125 0.017578125 0.0263671875
1 0.1083984375 0.623046875 0.029296875 0.0625
1 0.072265625 0.337890625 0.013671875 0.0185546875
1 0.853515625 0.5810546875 0.0341796875 0.0498046875