0 0.1923828125 0.7490234375 0.125 0.1611328125
1 0.6484375 0.7734375 0.046875 0.0751953125
0 0.3388671875 0.7265625 0.099609375 0.119140625
1 0.599609375 0.8466796875 0.0517578125 0.078125
0 0.5107421875 0.42578125 0.0498046875 0.0576171875
1 0.7587890625 0.7333984375 0.048828125 0.0732421875
1 0.8310546875 0.8505859375 0.068359375 0.076171875
1 0.564453125 0.763671875 0.0498046875 0.080078125
1 0.5927734375 0.62109375 0.0390625 0.0673828125
0 0.4892578125 0.3603515625 0.0439453125 0.033203125
0 0.537109375 0.3505859375 0.0439453125 0.0361328125
1 0.6767578125 0.8583984375 0.0498046875 0.0673828125
1 0.416015625 0.54296875 0.03125 0.048828125
1 0.69921875 0.666015625 0.0390625 0.0654296875
1 0.580078125 0.4609375 0.0234375 0.037109375
1 0.7646484375 0.634765625 0.0576171875 0.072265625
1 0.4296875 0.677734375 0.041015625 0.060546875
1 0.490234375 0.5185546875 0.029296875 0.0439453125
1 0.556640625 0.4345703125 0.0185546875 0.03125
1 0.306640625 0.85546875 0.037109375 0.064453125
0 0.9228515625 0.5810546875 0.123046875 0.0810546875
1 0.6083984375 0.5712890625 0.033203125 0.0517578125
1 0.5986328125 0.490234375 0.025390625 0.0341796875
0 0.5078125 0.3310546875 0.0341796875 0.025390625
1 0.71484375 0.7744140625 0.0576171875 0.0517578125
1 0.0771484375 0.7685546875 0.0419921875 0.0810546875
1 0.7294921875 0.4716796875 0.041015625 0.0341796875
1 0.5546875 0.546875 0.046875 0.0625
1 0.8701171875 0.662109375 0.072265625 0.0703125
1 0.96875 0.6279296875 0.037109375 0.056640625
1 0.033203125 0.7744140625 0.0390625 0.0703125
1 0.796875 0.5625 0.0439453125 0.052734375
1 0.65625 0.6962890625 0.0439453125 0.064453125
1 0.3291015625 0.595703125 0.048828125 0.0439453125
1 0.7119140625 0.599609375 0.044921875 0.056640625
1 0.642578125 0.4716796875 0.03125 0.0283203125
1 0.7041015625 0.53515625 0.0390625 0.0361328125
1 0.419921875 0.46484375 0.0283203125 0.029296875
1 0.455078125 0.36328125 0.0205078125 0.0263671875
1 0.54296875 0.4140625 0.017578125 0.03125
1 0.642578125 0.6005859375 0.064453125 0.0859375
1 0.478515625 0.4921875 0.021484375 0.0341796875
1 0.0283203125 0.8447265625 0.0341796875 0.080078125
1 0.3818359375 0.4453125 0.029296875 0.0439453125
1 0.68359375 0.46484375 0.0390625 0.0361328125
0 0.06640625 0.5224609375 0.1142578125 0.138671875
1 0.822265625 0.537109375 0.0263671875 0.0390625
1 0.74609375 0.591796875 0.033203125 0.048828125
1 0.806640625 0.6572265625 0.0439453125 0.060546875
1 0.6962890625 0.705078125 0.1826171875 0.287109375
1 0.642578125 0.544921875 0.0390625 0.0498046875
1 0.958984375 0.8662109375 0.0546875 0.044921875
1 0.576171875 0.375 0.015625 0.03125
0 0.353515625 0.3212890625 0.0341796875 0.0205078125
1 0.560546875 0.6220703125 0.0263671875 0.037109375
1 0.1171875 0.5322265625 0.021484375 0.0361328125
1 0.0380859375 0.7138671875 0.029296875 0.0654296875
1 0.876953125 0.611328125 0.025390625 0.0361328125
1 0.5244140625 0.4990234375 0.033203125 0.044921875
1 0.890625 0.3828125 0.0185546875 0.03125
1 0.5615234375 0.486328125 0.0205078125 0.03125
1 0.103515625 0.4833984375 0.029296875 0.033203125
1 0.578125 0.4287109375 0.0185546875 0.033203125
1 0.060546875 0.478515625 0.025390625 0.037109375
0 0.244140625 0.376953125 0.068359375 0.0419921875
1 0.6728515625 0.513671875 0.0361328125 0.0361328125
1 0.455078125 0.505859375 0.041015625 0.0517578125
1 0.5185546875 0.3916015625 0.009765625 0.013671875
1 0.2392578125 0.333984375 0.009765625 0.017578125
1 0.177734375 0.3271484375 0.0185546875 0.0205078125
1 0.916015625 0.361328125 0.0361328125 0.0283203125
1 0.373046875 0.3271484375 0.013671875 0.0205078125
0 0.9130859375 0.501953125 0.0517578125 0.044921875