1 0.3896484375 0.744140625 0.033203125 0.060546875
0 0.580078125 0.51171875 0.09375 0.095703125
0 0.5146484375 0.607421875 0.1201171875 0.126953125
0 0.3388671875 0.5234375 0.0654296875 0.068359375
1 0.2880859375 0.64453125 0.029296875 0.0419921875
0 0.6953125 0.666015625 0.166015625 0.1767578125
1 0.2158203125 0.775390625 0.041015625 0.0830078125
1 0.181640625 0.591796875 0.025390625 0.052734375
0 0.205078125 0.533203125 0.0732421875 0.076171875
1 0.1943359375 0.71875 0.0361328125 0.046875
1 0.232421875 0.615234375 0.044921875 0.0732421875
1 0.25390625 0.705078125 0.033203125 0.064453125
1 0.150390625 0.4560546875 0.017578125 0.025390625
1 0.1845703125 0.462890625 0.0185546875 0.0341796875
1 0.0732421875 0.697265625 0.037109375 0.0439453125
0 0.4833984375 0.513671875 0.080078125 0.0830078125
1 0.8203125 0.578125 0.083984375 0.087890625
1 0.892578125 0.658203125 0.0830078125 0.0859375
1 0.419921875 0.818359375 0.044921875 0.09375
1 0.6884765625 0.544921875 0.048828125 0.044921875
1 0.9580078125 0.669921875 0.056640625 0.076171875
1 0.7265625 0.541015625 0.046875 0.046875
1 0.134765625 0.568359375 0.025390625 0.0390625
1 0.1591796875 0.6591796875 0.025390625 0.0439453125
0 0.689453125 0.849609375 0.162109375 0.078125
1 0.625 0.759765625 0.052734375 0.1044921875
1 0.1552734375 0.490234375 0.0205078125 0.037109375
1 0.3974609375 0.5849609375 0.0263671875 0.048828125
1 0.130859375 0.6103515625 0.029296875 0.0546875
0 0.107421875 0.3955078125 0.0625 0.0439453125
1 0.271484375 0.43359375 0.0205078125 0.033203125
1 0.283203125 0.576171875 0.025390625 0.041015625
1 0.8251953125 0.716796875 0.046875 0.068359375
0 0.5478515625 0.408203125 0.048828125 0.0498046875
1 0.5849609375 0.4208984375 0.017578125 0.033203125
1 0.517578125 0.4736328125 0.021484375 0.037109375
1 0.26953125 0.8408203125 0.0517578125 0.0908203125
0 0.56640625 0.443359375 0.048828125 0.0439453125
1 0.4521484375 0.369140625 0.0234375 0.029296875
1 0.23046875 0.41015625 0.017578125 0.029296875
0 0.4951171875 0.3583984375 0.0283203125 0.0234375
0 0.537109375 0.37890625 0.0341796875 0.0234375
1 0.19140625 0.376953125 0.017578125 0.0234375
1 0.0546875 0.7861328125 0.03125 0.0498046875
1 0.9248046875 0.611328125 0.046875 0.0419921875
1 0.041015625 0.564453125 0.017578125 0.041015625
1 0.1142578125 0.7314453125 0.0439453125 0.0625
0 0.564453125 0.3720703125 0.029296875 0.0283203125
1 0.4697265625 0.3916015625 0.013671875 0.0205078125
0 0.5087890625 0.3369140625 0.0263671875 0.0234375
1 0.0595703125 0.4833984375 0.025390625 0.0419921875
1 0.1630859375 0.4208984375 0.0234375 0.029296875
1 0.8974609375 0.587890625 0.0419921875 0.052734375
1 0.48828125 0.4384765625 0.0234375 0.0361328125
1 0.162109375 0.7490234375 0.2294921875 0.173828125
1 0.1533203125 0.6201171875 0.021484375 0.0341796875
1 0.02734375 0.4765625 0.0361328125 0.041015625
1 0.9248046875 0.849609375 0.078125 0.080078125
1 0.365234375 0.38671875 0.029296875 0.033203125
1 0.4375 0.3681640625 0.0126953125 0.0234375
1 0.513671875 0.4384765625 0.017578125 0.033203125
1 0.638671875 0.439453125 0.0419921875 0.033203125
1 0.4453125 0.658203125 0.0283203125 0.0517578125
0 0.232421875 0.3310546875 0.021484375 0.015625
1 0.0244140625 0.5625 0.0234375 0.0498046875
0 0.26171875 0.4033203125 0.0390625 0.0283203125
0 0.44140625 0.4267578125 0.0390625 0.0439453125
1 0.421875 0.5302734375 0.0341796875 0.033203125
0 0.490234375 0.384765625 0.0283203125 0.0341796875
1 0.955078125 0.529296875 0.0205078125 0.0185546875