1 0.3154296875 0.6591796875 0.0341796875 0.0625
1 0.6103515625 0.6123046875 0.0361328125 0.0654296875
0 0.638671875 0.7900390625 0.1591796875 0.189453125
0 0.7197265625 0.6435546875 0.1484375 0.146484375
0 0.580078125 0.498046875 0.0703125 0.0888671875
1 0.267578125 0.5537109375 0.025390625 0.048828125
1 0.19921875 0.6748046875 0.033203125 0.0654296875
1 0.34765625 0.541015625 0.0234375 0.037109375
1 0.1181640625 0.544921875 0.029296875 0.0390625
1 0.130859375 0.580078125 0.03125 0.046875
1 0.2666015625 0.626953125 0.033203125 0.0625
1 0.818359375 0.572265625 0.0810546875 0.0888671875
1 0.2060546875 0.484375 0.021484375 0.03125
1 0.224609375 0.5263671875 0.0263671875 0.0498046875
1 0.103515625 0.677734375 0.03125 0.041015625
1 0.390625 0.591796875 0.0283203125 0.078125
0 0.5263671875 0.587890625 0.103515625 0.134765625
0 0.533203125 0.3916015625 0.0419921875 0.044921875
1 0.083984375 0.7412109375 0.0439453125 0.080078125
1 0.3173828125 0.61328125 0.025390625 0.0390625
1 0.181640625 0.5595703125 0.03125 0.041015625
1 0.494140625 0.5029296875 0.0205078125 0.041015625
1 0.216796875 0.6103515625 0.033203125 0.0576171875
0 0.564453125 0.3798828125 0.0361328125 0.041015625
1 0.947265625 0.685546875 0.078125 0.083984375
1 0.3056640625 0.568359375 0.0234375 0.0390625
1 0.6884765625 0.5458984375 0.0517578125 0.0576171875
1 0.275390625 0.498046875 0.0234375 0.0390625
0 0.509765625 0.349609375 0.041015625 0.0390625
1 0.529296875 0.505859375 0.015625 0.033203125
1 0.2158203125 0.4609375 0.0185546875 0.025390625
1 0.17578125 0.501953125 0.017578125 0.0341796875
1 0.1494140625 0.509765625 0.0234375 0.037109375
1 0.15234375 0.462890625 0.0205078125 0.0263671875
1 0.16015625 0.384765625 0.017578125 0.021484375
0 0.4462890625 0.4423828125 0.0576171875 0.0810546875
1 0.3798828125 0.7109375 0.0341796875 0.0595703125
1 0.591796875 0.4326171875 0.017578125 0.03125
1 0.3662109375 0.4677734375 0.0205078125 0.0361328125
1 0.560546875 0.4365234375 0.0185546875 0.033203125
1 0.3037109375 0.4501953125 0.0419921875 0.0341796875
1 0.6015625 0.455078125 0.0126953125 0.0234375
1 0.51953125 0.4208984375 0.017578125 0.0234375
1 0.275390625 0.8134765625 0.0419921875 0.0830078125
1 0.552734375 0.6455078125 0.0263671875 0.0341796875
1 0.9423828125 0.6103515625 0.078125 0.064453125
0 0.8955078125 0.8388671875 0.177734375 0.099609375
1 0.376953125 0.658203125 0.0185546875 0.037109375
0 0.2744140625 0.400390625 0.060546875 0.044921875
1 0.6396484375 0.4404296875 0.0390625 0.0341796875
1 0.576171875 0.6240234375 0.0234375 0.0576171875
1 0.8984375 0.578125 0.0439453125 0.046875
1 0.361328125 0.783203125 0.0361328125 0.0810546875
1 0.505859375 0.37890625 0.0263671875 0.033203125
1 0.05859375 0.4794921875 0.0205078125 0.0341796875
1 0.255859375 0.4814453125 0.025390625 0.037109375
1 0.2607421875 0.623046875 0.181640625 0.1591796875
1 0.0302734375 0.576171875 0.0361328125 0.078125
1 0.2998046875 0.408203125 0.015625 0.0205078125
1 0.8984375 0.54296875 0.0283203125 0.0390625
1 0.470703125 0.361328125 0.0185546875 0.03125
1 0.193359375 0.3603515625 0.015625 0.0205078125
1 0.1142578125 0.40234375 0.037109375 0.029296875
1 0.8955078125 0.701171875 0.046875 0.125
1 0.2041015625 0.4931640625 0.1357421875 0.0888671875
1 0.498046875 0.4677734375 0.0205078125 0.033203125
1 0.5556640625 0.69921875 0.0419921875 0.095703125
1 0.1923828125 0.384765625 0.015625 0.021484375
1 0.5927734375 0.4013671875 0.0234375 0.0341796875
1 0.421875 0.486328125 0.021484375 0.03125
1 0.0888671875 0.474609375 0.052734375 0.0439453125
1 0.6787109375 0.4375 0.0205078125 0.0341796875