0 0.318359375 0.7998046875 0.1484375 0.1748046875
0 0.58203125 0.560546875 0.0859375 0.1044921875
0 0.3173828125 0.650390625 0.0908203125 0.109375
1 0.5576171875 0.431640625 0.021484375 0.037109375
1 0.693359375 0.5517578125 0.046875 0.056640625
1 0.822265625 0.5771484375 0.080078125 0.0859375
1 0.5146484375 0.4599609375 0.029296875 0.0390625
1 0.4150390625 0.44921875 0.0234375 0.0361328125
0 0.2412109375 0.5126953125 0.060546875 0.078125
1 0.1171875 0.5830078125 0.0283203125 0.0341796875
1 0.189453125 0.544921875 0.025390625 0.0390625
1 0.5634765625 0.3916015625 0.017578125 0.0263671875
1 0.5810546875 0.4873046875 0.021484375 0.037109375
1 0.1279296875 0.5419921875 0.025390625 0.041015625
1 0.646484375 0.681640625 0.033203125 0.0576171875
1 0.44140625 0.380859375 0.017578125 0.029296875
0 0.5078125 0.341796875 0.03125 0.03125
1 0.5068359375 0.365234375 0.017578125 0.029296875
1 0.0634765625 0.4775390625 0.029296875 0.033203125
1 0.177734375 0.5986328125 0.0283203125 0.046875
1 0.8857421875 0.6552734375 0.078125 0.0703125
1 0.4189453125 0.4140625 0.015625 0.025390625
1 0.3779296875 0.4814453125 0.03125 0.041015625
1 0.669921875 0.830078125 0.0498046875 0.0810546875
1 0.494140625 0.478515625 0.0205078125 0.0361328125
0 0.4794921875 0.35546875 0.0341796875 0.0361328125
1 0.9541015625 0.6962890625 0.0703125 0.0673828125
1 0.39453125 0.38671875 0.017578125 0.0263671875
0 0.3212890625 0.552734375 0.0703125 0.0830078125
0 0.3271484375 0.490234375 0.064453125 0.0576171875
1 0.1953125 0.673828125 0.041015625 0.080078125
1 0.1708984375 0.5322265625 0.0205078125 0.033203125
1 0.595703125 0.4013671875 0.013671875 0.0283203125
1 0.439453125 0.482421875 0.0205078125 0.0419921875
0 0.9267578125 0.5224609375 0.109375 0.0732421875
1 0.2275390625 0.6103515625 0.0390625 0.0732421875
1 0.396484375 0.541015625 0.025390625 0.0419921875
1 0.47265625 0.435546875 0.017578125 0.0234375
1 0.2001953125 0.416015625 0.0595703125 0.044921875
1 0.412109375 0.37890625 0.0263671875 0.033203125
0 0.2548828125 0.3984375 0.052734375 0.0595703125
1 0.1123046875 0.4921875 0.041015625 0.0439453125
1 0.1748046875 0.486328125 0.0283203125 0.0419921875
1 0.5029296875 0.4267578125 0.021484375 0.025390625
1 0.03125 0.5625 0.037109375 0.0498046875
1 0.439453125 0.4501953125 0.015625 0.03125
1 0.349609375 0.353515625 0.0234375 0.0283203125
1 0.8955078125 0.5859375 0.0439453125 0.052734375
1 0.712890625 0.462890625 0.021484375 0.0283203125
1 0.546875 0.7705078125 0.046875 0.083984375
1 0.28125 0.361328125 0.0185546875 0.0234375
0 0.9501953125 0.578125 0.0751953125 0.0595703125
1 0.4619140625 0.455078125 0.1171875 0.0986328125
1 0.1513671875 0.5478515625 0.099609375 0.1142578125
1 0.205078125 0.4619140625 0.017578125 0.033203125
1 0.1494140625 0.392578125 0.0205078125 0.0234375
1 0.384765625 0.361328125 0.0283203125 0.025390625
1 0.8916015625 0.38671875 0.0205078125 0.0361328125
1 0.71484375 0.51171875 0.029296875 0.0419921875
0 0.52734375 0.32421875 0.029296875 0.0205078125
1 0.0234375 0.51953125 0.025390625 0.0205078125
0 0.21875 0.326171875 0.041015625 0.0234375
1 0.1328125 0.7275390625 0.0185546875 0.029296875