0 0.6171875 0.74609375 0.15625 0.1826171875
0 0.2001953125 0.603515625 0.0908203125 0.103515625
1 0.748046875 0.6513671875 0.0439453125 0.0625
0 0.556640625 0.482421875 0.072265625 0.076171875
0 0.3486328125 0.6044921875 0.0810546875 0.099609375
1 0.4248046875 0.5224609375 0.025390625 0.0390625
1 0.1103515625 0.6669921875 0.033203125 0.0595703125
0 0.619140625 0.576171875 0.119140625 0.123046875
1 0.427734375 0.697265625 0.03125 0.056640625
1 0.818359375 0.583984375 0.0810546875 0.076171875
1 0.822265625 0.8251953125 0.0576171875 0.0908203125
1 0.1669921875 0.501953125 0.046875 0.0517578125
1 0.896484375 0.6552734375 0.076171875 0.080078125
1 0.958984375 0.6669921875 0.0546875 0.078125
1 0.189453125 0.70703125 0.0361328125 0.0390625
1 0.5400390625 0.6416015625 0.044921875 0.064453125
0 0.5615234375 0.435546875 0.048828125 0.037109375
1 0.7236328125 0.537109375 0.052734375 0.046875
1 0.5146484375 0.4462890625 0.017578125 0.029296875
0 0.154296875 0.412109375 0.0625 0.0439453125
0 0.470703125 0.470703125 0.0673828125 0.0595703125
0 0.4970703125 0.349609375 0.0341796875 0.029296875
1 0.029296875 0.58203125 0.0361328125 0.064453125
1 0.16796875 0.4609375 0.0205078125 0.0341796875
0 0.310546875 0.443359375 0.052734375 0.046875
1 0.5849609375 0.4111328125 0.029296875 0.046875
1 0.8525390625 0.654296875 0.029296875 0.046875
1 0.138671875 0.5546875 0.0234375 0.046875
1 0.275390625 0.6845703125 0.0498046875 0.0625
1 0.685546875 0.5615234375 0.033203125 0.064453125
0 0.5390625 0.333984375 0.037109375 0.03125
1 0.25390625 0.470703125 0.0205078125 0.03125
1 0.671875 0.6064453125 0.0283203125 0.052734375
1 0.9306640625 0.705078125 0.033203125 0.0439453125
1 0.927734375 0.609375 0.044921875 0.037109375
1 0.150390625 0.4716796875 0.0205078125 0.0341796875
0 0.5419921875 0.37109375 0.0341796875 0.0234375
1 0.2060546875 0.802734375 0.052734375 0.0595703125
1 0.060546875 0.4794921875 0.0263671875 0.037109375
0 0.2470703125 0.3681640625 0.0751953125 0.0546875
1 0.19921875 0.4443359375 0.017578125 0.0234375
0 0.326171875 0.400390625 0.076171875 0.037109375
1 0.259765625 0.77734375 0.044921875 0.080078125
1 0.44921875 0.3681640625 0.017578125 0.029296875
1 0.89453125 0.576171875 0.0390625 0.044921875
0 0.494140625 0.38671875 0.0419921875 0.0390625
0 0.955078125 0.57421875 0.0654296875 0.0546875
1 0.044921875 0.8388671875 0.0517578125 0.0908203125
0 0.4853515625 0.560546875 0.080078125 0.091796875
1 0.1943359375 0.466796875 0.017578125 0.03125
1 0.638671875 0.4404296875 0.041015625 0.03125
0 0.267578125 0.4169921875 0.0751953125 0.037109375
1 0.533203125 0.412109375 0.0205078125 0.0419921875
1 0.69140625 0.521484375 0.0205078125 0.03125
1 0.20703125 0.4111328125 0.017578125 0.0341796875