0 0.193359375 0.7509765625 0.123046875 0.1640625
0 0.51171875 0.423828125 0.048828125 0.056640625
1 0.5498046875 0.611328125 0.03125 0.0625
0 0.337890625 0.7275390625 0.0986328125 0.1171875
1 0.5205078125 0.6591796875 0.041015625 0.078125
0 0.826171875 0.80078125 0.1796875 0.169921875
0 0.619140625 0.705078125 0.1435546875 0.150390625
1 0.41015625 0.5283203125 0.0390625 0.0498046875
1 0.623046875 0.4755859375 0.0205078125 0.0361328125
1 0.703125 0.6494140625 0.0498046875 0.076171875
0 0.5390625 0.3486328125 0.041015625 0.0341796875
1 0.4306640625 0.681640625 0.0390625 0.0595703125
1 0.5849609375 0.599609375 0.044921875 0.0595703125
1 0.5908203125 0.53515625 0.0498046875 0.060546875
1 0.55078125 0.5224609375 0.0263671875 0.044921875
0 0.9169921875 0.580078125 0.1376953125 0.0654296875
1 0.078125 0.736328125 0.052734375 0.111328125
1 0.8369140625 0.662109375 0.0673828125 0.072265625
1 0.740234375 0.544921875 0.033203125 0.0361328125
1 0.580078125 0.453125 0.021484375 0.0341796875
1 0.6484375 0.53125 0.0439453125 0.041015625
1 0.634765625 0.6123046875 0.0419921875 0.052734375
1 0.5263671875 0.515625 0.025390625 0.046875
1 0.544921875 0.431640625 0.0185546875 0.0361328125
1 0.7109375 0.4716796875 0.0185546875 0.025390625
1 0.9306640625 0.646484375 0.107421875 0.0859375
0 0.498046875 0.345703125 0.0517578125 0.0517578125
1 0.7119140625 0.57421875 0.060546875 0.0576171875
1 0.4765625 0.615234375 0.041015625 0.060546875
1 0.501953125 0.478515625 0.0341796875 0.044921875
1 0.5654296875 0.423828125 0.0185546875 0.0361328125
1 0.7900390625 0.5888671875 0.095703125 0.056640625
1 0.6669921875 0.6494140625 0.041015625 0.0576171875
1 0.1923828125 0.5986328125 0.025390625 0.0654296875
1 0.9140625 0.5205078125 0.041015625 0.037109375
1 0.4453125 0.42578125 0.015625 0.0205078125
1 0.6220703125 0.578125 0.0341796875 0.0439453125
1 0.294921875 0.599609375 0.1064453125 0.0546875
1 0.5888671875 0.4453125 0.09375 0.083984375
1 0.4443359375 0.5029296875 0.0390625 0.0595703125
1 0.0244140625 0.5634765625 0.0234375 0.048828125
1 0.0673828125 0.478515625 0.0439453125 0.0390625
1 0.55078125 0.37109375 0.013671875 0.0263671875
0 0.353515625 0.3212890625 0.03125 0.017578125
1 0.033203125 0.830078125 0.044921875 0.1015625
1 0.404296875 0.4404296875 0.03125 0.021484375
1 0.662109375 0.4560546875 0.0263671875 0.041015625
1 0.7939453125 0.560546875 0.025390625 0.0341796875
1 0.4677734375 0.427734375 0.0205078125 0.037109375
1 0.1044921875 0.486328125 0.03125 0.033203125
1 0.5126953125 0.5517578125 0.0185546875 0.0283203125
1 0.2470703125 0.328125 0.015625 0.0185546875
1 0.0224609375 0.470703125 0.0205078125 0.0439453125
1 0.4111328125 0.4814453125 0.0185546875 0.03125
1 0.052734375 0.658203125 0.0283203125 0.0673828125
1 0.5478515625 0.3955078125 0.017578125 0.03125
1 0.326171875 0.357421875 0.0234375 0.0283203125
1 0.822265625 0.5419921875 0.03125 0.03125
1 0.5869140625 0.4912109375 0.0234375 0.0361328125
1 0.44140625 0.4599609375 0.017578125 0.0361328125
1 0.072265625 0.337890625 0.0107421875 0.0185546875
1 0.873046875 0.6376953125 0.029296875 0.068359375
0 0.2001953125 0.875 0.087890625 0.0283203125
1 0.841796875 0.583984375 0.029296875 0.041015625
1 0.44140625 0.357421875 0.0234375 0.0263671875
1 0.177734375 0.3251953125 0.0205078125 0.021484375
1 0.9560546875 0.7099609375 0.0439453125 0.076171875