0 0.318359375 0.798828125 0.1435546875 0.1767578125
0 0.1005859375 0.6552734375 0.0859375 0.107421875
1 0.693359375 0.5439453125 0.0498046875 0.056640625
0 0.201171875 0.6767578125 0.107421875 0.1220703125
1 0.6083984375 0.556640625 0.033203125 0.048828125
1 0.576171875 0.474609375 0.0234375 0.044921875
0 0.240234375 0.509765625 0.0625 0.0732421875
0 0.3173828125 0.650390625 0.0908203125 0.109375
0 0.478515625 0.3671875 0.048828125 0.037109375
1 0.4150390625 0.435546875 0.0205078125 0.03125
1 0.205078125 0.814453125 0.0576171875 0.0859375
1 0.8984375 0.65234375 0.083984375 0.0830078125
1 0.5361328125 0.47265625 0.021484375 0.033203125
1 0.8212890625 0.580078125 0.0859375 0.087890625
1 0.599609375 0.4755859375 0.0205078125 0.0390625
0 0.224609375 0.5771484375 0.078125 0.0888671875
1 0.6650390625 0.50390625 0.0234375 0.0361328125
0 0.326171875 0.490234375 0.0673828125 0.064453125
1 0.51171875 0.4580078125 0.0234375 0.0283203125
0 0.2568359375 0.40625 0.0517578125 0.041015625
0 0.3212890625 0.552734375 0.0703125 0.080078125
1 0.4345703125 0.4736328125 0.025390625 0.0341796875
1 0.4814453125 0.421875 0.03125 0.041015625
1 0.54296875 0.53515625 0.0361328125 0.0390625
1 0.1474609375 0.4033203125 0.017578125 0.025390625
1 0.5361328125 0.443359375 0.021484375 0.0390625
1 0.9609375 0.69921875 0.052734375 0.076171875
0 0.5087890625 0.34765625 0.0419921875 0.029296875
1 0.890625 0.5849609375 0.037109375 0.0546875
1 0.13671875 0.7509765625 0.044921875 0.0732421875
1 0.181640625 0.4150390625 0.0234375 0.029296875
1 0.423828125 0.673828125 0.0283203125 0.0546875
1 0.220703125 0.41015625 0.0234375 0.0361328125
1 0.939453125 0.51953125 0.029296875 0.0361328125
1 0.1650390625 0.7890625 0.0419921875 0.0751953125
0 0.060546875 0.7529296875 0.0498046875 0.103515625
1 0.1884765625 0.498046875 0.0263671875 0.048828125
0 0.3505859375 0.3193359375 0.033203125 0.013671875
1 0.6337890625 0.4404296875 0.033203125 0.0341796875
1 0.392578125 0.60546875 0.029296875 0.0673828125
1 0.93359375 0.6123046875 0.044921875 0.0498046875
1 0.44921875 0.3740234375 0.0234375 0.033203125
1 0.1591796875 0.490234375 0.0283203125 0.044921875
1 0.064453125 0.48046875 0.0341796875 0.0390625
1 0.03125 0.5673828125 0.037109375 0.056640625
0 0.0673828125 0.3232421875 0.0341796875 0.021484375
1 0.544921875 0.4462890625 0.130859375 0.107421875
0 0.2333984375 0.349609375 0.0361328125 0.0341796875
1 0.8984375 0.5439453125 0.0341796875 0.0341796875
1 0.97265625 0.630859375 0.033203125 0.0625
1 0.4716796875 0.673828125 0.0283203125 0.0546875
1 0.81640625 0.53515625 0.0263671875 0.0390625
1 0.462890625 0.4404296875 0.0107421875 0.0185546875
1 0.158203125 0.37890625 0.0205078125 0.029296875
1 0.12109375 0.478515625 0.0703125 0.052734375
1 0.5537109375 0.744140625 0.0517578125 0.1064453125
1 0.1396484375 0.455078125 0.0263671875 0.025390625