0 0.5625 0.6513671875 0.119140625 0.1376953125
0 0.1884765625 0.6806640625 0.1171875 0.1357421875
1 0.6650390625 0.5654296875 0.0361328125 0.0498046875
1 0.314453125 0.529296875 0.0283203125 0.037109375
0 0.3486328125 0.69140625 0.0966796875 0.123046875
1 0.7216796875 0.6689453125 0.0439453125 0.068359375
1 0.4130859375 0.494140625 0.0205078125 0.033203125
1 0.1572265625 0.515625 0.033203125 0.037109375
0 0.5439453125 0.4619140625 0.052734375 0.048828125
0 0.5771484375 0.541015625 0.095703125 0.1142578125
1 0.4580078125 0.5927734375 0.041015625 0.0576171875
1 0.802734375 0.5830078125 0.048828125 0.0595703125
1 0.6298828125 0.5263671875 0.0283203125 0.041015625
0 0.4716796875 0.5224609375 0.072265625 0.091796875
1 0.494140625 0.4482421875 0.025390625 0.037109375
1 0.4365234375 0.78515625 0.033203125 0.0673828125
1 0.26953125 0.51171875 0.0263671875 0.029296875
1 0.8369140625 0.740234375 0.0576171875 0.080078125
1 0.162109375 0.5830078125 0.0234375 0.0498046875
1 0.7314453125 0.5419921875 0.041015625 0.046875
1 0.572265625 0.455078125 0.0234375 0.029296875
1 0.953125 0.673828125 0.0654296875 0.0859375
0 0.3251953125 0.4609375 0.052734375 0.0498046875
1 0.697265625 0.552734375 0.029296875 0.0390625
1 0.892578125 0.6494140625 0.076171875 0.080078125
1 0.86328125 0.5947265625 0.076171875 0.0703125
0 0.4599609375 0.4599609375 0.0546875 0.0546875
1 0.5166015625 0.439453125 0.017578125 0.033203125
1 0.06640625 0.783203125 0.0546875 0.0732421875
0 0.1689453125 0.4208984375 0.0439453125 0.033203125
0 0.5029296875 0.365234375 0.0341796875 0.0263671875
1 0.623046875 0.560546875 0.021484375 0.044921875
1 0.5888671875 0.419921875 0.0185546875 0.0341796875
0 0.548828125 0.396484375 0.0439453125 0.044921875
1 0.16015625 0.541015625 0.0205078125 0.029296875
1 0.623046875 0.83984375 0.052734375 0.091796875
1 0.3740234375 0.453125 0.0205078125 0.0341796875
1 0.841796875 0.5537109375 0.0283203125 0.044921875
0 0.5244140625 0.333984375 0.0361328125 0.0263671875
1 0.19921875 0.498046875 0.0234375 0.044921875
1 0.1630859375 0.490234375 0.0205078125 0.0234375
0 0.17578125 0.44921875 0.0546875 0.0390625
0 0.275390625 0.416015625 0.0751953125 0.0361328125
1 0.927734375 0.6123046875 0.041015625 0.041015625
1 0.2470703125 0.443359375 0.021484375 0.029296875
1 0.439453125 0.365234375 0.025390625 0.0234375
1 0.068359375 0.478515625 0.0419921875 0.0390625
1 0.2119140625 0.4609375 0.0263671875 0.041015625
1 0.7890625 0.5517578125 0.025390625 0.03125
1 0.1162109375 0.6455078125 0.0263671875 0.0439453125
1 0.833984375 0.6845703125 0.0361328125 0.041015625
0 0.1015625 0.404296875 0.0625 0.0419921875
1 0.9013671875 0.8720703125 0.1220703125 0.037109375
1 0.2939453125 0.810546875 0.0439453125 0.091796875
1 0.7099609375 0.525390625 0.0205078125 0.03125
1 0.861328125 0.5595703125 0.015625 0.021484375
1 0.4560546875 0.6533203125 0.0341796875 0.083984375
0 0.3505859375 0.3212890625 0.033203125 0.017578125
1 0.240234375 0.8046875 0.033203125 0.046875
1 0.041015625 0.57421875 0.0625 0.0888671875
1 0.904296875 0.5458984375 0.017578125 0.0234375
1 0.0322265625 0.4775390625 0.0419921875 0.0361328125
1 0.9638671875 0.59765625 0.046875 0.0576171875
1 0.0400390625 0.8623046875 0.048828125 0.056640625