0 0.193359375 0.751953125 0.126953125 0.1640625
0 0.5146484375 0.4384765625 0.0517578125 0.0546875
0 0.337890625 0.7255859375 0.0986328125 0.1171875
1 0.568359375 0.607421875 0.0361328125 0.0595703125
1 0.63671875 0.560546875 0.029296875 0.0576171875
0 0.48828125 0.3623046875 0.044921875 0.0341796875
1 0.4033203125 0.6220703125 0.0439453125 0.056640625
0 0.537109375 0.349609375 0.037109375 0.0361328125
1 0.685546875 0.6650390625 0.0390625 0.064453125
1 0.5595703125 0.4814453125 0.0185546875 0.037109375
1 0.111328125 0.6865234375 0.0517578125 0.0703125
1 0.501953125 0.484375 0.021484375 0.0439453125
1 0.5869140625 0.5576171875 0.029296875 0.046875
1 0.396484375 0.4091796875 0.0283203125 0.037109375
1 0.4423828125 0.4814453125 0.025390625 0.041015625
1 0.412109375 0.8056640625 0.046875 0.064453125
1 0.427734375 0.447265625 0.029296875 0.046875
1 0.068359375 0.5322265625 0.029296875 0.0419921875
1 0.8349609375 0.576171875 0.0546875 0.068359375
1 0.580078125 0.5078125 0.0283203125 0.0439453125
1 0.681640625 0.587890625 0.03125 0.0517578125
1 0.6201171875 0.505859375 0.021484375 0.0361328125
1 0.595703125 0.494140625 0.017578125 0.037109375
1 0.5625 0.4462890625 0.025390625 0.0361328125
1 0.779296875 0.6669921875 0.033203125 0.0498046875
1 0.744140625 0.7529296875 0.052734375 0.068359375
1 0.455078125 0.7763671875 0.0390625 0.052734375
0 0.509765625 0.3330078125 0.03125 0.0283203125
1 0.416015625 0.3955078125 0.013671875 0.021484375
1 0.421875 0.7265625 0.041015625 0.0498046875
1 0.30859375 0.8330078125 0.0517578125 0.09375
1 0.580078125 0.435546875 0.0185546875 0.0361328125
1 0.470703125 0.451171875 0.017578125 0.03125
1 0.6025390625 0.3994140625 0.017578125 0.0234375
1 0.646484375 0.484375 0.0205078125 0.037109375
0 0.1669921875 0.4150390625 0.072265625 0.044921875
1 0.064453125 0.482421875 0.0341796875 0.0419921875
1 0.455078125 0.369140625 0.0234375 0.0283203125
1 0.248046875 0.36328125 0.0205078125 0.0205078125
1 0.53515625 0.400390625 0.0107421875 0.0234375
1 0.5302734375 0.376953125 0.0234375 0.0341796875
1 0.4072265625 0.3623046875 0.0107421875 0.0185546875
1 0.4921875 0.43359375 0.0126953125 0.029296875
1 0.9765625 0.591796875 0.0185546875 0.0439453125
1 0.029296875 0.5634765625 0.037109375 0.060546875
1 0.6884765625 0.798828125 0.0576171875 0.095703125
1 0.021484375 0.830078125 0.0205078125 0.048828125
0 0.638671875 0.451171875 0.0341796875 0.0361328125
1 0.166015625 0.36328125 0.013671875 0.013671875
1 0.5654296875 0.3798828125 0.0185546875 0.021484375
1 0.396484375 0.3779296875 0.013671875 0.0185546875
1 0.9443359375 0.6298828125 0.0234375 0.037109375
1 0.2216796875 0.43359375 0.025390625 0.0546875
1 0.3701171875 0.3642578125 0.015625 0.0185546875
1 0.0849609375 0.40234375 0.0234375 0.0234375
1 0.0263671875 0.7646484375 0.0283203125 0.0390625
1 0.029296875 0.671875 0.0283203125 0.046875
1 0.9560546875 0.5869140625 0.0126953125 0.0234375
1 0.587890625 0.375 0.015625 0.0185546875
1 0.9189453125 0.681640625 0.037109375 0.064453125
1 0.3740234375 0.3935546875 0.017578125 0.021484375
1 0.5615234375 0.8349609375 0.0673828125 0.1015625
1 0.7470703125 0.7177734375 0.021484375 0.0361328125
0 0.1962890625 0.875 0.095703125 0.0283203125
1 0.216796875 0.326171875 0.015625 0.0185546875
1 0.5 0.443359375 0.203125 0.1376953125
1 0.609375 0.537109375 0.115234375 0.220703125
1 0.025390625 0.373046875 0.0126953125 0.0205078125
1 0.734375 0.544921875 0.015625 0.046875
1 0.681640625 0.4404296875 0.0185546875 0.0283203125