1 0.234375 0.6572265625 0.03125 0.048828125
1 0.609375 0.513671875 0.0283203125 0.044921875
0 0.525390625 0.443359375 0.052734375 0.0625
0 0.8583984375 0.8017578125 0.220703125 0.171875
1 0.6376953125 0.556640625 0.03125 0.044921875
0 0.216796875 0.474609375 0.0546875 0.060546875
0 0.556640625 0.5078125 0.0703125 0.0908203125
1 0.119140625 0.6298828125 0.0283203125 0.0439453125
0 0.560546875 0.4130859375 0.037109375 0.048828125
1 0.6845703125 0.541015625 0.0498046875 0.0517578125
1 0.4130859375 0.447265625 0.0234375 0.033203125
1 0.3544921875 0.4287109375 0.0185546875 0.0234375
1 0.251953125 0.580078125 0.0283203125 0.0439453125
1 0.154296875 0.462890625 0.0234375 0.037109375
1 0.7978515625 0.5869140625 0.0390625 0.0576171875
1 0.693359375 0.716796875 0.0595703125 0.1142578125
1 0.654296875 0.6171875 0.046875 0.078125
1 0.1787109375 0.5791015625 0.029296875 0.0576171875
1 0.2783203125 0.48046875 0.025390625 0.0361328125
1 0.5888671875 0.474609375 0.0185546875 0.0341796875
1 0.111328125 0.408203125 0.0205078125 0.025390625
1 0.498046875 0.6142578125 0.0390625 0.0595703125
1 0.9697265625 0.6962890625 0.0419921875 0.0703125
1 0.728515625 0.5380859375 0.041015625 0.044921875
1 0.2529296875 0.4111328125 0.021484375 0.03125
0 0.48828125 0.357421875 0.033203125 0.029296875
1 0.1318359375 0.423828125 0.0205078125 0.0263671875
1 0.703125 0.818359375 0.0439453125 0.0673828125
1 0.857421875 0.595703125 0.072265625 0.0654296875
0 0.458984375 0.4287109375 0.037109375 0.044921875
0 0.2275390625 0.357421875 0.029296875 0.029296875
1 0.142578125 0.513671875 0.021484375 0.033203125
1 0.8662109375 0.6552734375 0.060546875 0.0576171875
1 0.17578125 0.423828125 0.017578125 0.0234375
1 0.60546875 0.4716796875 0.0205078125 0.0341796875
1 0.060546875 0.4794921875 0.025390625 0.0341796875
1 0.44921875 0.5263671875 0.033203125 0.046875
1 0.197265625 0.4140625 0.017578125 0.0341796875
1 0.1318359375 0.4013671875 0.0205078125 0.025390625
1 0.0712890625 0.3916015625 0.013671875 0.017578125
1 0.37890625 0.470703125 0.033203125 0.0625
1 0.265625 0.5263671875 0.0283203125 0.0341796875
0 0.509765625 0.400390625 0.037109375 0.0361328125
1 0.9560546875 0.62890625 0.0341796875 0.044921875
1 0.3662109375 0.39453125 0.017578125 0.0205078125
0 0.5302734375 0.357421875 0.029296875 0.0263671875
1 0.220703125 0.408203125 0.0205078125 0.033203125
1 0.666015625 0.8701171875 0.052734375 0.041015625
1 0.16015625 0.5478515625 0.033203125 0.0390625
1 0.029296875 0.5654296875 0.0341796875 0.052734375
1 0.0947265625 0.400390625 0.0234375 0.021484375
0 0.5712890625 0.376953125 0.029296875 0.0283203125
0 0.3212890625 0.396484375 0.0830078125 0.0439453125
1 0.896484375 0.5732421875 0.0390625 0.046875
0 0.494140625 0.337890625 0.0234375 0.0185546875
1 0.8369140625 0.71875 0.044921875 0.0341796875
0 0.251953125 0.3193359375 0.0234375 0.017578125
1 0.47265625 0.6767578125 0.029296875 0.068359375
1 0.025390625 0.373046875 0.013671875 0.025390625
1 0.6396484375 0.439453125 0.0419921875 0.0341796875
1 0.81640625 0.537109375 0.0234375 0.0390625
1 0.66015625 0.568359375 0.0234375 0.0390625
1 0.486328125 0.3828125 0.013671875 0.03125
1 0.1796875 0.396484375 0.015625 0.025390625
1 0.591796875 0.4345703125 0.0234375 0.041015625
1 0.4228515625 0.5166015625 0.033203125 0.060546875
1 0.1787109375 0.326171875 0.0234375 0.0185546875
1 0.6787109375 0.439453125 0.0205078125 0.0341796875
1 0.19140625 0.576171875 0.1640625 0.1767578125