0 0.19140625 0.748046875 0.123046875 0.162109375
0 0.51171875 0.4228515625 0.048828125 0.0546875
0 0.337890625 0.728515625 0.0986328125 0.119140625
1 0.609375 0.494140625 0.0341796875 0.0498046875
0 0.5390625 0.3515625 0.041015625 0.037109375
1 0.076171875 0.7587890625 0.0419921875 0.0673828125
0 0.48828125 0.361328125 0.0361328125 0.033203125
1 0.3076171875 0.83203125 0.0498046875 0.0859375
1 0.4130859375 0.802734375 0.048828125 0.0703125
1 0.5439453125 0.4814453125 0.025390625 0.046875
1 0.5166015625 0.474609375 0.0263671875 0.0517578125
1 0.49609375 0.451171875 0.0205078125 0.0341796875
0 0.5107421875 0.333984375 0.03125 0.03125
0 0.728515625 0.5517578125 0.1689453125 0.0751953125
1 0.12890625 0.654296875 0.0390625 0.044921875
1 0.564453125 0.435546875 0.017578125 0.021484375
1 0.6435546875 0.490234375 0.025390625 0.041015625
1 0.4638671875 0.462890625 0.037109375 0.044921875
1 0.576171875 0.408203125 0.0185546875 0.033203125
1 0.5322265625 0.3720703125 0.017578125 0.021484375
1 0.396484375 0.5166015625 0.056640625 0.0517578125
1 0.458984375 0.7841796875 0.0361328125 0.056640625
1 0.0400390625 0.6953125 0.0419921875 0.056640625
1 0.427734375 0.6787109375 0.0390625 0.048828125
1 0.45703125 0.369140625 0.0205078125 0.0263671875
1 0.548828125 0.4384765625 0.0185546875 0.029296875
1 0.44140625 0.4384765625 0.017578125 0.0263671875
0 0.3125 0.46875 0.09375 0.052734375
1 0.419921875 0.73828125 0.044921875 0.0517578125
1 0.3955078125 0.361328125 0.0126953125 0.021484375
1 0.2890625 0.40625 0.025390625 0.03125
1 0.0205078125 0.572265625 0.0185546875 0.0390625
1 0.5859375 0.4658203125 0.0185546875 0.0341796875
1 0.466796875 0.423828125 0.017578125 0.0283203125
1 0.568359375 0.376953125 0.017578125 0.0234375
1 0.0654296875 0.5390625 0.025390625 0.0439453125
1 0.0595703125 0.478515625 0.021484375 0.033203125
1 0.435546875 0.361328125 0.0185546875 0.021484375
1 0.419921875 0.486328125 0.021484375 0.041015625
1 0.6201171875 0.4638671875 0.0185546875 0.03125
1 0.5615234375 0.466796875 0.017578125 0.033203125
1 0.513671875 0.3701171875 0.0185546875 0.0185546875
1 0.591796875 0.376953125 0.013671875 0.0234375
1 0.2080078125 0.3564453125 0.015625 0.0185546875
1 0.021484375 0.4755859375 0.0205078125 0.0263671875
0 0.23828125 0.373046875 0.0576171875 0.0283203125
1 0.345703125 0.353515625 0.017578125 0.025390625
1 0.9638671875 0.587890625 0.0439453125 0.0439453125
1 0.3701171875 0.3662109375 0.0126953125 0.017578125
1 0.0244140625 0.802734375 0.0263671875 0.0751953125
1 0.287109375 0.361328125 0.0185546875 0.0234375
0 0.1943359375 0.875 0.107421875 0.0283203125
0 0.1865234375 0.32421875 0.0390625 0.0263671875
1 0.6337890625 0.4423828125 0.0390625 0.03125
1 0.646484375 0.4658203125 0.017578125 0.025390625
1 0.248046875 0.3544921875 0.013671875 0.021484375
1 0.5478515625 0.4169921875 0.013671875 0.021484375
1 0.0400390625 0.5546875 0.017578125 0.0283203125
1 0.0234375 0.3740234375 0.021484375 0.0234375
1 0.228515625 0.35546875 0.0126953125 0.0205078125
1 0.1650390625 0.365234375 0.013671875 0.0126953125
1 0.8916015625 0.388671875 0.017578125 0.0283203125