0 0.193359375 0.7509765625 0.1220703125 0.1640625
0 0.509765625 0.423828125 0.046875 0.0595703125
0 0.3388671875 0.7255859375 0.099609375 0.1171875
0 0.486328125 0.361328125 0.044921875 0.033203125
1 0.7392578125 0.8408203125 0.0498046875 0.0751953125
1 0.302734375 0.4462890625 0.037109375 0.033203125
1 0.400390625 0.453125 0.025390625 0.0341796875
1 0.5322265625 0.373046875 0.0205078125 0.0263671875
1 0.076171875 0.759765625 0.044921875 0.0830078125
1 0.078125 0.6513671875 0.03125 0.0751953125
1 0.7119140625 0.716796875 0.0546875 0.076171875
1 0.5126953125 0.5478515625 0.046875 0.0576171875
1 0.6015625 0.486328125 0.025390625 0.0390625
1 0.9267578125 0.630859375 0.046875 0.064453125
1 0.591796875 0.44921875 0.0283203125 0.033203125
0 0.5390625 0.345703125 0.037109375 0.0283203125
1 0.560546875 0.4658203125 0.021484375 0.0341796875
0 0.5576171875 0.666015625 0.1220703125 0.1611328125
1 0.591796875 0.6005859375 0.037109375 0.0576171875
1 0.7216796875 0.6279296875 0.037109375 0.0498046875
1 0.7578125 0.634765625 0.0498046875 0.060546875
0 0.505859375 0.333984375 0.041015625 0.03125
1 0.5478515625 0.373046875 0.017578125 0.0263671875
1 0.892578125 0.3798828125 0.025390625 0.037109375
1 0.4775390625 0.4755859375 0.0263671875 0.0390625
0 0.869140625 0.572265625 0.177734375 0.060546875
1 0.8125 0.603515625 0.041015625 0.0546875
1 0.5419921875 0.423828125 0.015625 0.0283203125
1 0.8115234375 0.779296875 0.0517578125 0.072265625
1 0.3095703125 0.8583984375 0.041015625 0.0576171875
1 0.63671875 0.5029296875 0.0263671875 0.041015625
1 0.333984375 0.5966796875 0.0498046875 0.052734375
1 0.3505859375 0.474609375 0.044921875 0.037109375
1 0.5654296875 0.5087890625 0.041015625 0.0419921875
1 0.830078125 0.6611328125 0.1044921875 0.072265625
1 0.52734375 0.5078125 0.029296875 0.037109375
1 0.966796875 0.62109375 0.046875 0.0576171875
1 0.0693359375 0.4765625 0.048828125 0.041015625
1 0.666015625 0.6943359375 0.0439453125 0.0732421875
1 0.6767578125 0.580078125 0.041015625 0.0517578125
1 0.734375 0.4853515625 0.03125 0.0419921875
1 0.431640625 0.6708984375 0.041015625 0.064453125
1 0.4921875 0.5068359375 0.021484375 0.0361328125
1 0.3681640625 0.8515625 0.064453125 0.072265625
1 0.96875 0.544921875 0.0341796875 0.041015625
1 0.1044921875 0.486328125 0.0283203125 0.03125
1 0.6416015625 0.5615234375 0.044921875 0.0517578125
1 0.62890625 0.6875 0.048828125 0.072265625
1 0.529296875 0.4521484375 0.015625 0.0234375
1 0.3876953125 0.5947265625 0.0625 0.0546875
1 0.5791015625 0.375 0.017578125 0.0283203125
1 0.03125 0.7607421875 0.037109375 0.0625
1 0.474609375 0.53515625 0.03125 0.0419921875
1 0.255859375 0.4150390625 0.025390625 0.0390625
1 0.80078125 0.498046875 0.0517578125 0.078125
1 0.03125 0.560546875 0.037109375 0.046875
1 0.48046875 0.5947265625 0.029296875 0.0576171875
1 0.6064453125 0.8759765625 0.0498046875 0.029296875
1 0.4560546875 0.365234375 0.0283203125 0.0341796875
1 0.6884765625 0.505859375 0.048828125 0.0390625
1 0.8857421875 0.85546875 0.0810546875 0.064453125
0 0.244140625 0.3740234375 0.0654296875 0.033203125
1 0.560546875 0.4375 0.015625 0.03125
1 0.525390625 0.400390625 0.0107421875 0.0263671875
1 0.4658203125 0.669921875 0.025390625 0.0751953125
0 0.3583984375 0.353515625 0.044921875 0.021484375
1 0.7236328125 0.5712890625 0.03125 0.0546875
1 0.177734375 0.326171875 0.021484375 0.0205078125
1 0.90234375 0.5029296875 0.0361328125 0.0498046875