0 0.193359375 0.748046875 0.123046875 0.162109375
0 0.5126953125 0.419921875 0.0498046875 0.0498046875
0 0.337890625 0.728515625 0.0966796875 0.119140625
0 0.884765625 0.5791015625 0.1904296875 0.0888671875
0 0.5400390625 0.353515625 0.044921875 0.044921875
0 0.486328125 0.3564453125 0.0498046875 0.0439453125
1 0.517578125 0.46875 0.044921875 0.052734375
1 0.080078125 0.755859375 0.044921875 0.0751953125
1 0.5791015625 0.4873046875 0.0263671875 0.037109375
1 0.146484375 0.5087890625 0.025390625 0.0390625
1 0.068359375 0.533203125 0.0283203125 0.0419921875
1 0.181640625 0.4599609375 0.0283203125 0.033203125
1 0.107421875 0.591796875 0.0341796875 0.072265625
1 0.197265625 0.427734375 0.033203125 0.029296875
0 0.3447265625 0.4677734375 0.0986328125 0.0576171875
1 0.470703125 0.4619140625 0.029296875 0.0419921875
1 0.634765625 0.5078125 0.025390625 0.0439453125
1 0.255859375 0.4521484375 0.0205078125 0.0263671875
1 0.06640625 0.478515625 0.033203125 0.03125
1 0.138671875 0.439453125 0.033203125 0.0283203125
0 0.509765625 0.3330078125 0.03125 0.0283203125
1 0.5732421875 0.3828125 0.0185546875 0.025390625
1 0.1103515625 0.4130859375 0.0361328125 0.033203125
1 0.3916015625 0.51953125 0.044921875 0.0390625
1 0.78515625 0.611328125 0.0703125 0.0625
1 0.541015625 0.556640625 0.056640625 0.0576171875
1 0.6103515625 0.4951171875 0.033203125 0.041015625
1 0.3671875 0.345703125 0.015625 0.0185546875
1 0.458984375 0.783203125 0.0361328125 0.0576171875
1 0.49609375 0.455078125 0.017578125 0.0283203125
1 0.3076171875 0.8447265625 0.046875 0.0673828125
1 0.513671875 0.37109375 0.0185546875 0.0205078125
1 0.552734375 0.470703125 0.021484375 0.041015625
1 0.416015625 0.8095703125 0.0361328125 0.0595703125
1 0.4677734375 0.4296875 0.017578125 0.021484375
1 0.5830078125 0.41015625 0.015625 0.029296875
1 0.427734375 0.6787109375 0.0390625 0.0419921875
1 0.056640625 0.345703125 0.0283203125 0.0234375
1 0.16015625 0.419921875 0.0205078125 0.0263671875
1 0.435546875 0.36328125 0.0126953125 0.0234375
1 0.6435546875 0.47265625 0.021484375 0.029296875
1 0.619140625 0.4609375 0.021484375 0.0283203125
1 0.587890625 0.4501953125 0.015625 0.025390625
1 0.017578125 0.4970703125 0.013671875 0.0341796875
1 0.1611328125 0.3642578125 0.0126953125 0.015625
1 0.482421875 0.4140625 0.0205078125 0.03125
1 0.177734375 0.328125 0.021484375 0.021484375
1 0.421875 0.7451171875 0.0498046875 0.0625
1 0.1240234375 0.36328125 0.013671875 0.017578125
1 0.025390625 0.3740234375 0.013671875 0.0205078125
1 0.021484375 0.564453125 0.0234375 0.041015625
1 0.833984375 0.6396484375 0.0576171875 0.0703125
0 0.2294921875 0.365234375 0.056640625 0.0361328125
1 0.1953125 0.322265625 0.0185546875 0.0205078125
1 0.3466796875 0.484375 0.015625 0.0283203125
1 0.1298828125 0.404296875 0.0185546875 0.0234375
1 0.6328125 0.443359375 0.0283203125 0.029296875
1 0.4521484375 0.3603515625 0.017578125 0.0234375
0 0.1953125 0.8759765625 0.0966796875 0.029296875
1 0.0400390625 0.5537109375 0.017578125 0.029296875
1 0.5498046875 0.4423828125 0.015625 0.025390625
1 0.5947265625 0.4658203125 0.013671875 0.0185546875
1 0.17578125 0.4453125 0.1767578125 0.103515625
1 0.5458984375 0.6162109375 0.033203125 0.060546875
1 0.58203125 0.359375 0.0107421875 0.015625
1 0.455078125 0.7177734375 0.0185546875 0.0234375
1 0.8916015625 0.384765625 0.017578125 0.0234375
1 0.3515625 0.330078125 0.025390625 0.0185546875