0 0.19140625 0.7490234375 0.123046875 0.1640625
0 0.515625 0.4404296875 0.0498046875 0.0498046875
1 0.560546875 0.486328125 0.025390625 0.0439453125
0 0.337890625 0.7275390625 0.0986328125 0.1171875
1 0.705078125 0.681640625 0.0419921875 0.0703125
0 0.486328125 0.3623046875 0.048828125 0.0341796875
1 0.58203125 0.5791015625 0.0390625 0.0546875
0 0.158203125 0.416015625 0.068359375 0.0439453125
0 0.537109375 0.34765625 0.037109375 0.033203125
1 0.6455078125 0.572265625 0.0341796875 0.0673828125
1 0.4052734375 0.6279296875 0.0419921875 0.0595703125
1 0.587890625 0.517578125 0.0341796875 0.0439453125
1 0.1220703125 0.67578125 0.0498046875 0.064453125
1 0.6259765625 0.509765625 0.0234375 0.0341796875
1 0.564453125 0.4482421875 0.0263671875 0.0341796875
1 0.412109375 0.80078125 0.046875 0.0703125
1 0.505859375 0.4921875 0.0263671875 0.041015625
1 0.5703125 0.392578125 0.015625 0.0283203125
1 0.396484375 0.4130859375 0.0263671875 0.0361328125
1 0.4228515625 0.4423828125 0.0205078125 0.03125
1 0.0673828125 0.5361328125 0.0283203125 0.046875
1 0.7822265625 0.8017578125 0.060546875 0.09375
1 0.58203125 0.6416015625 0.0361328125 0.064453125
1 0.455078125 0.7509765625 0.0419921875 0.0859375
1 0.583984375 0.4384765625 0.0205078125 0.0390625
1 0.4736328125 0.4677734375 0.021484375 0.0390625
0 0.509765625 0.333984375 0.03125 0.0283203125
1 0.837890625 0.580078125 0.064453125 0.072265625
1 0.455078125 0.3701171875 0.0234375 0.0283203125
1 0.30859375 0.8447265625 0.048828125 0.0703125
1 0.9609375 0.603515625 0.0498046875 0.064453125
1 0.44140625 0.48046875 0.0205078125 0.0361328125
1 0.41796875 0.3994140625 0.013671875 0.0263671875
1 0.693359375 0.5771484375 0.025390625 0.048828125
1 0.421875 0.71484375 0.037109375 0.0576171875
1 0.6455078125 0.4892578125 0.0185546875 0.03125
1 0.5986328125 0.396484375 0.015625 0.025390625
1 0.064453125 0.482421875 0.037109375 0.0439453125
1 0.0302734375 0.564453125 0.0390625 0.0595703125
1 0.6015625 0.546875 0.021484375 0.041015625
1 0.53125 0.3759765625 0.021484375 0.029296875
1 0.8056640625 0.7099609375 0.0419921875 0.060546875
1 0.46484375 0.431640625 0.013671875 0.0263671875
1 0.2470703125 0.3623046875 0.0185546875 0.0185546875
1 0.412109375 0.36328125 0.0107421875 0.017578125
1 0.2177734375 0.4423828125 0.013671875 0.0283203125
1 0.0234375 0.8271484375 0.025390625 0.0546875
1 0.4921875 0.43359375 0.0126953125 0.029296875
1 0.166015625 0.36328125 0.015625 0.013671875
1 0.376953125 0.396484375 0.0234375 0.0283203125
1 0.1142578125 0.486328125 0.0341796875 0.033203125
1 0.453125 0.5068359375 0.025390625 0.0390625
1 0.599609375 0.4765625 0.0205078125 0.03125
1 0.7255859375 0.857421875 0.0517578125 0.064453125
1 0.029296875 0.7607421875 0.033203125 0.041015625
1 0.9013671875 0.6015625 0.0625 0.068359375
1 0.94140625 0.67578125 0.033203125 0.0673828125
1 0.6513671875 0.455078125 0.025390625 0.029296875
1 0.640625 0.5927734375 0.140625 0.205078125
1 0.560546875 0.8369140625 0.0654296875 0.1015625
1 0.373046875 0.3603515625 0.0126953125 0.0234375
1 0.6796875 0.4404296875 0.021484375 0.03125
0 0.1953125 0.875 0.0966796875 0.0283203125
1 0.3984375 0.384765625 0.015625 0.017578125
1 0.7353515625 0.544921875 0.0205078125 0.0546875
1 0.494140625 0.447265625 0.2158203125 0.138671875
0 0.3232421875 0.388671875 0.0966796875 0.048828125
0 0.353515625 0.318359375 0.0390625 0.0205078125
1 0.025390625 0.373046875 0.013671875 0.0205078125
1 0.2294921875 0.357421875 0.0126953125 0.0234375
1 0.4501953125 0.671875 0.0341796875 0.056640625