0 0.19140625 0.75 0.123046875 0.162109375
0 0.509765625 0.4248046875 0.048828125 0.056640625
0 0.337890625 0.728515625 0.0966796875 0.119140625
0 0.1708984375 0.412109375 0.0732421875 0.044921875
1 0.2060546875 0.513671875 0.025390625 0.044921875
0 0.88671875 0.5615234375 0.1669921875 0.0732421875
0 0.537109375 0.3544921875 0.044921875 0.046875
0 0.080078125 0.3896484375 0.0595703125 0.0390625
1 0.3115234375 0.5302734375 0.044921875 0.044921875
1 0.3095703125 0.849609375 0.0439453125 0.0654296875
1 0.2333984375 0.455078125 0.0263671875 0.033203125
0 0.4912109375 0.3603515625 0.0419921875 0.0390625
1 0.634765625 0.4990234375 0.0234375 0.044921875
1 0.1494140625 0.46875 0.0234375 0.0341796875
1 0.541015625 0.478515625 0.0263671875 0.041015625
0 0.5078125 0.3349609375 0.0341796875 0.033203125
1 0.322265625 0.490234375 0.029296875 0.037109375
1 0.580078125 0.486328125 0.0283203125 0.0390625
1 0.1953125 0.439453125 0.0185546875 0.0283203125
1 0.5478515625 0.5224609375 0.0390625 0.044921875
1 0.1630859375 0.4423828125 0.033203125 0.03125
1 0.291015625 0.4384765625 0.037109375 0.0263671875
1 0.40234375 0.505859375 0.0390625 0.0390625
1 0.2578125 0.447265625 0.025390625 0.029296875
1 0.5634765625 0.435546875 0.017578125 0.0263671875
1 0.123046875 0.5703125 0.0283203125 0.0498046875
1 0.416015625 0.7939453125 0.0498046875 0.083984375
1 0.45703125 0.7822265625 0.0390625 0.0576171875
1 0.5615234375 0.46875 0.0205078125 0.0341796875
1 0.6279296875 0.5654296875 0.037109375 0.037109375
1 0.080078125 0.7470703125 0.0517578125 0.087890625
1 0.2919921875 0.400390625 0.0185546875 0.0263671875
1 0.0673828125 0.537109375 0.0283203125 0.044921875
1 0.427734375 0.697265625 0.0498046875 0.09375
1 0.5185546875 0.533203125 0.0341796875 0.041015625
1 0.029296875 0.583984375 0.0341796875 0.0859375
1 0.0732421875 0.482421875 0.0341796875 0.037109375
1 0.59375 0.466796875 0.0185546875 0.0283203125
1 0.1123046875 0.421875 0.0185546875 0.0283203125
1 0.5908203125 0.4345703125 0.015625 0.025390625
1 0.1083984375 0.4853515625 0.0361328125 0.0361328125
1 0.9033203125 0.6015625 0.0595703125 0.0439453125
1 0.548828125 0.4423828125 0.017578125 0.025390625
1 0.619140625 0.4658203125 0.0205078125 0.0283203125
1 0.4384765625 0.3603515625 0.0205078125 0.029296875
1 0.033203125 0.4755859375 0.046875 0.048828125
1 0.05859375 0.341796875 0.0234375 0.021484375
1 0.025390625 0.373046875 0.021484375 0.0234375
1 0.7783203125 0.6982421875 0.056640625 0.0810546875
1 0.650390625 0.630859375 0.0498046875 0.091796875
1 0.46484375 0.431640625 0.013671875 0.029296875
1 0.25 0.326171875 0.025390625 0.021484375
1 0.1806640625 0.333984375 0.033203125 0.0263671875
1 0.9111328125 0.84375 0.087890625 0.0908203125
1 0.576171875 0.470703125 0.1455078125 0.0888671875
1 0.58984375 0.36328125 0.0390625 0.029296875
0 0.234375 0.365234375 0.0595703125 0.0419921875
0 0.1982421875 0.875 0.09375 0.0283203125
1 0.04296875 0.6884765625 0.0205078125 0.0234375
1 0.701171875 0.611328125 0.0234375 0.0576171875