0 0.3203125 0.798828125 0.150390625 0.177734375
1 0.6689453125 0.658203125 0.037109375 0.0703125
0 0.189453125 0.7333984375 0.1201171875 0.1513671875
1 0.380859375 0.541015625 0.021484375 0.041015625
1 0.8056640625 0.8154296875 0.0673828125 0.134765625
0 0.240234375 0.5087890625 0.0625 0.0703125
0 0.3173828125 0.6484375 0.0908203125 0.109375
1 0.8212890625 0.5810546875 0.0830078125 0.087890625
1 0.5087890625 0.619140625 0.029296875 0.048828125
1 0.3974609375 0.4423828125 0.0205078125 0.03125
1 0.6875 0.55078125 0.0498046875 0.0546875
1 0.9443359375 0.6845703125 0.0830078125 0.0908203125
0 0.2255859375 0.578125 0.080078125 0.087890625
1 0.048828125 0.587890625 0.0341796875 0.056640625
1 0.1591796875 0.5927734375 0.03125 0.0576171875
1 0.55859375 0.4521484375 0.033203125 0.033203125
0 0.505859375 0.3466796875 0.033203125 0.0341796875
1 0.5927734375 0.451171875 0.017578125 0.03125
0 0.3212890625 0.5517578125 0.0703125 0.078125
0 0.3271484375 0.490234375 0.0673828125 0.0595703125
1 0.5634765625 0.3916015625 0.017578125 0.0234375
1 0.794921875 0.734375 0.0576171875 0.0654296875
0 0.4794921875 0.3583984375 0.03125 0.033203125
1 0.5185546875 0.5419921875 0.0341796875 0.037109375
1 0.1318359375 0.4833984375 0.0205078125 0.033203125
1 0.099609375 0.58984375 0.025390625 0.0390625
1 0.6787109375 0.447265625 0.017578125 0.025390625
1 0.8740234375 0.658203125 0.080078125 0.078125
1 0.060546875 0.48046875 0.0263671875 0.0361328125
0 0.404296875 0.384765625 0.046875 0.0341796875
1 0.59375 0.3974609375 0.0185546875 0.0234375
1 0.091796875 0.654296875 0.0341796875 0.056640625
1 0.6630859375 0.4990234375 0.0234375 0.0390625
1 0.435546875 0.4443359375 0.0185546875 0.0361328125
1 0.658203125 0.466796875 0.037109375 0.033203125
0 0.2548828125 0.396484375 0.052734375 0.0595703125
1 0.154296875 0.498046875 0.021484375 0.0341796875
1 0.08984375 0.7451171875 0.044921875 0.0810546875
1 0.908203125 0.529296875 0.060546875 0.056640625
1 0.1728515625 0.552734375 0.0205078125 0.033203125
1 0.7734375 0.8740234375 0.046875 0.033203125
0 0.5283203125 0.3271484375 0.0341796875 0.0234375
1 0.783203125 0.48828125 0.0185546875 0.0263671875
1 0.8935546875 0.5849609375 0.0439453125 0.0576171875
1 0.2177734375 0.4140625 0.029296875 0.0341796875
1 0.1484375 0.419921875 0.025390625 0.03125
1 0.638671875 0.4423828125 0.029296875 0.03125
0 0.384765625 0.357421875 0.0625 0.03125
1 0.466796875 0.4375 0.015625 0.0341796875
1 0.0263671875 0.5634765625 0.0283203125 0.048828125
1 0.625 0.869140625 0.046875 0.0419921875
1 0.22265625 0.392578125 0.017578125 0.025390625
1 0.83984375 0.54296875 0.029296875 0.0390625
1 0.17578125 0.478515625 0.0205078125 0.0390625
1 0.0322265625 0.857421875 0.0419921875 0.064453125
1 0.1943359375 0.4267578125 0.017578125 0.021484375
1 0.712890625 0.5205078125 0.0283203125 0.0341796875
1 0.19140625 0.490234375 0.017578125 0.0361328125
1 0.1083984375 0.41796875 0.0205078125 0.0234375
0 0.494140625 0.318359375 0.0341796875 0.0205078125
1 0.3564453125 0.3994140625 0.009765625 0.017578125
1 0.2177734375 0.3349609375 0.0107421875 0.017578125
1 0.173828125 0.4208984375 0.0185546875 0.0263671875
1 0.20703125 0.482421875 0.017578125 0.037109375
0 0.439453125 0.3974609375 0.0341796875 0.033203125
1 0.6123046875 0.43359375 0.025390625 0.0390625
1 0.8623046875 0.501953125 0.025390625 0.041015625
1 0.5595703125 0.4267578125 0.015625 0.0341796875
1 0.966796875 0.599609375 0.0361328125 0.048828125
1 0.462890625 0.337890625 0.0185546875 0.0234375
1 0.201171875 0.33984375 0.009765625 0.017578125
1 0.779296875 0.66796875 0.0439453125 0.0576171875