0 0.77734375 0.78125 0.185546875 0.2060546875
1 0.810546875 0.583984375 0.068359375 0.080078125
0 0.57421875 0.5283203125 0.076171875 0.103515625
0 0.474609375 0.505859375 0.0654296875 0.083984375
0 0.669921875 0.458984375 0.103515625 0.0595703125
1 0.681640625 0.5888671875 0.0517578125 0.083984375
0 0.3388671875 0.7294921875 0.099609375 0.115234375
1 0.673828125 0.5361328125 0.041015625 0.0498046875
0 0.55078125 0.654296875 0.126953125 0.140625
0 0.5126953125 0.3291015625 0.03125 0.0234375
0 0.490234375 0.3603515625 0.0390625 0.029296875
1 0.623046875 0.521484375 0.0361328125 0.052734375
1 0.1767578125 0.484375 0.0283203125 0.0439453125
1 0.7255859375 0.6142578125 0.0517578125 0.0751953125
0 0.5400390625 0.34375 0.033203125 0.025390625
0 0.5263671875 0.458984375 0.0498046875 0.0595703125
1 0.943359375 0.693359375 0.0830078125 0.0830078125
1 0.962890625 0.623046875 0.0419921875 0.0576171875
1 0.9111328125 0.541015625 0.0595703125 0.0419921875
0 0.4541015625 0.455078125 0.044921875 0.0576171875
1 0.876953125 0.642578125 0.087890625 0.0732421875
1 0.3798828125 0.451171875 0.021484375 0.037109375
1 0.7294921875 0.5380859375 0.0341796875 0.0419921875
1 0.712890625 0.5068359375 0.0341796875 0.0390625
1 0.4833984375 0.564453125 0.048828125 0.0625
1 0.755859375 0.666015625 0.041015625 0.0576171875
1 0.5693359375 0.46484375 0.0234375 0.0263671875
1 0.595703125 0.4287109375 0.0185546875 0.029296875
0 0.2353515625 0.373046875 0.0673828125 0.0361328125
1 0.14453125 0.447265625 0.0263671875 0.0263671875
1 0.490234375 0.453125 0.0234375 0.037109375
1 0.3583984375 0.427734375 0.0205078125 0.0263671875
1 0.134765625 0.7021484375 0.03125 0.044921875
1 0.2041015625 0.458984375 0.013671875 0.021484375
1 0.126953125 0.419921875 0.041015625 0.0341796875
0 0.044921875 0.3798828125 0.03125 0.021484375
1 0.8935546875 0.583984375 0.0439453125 0.048828125
1 0.630859375 0.4775390625 0.015625 0.029296875
1 0.59765625 0.3974609375 0.017578125 0.033203125
1 0.669921875 0.4951171875 0.015625 0.025390625
1 0.4892578125 0.615234375 0.0283203125 0.0576171875
1 0.0576171875 0.4794921875 0.021484375 0.037109375
1 0.4560546875 0.365234375 0.0185546875 0.029296875
1 0.025390625 0.564453125 0.025390625 0.0498046875
1 0.6064453125 0.6123046875 0.0341796875 0.0810546875
1 0.818359375 0.53515625 0.0341796875 0.0419921875
0 0.3525390625 0.3203125 0.033203125 0.015625
1 0.021484375 0.478515625 0.025390625 0.041015625
1 0.890625 0.384765625 0.015625 0.025390625
1 0.0869140625 0.4033203125 0.0234375 0.025390625
1 0.8623046875 0.4306640625 0.0283203125 0.0419921875
1 0.568359375 0.427734375 0.021484375 0.0283203125
1 0.1806640625 0.3798828125 0.013671875 0.021484375
1 0.177734375 0.4443359375 0.0205078125 0.0234375
1 0.408203125 0.4208984375 0.0361328125 0.033203125