0 0.3427734375 0.662109375 0.095703125 0.1201171875
0 0.634765625 0.697265625 0.1328125 0.158203125
0 0.2177734375 0.5966796875 0.080078125 0.0908203125
0 0.482421875 0.498046875 0.046875 0.0654296875
0 0.599609375 0.5595703125 0.0810546875 0.1123046875
1 0.724609375 0.6064453125 0.033203125 0.056640625
1 0.8046875 0.599609375 0.037109375 0.0546875
1 0.6640625 0.5537109375 0.037109375 0.0517578125
0 0.318359375 0.5234375 0.0654296875 0.072265625
1 0.6396484375 0.529296875 0.0263671875 0.044921875
1 0.380859375 0.53125 0.0263671875 0.041015625
1 0.8916015625 0.65625 0.0859375 0.078125
1 0.5185546875 0.623046875 0.025390625 0.044921875
1 0.080078125 0.693359375 0.0390625 0.068359375
0 0.1083984375 0.404296875 0.0517578125 0.037109375
1 0.791015625 0.7958984375 0.0595703125 0.111328125
0 0.2294921875 0.5048828125 0.0625 0.0654296875
0 0.5087890625 0.412109375 0.0390625 0.048828125
1 0.7001953125 0.55859375 0.0498046875 0.0703125
1 0.427734375 0.458984375 0.0234375 0.041015625
1 0.923828125 0.83984375 0.0625 0.0859375
1 0.8662109375 0.591796875 0.0830078125 0.0703125
1 0.5791015625 0.4814453125 0.0205078125 0.037109375
1 0.4765625 0.5966796875 0.0283203125 0.0654296875
1 0.166015625 0.560546875 0.021484375 0.037109375
1 0.287109375 0.5986328125 0.03125 0.0498046875
0 0.23828125 0.4560546875 0.048828125 0.046875
1 0.794921875 0.55859375 0.037109375 0.048828125
1 0.5732421875 0.607421875 0.025390625 0.0546875
1 0.4814453125 0.4443359375 0.0185546875 0.0234375
1 0.6064453125 0.505859375 0.03125 0.052734375
1 0.4306640625 0.509765625 0.0205078125 0.0361328125
1 0.609375 0.8427734375 0.0625 0.0859375
1 0.9619140625 0.701171875 0.0517578125 0.0703125
1 0.599609375 0.4462890625 0.0126953125 0.0263671875
0 0.095703125 0.8212890625 0.1611328125 0.1455078125
1 0.1513671875 0.6259765625 0.03125 0.0546875
0 0.48828125 0.3564453125 0.029296875 0.03125
1 0.1171875 0.5859375 0.03125 0.041015625
1 0.9287109375 0.607421875 0.048828125 0.0439453125
1 0.826171875 0.5625 0.041015625 0.046875
1 0.54296875 0.478515625 0.0263671875 0.044921875
1 0.474609375 0.423828125 0.0205078125 0.033203125
1 0.529296875 0.564453125 0.0361328125 0.0732421875
0 0.2919921875 0.435546875 0.0439453125 0.041015625
1 0.05859375 0.4794921875 0.0234375 0.037109375
0 0.5 0.333984375 0.025390625 0.015625
0 0.189453125 0.3681640625 0.0341796875 0.0234375
1 0.5263671875 0.521484375 0.0185546875 0.029296875
0 0.306640625 0.3974609375 0.103515625 0.048828125
1 0.5693359375 0.443359375 0.029296875 0.048828125
1 0.53125 0.4384765625 0.021484375 0.029296875
1 0.029296875 0.568359375 0.033203125 0.056640625
1 0.5068359375 0.455078125 0.0361328125 0.048828125
1 0.228515625 0.841796875 0.0498046875 0.048828125
1 0.97265625 0.6318359375 0.029296875 0.060546875
0 0.43359375 0.416015625 0.0390625 0.046875
1 0.01953125 0.8486328125 0.0205078125 0.056640625
1 0.712890625 0.5224609375 0.021484375 0.0361328125
1 0.8994140625 0.5458984375 0.029296875 0.0361328125
1 0.1748046875 0.4619140625 0.0283203125 0.029296875
0 0.9697265625 0.533203125 0.0361328125 0.0419921875