0 0.1923828125 0.748046875 0.1220703125 0.162109375
0 0.509765625 0.4228515625 0.0576171875 0.0546875
0 0.337890625 0.7275390625 0.0986328125 0.1201171875
1 0.509765625 0.4765625 0.025390625 0.041015625
0 0.54296875 0.3564453125 0.048828125 0.046875
0 0.4892578125 0.357421875 0.0498046875 0.044921875
1 0.0673828125 0.5458984375 0.03125 0.044921875
1 0.619140625 0.4912109375 0.0517578125 0.044921875
1 0.576171875 0.48828125 0.0283203125 0.0390625
1 0.306640625 0.8349609375 0.044921875 0.0888671875
1 0.138671875 0.5380859375 0.03125 0.0419921875
1 0.228515625 0.462890625 0.041015625 0.048828125
1 0.603515625 0.5498046875 0.068359375 0.0439453125
1 0.2900390625 0.5390625 0.0546875 0.0625
1 0.287109375 0.470703125 0.052734375 0.0419921875
1 0.1640625 0.447265625 0.0341796875 0.037109375
1 0.484375 0.5419921875 0.037109375 0.0498046875
1 0.3740234375 0.48046875 0.0361328125 0.0361328125
1 0.0771484375 0.759765625 0.0390625 0.060546875
1 0.408203125 0.470703125 0.041015625 0.033203125
1 0.5390625 0.478515625 0.025390625 0.0390625
1 0.578125 0.4248046875 0.015625 0.03125
1 0.341796875 0.486328125 0.044921875 0.0498046875
1 0.4130859375 0.79296875 0.0517578125 0.080078125
0 0.509765625 0.3310546875 0.03125 0.025390625
1 0.427734375 0.7041015625 0.0498046875 0.091796875
1 0.455078125 0.783203125 0.046875 0.072265625
1 0.076171875 0.6748046875 0.0341796875 0.046875
1 0.119140625 0.423828125 0.0419921875 0.033203125
1 0.083984375 0.4072265625 0.041015625 0.0419921875
1 0.0654296875 0.4794921875 0.0439453125 0.037109375
1 0.109375 0.484375 0.037109375 0.03125
1 0.3603515625 0.533203125 0.0703125 0.0546875
1 0.0263671875 0.583984375 0.0283203125 0.080078125
1 0.73046875 0.560546875 0.0419921875 0.029296875
1 0.4365234375 0.36328125 0.017578125 0.0263671875
1 0.5517578125 0.4462890625 0.0185546875 0.0263671875
1 0.572265625 0.37890625 0.0205078125 0.0361328125
1 0.3388671875 0.4521484375 0.025390625 0.033203125
0 0.236328125 0.365234375 0.0654296875 0.037109375
1 0.6201171875 0.4521484375 0.015625 0.0234375
1 0.5634765625 0.466796875 0.017578125 0.025390625
1 0.8212890625 0.7919921875 0.080078125 0.072265625
1 0.5947265625 0.466796875 0.017578125 0.021484375
0 0.1953125 0.8759765625 0.103515625 0.029296875
1 0.0224609375 0.458984375 0.017578125 0.0283203125
1 0.626953125 0.63671875 0.0439453125 0.076171875
1 0.4814453125 0.5107421875 0.021484375 0.0341796875
1 0.3291015625 0.35546875 0.0205078125 0.029296875
0 0.3466796875 0.318359375 0.025390625 0.021484375
1 0.822265625 0.556640625 0.0703125 0.046875
1 0.369140625 0.439453125 0.025390625 0.0439453125
1 0.4619140625 0.7197265625 0.029296875 0.0576171875
1 0.9794921875 0.6181640625 0.015625 0.029296875