1 0.38671875 0.6875 0.029296875 0.0595703125
0 0.6015625 0.533203125 0.099609375 0.1015625
0 0.205078125 0.51171875 0.0673828125 0.0703125
0 0.5439453125 0.6357421875 0.1123046875 0.140625
0 0.740234375 0.71484375 0.189453125 0.1982421875
0 0.33203125 0.498046875 0.060546875 0.0654296875
1 0.4140625 0.7470703125 0.041015625 0.0751953125
1 0.1865234375 0.564453125 0.0263671875 0.0498046875
1 0.208984375 0.650390625 0.033203125 0.0595703125
1 0.5224609375 0.474609375 0.0234375 0.0341796875
1 0.2666015625 0.64453125 0.033203125 0.0576171875
0 0.56640625 0.4560546875 0.0576171875 0.052734375
1 0.2333984375 0.7236328125 0.0361328125 0.0595703125
1 0.6884765625 0.5458984375 0.048828125 0.0546875
1 0.732421875 0.541015625 0.0341796875 0.0419921875
0 0.498046875 0.525390625 0.076171875 0.0986328125
1 0.23046875 0.5927734375 0.0263671875 0.0390625
1 0.2861328125 0.591796875 0.0283203125 0.0419921875
1 0.1396484375 0.537109375 0.0234375 0.0361328125
1 0.080078125 0.7275390625 0.025390625 0.0419921875
1 0.158203125 0.4736328125 0.0185546875 0.03125
1 0.2822265625 0.556640625 0.0234375 0.046875
1 0.818359375 0.576171875 0.083984375 0.095703125
1 0.298828125 0.7578125 0.0361328125 0.0625
1 0.1015625 0.658203125 0.052734375 0.064453125
1 0.1572265625 0.6142578125 0.0234375 0.0439453125
1 0.134765625 0.5859375 0.025390625 0.041015625
1 0.1591796875 0.7392578125 0.03125 0.0498046875
1 0.1806640625 0.4462890625 0.017578125 0.033203125
1 0.4892578125 0.462890625 0.021484375 0.029296875
0 0.482421875 0.38671875 0.0439453125 0.0390625
1 0.9462890625 0.6904296875 0.0732421875 0.083984375
1 0.388671875 0.5556640625 0.021484375 0.0390625
1 0.5810546875 0.41796875 0.021484375 0.029296875
1 0.166015625 0.421875 0.0205078125 0.025390625
0 0.439453125 0.4384765625 0.0419921875 0.064453125
0 0.287109375 0.416015625 0.048828125 0.046875
0 0.509765625 0.341796875 0.033203125 0.029296875
1 0.216796875 0.421875 0.017578125 0.025390625
1 0.0595703125 0.478515625 0.025390625 0.0361328125
0 0.5654296875 0.37109375 0.0341796875 0.029296875
1 0.1240234375 0.7646484375 0.029296875 0.0576171875
0 0.544921875 0.412109375 0.0439453125 0.0517578125
1 0.67578125 0.853515625 0.0546875 0.072265625
1 0.927734375 0.6103515625 0.0419921875 0.0390625
1 0.029296875 0.560546875 0.037109375 0.0439453125
1 0.1884765625 0.3759765625 0.0205078125 0.0263671875
1 0.90625 0.794921875 0.068359375 0.1435546875
1 0.232421875 0.5537109375 0.029296875 0.048828125
1 0.154296875 0.6845703125 0.044921875 0.072265625
0 0.482421875 0.3544921875 0.041015625 0.0341796875
0 0.4921875 0.3173828125 0.0283203125 0.015625
1 0.896484375 0.580078125 0.0439453125 0.0498046875
1 0.154296875 0.8134765625 0.0205078125 0.0419921875
1 0.8642578125 0.572265625 0.0283203125 0.052734375
1 0.638671875 0.44140625 0.0390625 0.029296875
1 0.453125 0.365234375 0.025390625 0.03125
1 0.9736328125 0.6328125 0.03125 0.0625
1 0.193359375 0.630859375 0.2060546875 0.232421875
1 0.681640625 0.5126953125 0.0263671875 0.03125
1 0.4580078125 0.5009765625 0.025390625 0.0419921875
0 0.087890625 0.392578125 0.072265625 0.046875
1 0.0244140625 0.3740234375 0.013671875 0.0205078125
1 0.0244140625 0.48046875 0.0263671875 0.0390625
1 0.599609375 0.3876953125 0.017578125 0.0185546875
1 0.4921875 0.4375 0.015625 0.021484375
1 0.513671875 0.443359375 0.017578125 0.03125
1 0.2744140625 0.5107421875 0.0234375 0.037109375