0 0.193359375 0.748046875 0.125 0.1611328125
0 0.5126953125 0.423828125 0.056640625 0.052734375
0 0.3388671875 0.728515625 0.099609375 0.1201171875
0 0.59375 0.515625 0.1376953125 0.068359375
0 0.3662109375 0.4794921875 0.111328125 0.068359375
0 0.5390625 0.3515625 0.041015625 0.037109375
1 0.080078125 0.7548828125 0.048828125 0.0751953125
0 0.4892578125 0.3583984375 0.041015625 0.0361328125
1 0.5419921875 0.474609375 0.03125 0.044921875
1 0.666015625 0.59375 0.0830078125 0.072265625
1 0.3935546875 0.544921875 0.0498046875 0.056640625
1 0.099609375 0.49609375 0.029296875 0.033203125
1 0.2744140625 0.5029296875 0.0390625 0.0439453125
1 0.3271484375 0.5283203125 0.0390625 0.0439453125
0 0.509765625 0.3330078125 0.03125 0.0283203125
1 0.201171875 0.447265625 0.025390625 0.03125
1 0.2802734375 0.4404296875 0.029296875 0.025390625
1 0.09375 0.6396484375 0.041015625 0.0576171875
1 0.7529296875 0.5869140625 0.0908203125 0.0703125
1 0.466796875 0.384765625 0.017578125 0.0263671875
1 0.30859375 0.833984375 0.048828125 0.091796875
1 0.494140625 0.4599609375 0.0205078125 0.0419921875
1 0.1328125 0.423828125 0.0185546875 0.017578125
1 0.548828125 0.380859375 0.0185546875 0.03125
1 0.3427734375 0.4482421875 0.0234375 0.0185546875
1 0.115234375 0.576171875 0.0263671875 0.0361328125
1 0.1806640625 0.4248046875 0.029296875 0.025390625
1 0.60546875 0.46875 0.0205078125 0.021484375
1 0.458984375 0.76953125 0.048828125 0.076171875
1 0.5966796875 0.5810546875 0.056640625 0.0498046875
1 0.09765625 0.4169921875 0.017578125 0.0185546875
1 0.427734375 0.6748046875 0.0390625 0.046875
1 0.16796875 0.47265625 0.0234375 0.033203125
1 0.900390625 0.630859375 0.0654296875 0.048828125
1 0.58203125 0.466796875 0.0263671875 0.033203125
1 0.4228515625 0.748046875 0.044921875 0.056640625
1 0.712890625 0.53125 0.0390625 0.037109375
1 0.529296875 0.6279296875 0.0625 0.056640625
1 0.078125 0.40234375 0.021484375 0.0234375
0 0.236328125 0.369140625 0.0576171875 0.0361328125
1 0.556640625 0.447265625 0.0205078125 0.0283203125
1 0.978515625 0.5244140625 0.017578125 0.029296875
1 0.6708984375 0.521484375 0.0263671875 0.033203125
1 0.6357421875 0.474609375 0.0185546875 0.021484375
1 0.474609375 0.61328125 0.029296875 0.0546875
1 0.3916015625 0.365234375 0.013671875 0.017578125
1 0.6201171875 0.4658203125 0.0185546875 0.0283203125
1 0.1728515625 0.400390625 0.013671875 0.0234375
1 0.041015625 0.556640625 0.0185546875 0.0341796875
1 0.564453125 0.3623046875 0.0185546875 0.0283203125
1 0.9052734375 0.568359375 0.060546875 0.044921875
1 0.5908203125 0.646484375 0.041015625 0.0595703125
1 0.0576171875 0.4794921875 0.0185546875 0.0341796875
1 0.435546875 0.365234375 0.013671875 0.021484375
1 0.8330078125 0.548828125 0.052734375 0.033203125
1 0.177734375 0.326171875 0.0234375 0.021484375
1 0.45703125 0.3603515625 0.0263671875 0.029296875
0 0.177734375 0.3740234375 0.0654296875 0.0361328125
1 0.525390625 0.849609375 0.0283203125 0.0546875
1 0.4443359375 0.5078125 0.0419921875 0.052734375
1 0.39453125 0.5068359375 0.0234375 0.0419921875
1 0.0244140625 0.560546875 0.0234375 0.0439453125
0 0.189453125 0.875 0.0888671875 0.0283203125
1 0.4677734375 0.8583984375 0.048828125 0.0546875
1 0.0244140625 0.373046875 0.0107421875 0.0205078125
1 0.681640625 0.44921875 0.015625 0.017578125