0 0.322265625 0.80078125 0.1435546875 0.1767578125
1 0.728515625 0.75390625 0.0419921875 0.0673828125
1 0.6806640625 0.642578125 0.0419921875 0.068359375
0 0.150390625 0.509765625 0.060546875 0.060546875
0 0.197265625 0.677734375 0.103515625 0.119140625
0 0.3173828125 0.6337890625 0.087890625 0.1044921875
1 0.6240234375 0.5439453125 0.033203125 0.056640625
1 0.5966796875 0.740234375 0.037109375 0.0576171875
0 0.2275390625 0.5791015625 0.080078125 0.0888671875
1 0.1064453125 0.546875 0.0283203125 0.0439453125
1 0.671875 0.5615234375 0.03125 0.048828125
0 0.3134765625 0.4951171875 0.0576171875 0.0654296875
0 0.51953125 0.4228515625 0.0546875 0.0732421875
1 0.794921875 0.5712890625 0.041015625 0.0576171875
1 0.701171875 0.5537109375 0.0341796875 0.048828125
1 0.5615234375 0.646484375 0.029296875 0.056640625
1 0.7578125 0.814453125 0.0595703125 0.1015625
1 0.091796875 0.6640625 0.0390625 0.056640625
0 0.240234375 0.509765625 0.0625 0.0625
1 0.5693359375 0.564453125 0.0263671875 0.052734375
1 0.8056640625 0.7255859375 0.064453125 0.0830078125
1 0.947265625 0.689453125 0.0732421875 0.080078125
1 0.8525390625 0.5908203125 0.060546875 0.068359375
1 0.564453125 0.443359375 0.025390625 0.0419921875
1 0.548828125 0.5185546875 0.0234375 0.037109375
0 0.2060546875 0.4140625 0.037109375 0.041015625
0 0.494140625 0.365234375 0.037109375 0.0361328125
1 0.150390625 0.587890625 0.033203125 0.0673828125
1 0.64453125 0.724609375 0.0517578125 0.072265625
1 0.623046875 0.6337890625 0.029296875 0.0576171875
1 0.619140625 0.498046875 0.0263671875 0.041015625
1 0.03125 0.5712890625 0.037109375 0.048828125
1 0.6123046875 0.466796875 0.021484375 0.0361328125
1 0.3779296875 0.486328125 0.025390625 0.044921875
1 0.595703125 0.4931640625 0.0205078125 0.0361328125
1 0.1318359375 0.7294921875 0.0361328125 0.0439453125
1 0.8984375 0.654296875 0.072265625 0.076171875
1 0.240234375 0.6455078125 0.029296875 0.0498046875
1 0.15625 0.5458984375 0.021484375 0.0361328125
1 0.5966796875 0.6904296875 0.021484375 0.03125
1 0.076171875 0.4765625 0.0419921875 0.0341796875
1 0.7314453125 0.541015625 0.037109375 0.046875
1 0.1865234375 0.8662109375 0.0390625 0.0419921875
1 0.591796875 0.4541015625 0.0263671875 0.048828125
1 0.931640625 0.607421875 0.060546875 0.0498046875
0 0.5146484375 0.3359375 0.044921875 0.0341796875
0 0.521484375 0.3828125 0.0341796875 0.03125
1 0.896484375 0.5859375 0.0390625 0.0625
0 0.2177734375 0.3515625 0.0234375 0.021484375
1 0.0791015625 0.34375 0.017578125 0.0185546875
1 0.083984375 0.59375 0.0341796875 0.046875
1 0.46875 0.361328125 0.0185546875 0.03125
0 0.2958984375 0.408203125 0.0576171875 0.0654296875
1 0.2060546875 0.80078125 0.041015625 0.0517578125
1 0.5498046875 0.607421875 0.021484375 0.052734375
1 0.6376953125 0.439453125 0.0341796875 0.037109375
1 0.021484375 0.47265625 0.0205078125 0.0234375
1 0.4873046875 0.4052734375 0.015625 0.0263671875
1 0.3583984375 0.435546875 0.017578125 0.0263671875
1 0.1875 0.462890625 0.0185546875 0.0341796875
1 0.1064453125 0.4853515625 0.03125 0.033203125
1 0.9755859375 0.626953125 0.0263671875 0.0576171875
1 0.185546875 0.37890625 0.0263671875 0.029296875
1 0.9345703125 0.6513671875 0.0283203125 0.041015625
1 0.201171875 0.359375 0.0126953125 0.021484375
1 0.818359375 0.5361328125 0.0234375 0.046875