0 0.6171875 0.7119140625 0.1533203125 0.1767578125
0 0.146484375 0.646484375 0.0859375 0.099609375
0 0.560546875 0.576171875 0.0986328125 0.107421875
1 0.8212890625 0.583984375 0.0732421875 0.0751953125
0 0.486328125 0.470703125 0.0576171875 0.0703125
1 0.7353515625 0.7109375 0.048828125 0.0810546875
1 0.736328125 0.6416015625 0.048828125 0.0546875
1 0.669921875 0.6455078125 0.0341796875 0.0625
1 0.830078125 0.8212890625 0.078125 0.1298828125
1 0.900390625 0.669921875 0.0888671875 0.091796875
1 0.4169921875 0.443359375 0.03125 0.0419921875
0 0.18359375 0.5126953125 0.076171875 0.0751953125
1 0.5849609375 0.5244140625 0.0234375 0.044921875
0 0.318359375 0.48046875 0.0576171875 0.060546875
0 0.28515625 0.4423828125 0.0576171875 0.046875
1 0.666015625 0.568359375 0.0263671875 0.0390625
1 0.560546875 0.443359375 0.025390625 0.0341796875
1 0.591796875 0.44140625 0.0234375 0.0361328125
1 0.689453125 0.5439453125 0.046875 0.0439453125
1 0.5224609375 0.6435546875 0.0390625 0.0625
1 0.482421875 0.6123046875 0.033203125 0.0595703125
1 0.482421875 0.53515625 0.0234375 0.044921875
1 0.728515625 0.5361328125 0.044921875 0.046875
1 0.26953125 0.658203125 0.0390625 0.0625
0 0.205078125 0.423828125 0.046875 0.041015625
1 0.9619140625 0.689453125 0.048828125 0.0673828125
1 0.291015625 0.7744140625 0.0439453125 0.111328125
1 0.5537109375 0.4814453125 0.017578125 0.0341796875
0 0.1845703125 0.3603515625 0.037109375 0.0234375
1 0.962890625 0.849609375 0.046875 0.0830078125
0 0.927734375 0.587890625 0.1201171875 0.1044921875
0 0.255859375 0.40234375 0.0390625 0.0361328125
0 0.7041015625 0.4697265625 0.0732421875 0.0419921875
0 0.1845703125 0.388671875 0.0439453125 0.037109375
1 0.443359375 0.4130859375 0.017578125 0.0390625
0 0.2275390625 0.35546875 0.029296875 0.0205078125
0 0.373046875 0.5703125 0.095703125 0.171875
1 0.029296875 0.5654296875 0.0341796875 0.0498046875
1 0.4697265625 0.4267578125 0.029296875 0.0439453125
1 0.072265625 0.4755859375 0.0546875 0.0419921875
1 0.8984375 0.544921875 0.0341796875 0.0361328125
1 0.9736328125 0.642578125 0.025390625 0.046875
1 0.5400390625 0.400390625 0.0234375 0.046875
1 0.1337890625 0.498046875 0.029296875 0.0595703125
1 0.2451171875 0.48828125 0.025390625 0.048828125
1 0.814453125 0.5380859375 0.0283203125 0.044921875
1 0.025390625 0.482421875 0.0283203125 0.0390625
1 0.1328125 0.447265625 0.021484375 0.0263671875
1 0.5224609375 0.435546875 0.0419921875 0.046875
1 0.4716796875 0.396484375 0.021484375 0.029296875
1 0.650390625 0.470703125 0.0361328125 0.0517578125