0 0.5888671875 0.44140625 0.0595703125 0.0546875
0 0.5400390625 0.478515625 0.0732421875 0.09375
1 0.7783203125 0.6103515625 0.046875 0.0546875
0 0.326171875 0.8037109375 0.1298828125 0.1484375
1 0.7265625 0.642578125 0.0439453125 0.0654296875
1 0.177734375 0.6240234375 0.0283203125 0.064453125
1 0.1513671875 0.4794921875 0.021484375 0.0341796875
1 0.365234375 0.421875 0.03125 0.0341796875
1 0.248046875 0.451171875 0.0234375 0.041015625
0 0.4873046875 0.361328125 0.0341796875 0.033203125
1 0.7763671875 0.751953125 0.046875 0.072265625
1 0.44921875 0.525390625 0.0361328125 0.041015625
1 0.626953125 0.513671875 0.025390625 0.033203125
1 0.861328125 0.6494140625 0.0517578125 0.0517578125
1 0.4501953125 0.3779296875 0.0185546875 0.021484375
1 0.822265625 0.5732421875 0.060546875 0.0595703125
1 0.1982421875 0.3798828125 0.021484375 0.0283203125
1 0.685546875 0.546875 0.041015625 0.041015625
1 0.146484375 0.544921875 0.029296875 0.044921875
0 0.6728515625 0.78125 0.185546875 0.2060546875
1 0.1484375 0.443359375 0.025390625 0.033203125
1 0.0634765625 0.478515625 0.029296875 0.0341796875
0 0.630859375 0.61328125 0.109375 0.1201171875
1 0.708984375 0.513671875 0.029296875 0.033203125
1 0.7333984375 0.53515625 0.033203125 0.0361328125
1 0.216796875 0.431640625 0.0205078125 0.033203125
1 0.2265625 0.587890625 0.025390625 0.052734375
1 0.6103515625 0.4638671875 0.017578125 0.0283203125
1 0.912109375 0.642578125 0.0341796875 0.0419921875
1 0.4775390625 0.501953125 0.0234375 0.041015625
1 0.96484375 0.7080078125 0.044921875 0.0654296875
1 0.443359375 0.458984375 0.0263671875 0.044921875
1 0.478515625 0.423828125 0.0185546875 0.03125
1 0.8759765625 0.80859375 0.0859375 0.080078125
1 0.1953125 0.5458984375 0.025390625 0.0419921875
1 0.431640625 0.4013671875 0.0185546875 0.0283203125
1 0.6728515625 0.59375 0.0234375 0.041015625
1 0.169921875 0.3642578125 0.015625 0.021484375
0 0.1396484375 0.412109375 0.0517578125 0.044921875
1 0.59375 0.4921875 0.0185546875 0.041015625
1 0.7880859375 0.5537109375 0.0263671875 0.0361328125
1 0.466796875 0.4052734375 0.017578125 0.029296875
0 0.224609375 0.359375 0.0263671875 0.03125
0 0.95703125 0.578125 0.0576171875 0.056640625
1 0.5029296875 0.4453125 0.0283203125 0.046875
1 0.8466796875 0.6025390625 0.03125 0.033203125
1 0.2431640625 0.419921875 0.0234375 0.029296875
1 0.37890625 0.455078125 0.0234375 0.029296875
1 0.96875 0.66015625 0.0341796875 0.0361328125
1 0.025390625 0.5625 0.025390625 0.046875
1 0.548828125 0.396484375 0.0205078125 0.03125
1 0.5126953125 0.57421875 0.046875 0.0859375
1 0.1953125 0.49609375 0.0185546875 0.0263671875
1 0.8955078125 0.5849609375 0.041015625 0.048828125
1 0.181640625 0.572265625 0.1064453125 0.154296875
1 0.455078125 0.359375 0.0185546875 0.0185546875
0 0.5400390625 0.337890625 0.0419921875 0.0283203125
1 0.8349609375 0.732421875 0.029296875 0.048828125
0 0.576171875 0.3896484375 0.0390625 0.0361328125
1 0.5263671875 0.4169921875 0.0185546875 0.03125
1 0.9609375 0.8662109375 0.03125 0.0419921875
1 0.6455078125 0.4404296875 0.041015625 0.0341796875
1 0.6767578125 0.505859375 0.03125 0.044921875
1 0.4521484375 0.5927734375 0.044921875 0.111328125
1 0.201171875 0.353515625 0.0234375 0.025390625