0 0.193359375 0.75 0.1220703125 0.166015625
0 0.5126953125 0.4267578125 0.052734375 0.0595703125
0 0.3369140625 0.728515625 0.1015625 0.119140625
0 0.48828125 0.3642578125 0.0419921875 0.0341796875
1 0.078125 0.7607421875 0.0498046875 0.083984375
0 0.900390625 0.5615234375 0.162109375 0.076171875
1 0.0869140625 0.611328125 0.029296875 0.0390625
1 0.560546875 0.4755859375 0.021484375 0.0390625
1 0.529296875 0.6181640625 0.048828125 0.064453125
1 0.623046875 0.4921875 0.0498046875 0.046875
1 0.65234375 0.7314453125 0.044921875 0.0654296875
0 0.6669921875 0.548828125 0.1748046875 0.076171875
1 0.140625 0.525390625 0.025390625 0.0498046875
1 0.8388671875 0.8505859375 0.078125 0.080078125
1 0.5498046875 0.3740234375 0.015625 0.0263671875
1 0.5986328125 0.6279296875 0.072265625 0.1064453125
1 0.6806640625 0.8310546875 0.080078125 0.115234375
1 0.3671875 0.4853515625 0.041015625 0.0419921875
1 0.4736328125 0.84375 0.046875 0.0810546875
1 0.8388671875 0.6171875 0.052734375 0.052734375
1 0.701171875 0.6083984375 0.080078125 0.0703125
1 0.544921875 0.458984375 0.017578125 0.03125
1 0.306640625 0.83203125 0.044921875 0.0859375
1 0.3095703125 0.421875 0.025390625 0.03125
1 0.771484375 0.6005859375 0.052734375 0.0576171875
0 0.509765625 0.333984375 0.03125 0.03125
1 0.943359375 0.638671875 0.046875 0.0517578125
1 0.208984375 0.443359375 0.03125 0.0234375
1 0.41796875 0.5068359375 0.0361328125 0.0390625
1 0.5244140625 0.369140625 0.0205078125 0.0283203125
1 0.4765625 0.533203125 0.0283203125 0.041015625
1 0.708984375 0.7412109375 0.0576171875 0.076171875
1 0.0322265625 0.560546875 0.0390625 0.0498046875
1 0.1435546875 0.486328125 0.0283203125 0.0361328125
1 0.4248046875 0.67578125 0.0341796875 0.048828125
1 0.5849609375 0.4638671875 0.0205078125 0.0341796875
1 0.447265625 0.59375 0.0576171875 0.056640625
1 0.265625 0.4111328125 0.021484375 0.025390625
1 0.0673828125 0.4775390625 0.041015625 0.033203125
1 0.390625 0.6015625 0.068359375 0.0654296875
1 0.0517578125 0.716796875 0.03125 0.048828125
1 0.4580078125 0.6640625 0.037109375 0.09375
1 0.419921875 0.748046875 0.0419921875 0.048828125
1 0.439453125 0.4111328125 0.015625 0.0283203125
1 0.177734375 0.326171875 0.0205078125 0.0205078125
1 0.361328125 0.4521484375 0.0341796875 0.0419921875
1 0.9150390625 0.5068359375 0.029296875 0.029296875
1 0.556640625 0.6884765625 0.0361328125 0.076171875
1 0.107421875 0.486328125 0.0341796875 0.029296875
1 0.755859375 0.533203125 0.0205078125 0.0205078125
0 0.306640625 0.3427734375 0.0673828125 0.0703125
1 0.5546875 0.42578125 0.015625 0.029296875
1 0.7265625 0.541015625 0.041015625 0.0263671875
1 0.6611328125 0.666015625 0.037109375 0.068359375
1 0.62109375 0.458984375 0.017578125 0.0205078125
1 0.1962890625 0.322265625 0.017578125 0.0185546875
1 0.453125 0.359375 0.021484375 0.021484375
1 0.9794921875 0.5263671875 0.015625 0.03125
1 0.9150390625 0.373046875 0.0263671875 0.029296875
0 0.2373046875 0.384765625 0.0654296875 0.044921875
1 0.6005859375 0.5703125 0.029296875 0.0283203125
1 0.41796875 0.486328125 0.013671875 0.017578125
1 0.564453125 0.357421875 0.025390625 0.0283203125
1 0.451171875 0.5068359375 0.0419921875 0.064453125
1 0.73828125 0.5810546875 0.0234375 0.037109375