0 0.1689453125 0.626953125 0.09375 0.1044921875
0 0.6240234375 0.7822265625 0.1513671875 0.185546875
0 0.349609375 0.5947265625 0.0751953125 0.095703125
0 0.501953125 0.5341796875 0.0654296875 0.078125
1 0.658203125 0.5771484375 0.037109375 0.0546875
0 0.513671875 0.47265625 0.0517578125 0.060546875
1 0.7646484375 0.8037109375 0.064453125 0.0986328125
1 0.693359375 0.548828125 0.041015625 0.0498046875
0 0.31640625 0.498046875 0.0673828125 0.0673828125
1 0.5986328125 0.576171875 0.0341796875 0.046875
1 0.7099609375 0.669921875 0.048828125 0.0751953125
1 0.8232421875 0.587890625 0.078125 0.0751953125
1 0.5419921875 0.6689453125 0.0341796875 0.056640625
1 0.5908203125 0.486328125 0.025390625 0.0361328125
0 0.486328125 0.36328125 0.0390625 0.0361328125
0 0.2216796875 0.478515625 0.052734375 0.0576171875
1 0.5986328125 0.662109375 0.037109375 0.0546875
1 0.890625 0.669921875 0.083984375 0.083984375
1 0.615234375 0.482421875 0.021484375 0.033203125
1 0.642578125 0.5400390625 0.0263671875 0.0390625
1 0.59375 0.51953125 0.0283203125 0.0419921875
1 0.4208984375 0.494140625 0.0205078125 0.041015625
1 0.6826171875 0.75 0.041015625 0.072265625
0 0.4814453125 0.416015625 0.041015625 0.0498046875
1 0.119140625 0.5654296875 0.0283203125 0.046875
1 0.47265625 0.6083984375 0.029296875 0.0517578125
0 0.28515625 0.439453125 0.048828125 0.048828125
1 0.0908203125 0.67578125 0.0283203125 0.0546875
1 0.619140625 0.529296875 0.0263671875 0.041015625
1 0.5458984375 0.6142578125 0.0263671875 0.0341796875
1 0.8056640625 0.7724609375 0.044921875 0.0703125
1 0.732421875 0.5390625 0.0361328125 0.041015625
1 0.1923828125 0.5224609375 0.0283203125 0.0390625
0 0.564453125 0.4248046875 0.03125 0.0439453125
1 0.94921875 0.6982421875 0.0703125 0.083984375
1 0.892578125 0.5986328125 0.048828125 0.0498046875
1 0.736328125 0.6259765625 0.0419921875 0.0673828125
1 0.443359375 0.3984375 0.0185546875 0.0283203125
0 0.2451171875 0.3857421875 0.0498046875 0.041015625
1 0.4228515625 0.447265625 0.0205078125 0.025390625
1 0.056640625 0.478515625 0.0283203125 0.029296875
1 0.0390625 0.57421875 0.021484375 0.0517578125
0 0.20703125 0.4208984375 0.048828125 0.0361328125
1 0.623046875 0.6083984375 0.029296875 0.0703125
1 0.169921875 0.501953125 0.0234375 0.0390625
1 0.9453125 0.619140625 0.078125 0.0810546875
1 0.451171875 0.5048828125 0.052734375 0.052734375
1 0.23828125 0.4482421875 0.017578125 0.03125
1 0.578125 0.44921875 0.015625 0.0263671875
1 0.638671875 0.4443359375 0.03125 0.033203125
1 0.595703125 0.4453125 0.0185546875 0.0283203125
1 0.5107421875 0.3994140625 0.0185546875 0.0361328125
1 0.2626953125 0.6201171875 0.03125 0.0625
1 0.1484375 0.46875 0.025390625 0.0341796875
1 0.8974609375 0.544921875 0.033203125 0.0390625
1 0.103515625 0.478515625 0.0517578125 0.048828125
1 0.0419921875 0.7490234375 0.03125 0.0576171875
1 0.98046875 0.5234375 0.013671875 0.021484375
1 0.53515625 0.3896484375 0.0234375 0.0390625
1 0.5966796875 0.6103515625 0.140625 0.173828125
1 0.814453125 0.53515625 0.0263671875 0.0419921875
1 0.5576171875 0.37109375 0.0283203125 0.029296875
1 0.9150390625 0.8837890625 0.0517578125 0.017578125
0 0.0791015625 0.2138671875 0.060546875 0.015625
1 0.0224609375 0.494140625 0.0234375 0.044921875
1 0.58984375 0.3935546875 0.017578125 0.021484375
0 0.203125 0.345703125 0.025390625 0.025390625
1 0.02734375 0.373046875 0.013671875 0.021484375
0 0.3515625 0.3203125 0.0341796875 0.0185546875
0 0.509765625 0.3466796875 0.033203125 0.0341796875
1 0.2958984375 0.4052734375 0.017578125 0.0234375
1 0.18359375 0.4580078125 0.0234375 0.0283203125