0 0.193359375 0.7490234375 0.123046875 0.1640625
0 0.5107421875 0.4208984375 0.0439453125 0.0517578125
1 0.2099609375 0.515625 0.0234375 0.041015625
0 0.3388671875 0.7265625 0.0966796875 0.119140625
0 0.486328125 0.3623046875 0.0419921875 0.03125
1 0.59765625 0.5478515625 0.0263671875 0.044921875
1 0.068359375 0.5341796875 0.0283203125 0.041015625
1 0.1513671875 0.486328125 0.0185546875 0.0341796875
0 0.5380859375 0.349609375 0.0390625 0.0341796875
1 0.30859375 0.8515625 0.044921875 0.0654296875
1 0.4853515625 0.5068359375 0.0205078125 0.0361328125
1 0.078125 0.7568359375 0.046875 0.076171875
1 0.416015625 0.7919921875 0.0517578125 0.083984375
1 0.564453125 0.48828125 0.0205078125 0.0361328125
1 0.419921875 0.4267578125 0.0126953125 0.03125
1 0.529296875 0.4931640625 0.0205078125 0.0361328125
0 0.5068359375 0.3330078125 0.033203125 0.0283203125
1 0.404296875 0.4306640625 0.0234375 0.029296875
1 0.646484375 0.4853515625 0.0185546875 0.033203125
1 0.587890625 0.47265625 0.021484375 0.0361328125
1 0.4560546875 0.7880859375 0.03125 0.048828125
1 0.626953125 0.5439453125 0.025390625 0.046875
1 0.482421875 0.4697265625 0.0234375 0.0390625
1 0.423828125 0.392578125 0.013671875 0.0205078125
0 0.2626953125 0.4521484375 0.087890625 0.0517578125
1 0.390625 0.38671875 0.015625 0.0234375
1 0.427734375 0.6767578125 0.041015625 0.046875
1 0.548828125 0.47265625 0.021484375 0.033203125
1 0.619140625 0.4697265625 0.021484375 0.033203125
1 0.5302734375 0.3720703125 0.017578125 0.021484375
1 0.498046875 0.4599609375 0.017578125 0.0361328125
1 0.587890625 0.4189453125 0.017578125 0.0283203125
1 0.564453125 0.4443359375 0.021484375 0.0390625
1 0.5283203125 0.4609375 0.015625 0.025390625
1 0.515625 0.5439453125 0.025390625 0.0625
1 0.0234375 0.564453125 0.021484375 0.0498046875
1 0.439453125 0.36328125 0.0205078125 0.0263671875
1 0.26171875 0.484375 0.033203125 0.037109375
1 0.595703125 0.505859375 0.021484375 0.0341796875
1 0.64453125 0.447265625 0.029296875 0.03125
1 0.2060546875 0.361328125 0.015625 0.0205078125
0 0.091796875 0.3955078125 0.0498046875 0.03125
1 0.462890625 0.4248046875 0.017578125 0.025390625
1 0.02734375 0.841796875 0.0361328125 0.060546875
1 0.640625 0.515625 0.0185546875 0.0439453125
1 0.3642578125 0.359375 0.0185546875 0.021484375
1 0.4755859375 0.439453125 0.017578125 0.025390625
0 0.1865234375 0.3232421875 0.0390625 0.025390625
1 0.0595703125 0.482421875 0.021484375 0.0361328125
1 0.43359375 0.73828125 0.0234375 0.033203125
1 0.572265625 0.3994140625 0.0205078125 0.033203125
1 0.1005859375 0.5185546875 0.0263671875 0.052734375
1 0.228515625 0.357421875 0.0126953125 0.0205078125
1 0.5712890625 0.5517578125 0.0263671875 0.056640625
1 0.548828125 0.4208984375 0.015625 0.0263671875
1 0.025390625 0.767578125 0.025390625 0.041015625
1 0.599609375 0.5029296875 0.103515625 0.1376953125
1 0.158203125 0.427734375 0.021484375 0.0341796875
1 0.2470703125 0.3564453125 0.0126953125 0.025390625
1 0.166015625 0.3623046875 0.015625 0.015625
1 0.041015625 0.5537109375 0.0185546875 0.033203125
0 0.1943359375 0.875 0.1015625 0.0283203125
1 0.8505859375 0.666015625 0.0390625 0.046875
0 0.353515625 0.3193359375 0.0361328125 0.0205078125
1 0.5166015625 0.373046875 0.013671875 0.017578125
1 0.435546875 0.404296875 0.076171875 0.083984375
1 0.259765625 0.43359375 0.015625 0.0263671875
1 0.974609375 0.5556640625 0.0234375 0.0205078125