0 0.193359375 0.748046875 0.123046875 0.1611328125
0 0.51171875 0.4228515625 0.048828125 0.0517578125
0 0.337890625 0.7275390625 0.0986328125 0.1201171875
0 0.5380859375 0.3544921875 0.0419921875 0.0439453125
1 0.2548828125 0.490234375 0.037109375 0.0439453125
1 0.572265625 0.384765625 0.013671875 0.025390625
1 0.0673828125 0.5390625 0.0283203125 0.0498046875
0 0.490234375 0.361328125 0.0390625 0.0341796875
1 0.5126953125 0.4716796875 0.03125 0.046875
0 0.2255859375 0.435546875 0.0732421875 0.0546875
1 0.41015625 0.8056640625 0.0517578125 0.0673828125
1 0.3076171875 0.8525390625 0.046875 0.0703125
1 0.609375 0.4912109375 0.037109375 0.048828125
1 0.3349609375 0.4931640625 0.0361328125 0.044921875
1 0.646484375 0.4892578125 0.0205078125 0.037109375
0 0.5107421875 0.333984375 0.03125 0.0283203125
1 0.5400390625 0.4775390625 0.0263671875 0.0419921875
1 0.0771484375 0.744140625 0.048828125 0.083984375
1 0.7578125 0.6748046875 0.041015625 0.056640625
1 0.458984375 0.7841796875 0.037109375 0.056640625
1 0.294921875 0.443359375 0.03125 0.033203125
1 0.4677734375 0.4501953125 0.0263671875 0.041015625
1 0.5517578125 0.4443359375 0.021484375 0.029296875
1 0.390625 0.400390625 0.0185546875 0.029296875
1 0.8466796875 0.638671875 0.0341796875 0.0673828125
1 0.595703125 0.388671875 0.0107421875 0.0205078125
1 0.49609375 0.453125 0.017578125 0.0341796875
1 0.466796875 0.4013671875 0.015625 0.03125
1 0.455078125 0.37109375 0.017578125 0.029296875
1 0.1416015625 0.412109375 0.013671875 0.0205078125
1 0.5576171875 0.53125 0.025390625 0.0625
1 0.4287109375 0.669921875 0.0419921875 0.046875
1 0.421875 0.73828125 0.0498046875 0.0546875
1 0.166015625 0.365234375 0.0126953125 0.015625
1 0.5478515625 0.41796875 0.013671875 0.0205078125
1 0.09375 0.4013671875 0.025390625 0.025390625
1 0.58203125 0.4658203125 0.0263671875 0.037109375
1 0.2841796875 0.361328125 0.0185546875 0.0263671875
1 0.2294921875 0.3662109375 0.015625 0.0263671875
1 0.439453125 0.365234375 0.0185546875 0.0234375
1 0.1103515625 0.6787109375 0.033203125 0.0390625
1 0.6201171875 0.462890625 0.0185546875 0.033203125
1 0.466796875 0.4248046875 0.013671875 0.021484375
1 0.2060546875 0.357421875 0.0126953125 0.017578125
1 0.025390625 0.5849609375 0.025390625 0.0703125
0 0.068359375 0.4755859375 0.1142578125 0.0576171875
1 0.1767578125 0.326171875 0.0185546875 0.021484375
0 0.185546875 0.8759765625 0.126953125 0.029296875
1 0.6494140625 0.451171875 0.013671875 0.0283203125
1 0.9052734375 0.49609375 0.0263671875 0.029296875
1 0.6337890625 0.4423828125 0.0234375 0.0341796875
1 0.5869140625 0.3642578125 0.013671875 0.021484375
1 0.02734375 0.3740234375 0.0234375 0.0234375
0 0.966796875 0.5830078125 0.041015625 0.052734375