1 0.74609375 0.826171875 0.060546875 0.0908203125
1 0.712890625 0.615234375 0.041015625 0.0517578125
1 0.607421875 0.5673828125 0.03125 0.046875
1 0.806640625 0.701171875 0.0517578125 0.0751953125
1 0.6845703125 0.673828125 0.0439453125 0.09375
0 0.345703125 0.5126953125 0.0654296875 0.072265625
1 0.654296875 0.578125 0.0341796875 0.056640625
0 0.5537109375 0.6484375 0.1328125 0.15625
0 0.5400390625 0.4853515625 0.0703125 0.0859375
1 0.291015625 0.6240234375 0.0341796875 0.0732421875
1 0.1044921875 0.625 0.0283203125 0.046875
1 0.611328125 0.5068359375 0.0263671875 0.0419921875
1 0.86328125 0.849609375 0.0703125 0.0751953125
0 0.111328125 0.4130859375 0.072265625 0.0419921875
0 0.5634765625 0.41796875 0.0390625 0.048828125
0 0.1982421875 0.482421875 0.056640625 0.044921875
1 0.8193359375 0.5869140625 0.0732421875 0.076171875
1 0.291015625 0.5361328125 0.029296875 0.0439453125
0 0.3154296875 0.455078125 0.0595703125 0.046875
1 0.3876953125 0.6513671875 0.0283203125 0.052734375
1 0.49609375 0.4375 0.033203125 0.046875
1 0.408203125 0.4794921875 0.021484375 0.041015625
1 0.1865234375 0.609375 0.029296875 0.0595703125
1 0.8896484375 0.654296875 0.080078125 0.0810546875
1 0.1533203125 0.578125 0.0341796875 0.046875
1 0.0888671875 0.7294921875 0.0283203125 0.0498046875
1 0.6923828125 0.548828125 0.0439453125 0.0498046875
0 0.4990234375 0.5400390625 0.0673828125 0.076171875
0 0.517578125 0.345703125 0.0234375 0.021484375
0 0.4560546875 0.474609375 0.052734375 0.0625
1 0.7314453125 0.5380859375 0.037109375 0.0419921875
1 0.603515625 0.470703125 0.0263671875 0.052734375
1 0.431640625 0.439453125 0.033203125 0.0341796875
0 0.185546875 0.3544921875 0.0234375 0.025390625
1 0.9365234375 0.7001953125 0.044921875 0.056640625
1 0.9619140625 0.65625 0.048828125 0.0751953125
0 0.2216796875 0.37109375 0.0283203125 0.029296875
1 0.927734375 0.611328125 0.037109375 0.0390625
1 0.029296875 0.5615234375 0.0341796875 0.0419921875
0 0.2216796875 0.3447265625 0.025390625 0.0205078125
1 0.408203125 0.8212890625 0.0498046875 0.1171875
1 0.7890625 0.552734375 0.025390625 0.0341796875
1 0.521484375 0.40234375 0.0205078125 0.0234375
1 0.173828125 0.84765625 0.0595703125 0.0732421875
1 0.8955078125 0.5859375 0.041015625 0.052734375
1 0.232421875 0.5693359375 0.0234375 0.0390625
0 0.2470703125 0.3876953125 0.0439453125 0.041015625
1 0.8134765625 0.8671875 0.044921875 0.0439453125
1 0.443359375 0.66796875 0.0439453125 0.060546875
1 0.158203125 0.3701171875 0.0205078125 0.021484375
1 0.646484375 0.53125 0.0205078125 0.041015625
1 0.0595703125 0.4814453125 0.021484375 0.037109375
0 0.201171875 0.5234375 0.064453125 0.0498046875
1 0.44921875 0.3720703125 0.0107421875 0.021484375
1 0.248046875 0.4140625 0.021484375 0.0283203125
1 0.5810546875 0.390625 0.0283203125 0.037109375
0 0.478515625 0.3681640625 0.033203125 0.0361328125
1 0.638671875 0.439453125 0.037109375 0.0341796875
1 0.4453125 0.4169921875 0.015625 0.03125
1 0.0322265625 0.849609375 0.0390625 0.072265625
0 0.548828125 0.3544921875 0.0263671875 0.025390625
0 0.53125 0.4287109375 0.0439453125 0.0390625
0 0.150390625 0.439453125 0.0361328125 0.0390625
1 0.861328125 0.5595703125 0.013671875 0.0185546875
1 0.9345703125 0.6533203125 0.021484375 0.037109375