0 0.154296875 0.5693359375 0.0673828125 0.080078125
0 0.365234375 0.7880859375 0.1201171875 0.169921875
0 0.6103515625 0.6611328125 0.123046875 0.1435546875
0 0.189453125 0.474609375 0.052734375 0.0625
1 0.822265625 0.587890625 0.0625 0.0673828125
1 0.6904296875 0.54296875 0.0439453125 0.048828125
0 0.6005859375 0.478515625 0.0673828125 0.0888671875
1 0.828125 0.7607421875 0.046875 0.099609375
1 0.7001953125 0.638671875 0.037109375 0.052734375
1 0.609375 0.564453125 0.03125 0.0517578125
0 0.205078125 0.6806640625 0.158203125 0.189453125
0 0.501953125 0.513671875 0.072265625 0.0830078125
1 0.8671875 0.6591796875 0.0625 0.068359375
1 0.291015625 0.576171875 0.0283203125 0.0576171875
1 0.9453125 0.6962890625 0.078125 0.0830078125
1 0.548828125 0.470703125 0.015625 0.029296875
0 0.2998046875 0.453125 0.052734375 0.0498046875
0 0.7255859375 0.849609375 0.1640625 0.080078125
1 0.498046875 0.6337890625 0.03125 0.0419921875
0 0.275390625 0.416015625 0.044921875 0.033203125
0 0.35546875 0.4951171875 0.076171875 0.115234375
0 0.439453125 0.416015625 0.0361328125 0.0419921875
1 0.607421875 0.7841796875 0.0576171875 0.078125
1 0.2333984375 0.53515625 0.029296875 0.0419921875
1 0.02734375 0.5859375 0.033203125 0.0595703125
1 0.728515625 0.5400390625 0.044921875 0.044921875
1 0.5634765625 0.779296875 0.048828125 0.083984375
1 0.1396484375 0.65234375 0.033203125 0.0419921875
0 0.228515625 0.3525390625 0.0283203125 0.029296875
1 0.5380859375 0.7177734375 0.0390625 0.060546875
1 0.5556640625 0.42578125 0.017578125 0.033203125
1 0.791015625 0.5546875 0.0283203125 0.041015625
1 0.4921875 0.4599609375 0.021484375 0.029296875
0 0.427734375 0.4599609375 0.0595703125 0.060546875
1 0.953125 0.8564453125 0.0654296875 0.068359375
1 0.88671875 0.595703125 0.060546875 0.056640625
0 0.1865234375 0.3544921875 0.029296875 0.025390625
1 0.142578125 0.458984375 0.0205078125 0.0234375
1 0.201171875 0.43359375 0.033203125 0.0263671875
1 0.9296875 0.611328125 0.041015625 0.041015625
1 0.5927734375 0.427734375 0.013671875 0.017578125
1 0.587890625 0.404296875 0.0205078125 0.033203125
1 0.8994140625 0.546875 0.0361328125 0.037109375
0 0.0810546875 0.755859375 0.0439453125 0.0751953125
0 0.529296875 0.443359375 0.048828125 0.0625
0 0.2421875 0.384765625 0.0498046875 0.0390625
1 0.201171875 0.572265625 0.037109375 0.044921875
1 0.8134765625 0.541015625 0.029296875 0.0439453125
1 0.064453125 0.478515625 0.0341796875 0.0341796875
1 0.4970703125 0.423828125 0.03125 0.0361328125
0 0.193359375 0.4033203125 0.0390625 0.03125
1 0.955078125 0.630859375 0.03125 0.0439453125
1 0.45703125 0.7138671875 0.0419921875 0.1279296875
0 0.1328125 0.419921875 0.072265625 0.0419921875
1 0.5615234375 0.40234375 0.0263671875 0.033203125
1 0.53125 0.673828125 0.0341796875 0.048828125
1 0.466796875 0.408203125 0.021484375 0.041015625
1 0.6826171875 0.5126953125 0.021484375 0.0283203125
1 0.095703125 0.416015625 0.017578125 0.029296875
1 0.4384765625 0.3642578125 0.017578125 0.025390625
1 0.0263671875 0.482421875 0.03125 0.0390625