0 0.845703125 0.7763671875 0.2060546875 0.208984375
1 0.693359375 0.69921875 0.0390625 0.0732421875
1 0.3095703125 0.560546875 0.025390625 0.044921875
0 0.595703125 0.529296875 0.0810546875 0.111328125
1 0.1455078125 0.6259765625 0.041015625 0.0703125
1 0.197265625 0.5693359375 0.0283203125 0.048828125
1 0.291015625 0.625 0.0341796875 0.0625
0 0.166015625 0.751953125 0.1298828125 0.138671875
0 0.56640625 0.6455078125 0.1298828125 0.1591796875
1 0.326171875 0.4833984375 0.0205078125 0.033203125
1 0.154296875 0.5244140625 0.0234375 0.0361328125
1 0.6865234375 0.546875 0.048828125 0.056640625
1 0.822265625 0.576171875 0.083984375 0.0859375
1 0.2939453125 0.501953125 0.021484375 0.0341796875
1 0.494140625 0.5439453125 0.0185546875 0.0439453125
1 0.345703125 0.6416015625 0.03125 0.0517578125
1 0.5322265625 0.5419921875 0.029296875 0.0498046875
1 0.2255859375 0.5283203125 0.0234375 0.0439453125
1 0.2275390625 0.4814453125 0.0205078125 0.025390625
1 0.943359375 0.685546875 0.0830078125 0.0859375
0 0.529296875 0.3916015625 0.0439453125 0.0419921875
1 0.7294921875 0.5390625 0.0439453125 0.0498046875
0 0.5625 0.3876953125 0.0341796875 0.0439453125
1 0.2685546875 0.4345703125 0.0185546875 0.021484375
0 0.537109375 0.435546875 0.0439453125 0.048828125
1 0.1376953125 0.48828125 0.0283203125 0.0419921875
1 0.373046875 0.52734375 0.0205078125 0.0361328125
1 0.2626953125 0.5478515625 0.0283203125 0.044921875
1 0.27734375 0.6865234375 0.033203125 0.080078125
1 0.263671875 0.490234375 0.0234375 0.048828125
1 0.2421875 0.458984375 0.015625 0.0283203125
1 0.111328125 0.478515625 0.021484375 0.0234375
1 0.177734375 0.5048828125 0.029296875 0.037109375
1 0.16796875 0.4638671875 0.0205078125 0.025390625
1 0.0595703125 0.4794921875 0.021484375 0.0341796875
1 0.599609375 0.447265625 0.0205078125 0.0283203125
1 0.634765625 0.7998046875 0.03125 0.0498046875
1 0.4599609375 0.462890625 0.0263671875 0.0361328125
1 0.0771484375 0.7431640625 0.029296875 0.0517578125
1 0.37890625 0.611328125 0.0263671875 0.0625
1 0.5048828125 0.4814453125 0.0185546875 0.03125
0 0.68359375 0.8447265625 0.1513671875 0.0888671875
1 0.0302734375 0.560546875 0.0361328125 0.048828125
1 0.119140625 0.611328125 0.025390625 0.0361328125
1 0.2578125 0.458984375 0.021484375 0.0283203125
1 0.556640625 0.69921875 0.0341796875 0.0576171875
1 0.9296875 0.6064453125 0.052734375 0.0439453125
1 0.55859375 0.482421875 0.029296875 0.048828125
1 0.892578125 0.654296875 0.0625 0.060546875
1 0.1923828125 0.3798828125 0.021484375 0.03125
1 0.9052734375 0.5439453125 0.017578125 0.0283203125
0 0.4970703125 0.337890625 0.03125 0.0283203125
1 0.603515625 0.46875 0.021484375 0.025390625
1 0.251953125 0.3984375 0.03125 0.0283203125
1 0.0224609375 0.48046875 0.0234375 0.0390625
0 0.46875 0.384765625 0.0341796875 0.037109375
1 0.357421875 0.4404296875 0.015625 0.025390625
1 0.1689453125 0.3662109375 0.0126953125 0.013671875
1 0.478515625 0.669921875 0.041015625 0.0576171875
1 0.4345703125 0.478515625 0.03125 0.052734375
1 0.5791015625 0.4267578125 0.029296875 0.0439453125
1 0.9521484375 0.529296875 0.0205078125 0.0185546875
1 0.6201171875 0.6875 0.0283203125 0.052734375
1 0.240234375 0.5107421875 0.2060546875 0.130859375
1 0.958984375 0.62890625 0.03125 0.0419921875
1 0.8984375 0.576171875 0.041015625 0.0390625
1 0.53125 0.4677734375 0.03125 0.0361328125
0 0.544921875 0.3427734375 0.0283203125 0.029296875
1 0.4716796875 0.4228515625 0.025390625 0.029296875
1 0.2255859375 0.8505859375 0.060546875 0.0732421875
0 0.447265625 0.4345703125 0.0439453125 0.0439453125
1 0.025390625 0.373046875 0.015625 0.021484375
1 0.814453125 0.5380859375 0.0263671875 0.0419921875