0 0.337890625 0.7001953125 0.107421875 0.1376953125
0 0.580078125 0.5234375 0.0732421875 0.0908203125
0 0.5947265625 0.6279296875 0.1044921875 0.125
1 0.6298828125 0.4951171875 0.0283203125 0.037109375
1 0.7109375 0.658203125 0.046875 0.0751953125
1 0.8232421875 0.716796875 0.056640625 0.0703125
1 0.814453125 0.576171875 0.072265625 0.078125
0 0.212890625 0.615234375 0.0830078125 0.0966796875
1 0.5322265625 0.6767578125 0.0390625 0.072265625
0 0.3212890625 0.537109375 0.0703125 0.078125
1 0.505859375 0.544921875 0.0361328125 0.0595703125
1 0.6708984375 0.5634765625 0.0361328125 0.0576171875
0 0.134765625 0.4140625 0.046875 0.037109375
1 0.419921875 0.4521484375 0.0205078125 0.0361328125
1 0.6376953125 0.533203125 0.0283203125 0.046875
1 0.587890625 0.4853515625 0.0234375 0.029296875
0 0.232421875 0.51953125 0.0673828125 0.0703125
1 0.390625 0.5732421875 0.0283203125 0.0498046875
0 0.240234375 0.466796875 0.0517578125 0.052734375
0 0.1865234375 0.373046875 0.029296875 0.03125
1 0.70703125 0.552734375 0.0234375 0.0390625
1 0.494140625 0.43359375 0.017578125 0.033203125
1 0.443359375 0.421875 0.0107421875 0.0185546875
0 0.51171875 0.404296875 0.0361328125 0.0439453125
1 0.470703125 0.427734375 0.0205078125 0.025390625
0 0.501953125 0.337890625 0.03125 0.021484375
1 0.537109375 0.462890625 0.0263671875 0.0361328125
1 0.275390625 0.630859375 0.0439453125 0.0625
1 0.048828125 0.755859375 0.0419921875 0.0576171875
1 0.9501953125 0.6787109375 0.068359375 0.095703125
1 0.517578125 0.501953125 0.0205078125 0.03125
0 0.294921875 0.4404296875 0.0439453125 0.046875
1 0.107421875 0.6826171875 0.048828125 0.0625
0 0.943359375 0.5771484375 0.0810546875 0.060546875
1 0.8857421875 0.8505859375 0.0810546875 0.076171875
1 0.068359375 0.478515625 0.0419921875 0.0419921875
1 0.44921875 0.376953125 0.013671875 0.0205078125
1 0.029296875 0.560546875 0.033203125 0.0439453125
1 0.478515625 0.4775390625 0.041015625 0.048828125
1 0.8916015625 0.650390625 0.080078125 0.076171875
0 0.287109375 0.408203125 0.0439453125 0.033203125
1 0.1181640625 0.6318359375 0.029296875 0.0517578125
1 0.1708984375 0.482421875 0.0263671875 0.0361328125
1 0.4296875 0.4033203125 0.015625 0.025390625
1 0.8935546875 0.578125 0.0341796875 0.0439453125
0 0.4541015625 0.533203125 0.033203125 0.091796875
1 0.716796875 0.521484375 0.037109375 0.041015625
1 0.2978515625 0.662109375 0.0234375 0.0439453125
0 0.1640625 0.341796875 0.0341796875 0.025390625
1 0.61328125 0.576171875 0.013671875 0.0283203125
1 0.466796875 0.3974609375 0.0263671875 0.0419921875
1 0.421875 0.4248046875 0.0185546875 0.03125
0 0.5341796875 0.33984375 0.03125 0.033203125
1 0.470703125 0.3642578125 0.033203125 0.03125
1 0.8984375 0.5458984375 0.0283203125 0.0361328125
1 0.5634765625 0.443359375 0.0419921875 0.0546875
1 0.5400390625 0.509765625 0.029296875 0.0654296875
1 0.1513671875 0.642578125 0.056640625 0.072265625