0 0.197265625 0.6474609375 0.1015625 0.111328125
0 0.6162109375 0.728515625 0.154296875 0.2080078125
0 0.6396484375 0.578125 0.091796875 0.099609375
1 0.80078125 0.8388671875 0.064453125 0.0966796875
1 0.1396484375 0.552734375 0.0234375 0.037109375
1 0.267578125 0.705078125 0.0419921875 0.0654296875
1 0.6064453125 0.49609375 0.025390625 0.0361328125
0 0.5380859375 0.4521484375 0.0517578125 0.0576171875
1 0.2724609375 0.533203125 0.0263671875 0.048828125
1 0.072265625 0.73828125 0.03125 0.0517578125
1 0.3212890625 0.5576171875 0.0205078125 0.0341796875
1 0.189453125 0.490234375 0.0234375 0.0361328125
1 0.3671875 0.48046875 0.021484375 0.029296875
0 0.5654296875 0.392578125 0.0439453125 0.046875
1 0.2548828125 0.490234375 0.025390625 0.0361328125
1 0.1826171875 0.537109375 0.0283203125 0.0517578125
1 0.279296875 0.46484375 0.017578125 0.0263671875
1 0.5322265625 0.537109375 0.0234375 0.0419921875
1 0.302734375 0.443359375 0.017578125 0.0263671875
1 0.1064453125 0.626953125 0.0341796875 0.048828125
0 0.5244140625 0.396484375 0.044921875 0.0439453125
1 0.1435546875 0.4697265625 0.025390625 0.0361328125
1 0.818359375 0.5751953125 0.0830078125 0.087890625
1 0.259765625 0.416015625 0.029296875 0.0263671875
1 0.244140625 0.560546875 0.0263671875 0.0498046875
1 0.9384765625 0.6787109375 0.091796875 0.095703125
1 0.5546875 0.5751953125 0.0283203125 0.052734375
1 0.244140625 0.4443359375 0.0205078125 0.029296875
1 0.689453125 0.546875 0.044921875 0.046875
1 0.29296875 0.498046875 0.0205078125 0.033203125
1 0.380859375 0.529296875 0.0263671875 0.052734375
1 0.728515625 0.541015625 0.0419921875 0.046875
1 0.23046875 0.4775390625 0.0234375 0.0390625
1 0.142578125 0.423828125 0.0205078125 0.0234375
1 0.896484375 0.5419921875 0.033203125 0.037109375
1 0.470703125 0.4345703125 0.017578125 0.0283203125
1 0.060546875 0.482421875 0.0234375 0.03125
1 0.419921875 0.408203125 0.017578125 0.021484375
1 0.7119140625 0.724609375 0.0390625 0.0546875
1 0.109375 0.423828125 0.0185546875 0.0205078125
1 0.6025390625 0.46484375 0.0234375 0.0390625
1 0.185546875 0.3779296875 0.0126953125 0.0185546875
0 0.453125 0.49609375 0.0595703125 0.095703125
1 0.51171875 0.439453125 0.0205078125 0.029296875
1 0.455078125 0.388671875 0.0185546875 0.0390625
0 0.5400390625 0.345703125 0.029296875 0.025390625
1 0.0224609375 0.48046875 0.0234375 0.0390625
1 0.24609375 0.47265625 0.1044921875 0.091796875
1 0.0390625 0.587890625 0.025390625 0.0654296875
0 0.1650390625 0.408203125 0.0517578125 0.0361328125
1 0.951171875 0.529296875 0.021484375 0.017578125
1 0.685546875 0.77734375 0.033203125 0.0732421875
1 0.5478515625 0.814453125 0.0546875 0.0673828125
0 0.4970703125 0.33984375 0.03125 0.0234375
1 0.736328125 0.8671875 0.0498046875 0.046875
1 0.087890625 0.404296875 0.0185546875 0.0234375
1 0.556640625 0.5078125 0.0234375 0.037109375
1 0.521484375 0.609375 0.0263671875 0.0498046875
0 0.931640625 0.861328125 0.107421875 0.056640625
0 0.517578125 0.3623046875 0.0341796875 0.037109375
0 0.951171875 0.58203125 0.0703125 0.064453125
1 0.111328125 0.4853515625 0.0419921875 0.0361328125
1 0.166015625 0.869140625 0.0361328125 0.0390625
1 0.4677734375 0.3642578125 0.017578125 0.025390625
1 0.205078125 0.4130859375 0.0361328125 0.0419921875