0 0.193359375 0.748046875 0.1201171875 0.162109375
0 0.51171875 0.423828125 0.0546875 0.056640625
0 0.337890625 0.7275390625 0.0986328125 0.1201171875
1 0.294921875 0.4775390625 0.025390625 0.0361328125
1 0.609375 0.5009765625 0.037109375 0.0390625
1 0.2421875 0.443359375 0.025390625 0.03125
1 0.5087890625 0.482421875 0.0263671875 0.03125
0 0.5439453125 0.3544921875 0.052734375 0.0498046875
1 0.068359375 0.537109375 0.0263671875 0.0419921875
0 0.486328125 0.3525390625 0.072265625 0.0546875
1 0.634765625 0.5087890625 0.021484375 0.0390625
1 0.4931640625 0.544921875 0.048828125 0.0546875
0 0.9482421875 0.5830078125 0.078125 0.078125
0 0.404296875 0.4873046875 0.0966796875 0.0595703125
1 0.1357421875 0.541015625 0.025390625 0.0439453125
1 0.3076171875 0.8505859375 0.0439453125 0.060546875
1 0.689453125 0.5751953125 0.0419921875 0.0439453125
1 0.125 0.421875 0.021484375 0.03125
1 0.4580078125 0.7822265625 0.037109375 0.060546875
1 0.416015625 0.810546875 0.037109375 0.056640625
1 0.494140625 0.45703125 0.0205078125 0.0361328125
1 0.4267578125 0.705078125 0.046875 0.078125
1 0.5380859375 0.521484375 0.0390625 0.041015625
1 0.16015625 0.462890625 0.0205078125 0.0341796875
1 0.470703125 0.447265625 0.0283203125 0.041015625
1 0.1904296875 0.4189453125 0.03125 0.0283203125
1 0.646484375 0.46875 0.017578125 0.025390625
1 0.166015625 0.423828125 0.0263671875 0.0205078125
1 0.5380859375 0.466796875 0.0263671875 0.037109375
1 0.1533203125 0.4072265625 0.0185546875 0.0234375
1 0.0693359375 0.48046875 0.0390625 0.033203125
1 0.1982421875 0.466796875 0.0341796875 0.0419921875
1 0.5810546875 0.4658203125 0.021484375 0.03125
1 0.0302734375 0.5810546875 0.0361328125 0.087890625
1 0.0810546875 0.75 0.052734375 0.083984375
1 0.6640625 0.51171875 0.021484375 0.033203125
1 0.0791015625 0.408203125 0.017578125 0.021484375
1 0.5615234375 0.4521484375 0.013671875 0.0234375
1 0.173828125 0.330078125 0.015625 0.0205078125
1 0.7236328125 0.5712890625 0.0341796875 0.0419921875
1 0.634765625 0.4453125 0.0361328125 0.03125
1 0.4228515625 0.5087890625 0.0205078125 0.0263671875
1 0.1982421875 0.3271484375 0.015625 0.0205078125
1 0.587890625 0.3984375 0.017578125 0.03125
1 0.5869140625 0.359375 0.013671875 0.021484375
1 0.8916015625 0.384765625 0.017578125 0.0283203125
1 0.0712890625 0.669921875 0.0576171875 0.076171875
1 0.0263671875 0.373046875 0.0185546875 0.0234375
0 0.232421875 0.361328125 0.0546875 0.029296875
1 0.6201171875 0.462890625 0.0185546875 0.0283203125
1 0.3466796875 0.341796875 0.0126953125 0.0185546875
1 0.828125 0.654296875 0.0595703125 0.044921875
0 0.1962890625 0.875 0.0859375 0.0283203125
1 0.4169921875 0.7685546875 0.041015625 0.046875
1 0.1630859375 0.3671875 0.0107421875 0.021484375
1 0.5498046875 0.4423828125 0.015625 0.025390625
1 0.560546875 0.4794921875 0.1953125 0.125
1 0.7275390625 0.455078125 0.017578125 0.0390625
1 0.142578125 0.3740234375 0.0390625 0.033203125
1 0.041015625 0.4658203125 0.03125 0.0341796875