0 0.193359375 0.748046875 0.126953125 0.166015625
0 0.337890625 0.728515625 0.0986328125 0.119140625
0 0.5107421875 0.419921875 0.0498046875 0.0498046875
0 0.392578125 0.47265625 0.107421875 0.064453125
1 0.142578125 0.51171875 0.0283203125 0.0546875
1 0.4912109375 0.5712890625 0.0546875 0.0517578125
1 0.310546875 0.8447265625 0.044921875 0.0732421875
1 0.080078125 0.7470703125 0.0498046875 0.0908203125
0 0.5390625 0.345703125 0.041015625 0.033203125
0 0.4921875 0.357421875 0.041015625 0.03125
1 0.275390625 0.4697265625 0.03125 0.0361328125
1 0.6650390625 0.595703125 0.0361328125 0.037109375
1 0.486328125 0.5224609375 0.0439453125 0.044921875
1 0.455078125 0.783203125 0.0439453125 0.072265625
1 0.6123046875 0.5087890625 0.0625 0.0576171875
1 0.23046875 0.486328125 0.029296875 0.0439453125
1 0.41015625 0.810546875 0.048828125 0.068359375
1 0.521484375 0.494140625 0.0361328125 0.037109375
1 0.560546875 0.5400390625 0.046875 0.0517578125
1 0.068359375 0.5302734375 0.0283203125 0.044921875
1 0.15625 0.4453125 0.021484375 0.025390625
1 0.19140625 0.4560546875 0.0263671875 0.037109375
1 0.7158203125 0.5615234375 0.021484375 0.033203125
1 0.427734375 0.5224609375 0.021484375 0.033203125
1 0.4228515625 0.7373046875 0.0419921875 0.046875
1 0.744140625 0.576171875 0.044921875 0.0361328125
1 0.1826171875 0.412109375 0.025390625 0.025390625
0 0.509765625 0.33203125 0.0341796875 0.0263671875
1 0.4453125 0.4130859375 0.0126953125 0.0234375
1 0.478515625 0.40234375 0.013671875 0.029296875
1 0.5263671875 0.560546875 0.0341796875 0.0517578125
1 0.458984375 0.716796875 0.0263671875 0.044921875
1 0.42578125 0.6767578125 0.0361328125 0.046875
1 0.5107421875 0.466796875 0.025390625 0.0341796875
1 0.580078125 0.3916015625 0.015625 0.029296875
1 0.5498046875 0.384765625 0.015625 0.0263671875
1 0.126953125 0.419921875 0.0185546875 0.0283203125
1 0.5791015625 0.486328125 0.0234375 0.03125
1 0.1435546875 0.40625 0.03125 0.0283203125
1 0.552734375 0.447265625 0.021484375 0.0283203125
1 0.693359375 0.6943359375 0.068359375 0.060546875
1 0.966796875 0.7138671875 0.037109375 0.0751953125
0 0.228515625 0.3623046875 0.0576171875 0.0283203125
1 0.1455078125 0.4775390625 0.021484375 0.0263671875
1 0.6201171875 0.4619140625 0.0185546875 0.029296875
1 0.595703125 0.46875 0.0185546875 0.025390625
1 0.638671875 0.4794921875 0.013671875 0.0283203125
1 0.0498046875 0.591796875 0.0625 0.0751953125
1 0.091796875 0.3984375 0.048828125 0.0341796875
1 0.3623046875 0.47265625 0.0185546875 0.0263671875
1 0.529296875 0.7451171875 0.041015625 0.072265625
1 0.49609375 0.455078125 0.017578125 0.0283203125
1 0.5595703125 0.5791015625 0.021484375 0.044921875
1 0.451171875 0.662109375 0.03125 0.056640625
1 0.1767578125 0.326171875 0.021484375 0.021484375
1 0.9345703125 0.5625 0.0185546875 0.0341796875
1 0.3525390625 0.3251953125 0.029296875 0.025390625
1 0.556640625 0.365234375 0.0205078125 0.0283203125
1 0.5234375 0.837890625 0.0283203125 0.0595703125
0 0.19140625 0.8740234375 0.1298828125 0.033203125
1 0.583984375 0.6240234375 0.029296875 0.0732421875
1 0.041015625 0.5546875 0.0205078125 0.03125
1 0.0234375 0.560546875 0.021484375 0.0439453125
1 0.904296875 0.5791015625 0.0673828125 0.0361328125
1 0.0712890625 0.6748046875 0.0361328125 0.068359375
1 0.099609375 0.4814453125 0.072265625 0.0498046875
1 0.025390625 0.373046875 0.0126953125 0.0234375
1 0.0595703125 0.482421875 0.021484375 0.0439453125
1 0.9609375 0.5595703125 0.041015625 0.041015625