0 0.322265625 0.7998046875 0.140625 0.1748046875
1 0.6708984375 0.5947265625 0.0361328125 0.0576171875
1 0.568359375 0.455078125 0.021484375 0.0390625
1 0.119140625 0.595703125 0.033203125 0.0439453125
0 0.318359375 0.609375 0.0810546875 0.0966796875
1 0.763671875 0.6669921875 0.0390625 0.068359375
0 0.2001953125 0.673828125 0.099609375 0.119140625
1 0.7109375 0.685546875 0.037109375 0.0546875
1 0.796875 0.5751953125 0.041015625 0.0595703125
0 0.2265625 0.57421875 0.0810546875 0.0859375
0 0.525390625 0.443359375 0.044921875 0.068359375
1 0.626953125 0.544921875 0.029296875 0.0498046875
1 0.7255859375 0.7978515625 0.0546875 0.076171875
0 0.16015625 0.48046875 0.048828125 0.0517578125
1 0.6201171875 0.6865234375 0.0341796875 0.0703125
0 0.482421875 0.4609375 0.0517578125 0.072265625
1 0.599609375 0.4560546875 0.0185546875 0.03125
0 0.240234375 0.509765625 0.0595703125 0.068359375
1 0.826171875 0.845703125 0.0732421875 0.083984375
1 0.9462890625 0.6884765625 0.0732421875 0.0830078125
1 0.154296875 0.5166015625 0.025390625 0.0390625
1 0.17578125 0.55078125 0.0263671875 0.0419921875
1 0.6240234375 0.615234375 0.033203125 0.041015625
1 0.849609375 0.5927734375 0.0576171875 0.064453125
1 0.0576171875 0.482421875 0.0283203125 0.033203125
1 0.70703125 0.541015625 0.029296875 0.052734375
1 0.587890625 0.404296875 0.0107421875 0.0205078125
1 0.658203125 0.845703125 0.0517578125 0.087890625
1 0.646484375 0.462890625 0.0263671875 0.0361328125
0 0.310546875 0.4765625 0.0517578125 0.0595703125
1 0.033203125 0.5859375 0.041015625 0.068359375
1 0.1318359375 0.6435546875 0.0419921875 0.0595703125
1 0.443359375 0.4169921875 0.0185546875 0.03125
1 0.109375 0.5400390625 0.03125 0.044921875
1 0.5126953125 0.5615234375 0.025390625 0.048828125
1 0.5537109375 0.423828125 0.017578125 0.025390625
1 0.1767578125 0.4140625 0.0185546875 0.03125
1 0.15234375 0.7890625 0.0517578125 0.0625
1 0.431640625 0.8525390625 0.056640625 0.0732421875
0 0.515625 0.3349609375 0.037109375 0.029296875
0 0.4853515625 0.349609375 0.033203125 0.03125
1 0.9384765625 0.611328125 0.0732421875 0.0576171875
1 0.2412109375 0.640625 0.0263671875 0.0498046875
1 0.462890625 0.375 0.0234375 0.0341796875
0 0.3515625 0.3212890625 0.03125 0.017578125
1 0.8798828125 0.712890625 0.068359375 0.099609375
1 0.6513671875 0.767578125 0.03125 0.048828125
1 0.19140625 0.8369140625 0.0517578125 0.076171875
0 0.521484375 0.3798828125 0.029296875 0.0283203125
0 0.220703125 0.3408203125 0.025390625 0.021484375
1 0.572265625 0.400390625 0.0205078125 0.029296875
1 0.263671875 0.8662109375 0.041015625 0.044921875
1 0.7119140625 0.62890625 0.1796875 0.1796875
1 0.4140625 0.408203125 0.015625 0.0263671875
1 0.025390625 0.8623046875 0.029296875 0.052734375
1 0.626953125 0.5068359375 0.021484375 0.0361328125
1 0.0810546875 0.3408203125 0.0126953125 0.021484375
1 0.8955078125 0.583984375 0.0341796875 0.060546875
0 0.9453125 0.564453125 0.0810546875 0.0576171875
1 0.974609375 0.6318359375 0.025390625 0.0576171875
1 0.560546875 0.759765625 0.029296875 0.068359375
1 0.3544921875 0.4423828125 0.0185546875 0.041015625
1 0.17578125 0.38671875 0.0205078125 0.0234375
1 0.673828125 0.5400390625 0.033203125 0.0419921875
1 0.064453125 0.767578125 0.0654296875 0.0908203125
1 0.021484375 0.4736328125 0.0205078125 0.025390625
1 0.056640625 0.3408203125 0.0107421875 0.0185546875