0 0.19140625 0.748046875 0.123046875 0.162109375
0 0.5107421875 0.419921875 0.0439453125 0.048828125
1 0.6103515625 0.4951171875 0.0361328125 0.046875
1 0.5146484375 0.478515625 0.033203125 0.046875
0 0.3388671875 0.728515625 0.0966796875 0.119140625
1 0.4111328125 0.802734375 0.052734375 0.0703125
1 0.541015625 0.48046875 0.0263671875 0.0419921875
1 0.30859375 0.8544921875 0.044921875 0.0625
0 0.490234375 0.361328125 0.0390625 0.0341796875
1 0.0751953125 0.7607421875 0.041015625 0.068359375
0 0.5361328125 0.353515625 0.037109375 0.0419921875
1 0.494140625 0.5283203125 0.056640625 0.0654296875
1 0.1171875 0.666015625 0.0439453125 0.0576171875
1 0.470703125 0.4609375 0.0263671875 0.037109375
1 0.548828125 0.4375 0.0185546875 0.03125
1 0.64453125 0.494140625 0.0205078125 0.03125
1 0.333984375 0.4423828125 0.025390625 0.0283203125
1 0.564453125 0.4365234375 0.017578125 0.0234375
1 0.439453125 0.4443359375 0.017578125 0.0263671875
1 0.5595703125 0.474609375 0.015625 0.03125
1 0.45703125 0.7802734375 0.0361328125 0.064453125
0 0.869140625 0.560546875 0.1826171875 0.078125
1 0.5908203125 0.4794921875 0.0185546875 0.037109375
1 0.5556640625 0.373046875 0.0234375 0.025390625
1 0.427734375 0.6748046875 0.044921875 0.052734375
1 0.349609375 0.3583984375 0.0185546875 0.0205078125
1 0.056640625 0.482421875 0.021484375 0.033203125
0 0.509765625 0.3330078125 0.0283203125 0.0283203125
1 0.4228515625 0.744140625 0.0517578125 0.064453125
1 0.064453125 0.5361328125 0.0234375 0.056640625
1 0.4658203125 0.4228515625 0.0185546875 0.0263671875
1 0.03125 0.560546875 0.0341796875 0.048828125
1 0.4375 0.3623046875 0.015625 0.021484375
1 0.24609375 0.3583984375 0.017578125 0.017578125
0 0.3740234375 0.486328125 0.1044921875 0.0576171875
1 0.5791015625 0.4052734375 0.013671875 0.0263671875
1 0.330078125 0.357421875 0.017578125 0.0234375
1 0.1767578125 0.328125 0.015625 0.0185546875
1 0.078125 0.4013671875 0.0185546875 0.025390625
1 0.599609375 0.4384765625 0.013671875 0.0205078125
1 0.6201171875 0.4638671875 0.015625 0.0283203125
1 0.021484375 0.8251953125 0.025390625 0.056640625
1 0.3740234375 0.3466796875 0.013671875 0.0185546875
1 0.2841796875 0.361328125 0.025390625 0.025390625
1 0.4208984375 0.59765625 0.0263671875 0.0576171875
1 0.2060546875 0.357421875 0.015625 0.015625
1 0.6064453125 0.46875 0.015625 0.0283203125
1 0.166015625 0.36328125 0.015625 0.0205078125
0 0.1982421875 0.8759765625 0.1123046875 0.029296875
1 0.0234375 0.373046875 0.0185546875 0.021484375
1 0.646484375 0.466796875 0.017578125 0.025390625
1 0.228515625 0.35546875 0.0126953125 0.0205078125