0 0.59375 0.5205078125 0.078125 0.103515625
0 0.826171875 0.751953125 0.1953125 0.205078125
1 0.677734375 0.66015625 0.041015625 0.095703125
1 0.310546875 0.5673828125 0.025390625 0.052734375
1 0.3291015625 0.4912109375 0.0205078125 0.033203125
1 0.1357421875 0.638671875 0.0439453125 0.0673828125
0 0.55859375 0.6376953125 0.123046875 0.1591796875
1 0.2900390625 0.654296875 0.0361328125 0.0595703125
0 0.5615234375 0.384765625 0.033203125 0.0419921875
1 0.1982421875 0.587890625 0.025390625 0.044921875
1 0.15234375 0.5322265625 0.0234375 0.0390625
1 0.6865234375 0.5458984375 0.0517578125 0.0576171875
1 0.3759765625 0.611328125 0.0263671875 0.0595703125
1 0.294921875 0.5087890625 0.021484375 0.0361328125
1 0.728515625 0.5400390625 0.046875 0.0517578125
1 0.8212890625 0.576171875 0.0830078125 0.0859375
1 0.263671875 0.5546875 0.0283203125 0.046875
1 0.1826171875 0.4619140625 0.0341796875 0.0361328125
1 0.1259765625 0.490234375 0.0419921875 0.048828125
1 0.943359375 0.6845703125 0.0830078125 0.087890625
1 0.2265625 0.544921875 0.021484375 0.0390625
1 0.166015625 0.3671875 0.013671875 0.021484375
1 0.2646484375 0.5107421875 0.0205078125 0.0341796875
1 0.2255859375 0.5 0.0234375 0.0341796875
0 0.52734375 0.3916015625 0.0390625 0.0390625
1 0.26171875 0.462890625 0.0234375 0.0341796875
1 0.3486328125 0.6650390625 0.03125 0.0546875
1 0.375 0.5380859375 0.021484375 0.0361328125
1 0.515625 0.427734375 0.0185546875 0.025390625
1 0.6005859375 0.603515625 0.0234375 0.041015625
1 0.279296875 0.712890625 0.0341796875 0.078125
0 0.681640625 0.837890625 0.1591796875 0.103515625
0 0.162109375 0.7841796875 0.1357421875 0.171875
1 0.4619140625 0.4638671875 0.0234375 0.0341796875
1 0.177734375 0.509765625 0.033203125 0.0439453125
1 0.0595703125 0.48046875 0.021484375 0.0361328125
1 0.5029296875 0.4892578125 0.0283203125 0.046875
0 0.470703125 0.3896484375 0.033203125 0.0361328125
1 0.59765625 0.443359375 0.0205078125 0.03125
1 0.185546875 0.384765625 0.017578125 0.025390625
1 0.529296875 0.53515625 0.025390625 0.0517578125
1 0.494140625 0.5380859375 0.0185546875 0.0419921875
1 0.359375 0.4462890625 0.0185546875 0.029296875
1 0.61328125 0.677734375 0.0263671875 0.0517578125
1 0.2529296875 0.400390625 0.0341796875 0.033203125
1 0.630859375 0.7841796875 0.0517578125 0.0595703125
0 0.498046875 0.333984375 0.0234375 0.021484375
1 0.0302734375 0.560546875 0.0361328125 0.048828125
0 0.2841796875 0.421875 0.046875 0.037109375
1 0.0224609375 0.4794921875 0.0234375 0.041015625
0 0.5439453125 0.341796875 0.025390625 0.0234375
1 0.19921875 0.349609375 0.0205078125 0.021484375
1 0.9296875 0.607421875 0.052734375 0.0439453125
1 0.55859375 0.490234375 0.0263671875 0.048828125
1 0.119140625 0.59765625 0.0263671875 0.048828125
1 0.125 0.3642578125 0.0126953125 0.0185546875
1 0.4345703125 0.466796875 0.0341796875 0.056640625
1 0.0703125 0.763671875 0.0283203125 0.052734375
0 0.193359375 0.4267578125 0.0595703125 0.037109375
1 0.265625 0.5068359375 0.099609375 0.0888671875
1 0.4248046875 0.505859375 0.025390625 0.0361328125
1 0.9228515625 0.537109375 0.060546875 0.0439453125
1 0.4716796875 0.4208984375 0.025390625 0.029296875
1 0.529296875 0.4658203125 0.0283203125 0.037109375
1 0.025390625 0.375 0.0126953125 0.0185546875
1 0.201171875 0.408203125 0.017578125 0.0263671875
1 0.578125 0.423828125 0.021484375 0.0390625
1 0.1328125 0.423828125 0.015625 0.0283203125
1 0.49609375 0.38671875 0.0263671875 0.029296875
1 0.244140625 0.599609375 0.28125 0.2080078125
1 0.4853515625 0.67578125 0.064453125 0.076171875
1 0.189453125 0.369140625 0.013671875 0.015625
1 0.974609375 0.630859375 0.0263671875 0.0546875
1 0.896484375 0.587890625 0.041015625 0.056640625
1 0.2265625 0.4736328125 0.015625 0.025390625
0 0.033203125 0.3330078125 0.025390625 0.021484375
1 0.814453125 0.5380859375 0.0263671875 0.0419921875
1 0.0771484375 0.3369140625 0.0205078125 0.017578125
1 0.275390625 0.390625 0.0185546875 0.0185546875
0 0.3505859375 0.3193359375 0.033203125 0.0205078125