0 0.193359375 0.74609375 0.125 0.1611328125
0 0.337890625 0.7275390625 0.0986328125 0.1201171875
0 0.4072265625 0.4775390625 0.0986328125 0.0673828125
1 0.3701171875 0.5146484375 0.052734375 0.048828125
1 0.140625 0.5283203125 0.0283203125 0.0439453125
1 0.310546875 0.8427734375 0.046875 0.080078125
1 0.2880859375 0.474609375 0.033203125 0.0361328125
0 0.5390625 0.3466796875 0.041015625 0.0341796875
1 0.2587890625 0.4814453125 0.0361328125 0.041015625
1 0.201171875 0.416015625 0.0263671875 0.0263671875
1 0.5029296875 0.5751953125 0.056640625 0.056640625
1 0.080078125 0.7470703125 0.0595703125 0.0966796875
1 0.2041015625 0.466796875 0.0234375 0.029296875
0 0.4921875 0.3583984375 0.041015625 0.033203125
1 0.455078125 0.779296875 0.044921875 0.0732421875
1 0.435546875 0.4052734375 0.0205078125 0.033203125
0 0.509765625 0.41015625 0.0419921875 0.029296875
1 0.412109375 0.818359375 0.044921875 0.076171875
1 0.6220703125 0.4892578125 0.0283203125 0.03125
1 0.5791015625 0.3896484375 0.017578125 0.029296875
1 0.1650390625 0.451171875 0.0234375 0.033203125
1 0.69921875 0.59765625 0.0546875 0.060546875
1 0.1435546875 0.490234375 0.0283203125 0.037109375
1 0.5859375 0.5634765625 0.0341796875 0.0390625
1 0.478515625 0.3974609375 0.013671875 0.0361328125
1 0.068359375 0.5244140625 0.029296875 0.0517578125
1 0.9755859375 0.7119140625 0.0234375 0.060546875
1 0.478515625 0.5341796875 0.029296875 0.03125
1 0.43359375 0.6728515625 0.0546875 0.080078125
1 0.134765625 0.4228515625 0.017578125 0.0234375
0 0.5087890625 0.3330078125 0.0361328125 0.0283203125
1 0.5458984375 0.408203125 0.017578125 0.033203125
1 0.7734375 0.5810546875 0.056640625 0.0439453125
1 0.595703125 0.482421875 0.0205078125 0.03125
1 0.9619140625 0.580078125 0.044921875 0.0498046875
1 0.5537109375 0.4921875 0.033203125 0.037109375
1 0.1201171875 0.4150390625 0.0185546875 0.0205078125
1 0.4189453125 0.7392578125 0.041015625 0.0498046875
1 0.158203125 0.4072265625 0.025390625 0.0234375
0 0.23046875 0.3623046875 0.0576171875 0.03125
1 0.548828125 0.3837890625 0.017578125 0.0263671875
1 0.552734375 0.462890625 0.0234375 0.033203125
1 0.462890625 0.373046875 0.017578125 0.029296875
1 0.67578125 0.685546875 0.0576171875 0.0625
1 0.0322265625 0.5830078125 0.0361328125 0.087890625
1 0.5068359375 0.45703125 0.0390625 0.0390625
1 0.9267578125 0.5771484375 0.0341796875 0.0361328125
1 0.6201171875 0.462890625 0.0185546875 0.0283203125
1 0.5126953125 0.5302734375 0.041015625 0.0419921875
1 0.177734375 0.326171875 0.0234375 0.021484375
1 0.556640625 0.560546875 0.0361328125 0.048828125
1 0.5791015625 0.4853515625 0.0205078125 0.0263671875
1 0.6396484375 0.478515625 0.013671875 0.0234375
1 0.384765625 0.478515625 0.021484375 0.0283203125
1 0.56640625 0.611328125 0.0390625 0.0810546875
1 0.56640625 0.5244140625 0.1669921875 0.111328125
0 0.189453125 0.875 0.1298828125 0.03125
1 0.08984375 0.400390625 0.0205078125 0.0234375
1 0.58984375 0.453125 0.0107421875 0.0185546875
1 0.63671875 0.443359375 0.048828125 0.029296875
1 0.1953125 0.322265625 0.0185546875 0.0185546875
1 0.0400390625 0.470703125 0.029296875 0.029296875
1 0.349609375 0.328125 0.0283203125 0.021484375
1 0.3779296875 0.322265625 0.015625 0.0205078125
1 0.681640625 0.447265625 0.015625 0.0185546875
1 0.5234375 0.755859375 0.025390625 0.080078125
1 0.091796875 0.482421875 0.0546875 0.0439453125
1 0.5341796875 0.5966796875 0.021484375 0.0595703125
1 0.0537109375 0.6884765625 0.033203125 0.0576171875
1 0.0361328125 0.376953125 0.046875 0.0263671875