0 0.6142578125 0.744140625 0.15625 0.177734375
0 0.5556640625 0.478515625 0.0703125 0.080078125
0 0.345703125 0.607421875 0.0830078125 0.103515625
1 0.1083984375 0.6728515625 0.029296875 0.0517578125
0 0.19921875 0.60546875 0.091796875 0.1044921875
0 0.6142578125 0.576171875 0.1220703125 0.1279296875
1 0.818359375 0.583984375 0.080078125 0.0751953125
1 0.7451171875 0.6416015625 0.0439453125 0.064453125
1 0.423828125 0.521484375 0.0263671875 0.041015625
1 0.8193359375 0.818359375 0.0546875 0.0830078125
1 0.1689453125 0.50390625 0.0439453125 0.048828125
1 0.671875 0.603515625 0.03125 0.064453125
1 0.71484375 0.5361328125 0.0703125 0.056640625
1 0.8955078125 0.654296875 0.078125 0.078125
1 0.9580078125 0.6669921875 0.056640625 0.078125
1 0.53125 0.6357421875 0.0439453125 0.0654296875
1 0.2041015625 0.8017578125 0.0517578125 0.0625
1 0.513671875 0.4443359375 0.0185546875 0.029296875
1 0.2548828125 0.470703125 0.021484375 0.033203125
1 0.5859375 0.412109375 0.0283203125 0.044921875
1 0.427734375 0.701171875 0.03125 0.052734375
0 0.154296875 0.4140625 0.060546875 0.041015625
1 0.169921875 0.6865234375 0.0361328125 0.060546875
1 0.13671875 0.5556640625 0.0234375 0.048828125
1 0.8525390625 0.654296875 0.029296875 0.0439453125
0 0.4697265625 0.470703125 0.064453125 0.0595703125
1 0.0283203125 0.580078125 0.0341796875 0.0673828125
1 0.1875 0.7216796875 0.0341796875 0.052734375
0 0.5390625 0.3359375 0.037109375 0.03125
1 0.248046875 0.689453125 0.03125 0.044921875
1 0.677734375 0.552734375 0.033203125 0.0517578125
1 0.291015625 0.4755859375 0.025390625 0.029296875
1 0.2978515625 0.689453125 0.0234375 0.041015625
0 0.541015625 0.3740234375 0.0361328125 0.0234375
0 0.310546875 0.4443359375 0.0546875 0.048828125
1 0.060546875 0.4794921875 0.0263671875 0.037109375
0 0.4921875 0.3408203125 0.0341796875 0.03125
1 0.927734375 0.609375 0.044921875 0.037109375
0 0.4970703125 0.365234375 0.0341796875 0.0263671875
1 0.166015625 0.4658203125 0.0205078125 0.037109375
1 0.8955078125 0.576171875 0.041015625 0.0439453125
1 0.150390625 0.47265625 0.0205078125 0.033203125
1 0.439453125 0.365234375 0.013671875 0.025390625
0 0.326171875 0.3994140625 0.072265625 0.0361328125
1 0.041015625 0.837890625 0.0517578125 0.0888671875
0 0.9560546875 0.5751953125 0.0654296875 0.052734375
0 0.2421875 0.3837890625 0.083984375 0.0419921875
1 0.2587890625 0.7734375 0.044921875 0.087890625
1 0.1962890625 0.462890625 0.0205078125 0.0439453125
1 0.533203125 0.4111328125 0.0205078125 0.041015625
1 0.10546875 0.484375 0.029296875 0.03125
1 0.638671875 0.4404296875 0.041015625 0.03125
0 0.265625 0.416015625 0.078125 0.0390625
1 0.900390625 0.716796875 0.033203125 0.087890625