0 0.1943359375 0.748046875 0.123046875 0.162109375
0 0.337890625 0.728515625 0.0986328125 0.119140625
0 0.5390625 0.3486328125 0.041015625 0.0341796875
0 0.267578125 0.4541015625 0.0908203125 0.0576171875
0 0.447265625 0.484375 0.119140625 0.068359375
1 0.2255859375 0.4765625 0.0263671875 0.0341796875
0 0.4912109375 0.359375 0.0390625 0.03125
1 0.0830078125 0.7587890625 0.0439453125 0.0673828125
1 0.6240234375 0.568359375 0.0390625 0.046875
1 0.3125 0.8427734375 0.0498046875 0.076171875
0 0.509765625 0.41015625 0.0419921875 0.033203125
1 0.1826171875 0.4609375 0.0283203125 0.037109375
1 0.2626953125 0.505859375 0.0341796875 0.0419921875
1 0.3134765625 0.486328125 0.029296875 0.0341796875
1 0.5849609375 0.384765625 0.017578125 0.025390625
1 0.1357421875 0.541015625 0.0283203125 0.056640625
1 0.45703125 0.78515625 0.0390625 0.060546875
1 0.4072265625 0.5224609375 0.0576171875 0.048828125
1 0.2861328125 0.490234375 0.03125 0.037109375
1 0.41796875 0.8271484375 0.0419921875 0.076171875
1 0.4326171875 0.669921875 0.0498046875 0.0673828125
1 0.4560546875 0.375 0.0185546875 0.0283203125
1 0.427734375 0.400390625 0.0185546875 0.029296875
1 0.546875 0.4072265625 0.015625 0.033203125
1 0.224609375 0.4169921875 0.0263671875 0.021484375
1 0.0673828125 0.525390625 0.0283203125 0.0361328125
1 0.072265625 0.404296875 0.017578125 0.025390625
1 0.1435546875 0.427734375 0.0185546875 0.029296875
1 0.8232421875 0.5810546875 0.0625 0.0498046875
1 0.5615234375 0.560546875 0.033203125 0.0439453125
1 0.177734375 0.4140625 0.0234375 0.021484375
1 0.732421875 0.607421875 0.0576171875 0.0517578125
1 0.5048828125 0.46875 0.025390625 0.0439453125
0 0.509765625 0.3330078125 0.0341796875 0.0283203125
1 0.6513671875 0.677734375 0.0654296875 0.0595703125
1 0.4189453125 0.7451171875 0.0439453125 0.056640625
1 0.478515625 0.39453125 0.013671875 0.029296875
1 0.5546875 0.380859375 0.0185546875 0.0263671875
0 0.23046875 0.3642578125 0.0576171875 0.03125
1 0.5087890625 0.53125 0.048828125 0.046875
1 0.63671875 0.517578125 0.0361328125 0.0439453125
1 0.5595703125 0.4697265625 0.021484375 0.029296875
1 0.1025390625 0.4072265625 0.017578125 0.029296875
1 0.552734375 0.529296875 0.0439453125 0.03125
1 0.142578125 0.501953125 0.025390625 0.0390625
1 0.673828125 0.5400390625 0.0439453125 0.0419921875
1 0.6201171875 0.462890625 0.0185546875 0.0263671875
1 0.271484375 0.470703125 0.021484375 0.021484375
1 0.974609375 0.5830078125 0.021484375 0.0439453125
1 0.5927734375 0.466796875 0.017578125 0.0263671875
1 0.177734375 0.326171875 0.0234375 0.021484375
1 0.5908203125 0.517578125 0.15625 0.138671875
1 0.6376953125 0.4814453125 0.015625 0.0283203125
1 0.5869140625 0.3642578125 0.013671875 0.025390625
1 0.6396484375 0.443359375 0.044921875 0.0283203125
1 0.853515625 0.6572265625 0.041015625 0.0419921875
1 0.0771484375 0.384765625 0.0107421875 0.017578125
1 0.458984375 0.72265625 0.03125 0.048828125
1 0.6806640625 0.447265625 0.017578125 0.0185546875
1 0.05859375 0.4814453125 0.0205078125 0.037109375
1 0.3671875 0.326171875 0.0283203125 0.0185546875
1 0.9775390625 0.693359375 0.0205078125 0.056640625
1 0.3984375 0.3232421875 0.0283203125 0.021484375
1 0.03125 0.5830078125 0.0341796875 0.087890625
1 0.8896484375 0.3837890625 0.017578125 0.0263671875
1 0.1953125 0.322265625 0.0185546875 0.0185546875
1 0.595703125 0.5400390625 0.0546875 0.0361328125
0 0.189453125 0.875 0.0986328125 0.0283203125
1 0.4765625 0.62109375 0.037109375 0.0703125
1 0.5234375 0.7451171875 0.041015625 0.078125
1 0.037109375 0.7236328125 0.0341796875 0.0654296875
1 0.5205078125 0.5927734375 0.0185546875 0.0361328125
1 0.466796875 0.3505859375 0.0126953125 0.0205078125
1 0.0390625 0.470703125 0.0283203125 0.029296875
1 0.025390625 0.373046875 0.0126953125 0.0205078125
1 0.5458984375 0.626953125 0.048828125 0.087890625
0 0.1552734375 0.298828125 0.0361328125 0.0341796875