0 0.322265625 0.798828125 0.1455078125 0.1767578125
0 0.0810546875 0.767578125 0.1064453125 0.142578125
0 0.7177734375 0.771484375 0.1826171875 0.2216796875
0 0.201171875 0.677734375 0.1044921875 0.1201171875
0 0.240234375 0.5078125 0.0625 0.068359375
0 0.3173828125 0.6474609375 0.09375 0.107421875
1 0.728515625 0.5341796875 0.046875 0.046875
0 0.5849609375 0.462890625 0.1044921875 0.0625
0 0.224609375 0.5791015625 0.078125 0.0888671875
1 0.8173828125 0.580078125 0.078125 0.080078125
0 0.501953125 0.345703125 0.037109375 0.0283203125
0 0.478515625 0.3662109375 0.029296875 0.033203125
0 0.3212890625 0.5498046875 0.0703125 0.0810546875
1 0.146484375 0.4990234375 0.0263671875 0.033203125
0 0.3271484375 0.490234375 0.0673828125 0.0595703125
1 0.689453125 0.5419921875 0.0498046875 0.056640625
1 0.419921875 0.4716796875 0.0283203125 0.0439453125
1 0.4833984375 0.400390625 0.017578125 0.0283203125
1 0.3828125 0.482421875 0.0185546875 0.037109375
1 0.896484375 0.650390625 0.080078125 0.076171875
1 0.509765625 0.41015625 0.0185546875 0.029296875
1 0.0634765625 0.484375 0.0234375 0.0283203125
0 0.3974609375 0.4287109375 0.0205078125 0.029296875
0 0.44140625 0.43359375 0.033203125 0.044921875
1 0.72265625 0.4736328125 0.033203125 0.03125
1 0.5029296875 0.4580078125 0.0126953125 0.025390625
0 0.189453125 0.380859375 0.03125 0.0234375
1 0.0322265625 0.5927734375 0.0390625 0.0673828125
1 0.1318359375 0.4580078125 0.017578125 0.025390625
1 0.1884765625 0.5087890625 0.0263671875 0.033203125
1 0.958984375 0.6962890625 0.0576171875 0.0732421875
1 0.4365234375 0.7880859375 0.0419921875 0.0830078125
1 0.900390625 0.544921875 0.03125 0.029296875
1 0.9306640625 0.60546875 0.048828125 0.0419921875
0 0.2255859375 0.357421875 0.0263671875 0.025390625
0 0.541015625 0.328125 0.0234375 0.0185546875
0 0.259765625 0.412109375 0.0439453125 0.0283203125
0 0.3515625 0.3212890625 0.03125 0.017578125
1 0.146484375 0.4306640625 0.015625 0.0205078125
1 0.5615234375 0.4140625 0.0234375 0.0341796875
1 0.5869140625 0.412109375 0.0205078125 0.0341796875
1 0.1650390625 0.548828125 0.033203125 0.0517578125
1 0.5390625 0.4111328125 0.021484375 0.03125
1 0.8955078125 0.576171875 0.037109375 0.0419921875
1 0.630859375 0.44140625 0.0263671875 0.0361328125
1 0.4609375 0.353515625 0.0185546875 0.0283203125
1 0.185546875 0.4287109375 0.0126953125 0.0205078125
0 0.2451171875 0.3837890625 0.0498046875 0.033203125
1 0.427734375 0.404296875 0.015625 0.0205078125
1 0.1865234375 0.8671875 0.076171875 0.0498046875
1 0.423828125 0.36328125 0.0107421875 0.017578125
1 0.546875 0.8349609375 0.0625 0.1015625
1 0.349609375 0.7021484375 0.0419921875 0.0390625
1 0.1806640625 0.4658203125 0.0390625 0.041015625
1 0.4052734375 0.3974609375 0.0205078125 0.033203125
1 0.20703125 0.4814453125 0.017578125 0.0439453125