0 0.1923828125 0.7509765625 0.1220703125 0.1640625
0 0.509765625 0.4130859375 0.046875 0.0546875
0 0.7001953125 0.8017578125 0.166015625 0.171875
1 0.431640625 0.6689453125 0.0390625 0.083984375
0 0.337890625 0.7265625 0.0966796875 0.1123046875
0 0.4892578125 0.361328125 0.037109375 0.033203125
0 0.55078125 0.6083984375 0.107421875 0.1171875
1 0.390625 0.498046875 0.025390625 0.0361328125
1 0.7265625 0.5810546875 0.068359375 0.0654296875
1 0.4208984375 0.5 0.0205078125 0.0341796875
0 0.6923828125 0.6630859375 0.130859375 0.123046875
0 0.541015625 0.34375 0.03125 0.025390625
1 0.673828125 0.525390625 0.0419921875 0.0390625
1 0.533203125 0.482421875 0.029296875 0.0361328125
1 0.6337890625 0.529296875 0.044921875 0.064453125
0 0.5068359375 0.3349609375 0.033203125 0.029296875
1 0.775390625 0.59375 0.052734375 0.0498046875
1 0.552734375 0.5361328125 0.0498046875 0.0498046875
1 0.5771484375 0.484375 0.033203125 0.041015625
0 0.93359375 0.580078125 0.1044921875 0.064453125
1 0.404296875 0.5419921875 0.03125 0.052734375
1 0.419921875 0.470703125 0.021484375 0.0361328125
1 0.666015625 0.5986328125 0.0517578125 0.0498046875
1 0.79296875 0.658203125 0.064453125 0.0595703125
1 0.873046875 0.6640625 0.0703125 0.0654296875
1 0.080078125 0.7509765625 0.044921875 0.0673828125
1 0.478515625 0.5546875 0.03125 0.056640625
1 0.6533203125 0.462890625 0.037109375 0.037109375
1 0.501953125 0.4482421875 0.0283203125 0.0283203125
1 0.9453125 0.6396484375 0.078125 0.080078125
1 0.7626953125 0.552734375 0.0341796875 0.0419921875
1 0.580078125 0.435546875 0.0390625 0.041015625
1 0.0751953125 0.478515625 0.056640625 0.041015625
1 0.5146484375 0.517578125 0.029296875 0.0517578125
1 0.630859375 0.5908203125 0.03125 0.041015625
0 0.4599609375 0.35546875 0.0361328125 0.033203125
1 0.0400390625 0.5537109375 0.017578125 0.029296875
1 0.123046875 0.587890625 0.017578125 0.052734375
1 0.6220703125 0.4423828125 0.0283203125 0.0283203125
1 0.8203125 0.560546875 0.078125 0.064453125
1 0.4482421875 0.470703125 0.099609375 0.0986328125
1 0.5029296875 0.4853515625 0.0341796875 0.0419921875
1 0.552734375 0.435546875 0.025390625 0.0361328125
1 0.0341796875 0.8515625 0.037109375 0.068359375
1 0.443359375 0.4345703125 0.0234375 0.0341796875
0 0.3525390625 0.3203125 0.033203125 0.0185546875
1 0.466796875 0.669921875 0.029296875 0.072265625
0 0.203125 0.875 0.083984375 0.0283203125
0 0.9697265625 0.517578125 0.0361328125 0.0439453125
1 0.0234375 0.5634765625 0.021484375 0.048828125
1 0.21484375 0.611328125 0.0576171875 0.037109375
1 0.7060546875 0.4736328125 0.0283203125 0.046875
1 0.6923828125 0.548828125 0.306640625 0.1484375
1 0.8515625 0.513671875 0.0283203125 0.0341796875
1 0.8427734375 0.6201171875 0.0263671875 0.03125