0 0.32421875 0.8017578125 0.1455078125 0.1748046875
1 0.4267578125 0.7197265625 0.037109375 0.0576171875
1 0.130859375 0.595703125 0.033203125 0.0439453125
1 0.49609375 0.509765625 0.0234375 0.041015625
1 0.6904296875 0.5458984375 0.046875 0.0546875
1 0.513671875 0.568359375 0.03125 0.052734375
1 0.642578125 0.5888671875 0.03125 0.046875
0 0.314453125 0.6494140625 0.0908203125 0.107421875
0 0.2412109375 0.5126953125 0.060546875 0.0810546875
0 0.591796875 0.623046875 0.1328125 0.1533203125
0 0.490234375 0.4287109375 0.052734375 0.0576171875
1 0.1748046875 0.6123046875 0.03125 0.052734375
1 0.8212890625 0.5830078125 0.0859375 0.0810546875
1 0.9462890625 0.6884765625 0.076171875 0.080078125
1 0.46484375 0.419921875 0.017578125 0.0263671875
1 0.6953125 0.6455078125 0.0498046875 0.078125
0 0.505859375 0.341796875 0.0283203125 0.03125
1 0.5634765625 0.390625 0.017578125 0.025390625
1 0.189453125 0.55078125 0.0341796875 0.0419921875
0 0.326171875 0.4921875 0.0673828125 0.0625
1 0.7294921875 0.537109375 0.046875 0.048828125
1 0.427734375 0.4150390625 0.0205078125 0.029296875
0 0.48046875 0.3544921875 0.033203125 0.0341796875
1 0.5302734375 0.423828125 0.0234375 0.029296875
1 0.541015625 0.5029296875 0.0283203125 0.0341796875
1 0.05859375 0.482421875 0.0263671875 0.033203125
1 0.400390625 0.4150390625 0.0126953125 0.0234375
1 0.1552734375 0.5390625 0.029296875 0.0439453125
1 0.431640625 0.4384765625 0.0126953125 0.0263671875
1 0.134765625 0.51171875 0.0234375 0.029296875
1 0.5654296875 0.544921875 0.037109375 0.044921875
1 0.505859375 0.3671875 0.015625 0.025390625
1 0.484375 0.388671875 0.015625 0.025390625
1 0.892578125 0.6484375 0.083984375 0.072265625
0 0.2529296875 0.396484375 0.0498046875 0.0546875
1 0.591796875 0.396484375 0.017578125 0.021484375
1 0.3984375 0.3896484375 0.021484375 0.0263671875
1 0.369140625 0.4560546875 0.017578125 0.0283203125
0 0.5322265625 0.3427734375 0.0263671875 0.0263671875
1 0.21484375 0.4130859375 0.029296875 0.033203125
0 0.779296875 0.8466796875 0.1357421875 0.0810546875
1 0.458984375 0.396484375 0.0205078125 0.0390625
1 0.1513671875 0.4853515625 0.0185546875 0.029296875
1 0.4365234375 0.3828125 0.0263671875 0.025390625
0 0.9345703125 0.5205078125 0.0966796875 0.068359375
0 0.8154296875 0.7705078125 0.078125 0.1123046875
1 0.931640625 0.6083984375 0.044921875 0.0390625
1 0.177734375 0.515625 0.0341796875 0.041015625
1 0.8408203125 0.5400390625 0.0341796875 0.0390625
1 0.216796875 0.6083984375 0.029296875 0.0419921875
0 0.154296875 0.443359375 0.0576171875 0.052734375
1 0.0322265625 0.8369140625 0.0361328125 0.0830078125
1 0.103515625 0.7373046875 0.0341796875 0.0439453125
1 0.1708984375 0.568359375 0.111328125 0.140625
1 0.890625 0.5859375 0.041015625 0.0498046875
1 0.6357421875 0.443359375 0.046875 0.0341796875
0 0.173828125 0.3193359375 0.0576171875 0.029296875
1 0.4248046875 0.4013671875 0.0908203125 0.0908203125