0 0.193359375 0.7509765625 0.125 0.1640625
0 0.5107421875 0.4208984375 0.046875 0.0517578125
0 0.337890625 0.728515625 0.0986328125 0.119140625
0 0.5380859375 0.3515625 0.0390625 0.041015625
1 0.4111328125 0.80078125 0.056640625 0.0732421875
1 0.6103515625 0.4990234375 0.0390625 0.0419921875
1 0.119140625 0.66796875 0.0498046875 0.0673828125
0 0.4921875 0.361328125 0.041015625 0.0341796875
1 0.078125 0.7548828125 0.046875 0.072265625
1 0.427734375 0.6806640625 0.0390625 0.0419921875
1 0.3056640625 0.8359375 0.044921875 0.09375
1 0.5478515625 0.4677734375 0.0234375 0.044921875
1 0.439453125 0.443359375 0.0185546875 0.025390625
0 0.4853515625 0.515625 0.1298828125 0.0751953125
1 0.03125 0.56640625 0.037109375 0.064453125
1 0.615234375 0.556640625 0.0361328125 0.052734375
0 0.0439453125 0.376953125 0.0498046875 0.0283203125
1 0.4580078125 0.7802734375 0.037109375 0.064453125
1 0.548828125 0.435546875 0.0205078125 0.029296875
1 0.658203125 0.55859375 0.0341796875 0.0517578125
1 0.51171875 0.462890625 0.029296875 0.046875
1 0.6201171875 0.4658203125 0.0185546875 0.0283203125
1 0.5712890625 0.388671875 0.017578125 0.0283203125
1 0.462890625 0.458984375 0.0498046875 0.0439453125
1 0.0556640625 0.4814453125 0.0205078125 0.03125
0 0.509765625 0.330078125 0.025390625 0.021484375
1 0.564453125 0.435546875 0.013671875 0.021484375
1 0.421875 0.73828125 0.046875 0.0546875
1 0.642578125 0.498046875 0.0234375 0.0283203125
1 0.466796875 0.4248046875 0.0185546875 0.0283203125
1 0.02734375 0.76171875 0.0263671875 0.0361328125
1 0.60546875 0.470703125 0.013671875 0.021484375
1 0.12109375 0.4091796875 0.0205078125 0.0283203125
1 0.4609375 0.365234375 0.025390625 0.0283203125
1 0.1767578125 0.3291015625 0.015625 0.017578125
1 0.0224609375 0.81640625 0.0234375 0.044921875
1 0.587890625 0.3916015625 0.017578125 0.033203125
1 0.330078125 0.3583984375 0.015625 0.0205078125
1 0.841796875 0.6416015625 0.0498046875 0.0703125
1 0.583984375 0.427734375 0.013671875 0.0234375
0 0.232421875 0.3701171875 0.0498046875 0.03125
1 0.248046875 0.35546875 0.013671875 0.0234375
1 0.1650390625 0.365234375 0.0107421875 0.0126953125
1 0.068359375 0.521484375 0.0234375 0.0498046875
1 0.0205078125 0.494140625 0.0185546875 0.03125
1 0.3486328125 0.337890625 0.0126953125 0.0185546875
1 0.287109375 0.3583984375 0.021484375 0.0263671875