0 0.611328125 0.5703125 0.107421875 0.119140625
0 0.4951171875 0.541015625 0.072265625 0.0908203125
0 0.3388671875 0.7265625 0.099609375 0.1123046875
1 0.787109375 0.693359375 0.056640625 0.0830078125
1 0.59765625 0.4912109375 0.029296875 0.0419921875
1 0.701171875 0.6025390625 0.0390625 0.0703125
1 0.8740234375 0.796875 0.0673828125 0.078125
0 0.4892578125 0.3603515625 0.037109375 0.029296875
1 0.8115234375 0.587890625 0.076171875 0.0546875
0 0.6259765625 0.763671875 0.142578125 0.158203125
0 0.541015625 0.341796875 0.029296875 0.0263671875
1 0.1591796875 0.5966796875 0.03125 0.0595703125
0 0.509765625 0.333984375 0.033203125 0.03125
1 0.7578125 0.578125 0.03125 0.037109375
1 0.9189453125 0.693359375 0.0966796875 0.068359375
1 0.5224609375 0.4755859375 0.0263671875 0.0361328125
1 0.826171875 0.5576171875 0.033203125 0.0341796875
1 0.1513671875 0.5419921875 0.0283203125 0.0439453125
1 0.9638671875 0.619140625 0.046875 0.0654296875
1 0.876953125 0.560546875 0.0654296875 0.048828125
1 0.4228515625 0.6845703125 0.033203125 0.0625
0 0.5517578125 0.4931640625 0.052734375 0.064453125
0 0.7890625 0.486328125 0.1279296875 0.0654296875
1 0.83984375 0.654296875 0.095703125 0.0625
1 0.7470703125 0.7724609375 0.068359375 0.095703125
0 0.1943359375 0.822265625 0.126953125 0.134765625
1 0.453125 0.517578125 0.025390625 0.0498046875
1 0.060546875 0.482421875 0.029296875 0.0341796875
1 0.7890625 0.5498046875 0.03125 0.03125
1 0.5478515625 0.6748046875 0.0390625 0.068359375
1 0.681640625 0.5478515625 0.029296875 0.044921875
1 0.5908203125 0.396484375 0.025390625 0.033203125
1 0.0302734375 0.560546875 0.0361328125 0.046875
1 0.146484375 0.4296875 0.021484375 0.0341796875
1 0.0625 0.6982421875 0.037109375 0.046875
1 0.896484375 0.6259765625 0.0595703125 0.0576171875
1 0.1962890625 0.3671875 0.0205078125 0.0341796875
1 0.3994140625 0.44140625 0.0234375 0.033203125
0 0.517578125 0.388671875 0.0390625 0.0361328125
1 0.486328125 0.4638671875 0.0205078125 0.0341796875
1 0.1083984375 0.486328125 0.0361328125 0.0341796875
0 0.2255859375 0.3583984375 0.0390625 0.0419921875
1 0.1826171875 0.35546875 0.015625 0.0234375
1 0.552734375 0.4560546875 0.015625 0.021484375
0 0.099609375 0.404296875 0.03125 0.0341796875
1 0.623046875 0.44921875 0.013671875 0.029296875
1 0.5283203125 0.3671875 0.015625 0.0283203125
1 0.576171875 0.44140625 0.0263671875 0.0419921875
1 0.5625 0.8359375 0.072265625 0.0966796875
1 0.4267578125 0.443359375 0.0185546875 0.0283203125
1 0.662109375 0.4970703125 0.0390625 0.0341796875
1 0.021484375 0.4833984375 0.025390625 0.044921875
0 0.306640625 0.3447265625 0.0673828125 0.0732421875
1 0.482421875 0.427734375 0.021484375 0.0390625
1 0.259765625 0.3369140625 0.0126953125 0.0234375
1 0.4404296875 0.396484375 0.025390625 0.029296875
1 0.912109375 0.744140625 0.037109375 0.0703125
1 0.4658203125 0.423828125 0.0185546875 0.0263671875
0 0.185546875 0.3232421875 0.037109375 0.021484375