1 0.6728515625 0.611328125 0.0419921875 0.072265625
0 0.1220703125 0.7470703125 0.119140625 0.1376953125
1 0.681640625 0.6923828125 0.0498046875 0.0810546875
0 0.181640625 0.5634765625 0.080078125 0.0830078125
1 0.630859375 0.564453125 0.0390625 0.0673828125
0 0.55078125 0.607421875 0.1044921875 0.1201171875
1 0.7763671875 0.6845703125 0.0595703125 0.099609375
1 0.7978515625 0.576171875 0.044921875 0.064453125
1 0.607421875 0.529296875 0.0263671875 0.064453125
0 0.3359375 0.521484375 0.0654296875 0.0732421875
1 0.556640625 0.744140625 0.048828125 0.0830078125
1 0.6171875 0.462890625 0.0283203125 0.0361328125
0 0.52734375 0.5146484375 0.0703125 0.064453125
0 0.302734375 0.46484375 0.0546875 0.0517578125
1 0.94140625 0.68359375 0.0859375 0.0888671875
1 0.734375 0.767578125 0.046875 0.078125
1 0.6376953125 0.841796875 0.0595703125 0.091796875
1 0.876953125 0.85546875 0.0546875 0.0673828125
1 0.115234375 0.5791015625 0.0361328125 0.0859375
1 0.748046875 0.6240234375 0.037109375 0.060546875
0 0.478515625 0.4375 0.0439453125 0.0498046875
1 0.8408203125 0.580078125 0.0498046875 0.078125
1 0.6943359375 0.544921875 0.048828125 0.056640625
1 0.6513671875 0.7734375 0.0439453125 0.056640625
1 0.140625 0.498046875 0.0185546875 0.0361328125
0 0.216796875 0.455078125 0.046875 0.041015625
0 0.484375 0.3603515625 0.041015625 0.0390625
1 0.73046875 0.5400390625 0.0390625 0.0419921875
1 0.5263671875 0.439453125 0.037109375 0.0595703125
0 0.248046875 0.388671875 0.048828125 0.044921875
1 0.064453125 0.478515625 0.0390625 0.0361328125
1 0.1591796875 0.4755859375 0.021484375 0.0361328125
1 0.26953125 0.634765625 0.0263671875 0.044921875
1 0.7578125 0.8544921875 0.0625 0.072265625
1 0.474609375 0.5927734375 0.021484375 0.0517578125
1 0.642578125 0.5224609375 0.025390625 0.048828125
0 0.435546875 0.4150390625 0.0390625 0.048828125
0 0.53515625 0.353515625 0.0419921875 0.0341796875
1 0.888671875 0.6025390625 0.060546875 0.060546875
0 0.1953125 0.4091796875 0.0498046875 0.0439453125
1 0.9130859375 0.8193359375 0.0517578125 0.0830078125
1 0.1015625 0.48046875 0.0341796875 0.0361328125
1 0.4755859375 0.548828125 0.0205078125 0.0517578125
1 0.025390625 0.560546875 0.0263671875 0.0419921875
1 0.029296875 0.8310546875 0.0390625 0.052734375
1 0.455078125 0.380859375 0.0234375 0.0390625
1 0.92578125 0.609375 0.0390625 0.037109375
1 0.2548828125 0.494140625 0.021484375 0.0341796875
1 0.822265625 0.537109375 0.025390625 0.0419921875
1 0.974609375 0.63671875 0.029296875 0.0576171875
0 0.3525390625 0.3212890625 0.033203125 0.017578125
1 0.1708984375 0.416015625 0.017578125 0.0234375
1 0.439453125 0.5009765625 0.0283203125 0.048828125
1 0.1240234375 0.361328125 0.0107421875 0.0126953125
1 0.138671875 0.4375 0.0234375 0.025390625
1 0.9716796875 0.7392578125 0.025390625 0.0810546875
1 0.3291015625 0.357421875 0.017578125 0.025390625
1 0.7138671875 0.6943359375 0.1875 0.3701171875