0 0.1923828125 0.748046875 0.125 0.162109375
0 0.5146484375 0.4326171875 0.0517578125 0.0498046875
0 0.3388671875 0.7275390625 0.0966796875 0.1171875
0 0.486328125 0.361328125 0.044921875 0.033203125
1 0.6181640625 0.529296875 0.0361328125 0.060546875
0 0.5380859375 0.349609375 0.0390625 0.037109375
1 0.06640625 0.537109375 0.029296875 0.044921875
1 0.57421875 0.517578125 0.0263671875 0.052734375
1 0.6484375 0.62890625 0.052734375 0.080078125
1 0.5478515625 0.52734375 0.0263671875 0.0517578125
1 0.5908203125 0.4794921875 0.0185546875 0.0341796875
1 0.419921875 0.638671875 0.0390625 0.078125
1 0.6533203125 0.54296875 0.0283203125 0.0517578125
1 0.4951171875 0.4677734375 0.025390625 0.0419921875
1 0.4052734375 0.39453125 0.0234375 0.029296875
1 0.21484375 0.470703125 0.0234375 0.037109375
0 0.509765625 0.3330078125 0.029296875 0.0283203125
1 0.095703125 0.7255859375 0.0546875 0.076171875
1 0.6474609375 0.494140625 0.017578125 0.0341796875
1 0.4560546875 0.7822265625 0.041015625 0.0673828125
1 0.423828125 0.455078125 0.0234375 0.0390625
1 0.5830078125 0.681640625 0.041015625 0.072265625
1 0.4677734375 0.43359375 0.017578125 0.0263671875
1 0.607421875 0.447265625 0.015625 0.029296875
1 0.412109375 0.80859375 0.044921875 0.0576171875
1 0.30859375 0.859375 0.0361328125 0.0498046875
1 0.552734375 0.439453125 0.0185546875 0.0283203125
1 0.2470703125 0.361328125 0.021484375 0.021484375
1 0.0625 0.4814453125 0.03125 0.041015625
1 0.380859375 0.3779296875 0.0263671875 0.0283203125
1 0.708984375 0.5927734375 0.0263671875 0.0517578125
1 0.859375 0.5810546875 0.025390625 0.052734375
1 0.423828125 0.4189453125 0.0205078125 0.037109375
1 0.5634765625 0.466796875 0.0205078125 0.0283203125
1 0.525390625 0.564453125 0.025390625 0.0517578125
1 0.0224609375 0.5673828125 0.0234375 0.056640625
1 0.455078125 0.365234375 0.021484375 0.0263671875
1 0.642578125 0.4462890625 0.0263671875 0.029296875
1 0.87890625 0.6884765625 0.0419921875 0.0546875
1 0.021484375 0.8310546875 0.021484375 0.0439453125
0 0.1904296875 0.32421875 0.041015625 0.0234375
1 0.5234375 0.8212890625 0.0283203125 0.0517578125
0 0.1982421875 0.427734375 0.0751953125 0.0517578125
1 0.560546875 0.408203125 0.0205078125 0.033203125
1 0.349609375 0.357421875 0.0263671875 0.0234375
1 0.166015625 0.36328125 0.013671875 0.013671875
1 0.5654296875 0.3798828125 0.021484375 0.021484375
1 0.228515625 0.357421875 0.0107421875 0.021484375
1 0.025390625 0.76171875 0.0263671875 0.033203125
1 0.3310546875 0.357421875 0.0126953125 0.021484375
1 0.5673828125 0.48828125 0.0185546875 0.0234375
1 0.4228515625 0.7177734375 0.044921875 0.064453125
0 0.1982421875 0.875 0.09375 0.0283203125
0 0.3251953125 0.3935546875 0.099609375 0.041015625
1 0.2119140625 0.359375 0.0107421875 0.0185546875
1 0.4482421875 0.6650390625 0.025390625 0.048828125
1 0.3857421875 0.3544921875 0.015625 0.025390625
1 0.5625 0.833984375 0.0625 0.103515625
1 0.6787109375 0.509765625 0.017578125 0.0341796875
1 0.62890625 0.490234375 0.017578125 0.029296875
1 0.5927734375 0.45703125 0.013671875 0.0234375
1 0.09765625 0.51171875 0.0205078125 0.048828125