0 0.3212890625 0.798828125 0.142578125 0.1767578125
1 0.796875 0.6953125 0.046875 0.072265625
1 0.740234375 0.73046875 0.044921875 0.0732421875
0 0.486328125 0.478515625 0.056640625 0.0654296875
1 0.6943359375 0.611328125 0.0361328125 0.0654296875
0 0.533203125 0.44921875 0.0498046875 0.064453125
1 0.603515625 0.4599609375 0.0205078125 0.0419921875
0 0.3193359375 0.6015625 0.080078125 0.0966796875
1 0.80078125 0.5849609375 0.044921875 0.0673828125
0 0.2275390625 0.572265625 0.080078125 0.087890625
0 0.1630859375 0.4736328125 0.044921875 0.052734375
1 0.525390625 0.58203125 0.0263671875 0.0517578125
0 0.2021484375 0.6708984375 0.095703125 0.1142578125
1 0.701171875 0.5458984375 0.0390625 0.048828125
1 0.765625 0.861328125 0.056640625 0.056640625
1 0.6416015625 0.5517578125 0.029296875 0.056640625
0 0.240234375 0.501953125 0.0595703125 0.064453125
1 0.587890625 0.404296875 0.0107421875 0.021484375
1 0.572265625 0.45703125 0.03125 0.0576171875
1 0.4345703125 0.84375 0.041015625 0.0654296875
1 0.05859375 0.482421875 0.029296875 0.0341796875
1 0.650390625 0.658203125 0.033203125 0.046875
0 0.30859375 0.474609375 0.0517578125 0.0576171875
1 0.947265625 0.68359375 0.0751953125 0.091796875
1 0.18359375 0.541015625 0.0263671875 0.0419921875
1 0.1240234375 0.576171875 0.0361328125 0.0517578125
1 0.841796875 0.556640625 0.0390625 0.0498046875
1 0.173828125 0.384765625 0.017578125 0.0234375
1 0.650390625 0.4501953125 0.0234375 0.041015625
1 0.455078125 0.4267578125 0.0205078125 0.041015625
1 0.6484375 0.736328125 0.037109375 0.076171875
1 0.138671875 0.630859375 0.033203125 0.0439453125
1 0.55078125 0.4228515625 0.017578125 0.0263671875
1 0.5009765625 0.4306640625 0.0205078125 0.033203125
1 0.8427734375 0.6015625 0.0419921875 0.046875
1 0.6904296875 0.853515625 0.052734375 0.068359375
1 0.451171875 0.3857421875 0.029296875 0.037109375
1 0.033203125 0.595703125 0.0419921875 0.0625
1 0.666015625 0.5009765625 0.021484375 0.0390625
1 0.681640625 0.478515625 0.0126953125 0.021484375
0 0.115234375 0.4921875 0.0419921875 0.0439453125
1 0.345703125 0.4326171875 0.017578125 0.03125
0 0.5205078125 0.3828125 0.0283203125 0.0283203125
1 0.173828125 0.408203125 0.0185546875 0.025390625
1 0.931640625 0.607421875 0.056640625 0.0439453125
0 0.349609375 0.3212890625 0.03125 0.017578125
1 0.5693359375 0.4033203125 0.0263671875 0.0341796875
1 0.875 0.7041015625 0.0751953125 0.1142578125
1 0.5576171875 0.75390625 0.0341796875 0.076171875
1 0.630859375 0.5126953125 0.021484375 0.0341796875
0 0.486328125 0.3623046875 0.0263671875 0.0185546875
0 0.22265625 0.34375 0.029296875 0.025390625
1 0.2138671875 0.841796875 0.072265625 0.095703125
1 0.6806640625 0.443359375 0.0205078125 0.0283203125
0 0.3310546875 0.3984375 0.056640625 0.041015625
0 0.9443359375 0.5673828125 0.0830078125 0.0595703125
1 0.240234375 0.3505859375 0.013671875 0.0263671875
1 0.4833984375 0.3955078125 0.017578125 0.041015625
1 0.083984375 0.7294921875 0.029296875 0.046875
1 0.8955078125 0.5849609375 0.0341796875 0.060546875
0 0.513671875 0.330078125 0.033203125 0.0234375
1 0.974609375 0.642578125 0.0263671875 0.0517578125
1 0.732421875 0.6767578125 0.177734375 0.1904296875
1 0.0810546875 0.3408203125 0.0126953125 0.021484375
1 0.021484375 0.4736328125 0.0205078125 0.025390625
1 0.140625 0.7734375 0.037109375 0.0654296875
1 0.45703125 0.5048828125 0.0234375 0.046875
1 0.8740234375 0.841796875 0.0234375 0.083984375
1 0.4111328125 0.4130859375 0.0185546875 0.029296875