0 0.322265625 0.798828125 0.1455078125 0.1748046875
0 0.1220703125 0.59765625 0.078125 0.0888671875
0 0.5751953125 0.580078125 0.1123046875 0.119140625
0 0.203125 0.673828125 0.099609375 0.1171875
0 0.240234375 0.509765625 0.0625 0.0732421875
0 0.3212890625 0.548828125 0.0703125 0.080078125
0 0.3154296875 0.6494140625 0.0908203125 0.111328125
0 0.22265625 0.580078125 0.0732421875 0.0859375
1 0.6181640625 0.525390625 0.0263671875 0.046875
1 0.818359375 0.583984375 0.0810546875 0.078125
1 0.896484375 0.654296875 0.080078125 0.076171875
1 0.9482421875 0.689453125 0.072265625 0.0810546875
1 0.474609375 0.4345703125 0.017578125 0.0283203125
1 0.5361328125 0.509765625 0.021484375 0.0361328125
0 0.322265625 0.478515625 0.064453125 0.060546875
1 0.12890625 0.72265625 0.033203125 0.0546875
1 0.703125 0.55078125 0.0283203125 0.0390625
1 0.5380859375 0.4775390625 0.0205078125 0.029296875
1 0.380859375 0.5595703125 0.025390625 0.046875
1 0.5634765625 0.505859375 0.0205078125 0.03125
0 0.47265625 0.376953125 0.0361328125 0.0419921875
1 0.103515625 0.7412109375 0.033203125 0.048828125
1 0.466796875 0.5078125 0.0205078125 0.041015625
1 0.6044921875 0.4697265625 0.0283203125 0.0390625
1 0.49609375 0.50390625 0.0234375 0.0419921875
0 0.49609375 0.3525390625 0.0390625 0.029296875
1 0.57421875 0.46875 0.0263671875 0.041015625
1 0.439453125 0.47265625 0.015625 0.029296875
1 0.0625 0.486328125 0.0283203125 0.029296875
1 0.5849609375 0.5166015625 0.0263671875 0.0390625
0 0.255859375 0.40234375 0.048828125 0.0361328125
1 0.076171875 0.6884765625 0.0341796875 0.0517578125
1 0.1474609375 0.392578125 0.013671875 0.0185546875
1 0.154296875 0.4658203125 0.0185546875 0.025390625
1 0.5244140625 0.451171875 0.029296875 0.0439453125
1 0.123046875 0.4287109375 0.021484375 0.0205078125
1 0.2119140625 0.408203125 0.013671875 0.0283203125
1 0.0234375 0.564453125 0.025390625 0.0517578125
1 0.509765625 0.4296875 0.0185546875 0.0341796875
1 0.8984375 0.5419921875 0.0341796875 0.0341796875
1 0.1875 0.5009765625 0.025390625 0.0419921875
0 0.521484375 0.388671875 0.0341796875 0.03125
1 0.9306640625 0.615234375 0.0419921875 0.044921875
1 0.177734375 0.4111328125 0.0234375 0.0341796875
1 0.62109375 0.4853515625 0.0205078125 0.033203125
1 0.86328125 0.56640625 0.0263671875 0.048828125
0 0.236328125 0.34375 0.0263671875 0.0283203125
1 0.4306640625 0.615234375 0.033203125 0.0673828125
1 0.9736328125 0.634765625 0.03125 0.0595703125
1 0.189453125 0.7783203125 0.0595703125 0.0751953125
1 0.080078125 0.341796875 0.0185546875 0.0185546875
1 0.4560546875 0.357421875 0.0185546875 0.029296875
1 0.205078125 0.48046875 0.0185546875 0.0419921875
0 0.95703125 0.5771484375 0.0576171875 0.0576171875
1 0.19921875 0.380859375 0.0205078125 0.0283203125
1 0.712890625 0.5224609375 0.0205078125 0.033203125
1 0.5341796875 0.478515625 0.177734375 0.130859375
0 0.3525390625 0.3193359375 0.029296875 0.017578125
1 0.0244140625 0.373046875 0.013671875 0.021484375
1 0.763671875 0.703125 0.0576171875 0.09375
1 0.0791015625 0.787109375 0.0205078125 0.0439453125
1 0.6416015625 0.4404296875 0.029296875 0.03125