0 0.1923828125 0.748046875 0.1220703125 0.162109375
0 0.51171875 0.421875 0.048828125 0.052734375
0 0.337890625 0.728515625 0.0986328125 0.119140625
1 0.1328125 0.640625 0.046875 0.0595703125
0 0.5390625 0.3515625 0.041015625 0.037109375
1 0.0771484375 0.763671875 0.048828125 0.0751953125
0 0.4892578125 0.361328125 0.0341796875 0.03125
1 0.3515625 0.505859375 0.046875 0.0419921875
1 0.306640625 0.8330078125 0.046875 0.087890625
1 0.4130859375 0.79296875 0.0546875 0.0859375
1 0.6142578125 0.4892578125 0.037109375 0.0439453125
0 0.509765625 0.333984375 0.029296875 0.03125
1 0.5615234375 0.455078125 0.0263671875 0.037109375
1 0.4697265625 0.46484375 0.0361328125 0.048828125
0 0.642578125 0.5458984375 0.1640625 0.080078125
1 0.515625 0.484375 0.025390625 0.0439453125
1 0.427734375 0.673828125 0.0419921875 0.0517578125
1 0.4580078125 0.7841796875 0.037109375 0.056640625
1 0.5400390625 0.482421875 0.0263671875 0.0439453125
1 0.572265625 0.4072265625 0.0205078125 0.033203125
1 0.060546875 0.6708984375 0.048828125 0.0546875
1 0.443359375 0.4462890625 0.0185546875 0.0263671875
0 0.2763671875 0.45703125 0.0810546875 0.048828125
1 0.060546875 0.4765625 0.0234375 0.03125
1 0.568359375 0.3779296875 0.0185546875 0.025390625
1 0.0205078125 0.572265625 0.0185546875 0.041015625
1 0.466796875 0.4228515625 0.017578125 0.0263671875
1 0.646484375 0.486328125 0.021484375 0.033203125
1 0.0654296875 0.5361328125 0.025390625 0.0439453125
1 0.419921875 0.73828125 0.046875 0.048828125
1 0.5859375 0.466796875 0.0185546875 0.0341796875
1 0.8369140625 0.609375 0.033203125 0.083984375
1 0.0263671875 0.7861328125 0.0341796875 0.083984375
1 0.623046875 0.453125 0.0234375 0.03125
1 0.3740234375 0.48046875 0.0263671875 0.0419921875
1 0.6767578125 0.494140625 0.03125 0.0234375
1 0.2880859375 0.3623046875 0.017578125 0.021484375
1 0.400390625 0.361328125 0.015625 0.0205078125
1 0.4580078125 0.3642578125 0.0283203125 0.03125
1 0.021484375 0.4765625 0.0205078125 0.0283203125
1 0.2080078125 0.3564453125 0.015625 0.0185546875
1 0.353515625 0.3544921875 0.015625 0.0185546875
1 0.37890625 0.392578125 0.0361328125 0.033203125
0 0.236328125 0.373046875 0.056640625 0.029296875
1 0.0576171875 0.625 0.046875 0.03125
1 0.248046875 0.3544921875 0.013671875 0.021484375
1 0.5478515625 0.41796875 0.013671875 0.0205078125
1 0.2939453125 0.40625 0.0595703125 0.037109375
1 0.228515625 0.35546875 0.0126953125 0.0205078125
1 0.375 0.3623046875 0.0126953125 0.021484375
1 0.8916015625 0.38671875 0.017578125 0.0263671875
1 0.8505859375 0.412109375 0.0205078125 0.03125
1 0.541015625 0.619140625 0.033203125 0.0595703125
1 0.1845703125 0.3330078125 0.0283203125 0.021484375
0 0.189453125 0.875 0.0986328125 0.0283203125
1 0.4541015625 0.71875 0.0205078125 0.021484375