0 0.642578125 0.787109375 0.171875 0.197265625
0 0.201171875 0.58203125 0.0830078125 0.091796875
0 0.6357421875 0.5966796875 0.130859375 0.130859375
0 0.3466796875 0.578125 0.0751953125 0.083984375
0 0.5625 0.4443359375 0.052734375 0.0517578125
1 0.5546875 0.669921875 0.0439453125 0.0625
1 0.796875 0.58984375 0.041015625 0.0576171875
0 0.5615234375 0.4931640625 0.0703125 0.0673828125
1 0.115234375 0.6376953125 0.033203125 0.052734375
1 0.7841796875 0.7001953125 0.046875 0.072265625
1 0.14453125 0.533203125 0.0234375 0.0439453125
1 0.2705078125 0.740234375 0.041015625 0.056640625
1 0.181640625 0.5029296875 0.021484375 0.037109375
1 0.708984375 0.607421875 0.046875 0.0595703125
1 0.943359375 0.6845703125 0.0810546875 0.087890625
1 0.7255859375 0.537109375 0.048828125 0.044921875
1 0.23046875 0.740234375 0.044921875 0.064453125
1 0.857421875 0.595703125 0.0673828125 0.0673828125
1 0.2724609375 0.4560546875 0.029296875 0.03125
1 0.8515625 0.6572265625 0.0283203125 0.0419921875
1 0.158203125 0.4853515625 0.0283203125 0.0361328125
1 0.283203125 0.6767578125 0.046875 0.0654296875
1 0.1748046875 0.681640625 0.0283203125 0.048828125
1 0.673828125 0.5390625 0.0234375 0.037109375
1 0.220703125 0.6943359375 0.0185546875 0.044921875
0 0.1435546875 0.408203125 0.0625 0.044921875
1 0.427734375 0.54296875 0.0283203125 0.0517578125
0 0.3076171875 0.4375 0.052734375 0.046875
0 0.490234375 0.544921875 0.087890625 0.1376953125
1 0.2451171875 0.6572265625 0.0283203125 0.048828125
0 0.541015625 0.3818359375 0.037109375 0.029296875
1 0.1923828125 0.4599609375 0.0185546875 0.029296875
1 0.2470703125 0.4619140625 0.0185546875 0.0263671875
0 0.4970703125 0.3544921875 0.0341796875 0.0283203125
1 0.419921875 0.6650390625 0.0234375 0.044921875
1 0.89453125 0.65625 0.0419921875 0.0498046875
1 0.0712890625 0.75390625 0.0419921875 0.0703125
1 0.8310546875 0.5615234375 0.0283203125 0.0361328125
1 0.220703125 0.85546875 0.060546875 0.0673828125
1 0.92578125 0.609375 0.044921875 0.037109375
1 0.5849609375 0.412109375 0.0263671875 0.0439453125
0 0.494140625 0.3896484375 0.0419921875 0.0419921875
0 0.326171875 0.3984375 0.072265625 0.0341796875
0 0.2626953125 0.41015625 0.0625 0.033203125
1 0.0244140625 0.560546875 0.0234375 0.0419921875
1 0.115234375 0.693359375 0.037109375 0.0732421875
1 0.166015625 0.44921875 0.0263671875 0.029296875
1 0.068359375 0.478515625 0.041015625 0.033203125
1 0.103515625 0.7529296875 0.0390625 0.083984375
0 0.2421875 0.361328125 0.0625 0.0517578125
1 0.392578125 0.845703125 0.041015625 0.0830078125
0 0.5107421875 0.333984375 0.025390625 0.0205078125
1 0.896484375 0.5771484375 0.0390625 0.0576171875
1 0.1552734375 0.87109375 0.0546875 0.0419921875
1 0.962890625 0.626953125 0.033203125 0.048828125
1 0.13671875 0.751953125 0.0361328125 0.0703125
1 0.197265625 0.435546875 0.0263671875 0.015625
1 0.1064453125 0.4853515625 0.0283203125 0.029296875
1 0.87109375 0.8720703125 0.064453125 0.037109375
1 0.4541015625 0.482421875 0.029296875 0.0576171875
1 0.3720703125 0.4013671875 0.0185546875 0.021484375
1 0.4423828125 0.419921875 0.0341796875 0.0498046875
1 0.4677734375 0.681640625 0.0234375 0.064453125