0 0.193359375 0.748046875 0.123046875 0.1591796875
0 0.51171875 0.4228515625 0.0517578125 0.0517578125
0 0.337890625 0.7255859375 0.0986328125 0.1201171875
0 0.5400390625 0.353515625 0.0419921875 0.0439453125
0 0.5751953125 0.5458984375 0.171875 0.0830078125
1 0.306640625 0.833984375 0.046875 0.0888671875
0 0.48828125 0.361328125 0.0390625 0.03125
1 0.2880859375 0.486328125 0.033203125 0.037109375
1 0.51171875 0.474609375 0.0361328125 0.0419921875
0 0.21875 0.4228515625 0.068359375 0.0390625
1 0.3798828125 0.5380859375 0.0498046875 0.048828125
1 0.416015625 0.80859375 0.0390625 0.060546875
1 0.150390625 0.478515625 0.0234375 0.041015625
1 0.4697265625 0.4541015625 0.0361328125 0.044921875
1 0.61328125 0.486328125 0.029296875 0.0390625
1 0.640625 0.4912109375 0.0283203125 0.0390625
1 0.236328125 0.4609375 0.0263671875 0.0341796875
1 0.427734375 0.6875 0.0439453125 0.052734375
1 0.458984375 0.783203125 0.037109375 0.0576171875
1 0.54296875 0.474609375 0.0263671875 0.0419921875
1 0.580078125 0.4853515625 0.0234375 0.033203125
1 0.099609375 0.4140625 0.0185546875 0.025390625
1 0.080078125 0.7568359375 0.0419921875 0.076171875
1 0.556640625 0.396484375 0.017578125 0.029296875
0 0.509765625 0.333984375 0.03125 0.0283203125
1 0.5732421875 0.388671875 0.0185546875 0.0263671875
1 0.3056640625 0.4091796875 0.0390625 0.0283203125
1 0.4951171875 0.455078125 0.0185546875 0.0283203125
1 0.068359375 0.533203125 0.0283203125 0.046875
1 0.515625 0.3720703125 0.015625 0.0185546875
1 0.154296875 0.427734375 0.0185546875 0.021484375
1 0.552734375 0.4482421875 0.0205078125 0.025390625
1 0.0654296875 0.474609375 0.037109375 0.033203125
1 0.5673828125 0.439453125 0.015625 0.0234375
0 0.958984375 0.5810546875 0.056640625 0.052734375
1 0.1650390625 0.36328125 0.013671875 0.017578125
1 0.419921875 0.740234375 0.046875 0.056640625
1 0.564453125 0.46875 0.0185546875 0.0283203125
1 0.880859375 0.580078125 0.013671875 0.029296875
1 0.6201171875 0.451171875 0.015625 0.021484375
1 0.4677734375 0.4228515625 0.0205078125 0.029296875
1 0.8447265625 0.638671875 0.0546875 0.0751953125
1 0.3291015625 0.3583984375 0.017578125 0.0234375
1 0.603515625 0.5791015625 0.025390625 0.0390625
1 0.4189453125 0.3623046875 0.015625 0.0185546875
1 0.4560546875 0.7158203125 0.021484375 0.0283203125
1 0.453125 0.361328125 0.015625 0.0205078125
1 0.1767578125 0.328125 0.0185546875 0.0185546875
0 0.849609375 0.580078125 0.0703125 0.052734375
1 0.2060546875 0.357421875 0.009765625 0.015625
1 0.5888671875 0.44921875 0.015625 0.0263671875
1 0.595703125 0.466796875 0.015625 0.0205078125
1 0.0205078125 0.4599609375 0.0185546875 0.033203125
1 0.029296875 0.59375 0.0283203125 0.068359375
1 0.0322265625 0.3759765625 0.033203125 0.0234375
1 0.068359375 0.384765625 0.0390625 0.0205078125
1 0.0693359375 0.3388671875 0.013671875 0.0185546875
1 0.1943359375 0.3232421875 0.017578125 0.0185546875
1 0.517578125 0.4501953125 0.0185546875 0.021484375
1 0.6259765625 0.6259765625 0.0546875 0.095703125
1 0.890625 0.384765625 0.015625 0.0234375
0 0.236328125 0.365234375 0.0625 0.037109375
1 0.044921875 0.412109375 0.0263671875 0.013671875