0 0.322265625 0.7998046875 0.1435546875 0.1748046875
1 0.697265625 0.666015625 0.0361328125 0.0625
1 0.8076171875 0.8369140625 0.068359375 0.091796875
1 0.6591796875 0.6025390625 0.0341796875 0.0546875
0 0.201171875 0.673828125 0.0986328125 0.1142578125
0 0.1591796875 0.4833984375 0.046875 0.0517578125
0 0.31640625 0.6123046875 0.0830078125 0.099609375
0 0.2265625 0.5732421875 0.0810546875 0.087890625
1 0.796875 0.5732421875 0.041015625 0.0595703125
1 0.568359375 0.4560546875 0.0205078125 0.037109375
0 0.525390625 0.439453125 0.048828125 0.064453125
1 0.6494140625 0.8125 0.048828125 0.072265625
1 0.6904296875 0.537109375 0.041015625 0.0419921875
1 0.5986328125 0.455078125 0.0185546875 0.0390625
1 0.755859375 0.6640625 0.0390625 0.068359375
0 0.4814453125 0.466796875 0.052734375 0.060546875
1 0.849609375 0.591796875 0.0595703125 0.0673828125
0 0.310546875 0.482421875 0.0498046875 0.056640625
1 0.71484375 0.771484375 0.048828125 0.072265625
1 0.947265625 0.6865234375 0.072265625 0.0859375
1 0.5068359375 0.5517578125 0.0234375 0.0498046875
1 0.4736328125 0.4228515625 0.025390625 0.033203125
1 0.6142578125 0.6533203125 0.0341796875 0.083984375
1 0.1728515625 0.560546875 0.0263671875 0.0419921875
1 0.4970703125 0.4296875 0.0185546875 0.025390625
1 0.623046875 0.5361328125 0.029296875 0.046875
1 0.1552734375 0.5234375 0.0263671875 0.0341796875
1 0.0576171875 0.4833984375 0.0283203125 0.033203125
1 0.115234375 0.595703125 0.0283203125 0.0361328125
1 0.126953125 0.6474609375 0.0390625 0.064453125
0 0.240234375 0.5078125 0.0595703125 0.0654296875
1 0.6474609375 0.462890625 0.029296875 0.037109375
1 0.1533203125 0.798828125 0.0498046875 0.0673828125
0 0.521484375 0.3837890625 0.033203125 0.033203125
1 0.03125 0.5986328125 0.037109375 0.0595703125
0 0.5166015625 0.333984375 0.0390625 0.03125
1 0.7294921875 0.5390625 0.041015625 0.046875
1 0.115234375 0.5126953125 0.0263671875 0.0341796875
1 0.6162109375 0.603515625 0.0263671875 0.041015625
0 0.48828125 0.3515625 0.029296875 0.0283203125
1 0.177734375 0.416015625 0.017578125 0.0283203125
0 0.201171875 0.3994140625 0.041015625 0.0390625
1 0.5537109375 0.419921875 0.0205078125 0.0283203125
1 0.443359375 0.416015625 0.017578125 0.0283203125
0 0.3505859375 0.3212890625 0.029296875 0.017578125
1 0.560546875 0.7607421875 0.03125 0.072265625
1 0.240234375 0.640625 0.025390625 0.0498046875
1 0.57421875 0.3974609375 0.0205078125 0.029296875
1 0.931640625 0.607421875 0.0546875 0.044921875
1 0.154296875 0.384765625 0.0234375 0.0234375
1 0.89453125 0.5849609375 0.0361328125 0.060546875
1 0.357421875 0.4501953125 0.017578125 0.03125
0 0.306640625 0.443359375 0.056640625 0.0419921875
1 0.1083984375 0.5654296875 0.0234375 0.037109375
1 0.6240234375 0.501953125 0.0234375 0.0361328125
1 0.6396484375 0.7470703125 0.033203125 0.046875
1 0.431640625 0.861328125 0.052734375 0.056640625
1 0.8779296875 0.7080078125 0.0751953125 0.1064453125
0 0.220703125 0.341796875 0.025390625 0.021484375
1 0.4150390625 0.4052734375 0.013671875 0.0263671875
1 0.080078125 0.3408203125 0.013671875 0.021484375
1 0.6611328125 0.5615234375 0.025390625 0.0361328125
1 0.974609375 0.6318359375 0.025390625 0.0576171875
1 0.701171875 0.6123046875 0.185546875 0.1875
0 0.0595703125 0.7744140625 0.072265625 0.095703125
1 0.5927734375 0.392578125 0.0205078125 0.033203125
0 0.9462890625 0.5654296875 0.080078125 0.056640625
1 0.265625 0.8662109375 0.037109375 0.048828125
1 0.478515625 0.3818359375 0.029296875 0.0361328125
1 0.455078125 0.3779296875 0.025390625 0.037109375
1 0.021484375 0.47265625 0.0205078125 0.0234375
1 0.46484375 0.3544921875 0.0263671875 0.025390625