0 0.19140625 0.748046875 0.123046875 0.162109375
0 0.5107421875 0.421875 0.046875 0.052734375
0 0.337890625 0.728515625 0.0986328125 0.119140625
1 0.5146484375 0.478515625 0.0263671875 0.046875
1 0.6103515625 0.4951171875 0.033203125 0.046875
0 0.5390625 0.3515625 0.041015625 0.037109375
0 0.4892578125 0.361328125 0.0341796875 0.033203125
1 0.306640625 0.83203125 0.048828125 0.0859375
1 0.12890625 0.646484375 0.0419921875 0.048828125
1 0.0751953125 0.7626953125 0.041015625 0.068359375
1 0.412109375 0.8017578125 0.0498046875 0.072265625
1 0.556640625 0.47265625 0.0205078125 0.0390625
1 0.576171875 0.408203125 0.0205078125 0.0341796875
0 0.705078125 0.548828125 0.166015625 0.080078125
1 0.5400390625 0.482421875 0.0263671875 0.044921875
1 0.384765625 0.515625 0.0517578125 0.0439453125
0 0.509765625 0.333984375 0.029296875 0.03125
1 0.466796875 0.4619140625 0.037109375 0.048828125
1 0.64453125 0.4912109375 0.0234375 0.0390625
1 0.564453125 0.4365234375 0.017578125 0.0234375
1 0.49609375 0.4501953125 0.017578125 0.03125
1 0.5302734375 0.3720703125 0.017578125 0.021484375
1 0.04296875 0.69140625 0.0390625 0.048828125
1 0.458984375 0.7841796875 0.0361328125 0.056640625
0 0.3017578125 0.466796875 0.087890625 0.0517578125
1 0.314453125 0.408203125 0.03125 0.0283203125
1 0.0595703125 0.4794921875 0.025390625 0.0341796875
1 0.2890625 0.4072265625 0.0283203125 0.0361328125
1 0.44140625 0.4404296875 0.017578125 0.025390625
1 0.40625 0.474609375 0.0185546875 0.025390625
1 0.427734375 0.677734375 0.0390625 0.046875
1 0.0205078125 0.5732421875 0.0185546875 0.041015625
1 0.5107421875 0.3681640625 0.015625 0.0234375
1 0.466796875 0.4228515625 0.017578125 0.0263671875
1 0.419921875 0.7392578125 0.046875 0.052734375
1 0.548828125 0.435546875 0.0185546875 0.0283203125
0 0.94921875 0.5732421875 0.0732421875 0.056640625
1 0.3955078125 0.3623046875 0.0126953125 0.021484375
1 0.4560546875 0.365234375 0.021484375 0.029296875
1 0.5849609375 0.466796875 0.017578125 0.033203125
1 0.3701171875 0.3623046875 0.0126953125 0.021484375
1 0.6220703125 0.451171875 0.015625 0.025390625
1 0.021484375 0.4765625 0.0205078125 0.0283203125
1 0.064453125 0.533203125 0.0234375 0.0341796875
1 0.02734375 0.783203125 0.0361328125 0.080078125
1 0.20703125 0.3564453125 0.013671875 0.0185546875
1 0.3466796875 0.3544921875 0.0126953125 0.021484375
1 0.6708984375 0.505859375 0.029296875 0.03125
0 0.2373046875 0.3740234375 0.056640625 0.0263671875
1 0.591796875 0.3759765625 0.0107421875 0.017578125
1 0.287109375 0.3603515625 0.0185546875 0.0234375
1 0.228515625 0.35546875 0.0126953125 0.0205078125
1 0.248046875 0.3544921875 0.013671875 0.021484375
0 0.1865234375 0.3232421875 0.0390625 0.025390625
1 0.169921875 0.337890625 0.017578125 0.0205078125
1 0.6474609375 0.46484375 0.017578125 0.0234375
1 0.1669921875 0.3671875 0.0126953125 0.0126953125
1 0.505859375 0.6103515625 0.029296875 0.064453125
0 0.1904296875 0.875 0.099609375 0.0283203125