0 0.19140625 0.748046875 0.123046875 0.162109375
0 0.513671875 0.4228515625 0.052734375 0.0546875
0 0.337890625 0.7275390625 0.0986328125 0.1171875
0 0.5380859375 0.35546875 0.044921875 0.044921875
1 0.640625 0.5 0.03125 0.056640625
0 0.486328125 0.361328125 0.0439453125 0.03125
0 0.423828125 0.5087890625 0.1376953125 0.0732421875
1 0.5126953125 0.470703125 0.0341796875 0.0517578125
1 0.46875 0.4560546875 0.0341796875 0.0439453125
1 0.611328125 0.4931640625 0.029296875 0.044921875
1 0.4150390625 0.8037109375 0.0419921875 0.0673828125
1 0.0673828125 0.5361328125 0.03125 0.046875
1 0.259765625 0.4892578125 0.0263671875 0.03125
1 0.0791015625 0.7607421875 0.0419921875 0.068359375
0 0.162109375 0.408203125 0.064453125 0.041015625
1 0.5791015625 0.48828125 0.0234375 0.0419921875
0 0.509765625 0.3349609375 0.033203125 0.029296875
1 0.736328125 0.568359375 0.0673828125 0.0595703125
1 0.21875 0.453125 0.021484375 0.025390625
1 0.572265625 0.376953125 0.0205078125 0.029296875
1 0.556640625 0.4150390625 0.017578125 0.033203125
1 0.3076171875 0.8505859375 0.041015625 0.0576171875
1 0.541015625 0.470703125 0.0234375 0.046875
1 0.564453125 0.4521484375 0.017578125 0.0263671875
1 0.142578125 0.4521484375 0.021484375 0.029296875
1 0.458984375 0.783203125 0.037109375 0.0546875
1 0.01953125 0.494140625 0.017578125 0.0341796875
1 0.677734375 0.55859375 0.0517578125 0.048828125
1 0.1650390625 0.365234375 0.0107421875 0.017578125
1 0.6357421875 0.4443359375 0.037109375 0.029296875
1 0.439453125 0.376953125 0.0205078125 0.0263671875
1 0.0546875 0.4794921875 0.021484375 0.03125
1 0.419921875 0.7392578125 0.046875 0.056640625
1 0.587890625 0.4521484375 0.0185546875 0.029296875
1 0.6630859375 0.5087890625 0.0263671875 0.0419921875
1 0.158203125 0.416015625 0.0126953125 0.017578125
1 0.8447265625 0.6455078125 0.0419921875 0.0625
0 0.23046875 0.365234375 0.0576171875 0.0341796875
1 0.427734375 0.6826171875 0.033203125 0.0341796875
1 0.55078125 0.4443359375 0.017578125 0.029296875
1 0.466796875 0.4208984375 0.017578125 0.0234375
1 0.025390625 0.375 0.0126953125 0.0185546875
1 0.5947265625 0.369140625 0.017578125 0.0205078125
1 0.2333984375 0.3271484375 0.0263671875 0.0205078125
1 0.2060546875 0.35546875 0.009765625 0.0205078125
0 0.1962890625 0.8759765625 0.1044921875 0.029296875
1 0.177734375 0.326171875 0.021484375 0.021484375
1 0.025390625 0.822265625 0.03125 0.0908203125
1 0.337890625 0.353515625 0.0126953125 0.0185546875
1 0.455078125 0.716796875 0.0205078125 0.0263671875
1 0.255859375 0.384765625 0.0205078125 0.0361328125
1 0.806640625 0.5576171875 0.0654296875 0.0439453125
1 0.0849609375 0.3896484375 0.0205078125 0.013671875
1 0.068359375 0.33984375 0.0126953125 0.017578125
1 0.091796875 0.4765625 0.0654296875 0.0439453125