0 0.1923828125 0.7509765625 0.125 0.1640625
0 0.51171875 0.42578125 0.0517578125 0.0576171875
1 0.7216796875 0.662109375 0.0595703125 0.080078125
0 0.337890625 0.7275390625 0.0986328125 0.1171875
1 0.6259765625 0.4775390625 0.0263671875 0.0390625
0 0.62890625 0.71484375 0.154296875 0.1611328125
1 0.412109375 0.521484375 0.033203125 0.0546875
0 0.84765625 0.810546875 0.189453125 0.154296875
1 0.587890625 0.5263671875 0.0517578125 0.052734375
1 0.529296875 0.6728515625 0.0390625 0.076171875
1 0.525390625 0.537109375 0.029296875 0.056640625
1 0.55859375 0.6318359375 0.0390625 0.0673828125
1 0.4306640625 0.6767578125 0.0419921875 0.0654296875
1 0.5830078125 0.4541015625 0.0341796875 0.0390625
0 0.5380859375 0.3466796875 0.0390625 0.03125
0 0.4921875 0.359375 0.041015625 0.0341796875
1 0.8330078125 0.658203125 0.0654296875 0.076171875
1 0.6435546875 0.6298828125 0.052734375 0.0625
1 0.4296875 0.435546875 0.025390625 0.0283203125
1 0.484375 0.626953125 0.046875 0.0595703125
1 0.673828125 0.541015625 0.0908203125 0.064453125
0 0.921875 0.5791015625 0.125 0.064453125
1 0.716796875 0.4736328125 0.0205078125 0.025390625
1 0.544921875 0.4208984375 0.017578125 0.0361328125
1 0.568359375 0.4296875 0.0185546875 0.0341796875
0 0.5087890625 0.333984375 0.033203125 0.03125
1 0.8515625 0.544921875 0.0498046875 0.0419921875
1 0.5546875 0.5068359375 0.0283203125 0.0419921875
1 0.5517578125 0.5458984375 0.0283203125 0.048828125
1 0.5263671875 0.3681640625 0.0185546875 0.0263671875
1 0.9599609375 0.6572265625 0.0576171875 0.091796875
1 0.080078125 0.75 0.0517578125 0.099609375
1 0.455078125 0.494140625 0.0390625 0.056640625
1 0.3837890625 0.4326171875 0.029296875 0.025390625
1 0.498046875 0.478515625 0.03125 0.046875
1 0.55078125 0.37109375 0.013671875 0.0263671875
1 0.7568359375 0.5849609375 0.0576171875 0.048828125
1 0.439453125 0.361328125 0.0185546875 0.025390625
1 0.5302734375 0.400390625 0.013671875 0.0341796875
0 0.8427734375 0.4931640625 0.0732421875 0.0517578125
1 0.408203125 0.486328125 0.0205078125 0.029296875
1 0.474609375 0.4609375 0.0234375 0.041015625
1 0.615234375 0.4453125 0.0234375 0.037109375
1 0.060546875 0.6474609375 0.0283203125 0.0576171875
1 0.302734375 0.59375 0.1044921875 0.046875
1 0.578125 0.568359375 0.0341796875 0.0498046875
1 0.4365234375 0.5263671875 0.0205078125 0.03125
1 0.0234375 0.5625 0.021484375 0.046875
1 0.060546875 0.478515625 0.0234375 0.0361328125
1 0.46875 0.423828125 0.021484375 0.029296875
0 0.353515625 0.3203125 0.033203125 0.0185546875
1 0.10546875 0.486328125 0.0263671875 0.029296875
1 0.6220703125 0.583984375 0.03125 0.0419921875
1 0.701171875 0.583984375 0.0498046875 0.0498046875
1 0.158203125 0.6357421875 0.041015625 0.052734375
1 0.3271484375 0.357421875 0.0234375 0.0283203125
1 0.4609375 0.357421875 0.025390625 0.037109375
1 0.203125 0.595703125 0.0283203125 0.0595703125
1 0.0400390625 0.806640625 0.0390625 0.0751953125
1 0.5751953125 0.392578125 0.0185546875 0.041015625
1 0.7900390625 0.5595703125 0.0263671875 0.037109375
1 0.5888671875 0.439453125 0.119140625 0.1171875
0 0.1982421875 0.875 0.087890625 0.0283203125
1 0.23828125 0.41015625 0.029296875 0.048828125
1 0.736328125 0.5244140625 0.025390625 0.0361328125
1 0.0732421875 0.337890625 0.0126953125 0.0185546875