0 0.1923828125 0.748046875 0.125 0.162109375
0 0.5107421875 0.419921875 0.0439453125 0.048828125
0 0.337890625 0.7265625 0.095703125 0.119140625
1 0.201171875 0.5361328125 0.025390625 0.041015625
1 0.5732421875 0.52734375 0.0283203125 0.0419921875
1 0.068359375 0.53515625 0.0283203125 0.0419921875
1 0.1484375 0.509765625 0.0185546875 0.037109375
0 0.4853515625 0.361328125 0.0419921875 0.033203125
0 0.537109375 0.3505859375 0.037109375 0.0361328125
1 0.4150390625 0.8076171875 0.0419921875 0.0595703125
1 0.611328125 0.521484375 0.025390625 0.041015625
1 0.1796875 0.443359375 0.03125 0.0263671875
1 0.521484375 0.4833984375 0.0205078125 0.033203125
1 0.5029296875 0.5224609375 0.0185546875 0.0390625
1 0.416015625 0.416015625 0.0107421875 0.021484375
1 0.4580078125 0.7841796875 0.0341796875 0.056640625
1 0.427734375 0.6748046875 0.041015625 0.046875
1 0.474609375 0.4970703125 0.0185546875 0.0341796875
1 0.166015625 0.427734375 0.021484375 0.0205078125
1 0.6396484375 0.50390625 0.0234375 0.0390625
0 0.115234375 0.40234375 0.056640625 0.033203125
0 0.3017578125 0.4619140625 0.099609375 0.0576171875
1 0.310546875 0.8427734375 0.0517578125 0.080078125
1 0.0771484375 0.759765625 0.044921875 0.0751953125
0 0.5087890625 0.33203125 0.029296875 0.0263671875
1 0.548828125 0.4453125 0.021484375 0.03125
1 0.46484375 0.423828125 0.017578125 0.0263671875
1 0.5849609375 0.408203125 0.017578125 0.0283203125
1 0.306640625 0.501953125 0.041015625 0.041015625
1 0.552734375 0.537109375 0.0234375 0.0361328125
1 0.4228515625 0.384765625 0.013671875 0.021484375
1 0.4794921875 0.4609375 0.021484375 0.0341796875
1 0.5302734375 0.373046875 0.0205078125 0.0205078125
1 0.166015625 0.36328125 0.015625 0.0205078125
1 0.392578125 0.419921875 0.021484375 0.029296875
1 0.0234375 0.568359375 0.021484375 0.0419921875
0 0.185546875 0.3232421875 0.0419921875 0.025390625
1 0.5625 0.462890625 0.0185546875 0.029296875
1 0.5966796875 0.478515625 0.0185546875 0.025390625
1 0.021484375 0.8330078125 0.021484375 0.046875
1 0.37890625 0.3642578125 0.0107421875 0.0185546875
1 0.564453125 0.431640625 0.0205078125 0.033203125
1 0.38671875 0.3837890625 0.0107421875 0.017578125
1 0.0595703125 0.482421875 0.021484375 0.0361328125
1 0.359375 0.361328125 0.0126953125 0.0185546875
1 0.025390625 0.767578125 0.0263671875 0.0419921875
1 0.673828125 0.5146484375 0.0361328125 0.044921875
1 0.583984375 0.4658203125 0.015625 0.03125
1 0.20703125 0.36328125 0.013671875 0.0234375
1 0.634765625 0.4453125 0.041015625 0.03125
1 0.4384765625 0.3642578125 0.017578125 0.021484375
1 0.548828125 0.4208984375 0.015625 0.0263671875
0 0.1962890625 0.875 0.0986328125 0.0283203125
1 0.525390625 0.82421875 0.021484375 0.044921875
1 0.806640625 0.552734375 0.021484375 0.029296875
1 0.099609375 0.521484375 0.025390625 0.056640625
1 0.5166015625 0.373046875 0.013671875 0.017578125
1 0.419921875 0.7373046875 0.0439453125 0.046875
1 0.24609375 0.35546875 0.013671875 0.0234375
1 0.041015625 0.5537109375 0.017578125 0.033203125
1 0.228515625 0.357421875 0.013671875 0.021484375