0 0.328125 0.78125 0.1279296875 0.181640625
0 0.5244140625 0.5400390625 0.080078125 0.0888671875
0 0.546875 0.4794921875 0.0654296875 0.0751953125
0 0.2041015625 0.658203125 0.107421875 0.1201171875
0 0.322265625 0.5693359375 0.0732421875 0.0859375
0 0.228515625 0.5537109375 0.0732421875 0.0830078125
1 0.6181640625 0.5068359375 0.033203125 0.0830078125
1 0.6298828125 0.7626953125 0.0341796875 0.068359375
1 0.4775390625 0.5 0.0234375 0.0439453125
0 0.2392578125 0.484375 0.056640625 0.0654296875
1 0.7333984375 0.642578125 0.0419921875 0.072265625
0 0.1591796875 0.4404296875 0.046875 0.056640625
1 0.826171875 0.5732421875 0.0908203125 0.0966796875
1 0.962890625 0.705078125 0.0439453125 0.078125
1 0.578125 0.4599609375 0.025390625 0.0361328125
0 0.3046875 0.4619140625 0.046875 0.0517578125
1 0.837890625 0.833984375 0.064453125 0.091796875
1 0.0595703125 0.482421875 0.025390625 0.03125
1 0.439453125 0.6689453125 0.048828125 0.0810546875
1 0.5146484375 0.474609375 0.0205078125 0.0390625
1 0.689453125 0.5693359375 0.0498046875 0.076171875
1 0.6904296875 0.52734375 0.0341796875 0.033203125
1 0.2431640625 0.7353515625 0.0361328125 0.060546875
1 0.734375 0.546875 0.0498046875 0.0595703125
1 0.552734375 0.806640625 0.060546875 0.0576171875
1 0.083984375 0.681640625 0.0546875 0.09375
1 0.1240234375 0.6904296875 0.0390625 0.0751953125
0 0.5166015625 0.396484375 0.033203125 0.0361328125
1 0.5625 0.4375 0.0185546875 0.0341796875
1 0.0302734375 0.568359375 0.0361328125 0.0576171875
0 0.19140625 0.3828125 0.033203125 0.0283203125
0 0.298828125 0.421875 0.0498046875 0.037109375
1 0.044921875 0.7822265625 0.052734375 0.080078125
0 0.6357421875 0.439453125 0.0439453125 0.041015625
1 0.8955078125 0.5810546875 0.041015625 0.056640625
1 0.1904296875 0.4814453125 0.0185546875 0.041015625
1 0.89453125 0.6494140625 0.0703125 0.076171875
1 0.154296875 0.541015625 0.03125 0.0498046875
1 0.4677734375 0.669921875 0.0205078125 0.0498046875
0 0.509765625 0.333984375 0.0283203125 0.0234375
1 0.8994140625 0.544921875 0.029296875 0.0361328125
1 0.1357421875 0.5048828125 0.03125 0.0498046875
1 0.9296875 0.61328125 0.056640625 0.044921875
1 0.931640625 0.70703125 0.0361328125 0.0419921875
1 0.01953125 0.8017578125 0.017578125 0.037109375
1 0.0986328125 0.4736328125 0.037109375 0.041015625
1 0.4580078125 0.45703125 0.03125 0.0517578125
1 0.4248046875 0.455078125 0.025390625 0.044921875
1 0.4287109375 0.412109375 0.017578125 0.0263671875
0 0.2490234375 0.373046875 0.048828125 0.029296875
1 0.7763671875 0.484375 0.0185546875 0.0283203125
0 0.2294921875 0.3525390625 0.0341796875 0.029296875
1 0.9736328125 0.6328125 0.0283203125 0.0625
0 0.3310546875 0.400390625 0.0625 0.0341796875
0 0.478515625 0.369140625 0.03125 0.025390625
0 0.5283203125 0.3544921875 0.037109375 0.0283203125
1 0.5693359375 0.412109375 0.0673828125 0.099609375
1 0.8173828125 0.5361328125 0.025390625 0.0439453125
1 0.482421875 0.416015625 0.015625 0.0341796875