0 0.158203125 0.6640625 0.1064453125 0.115234375
0 0.572265625 0.681640625 0.1220703125 0.1455078125
0 0.3486328125 0.6533203125 0.087890625 0.1123046875
1 0.509765625 0.6064453125 0.029296875 0.052734375
0 0.328125 0.5224609375 0.072265625 0.076171875
1 0.5537109375 0.5927734375 0.029296875 0.0390625
0 0.5078125 0.453125 0.0498046875 0.056640625
1 0.6142578125 0.5390625 0.03125 0.052734375
1 0.71484375 0.662109375 0.0419921875 0.0732421875
1 0.7607421875 0.7822265625 0.0625 0.091796875
0 0.22265625 0.4990234375 0.0546875 0.064453125
1 0.6533203125 0.6005859375 0.0341796875 0.0546875
1 0.822265625 0.5791015625 0.087890625 0.0888671875
1 0.6611328125 0.685546875 0.0439453125 0.095703125
1 0.9462890625 0.685546875 0.076171875 0.0830078125
0 0.486328125 0.3603515625 0.0390625 0.0361328125
1 0.568359375 0.525390625 0.029296875 0.0439453125
1 0.5869140625 0.580078125 0.029296875 0.0546875
1 0.419921875 0.4775390625 0.0205078125 0.033203125
1 0.21875 0.5546875 0.03125 0.041015625
1 0.60546875 0.623046875 0.0361328125 0.0576171875
1 0.6083984375 0.4990234375 0.033203125 0.0390625
1 0.87890625 0.6611328125 0.0859375 0.083984375
1 0.576171875 0.48046875 0.025390625 0.0419921875
1 0.802734375 0.7685546875 0.0361328125 0.052734375
1 0.60546875 0.4677734375 0.0205078125 0.0361328125
1 0.708984375 0.552734375 0.0234375 0.037109375
0 0.2939453125 0.4541015625 0.0498046875 0.048828125
1 0.4365234375 0.521484375 0.0263671875 0.044921875
1 0.455078125 0.501953125 0.021484375 0.041015625
1 0.6806640625 0.5732421875 0.0263671875 0.046875
0 0.484375 0.4052734375 0.037109375 0.048828125
1 0.056640625 0.791015625 0.044921875 0.0595703125
1 0.1572265625 0.5380859375 0.0234375 0.0419921875
1 0.08984375 0.640625 0.0263671875 0.041015625
0 0.830078125 0.8671875 0.130859375 0.046875
1 0.5048828125 0.541015625 0.03125 0.041015625
0 0.482421875 0.4951171875 0.048828125 0.056640625
1 0.1455078125 0.482421875 0.021484375 0.03125
1 0.9736328125 0.7373046875 0.025390625 0.083984375
1 0.60546875 0.8203125 0.0419921875 0.072265625
1 0.6689453125 0.5322265625 0.0283203125 0.0361328125
1 0.4033203125 0.4658203125 0.025390625 0.041015625
1 0.8916015625 0.591796875 0.0546875 0.060546875
1 0.4228515625 0.4365234375 0.017578125 0.0234375
1 0.9453125 0.6123046875 0.078125 0.0654296875
1 0.1845703125 0.44921875 0.021484375 0.0234375
1 0.896484375 0.5439453125 0.03125 0.03125
1 0.53125 0.4111328125 0.025390625 0.037109375
0 0.5595703125 0.41015625 0.037109375 0.0517578125
0 0.345703125 0.8642578125 0.1689453125 0.0498046875
1 0.4521484375 0.376953125 0.0107421875 0.025390625
1 0.6875 0.873046875 0.052734375 0.033203125
1 0.580078125 0.4404296875 0.0234375 0.037109375
1 0.072265625 0.48046875 0.0498046875 0.0419921875
1 0.81640625 0.5361328125 0.0263671875 0.0439453125
1 0.03125 0.5771484375 0.037109375 0.0732421875
1 0.2490234375 0.453125 0.0205078125 0.0341796875
1 0.2236328125 0.4140625 0.03125 0.0283203125
1 0.78515625 0.71875 0.033203125 0.0283203125
1 0.158203125 0.5068359375 0.021484375 0.029296875
1 0.6357421875 0.4423828125 0.025390625 0.0341796875
1 0.5859375 0.53125 0.0966796875 0.212890625
0 0.240234375 0.7958984375 0.0390625 0.0859375
0 0.263671875 0.40625 0.0419921875 0.0341796875