0 0.1923828125 0.748046875 0.125 0.162109375
0 0.513671875 0.423828125 0.0517578125 0.052734375
0 0.337890625 0.7275390625 0.0986328125 0.1171875
1 0.609375 0.4951171875 0.037109375 0.0498046875
0 0.486328125 0.361328125 0.0419921875 0.029296875
1 0.0673828125 0.541015625 0.0283203125 0.046875
0 0.099609375 0.39453125 0.0654296875 0.0361328125
1 0.564453125 0.3779296875 0.025390625 0.03125
0 0.318359375 0.4775390625 0.1044921875 0.0673828125
1 0.6533203125 0.525390625 0.025390625 0.044921875
0 0.5390625 0.3544921875 0.041015625 0.0439453125
1 0.3076171875 0.833984375 0.0498046875 0.0908203125
1 0.412109375 0.802734375 0.048828125 0.068359375
1 0.076171875 0.7509765625 0.0498046875 0.0888671875
1 0.4716796875 0.4541015625 0.0341796875 0.048828125
0 0.509765625 0.333984375 0.03125 0.029296875
1 0.5791015625 0.490234375 0.029296875 0.0439453125
1 0.5126953125 0.4658203125 0.037109375 0.052734375
1 0.458984375 0.7822265625 0.037109375 0.0576171875
1 0.552734375 0.470703125 0.025390625 0.0439453125
1 0.564453125 0.4345703125 0.017578125 0.025390625
1 0.0380859375 0.7568359375 0.044921875 0.080078125
1 0.5498046875 0.4150390625 0.0185546875 0.0263671875
1 0.501953125 0.5439453125 0.0751953125 0.072265625
1 0.646484375 0.486328125 0.0205078125 0.0341796875
1 0.130859375 0.4189453125 0.0361328125 0.03125
1 0.5849609375 0.376953125 0.017578125 0.029296875
1 0.427734375 0.681640625 0.0390625 0.0439453125
1 0.845703125 0.640625 0.0361328125 0.072265625
1 0.439453125 0.36328125 0.0185546875 0.0234375
1 0.1650390625 0.365234375 0.0107421875 0.015625
1 0.419921875 0.740234375 0.044921875 0.0546875
1 0.619140625 0.4638671875 0.0205078125 0.0341796875
1 0.0673828125 0.478515625 0.0341796875 0.033203125
1 0.201171875 0.443359375 0.0205078125 0.029296875
1 0.6376953125 0.443359375 0.046875 0.033203125
1 0.603515625 0.388671875 0.021484375 0.037109375
1 0.021484375 0.4775390625 0.021484375 0.0361328125
1 0.451171875 0.373046875 0.015625 0.03125
1 0.587890625 0.4521484375 0.0185546875 0.029296875
1 0.0244140625 0.380859375 0.0263671875 0.0283203125
1 0.1865234375 0.3310546875 0.029296875 0.021484375
0 0.228515625 0.3662109375 0.056640625 0.0361328125
1 0.494140625 0.498046875 0.0361328125 0.033203125
1 0.4375 0.7646484375 0.021484375 0.033203125
1 0.466796875 0.4208984375 0.017578125 0.0234375
1 0.5185546875 0.5107421875 0.025390625 0.037109375
0 0.193359375 0.8759765625 0.095703125 0.029296875
1 0.455078125 0.71875 0.0185546875 0.021484375
1 0.1748046875 0.4169921875 0.0185546875 0.03125
1 0.330078125 0.357421875 0.0205078125 0.0283203125