0 0.193359375 0.7666015625 0.123046875 0.1767578125
0 0.720703125 0.6904296875 0.1611328125 0.181640625
1 0.15234375 0.482421875 0.0234375 0.0361328125
0 0.5390625 0.60546875 0.103515625 0.1142578125
0 0.490234375 0.361328125 0.0361328125 0.03125
0 0.509765625 0.40625 0.0439453125 0.0498046875
0 0.3388671875 0.7265625 0.099609375 0.115234375
1 0.6826171875 0.5732421875 0.0439453125 0.052734375
1 0.296875 0.4873046875 0.025390625 0.037109375
0 0.595703125 0.548828125 0.0830078125 0.091796875
1 0.537109375 0.525390625 0.0341796875 0.046875
0 0.4814453125 0.5185546875 0.078125 0.087890625
0 0.921875 0.515625 0.125 0.068359375
0 0.5087890625 0.333984375 0.033203125 0.029296875
1 0.716796875 0.58203125 0.0419921875 0.0419921875
1 0.591796875 0.44140625 0.033203125 0.044921875
1 0.75390625 0.611328125 0.064453125 0.060546875
1 0.48828125 0.4658203125 0.0234375 0.03125
1 0.8759765625 0.6591796875 0.0888671875 0.0810546875
0 0.5380859375 0.341796875 0.029296875 0.025390625
1 0.8388671875 0.5693359375 0.056640625 0.060546875
1 0.412109375 0.5009765625 0.0390625 0.044921875
1 0.4189453125 0.439453125 0.0185546875 0.033203125
1 0.7412109375 0.5361328125 0.048828125 0.046875
1 0.029296875 0.5537109375 0.0361328125 0.0390625
1 0.470703125 0.427734375 0.0185546875 0.0361328125
1 0.8125 0.7099609375 0.052734375 0.080078125
1 0.6337890625 0.49609375 0.048828125 0.044921875
1 0.5966796875 0.4951171875 0.025390625 0.025390625
1 0.419921875 0.69140625 0.0361328125 0.048828125
1 0.8935546875 0.7958984375 0.0625 0.095703125
1 0.974609375 0.6484375 0.029296875 0.0654296875
1 0.5595703125 0.517578125 0.021484375 0.0419921875
1 0.193359375 0.353515625 0.0126953125 0.015625
1 0.1376953125 0.720703125 0.025390625 0.0361328125
1 0.7470703125 0.8662109375 0.0625 0.048828125
1 0.4521484375 0.3701171875 0.017578125 0.0283203125
1 0.671875 0.50390625 0.0439453125 0.0419921875
1 0.025390625 0.4697265625 0.0263671875 0.0390625
1 0.7841796875 0.533203125 0.046875 0.044921875
1 0.107421875 0.4814453125 0.037109375 0.0341796875
1 0.455078125 0.4140625 0.0185546875 0.0341796875
1 0.072265625 0.767578125 0.0517578125 0.0654296875
1 0.060546875 0.4775390625 0.0263671875 0.0361328125
1 0.498046875 0.4404296875 0.021484375 0.037109375
1 0.5908203125 0.400390625 0.021484375 0.029296875
1 0.5322265625 0.369140625 0.0205078125 0.029296875
1 0.4716796875 0.6591796875 0.0283203125 0.041015625
1 0.388671875 0.4345703125 0.017578125 0.025390625
0 0.447265625 0.4560546875 0.0390625 0.046875
1 0.357421875 0.42578125 0.0234375 0.0263671875
1 0.544921875 0.3935546875 0.025390625 0.037109375
1 0.1201171875 0.6455078125 0.0751953125 0.052734375
1 0.728515625 0.755859375 0.046875 0.0576171875
1 0.55859375 0.478515625 0.0205078125 0.033203125
1 0.24609375 0.341796875 0.033203125 0.0234375
1 0.3896484375 0.869140625 0.0390625 0.041015625
1 0.548828125 0.4541015625 0.015625 0.0234375
1 0.52734375 0.4638671875 0.0234375 0.037109375
1 0.900390625 0.7177734375 0.029296875 0.060546875
1 0.966796875 0.599609375 0.0283203125 0.0419921875
1 0.837890625 0.681640625 0.0283203125 0.0341796875
1 0.578125 0.4814453125 0.0283203125 0.0439453125
1 0.021484375 0.3740234375 0.0185546875 0.0234375
1 0.923828125 0.5947265625 0.0751953125 0.0546875
1 0.375 0.6826171875 0.025390625 0.0341796875
1 0.7255859375 0.4775390625 0.0361328125 0.033203125
1 0.5615234375 0.37109375 0.017578125 0.029296875
1 0.13671875 0.8037109375 0.033203125 0.0732421875
0 0.353515625 0.318359375 0.03125 0.0205078125
1 0.328125 0.3583984375 0.0185546875 0.0263671875