0 0.564453125 0.4912109375 0.0888671875 0.0986328125
0 0.2021484375 0.5625 0.080078125 0.087890625
0 0.6533203125 0.6201171875 0.1376953125 0.146484375
1 0.392578125 0.818359375 0.041015625 0.0732421875
0 0.6669921875 0.810546875 0.181640625 0.1533203125
0 0.5048828125 0.580078125 0.0966796875 0.1171875
0 0.34375 0.5546875 0.072265625 0.078125
1 0.580078125 0.7021484375 0.046875 0.0888671875
1 0.150390625 0.5166015625 0.021484375 0.0390625
1 0.75390625 0.6357421875 0.0546875 0.0751953125
1 0.8193359375 0.580078125 0.0830078125 0.0859375
1 0.220703125 0.6796875 0.0341796875 0.056640625
1 0.2421875 0.7626953125 0.0439453125 0.0908203125
1 0.7275390625 0.541015625 0.048828125 0.046875
1 0.150390625 0.474609375 0.0205078125 0.0263671875
1 0.1240234375 0.6005859375 0.029296875 0.0517578125
1 0.1806640625 0.6513671875 0.0263671875 0.0439453125
1 0.2421875 0.6298828125 0.025390625 0.0439453125
1 0.947265625 0.6982421875 0.068359375 0.0751953125
1 0.6884765625 0.5458984375 0.048828125 0.0419921875
0 0.49609375 0.3583984375 0.033203125 0.029296875
1 0.18359375 0.4873046875 0.017578125 0.03125
1 0.279296875 0.6904296875 0.0361328125 0.0498046875
1 0.8408203125 0.76171875 0.041015625 0.076171875
1 0.892578125 0.65625 0.087890625 0.087890625
1 0.1337890625 0.6728515625 0.0361328125 0.0390625
1 0.416015625 0.533203125 0.0283203125 0.0419921875
1 0.1630859375 0.6884765625 0.0205078125 0.044921875
1 0.291015625 0.6201171875 0.029296875 0.052734375
1 0.5927734375 0.546875 0.0263671875 0.0439453125
1 0.0751953125 0.787109375 0.03125 0.0498046875
0 0.5400390625 0.3779296875 0.0361328125 0.0283203125
1 0.1640625 0.783203125 0.03125 0.0595703125
1 0.4111328125 0.6181640625 0.03125 0.0546875
1 0.10546875 0.4853515625 0.029296875 0.033203125
0 0.474609375 0.4912109375 0.072265625 0.0673828125
0 0.546875 0.41015625 0.046875 0.0517578125
1 0.0849609375 0.7216796875 0.0234375 0.0595703125
1 0.4423828125 0.4130859375 0.0283203125 0.0361328125
1 0.189453125 0.8330078125 0.0361328125 0.046875
1 0.9248046875 0.611328125 0.046875 0.041015625
0 0.2626953125 0.4033203125 0.0498046875 0.03125
1 0.0244140625 0.478515625 0.0263671875 0.0361328125
1 0.189453125 0.453125 0.015625 0.021484375
0 0.51171875 0.3408203125 0.0263671875 0.021484375
1 0.4521484375 0.3701171875 0.0205078125 0.025390625
1 0.0595703125 0.4814453125 0.021484375 0.037109375
1 0.8974609375 0.583984375 0.0419921875 0.0517578125
1 0.6396484375 0.439453125 0.0419921875 0.033203125
0 0.1318359375 0.4072265625 0.064453125 0.044921875
1 0.4326171875 0.517578125 0.021484375 0.041015625
0 0.3046875 0.435546875 0.0439453125 0.0419921875
1 0.2373046875 0.44921875 0.021484375 0.0263671875
1 0.09765625 0.732421875 0.123046875 0.123046875
1 0.4375 0.3671875 0.0126953125 0.021484375
1 0.0244140625 0.5625 0.0234375 0.0498046875
1 0.974609375 0.6337890625 0.029296875 0.0576171875
1 0.2626953125 0.443359375 0.037109375 0.033203125
1 0.896484375 0.548828125 0.03125 0.0361328125
1 0.1943359375 0.3857421875 0.013671875 0.021484375
1 0.8212890625 0.537109375 0.0263671875 0.0341796875
0 0.2314453125 0.3359375 0.025390625 0.0185546875
1 0.935546875 0.654296875 0.0234375 0.037109375
1 0.5849609375 0.400390625 0.0263671875 0.0498046875
1 0.69140625 0.521484375 0.0205078125 0.0283203125