0 0.32421875 0.798828125 0.1484375 0.1767578125
0 0.693359375 0.6708984375 0.1533203125 0.173828125
1 0.693359375 0.5458984375 0.046875 0.0517578125
0 0.21875 0.619140625 0.09375 0.103515625
0 0.3154296875 0.6494140625 0.0908203125 0.107421875
1 0.5732421875 0.4384765625 0.021484375 0.033203125
1 0.5625 0.3916015625 0.015625 0.0234375
1 0.521484375 0.576171875 0.0283203125 0.046875
1 0.595703125 0.5419921875 0.0283203125 0.0439453125
1 0.544921875 0.5517578125 0.025390625 0.041015625
1 0.421875 0.712890625 0.037109375 0.060546875
1 0.525390625 0.490234375 0.0205078125 0.037109375
1 0.9482421875 0.689453125 0.0751953125 0.078125
1 0.1083984375 0.7236328125 0.0390625 0.083984375
1 0.8212890625 0.580078125 0.0830078125 0.0830078125
0 0.240234375 0.51171875 0.0654296875 0.080078125
1 0.15234375 0.5751953125 0.0263671875 0.0498046875
1 0.591796875 0.396484375 0.017578125 0.0234375
1 0.0966796875 0.5341796875 0.0283203125 0.046875
0 0.4794921875 0.3603515625 0.0341796875 0.0361328125
1 0.1611328125 0.521484375 0.0341796875 0.048828125
0 0.328125 0.490234375 0.068359375 0.0595703125
1 0.892578125 0.6416015625 0.078125 0.076171875
1 0.57421875 0.716796875 0.0361328125 0.068359375
1 0.1103515625 0.630859375 0.029296875 0.048828125
1 0.115234375 0.521484375 0.0205078125 0.0341796875
1 0.642578125 0.4560546875 0.017578125 0.0283203125
1 0.1806640625 0.49609375 0.0234375 0.033203125
1 0.4306640625 0.4130859375 0.013671875 0.029296875
1 0.0703125 0.482421875 0.037109375 0.0361328125
0 0.3212890625 0.548828125 0.0703125 0.076171875
1 0.90625 0.5380859375 0.0498046875 0.0419921875
1 0.1630859375 0.7412109375 0.0390625 0.064453125
1 0.5185546875 0.458984375 0.0283203125 0.0419921875
1 0.486328125 0.490234375 0.017578125 0.0439453125
1 0.470703125 0.4326171875 0.013671875 0.025390625
1 0.177734375 0.419921875 0.0283203125 0.0341796875
1 0.5078125 0.365234375 0.0185546875 0.0283203125
0 0.5322265625 0.35546875 0.033203125 0.0361328125
1 0.375 0.37109375 0.015625 0.0234375
1 0.142578125 0.4873046875 0.03125 0.037109375
1 0.7314453125 0.5419921875 0.041015625 0.0439453125
1 0.3955078125 0.3701171875 0.015625 0.025390625
0 0.25390625 0.396484375 0.0517578125 0.0546875
1 0.154296875 0.423828125 0.021484375 0.025390625
1 0.1083984375 0.423828125 0.017578125 0.0283203125
0 0.5224609375 0.330078125 0.0390625 0.0283203125
0 0.0810546875 0.3955078125 0.052734375 0.037109375
1 0.474609375 0.53125 0.021484375 0.03125
1 0.421875 0.5830078125 0.0283203125 0.0439453125
1 0.216796875 0.412109375 0.03125 0.0361328125
1 0.490234375 0.4306640625 0.013671875 0.0263671875
1 0.962890625 0.5234375 0.0439453125 0.0283203125
1 0.43359375 0.3701171875 0.013671875 0.0283203125
1 0.0341796875 0.572265625 0.041015625 0.0625
1 0.435546875 0.4716796875 0.015625 0.021484375
1 0.8916015625 0.384765625 0.017578125 0.0263671875
1 0.8974609375 0.5869140625 0.0517578125 0.0576171875
1 0.107421875 0.48828125 0.0341796875 0.0361328125
1 0.677734375 0.4365234375 0.015625 0.029296875
1 0.865234375 0.5087890625 0.021484375 0.0361328125