0 0.1923828125 0.7509765625 0.125 0.1669921875
0 0.5107421875 0.4150390625 0.0498046875 0.0517578125
0 0.646484375 0.73828125 0.150390625 0.1669921875
0 0.6533203125 0.62109375 0.1123046875 0.111328125
0 0.3388671875 0.724609375 0.0966796875 0.115234375
1 0.3701171875 0.509765625 0.0341796875 0.044921875
0 0.5263671875 0.583984375 0.09375 0.1123046875
0 0.48828125 0.361328125 0.0361328125 0.033203125
1 0.724609375 0.583984375 0.080078125 0.072265625
1 0.5869140625 0.5458984375 0.033203125 0.044921875
1 0.423828125 0.7119140625 0.029296875 0.0517578125
1 0.07421875 0.7587890625 0.0361328125 0.0732421875
0 0.541015625 0.341796875 0.03125 0.021484375
1 0.826171875 0.5908203125 0.0576171875 0.0498046875
0 0.5087890625 0.3330078125 0.029296875 0.0283203125
0 0.9521484375 0.5205078125 0.0673828125 0.0595703125
1 0.8154296875 0.654296875 0.087890625 0.0732421875
1 0.958984375 0.650390625 0.056640625 0.0654296875
1 0.8759765625 0.666015625 0.060546875 0.0703125
1 0.3916015625 0.4697265625 0.033203125 0.029296875
1 0.787109375 0.578125 0.0419921875 0.0439453125
0 0.9482421875 0.58203125 0.0751953125 0.064453125
1 0.283203125 0.5166015625 0.021484375 0.033203125
1 0.0302734375 0.5693359375 0.029296875 0.0361328125
1 0.6806640625 0.466796875 0.0263671875 0.041015625
1 0.703125 0.52734375 0.021484375 0.029296875
0 0.896484375 0.845703125 0.169921875 0.087890625
1 0.4228515625 0.4677734375 0.033203125 0.0419921875
1 0.0751953125 0.4765625 0.052734375 0.041015625
1 0.548828125 0.37109375 0.017578125 0.029296875
0 0.5146484375 0.4619140625 0.0517578125 0.060546875
0 0.453125 0.46875 0.037109375 0.046875
1 0.5576171875 0.4990234375 0.0625 0.060546875
1 0.595703125 0.4248046875 0.0341796875 0.037109375
0 0.353515625 0.3203125 0.0341796875 0.0185546875
1 0.84765625 0.548828125 0.0419921875 0.0341796875
1 0.224609375 0.6083984375 0.0654296875 0.0419921875
1 0.65625 0.529296875 0.021484375 0.037109375
1 0.6005859375 0.505859375 0.029296875 0.0361328125
1 0.173828125 0.6201171875 0.044921875 0.0498046875
1 0.4345703125 0.4384765625 0.025390625 0.029296875
1 0.0322265625 0.4814453125 0.0419921875 0.046875
1 0.03515625 0.861328125 0.0419921875 0.056640625
1 0.62890625 0.544921875 0.033203125 0.0361328125
1 0.5478515625 0.4169921875 0.0263671875 0.046875
1 0.8896484375 0.58984375 0.0390625 0.044921875
1 0.634765625 0.4501953125 0.0126953125 0.021484375
1 0.4453125 0.357421875 0.025390625 0.029296875
0 0.7841796875 0.4873046875 0.1376953125 0.0751953125
1 0.087890625 0.587890625 0.0205078125 0.056640625
1 0.654296875 0.529296875 0.1298828125 0.107421875
1 0.2841796875 0.4873046875 0.015625 0.03125
1 0.4716796875 0.443359375 0.015625 0.021484375
0 0.1953125 0.876953125 0.09375 0.0263671875