0 0.193359375 0.7490234375 0.126953125 0.1640625
0 0.337890625 0.7275390625 0.1015625 0.1201171875
0 0.5107421875 0.423828125 0.0498046875 0.0625
1 0.568359375 0.490234375 0.048828125 0.044921875
1 0.6201171875 0.580078125 0.041015625 0.0576171875
1 0.6572265625 0.68359375 0.044921875 0.0673828125
0 0.6162109375 0.7705078125 0.1484375 0.1904296875
0 0.5400390625 0.3486328125 0.0419921875 0.0341796875
1 0.60546875 0.4931640625 0.0234375 0.0419921875
0 0.486328125 0.3623046875 0.044921875 0.0341796875
1 0.5791015625 0.6005859375 0.0390625 0.044921875
1 0.501953125 0.611328125 0.041015625 0.068359375
1 0.744140625 0.80078125 0.064453125 0.1142578125
1 0.5419921875 0.56640625 0.0341796875 0.048828125
1 0.63671875 0.501953125 0.0234375 0.044921875
1 0.7841796875 0.642578125 0.0810546875 0.068359375
1 0.4970703125 0.5625 0.0341796875 0.046875
1 0.8662109375 0.845703125 0.0732421875 0.083984375
0 0.8046875 0.568359375 0.193359375 0.0830078125
1 0.705078125 0.626953125 0.0595703125 0.060546875
1 0.4150390625 0.798828125 0.044921875 0.060546875
1 0.40234375 0.4892578125 0.0546875 0.046875
1 0.564453125 0.4482421875 0.029296875 0.03125
1 0.54296875 0.423828125 0.0205078125 0.029296875
1 0.4296875 0.6748046875 0.041015625 0.0625
1 0.107421875 0.560546875 0.025390625 0.041015625
1 0.54296875 0.677734375 0.0517578125 0.0517578125
1 0.470703125 0.4814453125 0.0361328125 0.0439453125
1 0.0810546875 0.6640625 0.0341796875 0.041015625
1 0.0693359375 0.48046875 0.044921875 0.0390625
1 0.84765625 0.4970703125 0.0576171875 0.0439453125
1 0.384765625 0.45703125 0.03125 0.029296875
0 0.505859375 0.333984375 0.0390625 0.03125
1 0.580078125 0.6494140625 0.048828125 0.0732421875
1 0.080078125 0.7529296875 0.046875 0.0810546875
1 0.3701171875 0.591796875 0.046875 0.044921875
1 0.0234375 0.5634765625 0.021484375 0.0419921875
1 0.2666015625 0.4345703125 0.0263671875 0.0283203125
1 0.306640625 0.849609375 0.041015625 0.056640625
1 0.89453125 0.3798828125 0.0234375 0.03125
1 0.96875 0.6142578125 0.037109375 0.046875
1 0.6953125 0.46875 0.03125 0.0283203125
1 0.412109375 0.603515625 0.041015625 0.0751953125
1 0.5078125 0.521484375 0.0283203125 0.037109375
1 0.8876953125 0.623046875 0.056640625 0.052734375
1 0.8134765625 0.509765625 0.0263671875 0.0263671875
1 0.955078125 0.5458984375 0.0576171875 0.0419921875
1 0.6435546875 0.470703125 0.0185546875 0.025390625
1 0.455078125 0.3662109375 0.0234375 0.029296875
1 0.6669921875 0.513671875 0.0283203125 0.046875
1 0.21875 0.35546875 0.0126953125 0.017578125
1 0.134765625 0.8662109375 0.056640625 0.044921875
1 0.798828125 0.482421875 0.0283203125 0.03125
1 0.1083984375 0.484375 0.033203125 0.0341796875
1 0.896484375 0.5556640625 0.0341796875 0.0390625
1 0.576171875 0.3701171875 0.0234375 0.0341796875
1 0.919921875 0.505859375 0.021484375 0.0390625
1 0.7861328125 0.5927734375 0.0341796875 0.0517578125
1 0.955078125 0.517578125 0.0185546875 0.025390625
1 0.1787109375 0.341796875 0.029296875 0.021484375
1 0.041015625 0.556640625 0.015625 0.0283203125
1 0.40234375 0.3857421875 0.033203125 0.03125
1 0.037109375 0.470703125 0.03125 0.0361328125
1 0.5732421875 0.5517578125 0.1904296875 0.2001953125
0 0.318359375 0.400390625 0.0966796875 0.0439453125
1 0.16796875 0.421875 0.060546875 0.0283203125
0 0.185546875 0.3232421875 0.0390625 0.025390625
1 0.1298828125 0.396484375 0.0185546875 0.03125
1 0.3427734375 0.603515625 0.029296875 0.033203125
1 0.025390625 0.373046875 0.0126953125 0.025390625
1 0.033203125 0.8212890625 0.044921875 0.1201171875
1 0.1337890625 0.791015625 0.033203125 0.064453125
1 0.583984375 0.3955078125 0.0107421875 0.0283203125