0 0.193359375 0.7490234375 0.123046875 0.1640625
0 0.5126953125 0.4208984375 0.046875 0.0517578125
0 0.337890625 0.728515625 0.099609375 0.1201171875
1 0.251953125 0.4697265625 0.0341796875 0.0390625
0 0.486328125 0.361328125 0.0390625 0.033203125
1 0.408203125 0.80859375 0.048828125 0.0546875
1 0.115234375 0.5751953125 0.0341796875 0.052734375
1 0.16796875 0.591796875 0.033203125 0.0576171875
0 0.537109375 0.3544921875 0.041015625 0.0439453125
1 0.3056640625 0.85546875 0.0419921875 0.064453125
1 0.478515625 0.4599609375 0.0361328125 0.0361328125
0 0.193359375 0.4248046875 0.064453125 0.041015625
1 0.06640625 0.533203125 0.0263671875 0.0439453125
1 0.548828125 0.494140625 0.0283203125 0.046875
1 0.564453125 0.451171875 0.0205078125 0.033203125
1 0.0791015625 0.7568359375 0.0517578125 0.076171875
0 0.509765625 0.333984375 0.029296875 0.029296875
1 0.3857421875 0.3994140625 0.015625 0.0234375
1 0.59375 0.484375 0.021484375 0.037109375
1 0.458984375 0.7822265625 0.0390625 0.060546875
1 0.40625 0.384765625 0.015625 0.0234375
1 0.548828125 0.44140625 0.0205078125 0.033203125
0 0.4501953125 0.505859375 0.1435546875 0.072265625
1 0.6474609375 0.4853515625 0.0205078125 0.0390625
1 0.611328125 0.5029296875 0.0341796875 0.0341796875
1 0.51171875 0.3671875 0.0205078125 0.025390625
1 0.57421875 0.396484375 0.017578125 0.0283203125
1 0.060546875 0.4775390625 0.0283203125 0.033203125
1 0.56640625 0.3759765625 0.0234375 0.0263671875
1 0.63671875 0.455078125 0.029296875 0.029296875
1 0.427734375 0.6806640625 0.048828125 0.0517578125
1 0.4189453125 0.7373046875 0.0439453125 0.0498046875
1 0.5126953125 0.5576171875 0.068359375 0.056640625
1 0.021484375 0.5673828125 0.0185546875 0.052734375
1 0.0283203125 0.7822265625 0.037109375 0.080078125
1 0.0390625 0.5576171875 0.0185546875 0.041015625
1 0.564453125 0.423828125 0.017578125 0.029296875
1 0.4658203125 0.423828125 0.0185546875 0.0283203125
1 0.373046875 0.361328125 0.0234375 0.029296875
1 0.455078125 0.3603515625 0.021484375 0.0263671875
1 0.20703125 0.357421875 0.017578125 0.017578125
1 0.58984375 0.3779296875 0.013671875 0.021484375
1 0.2509765625 0.341796875 0.013671875 0.017578125
0 0.185546875 0.3251953125 0.0390625 0.025390625
1 0.1669921875 0.365234375 0.015625 0.015625
1 0.2490234375 0.443359375 0.0234375 0.025390625
1 0.021484375 0.458984375 0.0205078125 0.0263671875
1 0.236328125 0.357421875 0.015625 0.021484375
1 0.025390625 0.373046875 0.0126953125 0.0205078125
1 0.251953125 0.384765625 0.03125 0.033203125
0 0.193359375 0.875 0.1015625 0.0283203125
0 0.037109375 0.5166015625 0.056640625 0.091796875
1 0.9775390625 0.6201171875 0.013671875 0.037109375
1 0.5478515625 0.416015625 0.013671875 0.0205078125
1 0.28515625 0.36328125 0.013671875 0.0205078125