0 0.1533203125 0.591796875 0.072265625 0.0830078125
0 0.587890625 0.6279296875 0.115234375 0.1376953125
0 0.69921875 0.80859375 0.1796875 0.158203125
1 0.306640625 0.6259765625 0.0283203125 0.0517578125
1 0.65234375 0.5947265625 0.033203125 0.0517578125
0 0.3603515625 0.8212890625 0.1328125 0.1328125
1 0.8173828125 0.5859375 0.068359375 0.072265625
1 0.8623046875 0.771484375 0.072265625 0.080078125
1 0.689453125 0.54296875 0.048828125 0.048828125
1 0.783203125 0.7919921875 0.0390625 0.056640625
0 0.5908203125 0.462890625 0.0625 0.076171875
1 0.76953125 0.68359375 0.0390625 0.048828125
0 0.494140625 0.50390625 0.0703125 0.0888671875
1 0.5859375 0.521484375 0.0283203125 0.046875
1 0.8759765625 0.6650390625 0.076171875 0.080078125
1 0.9404296875 0.6845703125 0.083984375 0.0908203125
0 0.4755859375 0.373046875 0.0361328125 0.03125
1 0.2451171875 0.568359375 0.03125 0.044921875
1 0.572265625 0.724609375 0.048828125 0.0654296875
0 0.185546875 0.701171875 0.177734375 0.1953125
0 0.189453125 0.484375 0.0625 0.0625
1 0.4990234375 0.435546875 0.0205078125 0.0263671875
1 0.5078125 0.5693359375 0.037109375 0.048828125
1 0.73046875 0.541015625 0.0419921875 0.046875
0 0.3056640625 0.462890625 0.0546875 0.0546875
1 0.505859375 0.640625 0.0361328125 0.0498046875
0 0.3623046875 0.51953125 0.0810546875 0.1357421875
1 0.029296875 0.58984375 0.0361328125 0.064453125
1 0.541015625 0.4306640625 0.017578125 0.033203125
0 0.275390625 0.427734375 0.0576171875 0.0419921875
1 0.4814453125 0.447265625 0.015625 0.029296875
0 0.197265625 0.412109375 0.044921875 0.041015625
1 0.560546875 0.419921875 0.017578125 0.0263671875
1 0.8818359375 0.861328125 0.0517578125 0.056640625
1 0.8876953125 0.591796875 0.0625 0.0595703125
1 0.111328125 0.6806640625 0.0390625 0.0732421875
0 0.4248046875 0.455078125 0.0625 0.0595703125
0 0.1748046875 0.3837890625 0.037109375 0.0361328125
1 0.142578125 0.466796875 0.0341796875 0.0390625
1 0.791015625 0.5517578125 0.0283203125 0.037109375
1 0.505859375 0.4052734375 0.0263671875 0.0390625
1 0.662109375 0.5048828125 0.0185546875 0.03125
1 0.212890625 0.4501953125 0.0185546875 0.0283203125
1 0.52734375 0.4580078125 0.0390625 0.046875
1 0.9287109375 0.611328125 0.0361328125 0.037109375
1 0.029296875 0.4794921875 0.0361328125 0.0439453125
1 0.814453125 0.5419921875 0.029296875 0.0439453125
1 0.451171875 0.3720703125 0.0185546875 0.03125
1 0.466796875 0.404296875 0.017578125 0.037109375
1 0.5419921875 0.400390625 0.015625 0.033203125
1 0.5888671875 0.4052734375 0.015625 0.033203125
1 0.037109375 0.84375 0.0341796875 0.078125
1 0.111328125 0.4267578125 0.0263671875 0.0341796875
1 0.8984375 0.5458984375 0.0341796875 0.0361328125
1 0.9541015625 0.6298828125 0.0361328125 0.046875
0 0.228515625 0.349609375 0.03125 0.0234375
0 0.1865234375 0.35546875 0.029296875 0.0234375
1 0.7783203125 0.728515625 0.03125 0.0498046875
1 0.576171875 0.6748046875 0.0234375 0.0341796875
1 0.455078125 0.5048828125 0.0205078125 0.046875
0 0.3515625 0.322265625 0.03125 0.0185546875
1 0.216796875 0.806640625 0.0546875 0.0625
1 0.158203125 0.3955078125 0.0126953125 0.025390625
1 0.580078125 0.376953125 0.0185546875 0.0263671875
1 0.8974609375 0.7265625 0.033203125 0.078125