0 0.1923828125 0.75 0.125 0.162109375
0 0.509765625 0.4091796875 0.048828125 0.052734375
0 0.59765625 0.669921875 0.126953125 0.1435546875
0 0.8466796875 0.7978515625 0.234375 0.173828125
0 0.3388671875 0.724609375 0.099609375 0.115234375
0 0.48828125 0.361328125 0.0361328125 0.03125
0 0.939453125 0.517578125 0.091796875 0.064453125
1 0.072265625 0.7646484375 0.0390625 0.0703125
1 0.423828125 0.728515625 0.0361328125 0.0908203125
0 0.5126953125 0.5634765625 0.083984375 0.1015625
1 0.705078125 0.591796875 0.0419921875 0.056640625
1 0.833984375 0.662109375 0.087890625 0.0673828125
0 0.5087890625 0.33203125 0.0263671875 0.0263671875
1 0.794921875 0.5556640625 0.0498046875 0.044921875
1 0.6826171875 0.529296875 0.03125 0.0390625
1 0.732421875 0.537109375 0.029296875 0.033203125
1 0.5693359375 0.5498046875 0.044921875 0.052734375
0 0.537109375 0.3408203125 0.025390625 0.025390625
1 0.748046875 0.576171875 0.037109375 0.044921875
1 0.1337890625 0.638671875 0.0517578125 0.052734375
1 0.3349609375 0.578125 0.048828125 0.056640625
1 0.923828125 0.63671875 0.033203125 0.0546875
0 0.453125 0.4951171875 0.046875 0.0908203125
1 0.6201171875 0.5205078125 0.056640625 0.0498046875
0 0.9560546875 0.591796875 0.0595703125 0.0859375
1 0.458984375 0.4130859375 0.0185546875 0.033203125
1 0.5517578125 0.416015625 0.03125 0.0439453125
1 0.5107421875 0.482421875 0.021484375 0.029296875
1 0.400390625 0.484375 0.0263671875 0.052734375
1 0.53515625 0.373046875 0.0263671875 0.037109375
1 0.8427734375 0.5771484375 0.0390625 0.0390625
1 0.0244140625 0.5634765625 0.0234375 0.0517578125
1 0.0458984375 0.552734375 0.033203125 0.03125
1 0.529296875 0.451171875 0.0205078125 0.0390625
1 0.4755859375 0.443359375 0.017578125 0.029296875
1 0.8115234375 0.603515625 0.0673828125 0.0498046875
1 0.6572265625 0.4619140625 0.0205078125 0.033203125
1 0.4521484375 0.361328125 0.0234375 0.0283203125
1 0.908203125 0.591796875 0.0419921875 0.041015625
0 0.083984375 0.470703125 0.0751953125 0.052734375
1 0.5595703125 0.494140625 0.021484375 0.0341796875
1 0.587890625 0.416015625 0.029296875 0.0439453125
0 0.3525390625 0.4619140625 0.0361328125 0.0546875
1 0.892578125 0.638671875 0.037109375 0.0625