0 0.36328125 0.5927734375 0.080078125 0.0986328125
1 0.5947265625 0.5107421875 0.029296875 0.0439453125
1 0.6201171875 0.533203125 0.0283203125 0.052734375
0 0.1474609375 0.431640625 0.0419921875 0.0439453125
0 0.744140625 0.677734375 0.166015625 0.1640625
1 0.56640625 0.5458984375 0.0263671875 0.048828125
1 0.6806640625 0.5498046875 0.064453125 0.0625
1 0.8203125 0.583984375 0.078125 0.076171875
0 0.638671875 0.7978515625 0.1669921875 0.1796875
0 0.498046875 0.572265625 0.09375 0.115234375
0 0.52734375 0.4609375 0.064453125 0.0810546875
1 0.3037109375 0.650390625 0.0419921875 0.0810546875
0 0.197265625 0.595703125 0.0908203125 0.123046875
1 0.619140625 0.662109375 0.0419921875 0.080078125
1 0.49609375 0.416015625 0.013671875 0.0234375
0 0.5634765625 0.396484375 0.0390625 0.068359375
1 0.890625 0.6455078125 0.068359375 0.0751953125
0 0.0927734375 0.3935546875 0.0517578125 0.03125
1 0.2294921875 0.7158203125 0.03125 0.0498046875
1 0.943359375 0.6826171875 0.0830078125 0.09375
0 0.341796875 0.4921875 0.0654296875 0.0595703125
0 0.4658203125 0.486328125 0.0625 0.072265625
0 0.2373046875 0.46875 0.0625 0.0654296875
1 0.732421875 0.5380859375 0.0361328125 0.0419921875
1 0.087890625 0.751953125 0.0517578125 0.0673828125
1 0.591796875 0.4326171875 0.015625 0.03125
1 0.6123046875 0.6025390625 0.046875 0.060546875
1 0.1767578125 0.384765625 0.025390625 0.0263671875
1 0.529296875 0.38671875 0.015625 0.0234375
1 0.5908203125 0.462890625 0.0185546875 0.0283203125
1 0.6357421875 0.439453125 0.037109375 0.033203125
1 0.4384765625 0.365234375 0.017578125 0.021484375
1 0.146484375 0.5029296875 0.015625 0.025390625
1 0.1806640625 0.498046875 0.0263671875 0.044921875
1 0.927734375 0.6123046875 0.037109375 0.041015625
1 0.8955078125 0.5869140625 0.041015625 0.0546875
0 0.2978515625 0.4091796875 0.064453125 0.0751953125
1 0.1484375 0.4716796875 0.0185546875 0.0283203125
1 0.5380859375 0.607421875 0.0205078125 0.0498046875
1 0.2529296875 0.4052734375 0.0283203125 0.0263671875
1 0.130859375 0.53125 0.0263671875 0.041015625
1 0.251953125 0.865234375 0.044921875 0.0517578125
0 0.1806640625 0.365234375 0.0234375 0.0234375
0 0.216796875 0.361328125 0.0341796875 0.029296875
1 0.060546875 0.48046875 0.0234375 0.0361328125
1 0.623046875 0.48828125 0.0234375 0.0390625
1 0.0263671875 0.560546875 0.0283203125 0.0419921875
1 0.431640625 0.4501953125 0.017578125 0.03125
1 0.0869140625 0.697265625 0.0361328125 0.0390625
1 0.443359375 0.416015625 0.021484375 0.0361328125
0 0.525390625 0.353515625 0.0439453125 0.0341796875
1 0.1337890625 0.74609375 0.0361328125 0.0703125
1 0.974609375 0.6328125 0.0283203125 0.0654296875
1 0.4990234375 0.447265625 0.017578125 0.0419921875
1 0.453125 0.3720703125 0.0185546875 0.0283203125
0 0.404296875 0.423828125 0.021484375 0.0341796875
1 0.9052734375 0.544921875 0.0205078125 0.0283203125