0 0.189453125 0.779296875 0.130859375 0.1904296875
0 0.708984375 0.6767578125 0.1611328125 0.171875
1 0.1552734375 0.490234375 0.0234375 0.0390625
0 0.509765625 0.40625 0.0419921875 0.046875
0 0.53515625 0.5966796875 0.0986328125 0.109375
0 0.490234375 0.361328125 0.0361328125 0.03125
1 0.3095703125 0.5009765625 0.025390625 0.0419921875
0 0.3388671875 0.7265625 0.099609375 0.115234375
0 0.591796875 0.544921875 0.0810546875 0.0859375
0 0.9169921875 0.5146484375 0.140625 0.0673828125
0 0.48046875 0.515625 0.0732421875 0.0810546875
1 0.68359375 0.564453125 0.0390625 0.046875
1 0.7470703125 0.5341796875 0.041015625 0.041015625
1 0.876953125 0.6630859375 0.083984375 0.0830078125
1 0.791015625 0.568359375 0.083984375 0.0859375
1 0.537109375 0.521484375 0.0361328125 0.048828125
1 0.58984375 0.439453125 0.033203125 0.041015625
1 0.646484375 0.52734375 0.0263671875 0.033203125
1 0.869140625 0.751953125 0.076171875 0.119140625
1 0.7177734375 0.580078125 0.044921875 0.0419921875
1 0.4697265625 0.423828125 0.017578125 0.033203125
1 0.4033203125 0.4931640625 0.03125 0.033203125
0 0.5087890625 0.333984375 0.033203125 0.029296875
1 0.841796875 0.556640625 0.0498046875 0.0498046875
0 0.5380859375 0.3427734375 0.029296875 0.0263671875
1 0.5576171875 0.4931640625 0.021484375 0.0361328125
1 0.630859375 0.4931640625 0.0341796875 0.0390625
1 0.791015625 0.677734375 0.056640625 0.087890625
1 0.0302734375 0.560546875 0.0361328125 0.044921875
1 0.9775390625 0.646484375 0.0205078125 0.0673828125
1 0.892578125 0.57421875 0.03125 0.0419921875
1 0.7109375 0.826171875 0.0625 0.076171875
1 0.7451171875 0.6142578125 0.0341796875 0.037109375
1 0.4951171875 0.4306640625 0.015625 0.029296875
0 0.935546875 0.5927734375 0.099609375 0.107421875
1 0.0576171875 0.4775390625 0.025390625 0.0390625
1 0.11328125 0.654296875 0.0703125 0.048828125
1 0.59765625 0.494140625 0.0263671875 0.029296875
1 0.4541015625 0.361328125 0.0205078125 0.025390625
1 0.0625 0.7841796875 0.041015625 0.068359375
1 0.5478515625 0.419921875 0.0205078125 0.033203125
1 0.419921875 0.4248046875 0.0185546875 0.0341796875
1 0.107421875 0.4814453125 0.0341796875 0.0341796875
1 0.5302734375 0.369140625 0.0205078125 0.0283203125
1 0.43359375 0.47265625 0.0263671875 0.0390625
1 0.58984375 0.400390625 0.0234375 0.029296875
1 0.244140625 0.3486328125 0.021484375 0.021484375
1 0.923828125 0.6435546875 0.03125 0.0595703125
1 0.482421875 0.744140625 0.041015625 0.1044921875
1 0.533203125 0.48828125 0.021484375 0.0361328125
1 0.455078125 0.4140625 0.015625 0.0341796875
1 0.3984375 0.849609375 0.041015625 0.0439453125
1 0.1279296875 0.8408203125 0.046875 0.0908203125
1 0.7822265625 0.625 0.029296875 0.046875
1 0.546875 0.451171875 0.015625 0.021484375
0 0.7021484375 0.474609375 0.060546875 0.0390625
1 0.3828125 0.4384765625 0.015625 0.0205078125
1 0.138671875 0.720703125 0.017578125 0.021484375
1 0.427734375 0.6962890625 0.041015625 0.0859375
1 0.56640625 0.37109375 0.013671875 0.0263671875
1 0.4677734375 0.6787109375 0.0263671875 0.0703125
1 0.0224609375 0.3740234375 0.0205078125 0.0234375
1 0.798828125 0.52734375 0.021484375 0.029296875
1 0.205078125 0.34765625 0.0361328125 0.0263671875
1 0.328125 0.359375 0.0185546875 0.021484375