0 0.193359375 0.748046875 0.123046875 0.162109375
0 0.509765625 0.4267578125 0.0595703125 0.0625
0 0.337890625 0.7275390625 0.0986328125 0.1201171875
1 0.310546875 0.4716796875 0.0263671875 0.0498046875
1 0.130859375 0.5546875 0.0263671875 0.052734375
0 0.5400390625 0.353515625 0.044921875 0.046875
1 0.2548828125 0.4541015625 0.025390625 0.0263671875
1 0.564453125 0.3759765625 0.025390625 0.029296875
1 0.6103515625 0.4990234375 0.029296875 0.0390625
1 0.6357421875 0.5029296875 0.025390625 0.041015625
0 0.4873046875 0.3525390625 0.072265625 0.0546875
0 0.4404296875 0.4921875 0.1220703125 0.0625
1 0.1396484375 0.4345703125 0.0234375 0.037109375
1 0.521484375 0.564453125 0.0576171875 0.064453125
1 0.306640625 0.8330078125 0.046875 0.087890625
1 0.203125 0.4697265625 0.0341796875 0.0419921875
1 0.5908203125 0.3955078125 0.0185546875 0.03125
1 0.076171875 0.7412109375 0.046875 0.0859375
1 0.064453125 0.671875 0.0595703125 0.0595703125
1 0.45703125 0.779296875 0.0361328125 0.064453125
1 0.068359375 0.53515625 0.0263671875 0.0419921875
1 0.5546875 0.470703125 0.021484375 0.037109375
1 0.416015625 0.791015625 0.0546875 0.083984375
1 0.646484375 0.4697265625 0.0205078125 0.029296875
1 0.087890625 0.4140625 0.025390625 0.021484375
1 0.6640625 0.509765625 0.021484375 0.03125
1 0.166015625 0.470703125 0.021484375 0.033203125
1 0.0703125 0.4814453125 0.037109375 0.0341796875
1 0.74609375 0.583984375 0.044921875 0.0419921875
1 0.5810546875 0.462890625 0.0185546875 0.0283203125
1 0.515625 0.466796875 0.03125 0.041015625
1 0.466796875 0.4443359375 0.025390625 0.033203125
1 0.1650390625 0.4111328125 0.0205078125 0.0283203125
1 0.427734375 0.6787109375 0.0361328125 0.0419921875
0 0.9677734375 0.5908203125 0.0390625 0.0625
1 0.1796875 0.427734375 0.03125 0.0185546875
1 0.783203125 0.583984375 0.041015625 0.0390625
1 0.634765625 0.4462890625 0.037109375 0.029296875
1 0.208984375 0.4208984375 0.017578125 0.0205078125
1 0.576171875 0.5068359375 0.0361328125 0.0390625
1 0.2109375 0.4423828125 0.0185546875 0.0283203125
0 0.2333984375 0.3623046875 0.0576171875 0.0283203125
1 0.1630859375 0.376953125 0.013671875 0.0234375
1 0.533203125 0.525390625 0.03125 0.033203125
1 0.8466796875 0.662109375 0.037109375 0.0361328125
0 0.109375 0.3994140625 0.056640625 0.029296875
1 0.3408203125 0.3408203125 0.0126953125 0.021484375
1 0.732421875 0.4541015625 0.015625 0.0390625
0 0.1962890625 0.875 0.0888671875 0.0283203125
1 0.5498046875 0.4423828125 0.015625 0.025390625
1 0.587890625 0.3603515625 0.0126953125 0.0234375
1 0.4638671875 0.4248046875 0.0126953125 0.021484375
1 0.681640625 0.439453125 0.021484375 0.033203125
1 0.21875 0.3291015625 0.015625 0.0205078125
1 0.1845703125 0.3251953125 0.0341796875 0.025390625
1 0.03125 0.58203125 0.0283203125 0.0830078125
1 0.041015625 0.4658203125 0.03125 0.0341796875
0 0.048828125 0.337890625 0.060546875 0.03125
1 0.0361328125 0.375 0.0126953125 0.021484375