0 0.19140625 0.7490234375 0.123046875 0.1640625
0 0.5107421875 0.423828125 0.0498046875 0.0546875
0 0.337890625 0.7275390625 0.0986328125 0.1201171875
0 0.5380859375 0.353515625 0.0419921875 0.044921875
1 0.3076171875 0.8486328125 0.046875 0.078125
1 0.705078125 0.609375 0.029296875 0.052734375
1 0.4130859375 0.8115234375 0.0390625 0.048828125
1 0.0673828125 0.5380859375 0.0283203125 0.048828125
0 0.490234375 0.359375 0.041015625 0.0341796875
1 0.375 0.4951171875 0.037109375 0.0498046875
1 0.513671875 0.4716796875 0.0341796875 0.046875
1 0.0771484375 0.740234375 0.0546875 0.107421875
1 0.5390625 0.478515625 0.025390625 0.041015625
1 0.6083984375 0.4912109375 0.0390625 0.048828125
1 0.646484375 0.490234375 0.0205078125 0.0361328125
0 0.5107421875 0.333984375 0.03125 0.0283203125
1 0.55859375 0.521484375 0.0263671875 0.044921875
1 0.298828125 0.5029296875 0.041015625 0.0498046875
0 0.248046875 0.4462890625 0.0810546875 0.0546875
1 0.458984375 0.783203125 0.0361328125 0.0546875
1 0.333984375 0.455078125 0.033203125 0.033203125
1 0.107421875 0.4052734375 0.029296875 0.0263671875
1 0.552734375 0.447265625 0.0234375 0.033203125
1 0.4677734375 0.44921875 0.0263671875 0.0390625
1 0.564453125 0.376953125 0.0263671875 0.0283203125
1 0.49609375 0.453125 0.017578125 0.03125
0 0.0478515625 0.380859375 0.0517578125 0.025390625
1 0.455078125 0.37109375 0.0205078125 0.029296875
1 0.427734375 0.6669921875 0.041015625 0.041015625
1 0.466796875 0.4208984375 0.013671875 0.0263671875
1 0.421875 0.7392578125 0.046875 0.056640625
1 0.07421875 0.400390625 0.017578125 0.0263671875
1 0.546875 0.41796875 0.015625 0.0205078125
1 0.619140625 0.462890625 0.0205078125 0.03125
1 0.166015625 0.3662109375 0.0126953125 0.017578125
0 0.068359375 0.501953125 0.115234375 0.1064453125
1 0.158203125 0.41796875 0.0185546875 0.0234375
1 0.224609375 0.3701171875 0.0361328125 0.03125
1 0.58203125 0.466796875 0.0263671875 0.0361328125
1 0.458984375 0.3974609375 0.013671875 0.0263671875
1 0.02734375 0.580078125 0.029296875 0.0732421875
1 0.130859375 0.400390625 0.021484375 0.025390625
1 0.2841796875 0.3623046875 0.0185546875 0.0283203125
1 0.17578125 0.326171875 0.0205078125 0.021484375
1 0.025390625 0.3720703125 0.0126953125 0.021484375
1 0.634765625 0.44140625 0.025390625 0.033203125
1 0.0595703125 0.478515625 0.021484375 0.0361328125
1 0.384765625 0.392578125 0.021484375 0.0283203125
1 0.1083984375 0.486328125 0.0361328125 0.0341796875
1 0.328125 0.3564453125 0.021484375 0.0283203125
1 0.255859375 0.384765625 0.0263671875 0.0390625
0 0.1845703125 0.876953125 0.140625 0.0283203125
1 0.5498046875 0.4736328125 0.171875 0.1279296875
1 0.0712890625 0.33984375 0.013671875 0.013671875