0 0.3193359375 0.7998046875 0.1484375 0.1748046875
0 0.2412109375 0.5126953125 0.064453125 0.0810546875
1 0.6533203125 0.603515625 0.0439453125 0.046875
0 0.3134765625 0.6494140625 0.091796875 0.107421875
0 0.5634765625 0.587890625 0.1171875 0.134765625
1 0.49609375 0.544921875 0.033203125 0.0439453125
1 0.822265625 0.580078125 0.087890625 0.0859375
1 0.705078125 0.5546875 0.0263671875 0.037109375
1 0.7294921875 0.537109375 0.0439453125 0.048828125
0 0.7490234375 0.8076171875 0.154296875 0.1591796875
1 0.75390625 0.6943359375 0.048828125 0.064453125
1 0.564453125 0.388671875 0.0185546875 0.025390625
1 0.6103515625 0.572265625 0.0234375 0.0419921875
1 0.9453125 0.685546875 0.078125 0.083984375
1 0.517578125 0.4833984375 0.029296875 0.033203125
0 0.505859375 0.34765625 0.03125 0.0390625
1 0.5361328125 0.515625 0.0283203125 0.0283203125
1 0.435546875 0.7685546875 0.0361328125 0.0595703125
1 0.51171875 0.4140625 0.0234375 0.03125
0 0.326171875 0.4912109375 0.0673828125 0.060546875
1 0.4736328125 0.484375 0.021484375 0.037109375
1 0.892578125 0.6474609375 0.0830078125 0.076171875
0 0.48046875 0.35546875 0.033203125 0.0390625
1 0.369140625 0.388671875 0.029296875 0.03125
1 0.1904296875 0.5517578125 0.037109375 0.0498046875
1 0.5927734375 0.39453125 0.0205078125 0.0263671875
1 0.486328125 0.4287109375 0.033203125 0.0361328125
1 0.0595703125 0.482421875 0.03125 0.033203125
1 0.4140625 0.412109375 0.015625 0.0341796875
0 0.25390625 0.396484375 0.048828125 0.052734375
0 0.158203125 0.4443359375 0.0517578125 0.048828125
1 0.1640625 0.572265625 0.03125 0.0498046875
1 0.6865234375 0.4697265625 0.029296875 0.0263671875
1 0.126953125 0.619140625 0.033203125 0.044921875
1 0.216796875 0.6298828125 0.03125 0.0654296875
1 0.654296875 0.458984375 0.0263671875 0.0263671875
1 0.4189453125 0.3818359375 0.025390625 0.0263671875
1 0.21484375 0.412109375 0.033203125 0.037109375
1 0.837890625 0.8310546875 0.0751953125 0.103515625
1 0.3955078125 0.388671875 0.025390625 0.029296875
0 0.5322265625 0.3427734375 0.0263671875 0.0263671875
1 0.607421875 0.537109375 0.025390625 0.044921875
1 0.1767578125 0.5146484375 0.025390625 0.033203125
1 0.1904296875 0.4765625 0.021484375 0.03125
1 0.8935546875 0.583984375 0.041015625 0.0517578125
1 0.189453125 0.3271484375 0.0205078125 0.017578125
1 0.1328125 0.5087890625 0.0341796875 0.048828125
0 0.9482421875 0.576171875 0.078125 0.0595703125
1 0.8447265625 0.5380859375 0.0361328125 0.0390625
1 0.49609375 0.50390625 0.111328125 0.123046875
1 0.705078125 0.5224609375 0.021484375 0.0263671875
1 0.173828125 0.6279296875 0.029296875 0.056640625
1 0.0185546875 0.626953125 0.015625 0.068359375
1 0.4541015625 0.5029296875 0.0205078125 0.0439453125
1 0.9599609375 0.626953125 0.0390625 0.0546875
1 0.3564453125 0.357421875 0.03125 0.029296875
1 0.3740234375 0.466796875 0.017578125 0.033203125
1 0.705078125 0.6669921875 0.0810546875 0.083984375