0 0.3232421875 0.798828125 0.150390625 0.1767578125
1 0.5771484375 0.5107421875 0.0234375 0.052734375
1 0.5634765625 0.3916015625 0.017578125 0.0234375
0 0.666015625 0.6357421875 0.1357421875 0.1533203125
1 0.5615234375 0.43359375 0.0234375 0.033203125
0 0.216796875 0.62890625 0.0966796875 0.1044921875
1 0.529296875 0.5302734375 0.0234375 0.0419921875
1 0.6005859375 0.462890625 0.0263671875 0.03125
0 0.31640625 0.6484375 0.0888671875 0.109375
1 0.693359375 0.544921875 0.048828125 0.0517578125
1 0.5068359375 0.5419921875 0.029296875 0.0595703125
1 0.6259765625 0.455078125 0.0263671875 0.033203125
1 0.5546875 0.673828125 0.0341796875 0.0625
1 0.4267578125 0.4599609375 0.0185546875 0.0361328125
1 0.591796875 0.392578125 0.0185546875 0.0263671875
1 0.8193359375 0.5810546875 0.0830078125 0.0810546875
1 0.0986328125 0.544921875 0.025390625 0.046875
1 0.94921875 0.6904296875 0.0732421875 0.078125
1 0.1064453125 0.6396484375 0.037109375 0.064453125
1 0.423828125 0.408203125 0.013671875 0.0234375
1 0.4296875 0.7373046875 0.0341796875 0.0595703125
1 0.7314453125 0.5400390625 0.0439453125 0.044921875
1 0.1484375 0.5810546875 0.0283203125 0.056640625
1 0.5185546875 0.48046875 0.021484375 0.0361328125
1 0.1572265625 0.529296875 0.0263671875 0.044921875
0 0.328125 0.490234375 0.068359375 0.0595703125
1 0.1591796875 0.76953125 0.046875 0.064453125
1 0.1025390625 0.7646484375 0.0419921875 0.0830078125
1 0.4716796875 0.478515625 0.021484375 0.041015625
1 0.4619140625 0.4169921875 0.0107421875 0.021484375
1 0.5078125 0.3662109375 0.0185546875 0.0263671875
1 0.0380859375 0.587890625 0.0390625 0.060546875
1 0.501953125 0.453125 0.0234375 0.03125
1 0.888671875 0.646484375 0.080078125 0.080078125
1 0.7451171875 0.4833984375 0.021484375 0.0263671875
1 0.4609375 0.51171875 0.03125 0.0419921875
0 0.478515625 0.357421875 0.033203125 0.0341796875
1 0.4814453125 0.4189453125 0.0126953125 0.025390625
0 0.0947265625 0.3984375 0.048828125 0.037109375
1 0.71484375 0.49609375 0.0419921875 0.0361328125
1 0.4208984375 0.5869140625 0.029296875 0.048828125
1 0.111328125 0.423828125 0.0185546875 0.0283203125
1 0.06640625 0.482421875 0.0361328125 0.0341796875
1 0.1396484375 0.486328125 0.0263671875 0.0390625
1 0.427734375 0.3681640625 0.0126953125 0.0234375
1 0.8994140625 0.54296875 0.0390625 0.0390625
0 0.2412109375 0.4990234375 0.0673828125 0.107421875
0 0.25390625 0.396484375 0.0517578125 0.0517578125
0 0.5048828125 0.333984375 0.025390625 0.0185546875
0 0.54296875 0.333984375 0.0390625 0.0283203125
1 0.84765625 0.5 0.029296875 0.03125
1 0.37109375 0.365234375 0.017578125 0.021484375
1 0.4443359375 0.3701171875 0.0107421875 0.025390625
1 0.353515625 0.3603515625 0.0234375 0.0234375
1 0.181640625 0.4970703125 0.0341796875 0.046875
1 0.935546875 0.6103515625 0.0498046875 0.044921875
1 0.041015625 0.337890625 0.015625 0.017578125
1 0.1767578125 0.421875 0.0341796875 0.037109375
1 0.896484375 0.5859375 0.046875 0.0595703125
1 0.392578125 0.3642578125 0.013671875 0.015625
1 0.9697265625 0.5234375 0.0361328125 0.0283203125
1 0.84375 0.537109375 0.0283203125 0.0341796875
1 0.4580078125 0.3623046875 0.015625 0.0283203125
1 0.1279296875 0.419921875 0.0185546875 0.029296875
1 0.212890625 0.412109375 0.0341796875 0.0361328125
1 0.501953125 0.431640625 0.015625 0.0205078125
1 0.677734375 0.439453125 0.0185546875 0.033203125
1 0.177734375 0.322265625 0.0126953125 0.017578125
1 0.0205078125 0.51953125 0.0185546875 0.0205078125
1 0.4873046875 0.4921875 0.130859375 0.162109375
1 0.2412109375 0.357421875 0.013671875 0.0205078125
1 0.447265625 0.392578125 0.0625 0.0673828125
1 0.6181640625 0.4296875 0.0234375 0.03125