0 0.3193359375 0.798828125 0.1513671875 0.1767578125
1 0.087890625 0.7275390625 0.0390625 0.0576171875
0 0.650390625 0.66796875 0.115234375 0.158203125
1 0.5625 0.390625 0.015625 0.025390625
0 0.3154296875 0.650390625 0.09375 0.1123046875
1 0.693359375 0.55078125 0.044921875 0.0576171875
0 0.50390625 0.5224609375 0.0888671875 0.1142578125
1 0.572265625 0.5185546875 0.0283203125 0.0498046875
1 0.8251953125 0.580078125 0.0908203125 0.0908203125
1 0.396484375 0.388671875 0.015625 0.0263671875
1 0.8916015625 0.6552734375 0.080078125 0.076171875
1 0.126953125 0.5498046875 0.021484375 0.037109375
0 0.240234375 0.509765625 0.0625 0.076171875
0 0.509765625 0.3505859375 0.0341796875 0.044921875
1 0.6328125 0.55859375 0.025390625 0.048828125
1 0.18359375 0.5927734375 0.0361328125 0.060546875
1 0.4248046875 0.3876953125 0.0185546875 0.0283203125
1 0.2138671875 0.5810546875 0.0283203125 0.041015625
1 0.580078125 0.453125 0.025390625 0.03125
1 0.3740234375 0.3798828125 0.013671875 0.025390625
1 0.18359375 0.5439453125 0.0361328125 0.0498046875
1 0.6875 0.6025390625 0.03125 0.060546875
1 0.064453125 0.4765625 0.033203125 0.03125
1 0.39453125 0.509765625 0.0234375 0.0419921875
1 0.1103515625 0.48828125 0.029296875 0.029296875
0 0.3271484375 0.4921875 0.0673828125 0.0625
1 0.42578125 0.4208984375 0.017578125 0.0361328125
1 0.53125 0.478515625 0.0185546875 0.03125
1 0.712890625 0.5166015625 0.0341796875 0.033203125
1 0.9580078125 0.6962890625 0.0625 0.0732421875
1 0.587890625 0.3984375 0.0107421875 0.021484375
0 0.48046875 0.3583984375 0.0361328125 0.0390625
1 0.419921875 0.3642578125 0.0185546875 0.021484375
1 0.3583984375 0.359375 0.033203125 0.0283203125
1 0.021484375 0.646484375 0.017578125 0.0419921875
1 0.185546875 0.736328125 0.0419921875 0.056640625
1 0.2177734375 0.416015625 0.0263671875 0.03125
1 0.892578125 0.5888671875 0.046875 0.0595703125
1 0.462890625 0.4189453125 0.013671875 0.037109375
0 0.255859375 0.404296875 0.046875 0.0419921875
1 0.033203125 0.580078125 0.0419921875 0.0673828125
1 0.892578125 0.3876953125 0.0205078125 0.03125
1 0.353515625 0.3935546875 0.013671875 0.0283203125
1 0.9443359375 0.6083984375 0.0830078125 0.0703125
0 0.201171875 0.326171875 0.0517578125 0.025390625
0 0.939453125 0.5263671875 0.091796875 0.0751953125
1 0.1611328125 0.689453125 0.03125 0.076171875
1 0.44140625 0.404296875 0.017578125 0.029296875
1 0.455078125 0.361328125 0.0205078125 0.033203125
0 0.251953125 0.337890625 0.0498046875 0.041015625
1 0.6025390625 0.4169921875 0.013671875 0.0341796875
1 0.841796875 0.5390625 0.0341796875 0.037109375
1 0.021484375 0.5185546875 0.021484375 0.0185546875
1 0.349609375 0.435546875 0.021484375 0.037109375
1 0.482421875 0.4619140625 0.0185546875 0.0263671875
1 0.634765625 0.439453125 0.033203125 0.029296875
1 0.1494140625 0.392578125 0.0205078125 0.021484375
1 0.337890625 0.3515625 0.013671875 0.025390625
1 0.4541015625 0.478515625 0.0390625 0.0703125
1 0.7685546875 0.853515625 0.046875 0.068359375
0 0.3671875 0.3232421875 0.0498046875 0.021484375