0 0.193359375 0.7490234375 0.123046875 0.1611328125
0 0.5126953125 0.42578125 0.0498046875 0.0546875
0 0.337890625 0.7255859375 0.099609375 0.1171875
1 0.587890625 0.46875 0.0361328125 0.0498046875
1 0.544921875 0.7138671875 0.0419921875 0.087890625
1 0.58203125 0.650390625 0.0419921875 0.0703125
0 0.6669921875 0.7666015625 0.166015625 0.1796875
1 0.7626953125 0.712890625 0.068359375 0.0810546875
1 0.482421875 0.490234375 0.0361328125 0.0439453125
1 0.6796875 0.65234375 0.0439453125 0.064453125
1 0.431640625 0.6767578125 0.041015625 0.0625
1 0.802734375 0.642578125 0.044921875 0.0546875
1 0.5068359375 0.650390625 0.0390625 0.0595703125
0 0.494140625 0.3583984375 0.041015625 0.033203125
1 0.5478515625 0.529296875 0.0546875 0.072265625
1 0.080078125 0.755859375 0.046875 0.083984375
1 0.4140625 0.5302734375 0.0439453125 0.0517578125
1 0.474609375 0.419921875 0.029296875 0.029296875
1 0.73046875 0.634765625 0.0419921875 0.046875
1 0.5654296875 0.4169921875 0.0185546875 0.0341796875
1 0.5390625 0.404296875 0.03125 0.041015625
0 0.9287109375 0.580078125 0.1171875 0.0625
1 0.525390625 0.4853515625 0.044921875 0.0419921875
1 0.6083984375 0.548828125 0.0361328125 0.044921875
1 0.3818359375 0.4375 0.033203125 0.0341796875
1 0.62890625 0.453125 0.0361328125 0.037109375
1 0.5791015625 0.537109375 0.0234375 0.0419921875
1 0.96875 0.6328125 0.037109375 0.056640625
1 0.6005859375 0.71484375 0.0390625 0.0673828125
0 0.8857421875 0.841796875 0.171875 0.0986328125
1 0.9072265625 0.666015625 0.1015625 0.0888671875
1 0.7001953125 0.5791015625 0.072265625 0.0576171875
1 0.439453125 0.5166015625 0.0205078125 0.044921875
1 0.3046875 0.853515625 0.037109375 0.072265625
1 0.623046875 0.662109375 0.029296875 0.044921875
1 0.4140625 0.453125 0.025390625 0.03125
1 0.69140625 0.458984375 0.0263671875 0.03125
1 0.7490234375 0.5888671875 0.0390625 0.041015625
1 0.6611328125 0.4619140625 0.025390625 0.029296875
1 0.6435546875 0.611328125 0.03125 0.048828125
1 0.298828125 0.59765625 0.064453125 0.0419921875
1 0.029296875 0.806640625 0.037109375 0.078125
1 0.1982421875 0.3369140625 0.021484375 0.017578125
1 0.2294921875 0.611328125 0.03125 0.0517578125
1 0.5595703125 0.4453125 0.021484375 0.03125
1 0.548828125 0.3720703125 0.017578125 0.0283203125
1 0.0791015625 0.6298828125 0.033203125 0.0498046875
1 0.462890625 0.357421875 0.0283203125 0.0341796875
1 0.3447265625 0.591796875 0.044921875 0.056640625
1 0.7802734375 0.5576171875 0.0263671875 0.0341796875
1 0.66015625 0.533203125 0.076171875 0.0517578125
1 0.529296875 0.458984375 0.017578125 0.029296875
0 0.2392578125 0.37890625 0.0625 0.0390625
1 0.578125 0.369140625 0.0185546875 0.03125
1 0.4541015625 0.4326171875 0.013671875 0.03125
1 0.8505859375 0.6474609375 0.033203125 0.060546875
1 0.8173828125 0.578125 0.025390625 0.037109375
1 0.8251953125 0.533203125 0.0810546875 0.056640625
0 0.533203125 0.34375 0.03125 0.0283203125
1 0.18359375 0.638671875 0.0361328125 0.052734375
1 0.525390625 0.5693359375 0.0205078125 0.029296875
1 0.330078125 0.357421875 0.0185546875 0.025390625
1 0.0244140625 0.564453125 0.0234375 0.048828125
1 0.0732421875 0.337890625 0.0126953125 0.0205078125
1 0.7119140625 0.5263671875 0.0205078125 0.03125
1 0.455078125 0.462890625 0.025390625 0.033203125
1 0.408203125 0.494140625 0.0185546875 0.029296875
0 0.353515625 0.322265625 0.0341796875 0.0185546875
1 0.068359375 0.4765625 0.0439453125 0.037109375
1 0.6572265625 0.4970703125 0.0419921875 0.037109375
1 0.025390625 0.373046875 0.0126953125 0.0205078125
1 0.9638671875 0.52734375 0.046875 0.033203125