0 0.1923828125 0.7470703125 0.1220703125 0.162109375
0 0.337890625 0.7265625 0.0986328125 0.119140625
0 0.51171875 0.4208984375 0.044921875 0.0517578125
1 0.513671875 0.47265625 0.0341796875 0.048828125
1 0.30859375 0.853515625 0.0517578125 0.0654296875
0 0.490234375 0.3603515625 0.0390625 0.033203125
1 0.4111328125 0.7998046875 0.0595703125 0.0751953125
0 0.537109375 0.353515625 0.041015625 0.0419921875
1 0.1689453125 0.42578125 0.015625 0.0234375
1 0.6103515625 0.490234375 0.0419921875 0.048828125
1 0.556640625 0.447265625 0.0234375 0.033203125
1 0.068359375 0.537109375 0.025390625 0.037109375
1 0.1171875 0.6728515625 0.046875 0.060546875
0 0.0908203125 0.3876953125 0.0625 0.0283203125
1 0.4970703125 0.4482421875 0.0185546875 0.0283203125
1 0.451171875 0.373046875 0.017578125 0.0263671875
0 0.509765625 0.3330078125 0.0283203125 0.0283203125
1 0.466796875 0.447265625 0.033203125 0.044921875
1 0.4345703125 0.431640625 0.025390625 0.0419921875
1 0.0751953125 0.765625 0.0341796875 0.0595703125
1 0.5390625 0.4765625 0.025390625 0.041015625
1 0.568359375 0.3798828125 0.0185546875 0.025390625
1 0.427734375 0.650390625 0.0361328125 0.060546875
1 0.1142578125 0.4140625 0.021484375 0.0283203125
1 0.4580078125 0.78125 0.041015625 0.0625
1 0.646484375 0.486328125 0.021484375 0.0390625
1 0.0546875 0.380859375 0.0185546875 0.0185546875
1 0.42578125 0.70703125 0.0419921875 0.060546875
1 0.0595703125 0.478515625 0.021484375 0.0341796875
0 0.6513671875 0.5390625 0.134765625 0.068359375
1 0.84375 0.6357421875 0.0341796875 0.072265625
1 0.572265625 0.42578125 0.0107421875 0.0234375
1 0.041015625 0.6005859375 0.0517578125 0.048828125
1 0.8251953125 0.5703125 0.0595703125 0.0439453125
1 0.8583984375 0.5537109375 0.0234375 0.044921875
1 0.572265625 0.3984375 0.0126953125 0.025390625
1 0.025390625 0.822265625 0.029296875 0.0732421875
1 0.2041015625 0.3583984375 0.013671875 0.017578125
1 0.03125 0.3779296875 0.0341796875 0.021484375
1 0.5947265625 0.3818359375 0.0107421875 0.017578125
1 0.166015625 0.3642578125 0.0107421875 0.0185546875
1 0.0654296875 0.509765625 0.0185546875 0.033203125
1 0.62109375 0.4541015625 0.013671875 0.0234375
1 0.595703125 0.4677734375 0.015625 0.0234375
1 0.248046875 0.35546875 0.015625 0.0234375
1 0.330078125 0.357421875 0.017578125 0.021484375
0 0.197265625 0.8759765625 0.103515625 0.029296875
1 0.041015625 0.564453125 0.021484375 0.048828125
0 0.1875 0.3251953125 0.041015625 0.025390625
1 0.2275390625 0.35546875 0.0107421875 0.0205078125
1 0.546875 0.4169921875 0.015625 0.021484375
1 0.287109375 0.3515625 0.021484375 0.025390625