0 0.1923828125 0.7490234375 0.125 0.1640625
0 0.5107421875 0.423828125 0.0498046875 0.0517578125
0 0.3388671875 0.7265625 0.099609375 0.119140625
0 0.541015625 0.3525390625 0.0439453125 0.0419921875
1 0.1513671875 0.525390625 0.025390625 0.0341796875
1 0.3076171875 0.8466796875 0.0439453125 0.0654296875
0 0.720703125 0.544921875 0.15625 0.0732421875
1 0.076171875 0.759765625 0.0419921875 0.0703125
1 0.2802734375 0.455078125 0.0263671875 0.0263671875
1 0.505859375 0.4814453125 0.0234375 0.0341796875
0 0.4921875 0.359375 0.041015625 0.0341796875
0 0.111328125 0.396484375 0.0703125 0.0361328125
1 0.609375 0.4921875 0.041015625 0.046875
1 0.3681640625 0.4853515625 0.044921875 0.0419921875
1 0.068359375 0.537109375 0.0283203125 0.0419921875
1 0.298828125 0.474609375 0.0361328125 0.0341796875
1 0.580078125 0.486328125 0.025390625 0.037109375
1 0.177734375 0.4755859375 0.0185546875 0.0361328125
1 0.560546875 0.4541015625 0.0185546875 0.0263671875
1 0.2470703125 0.5107421875 0.041015625 0.0439453125
1 0.177734375 0.427734375 0.025390625 0.033203125
1 0.5390625 0.39453125 0.0185546875 0.029296875
1 0.123046875 0.423828125 0.0185546875 0.0341796875
1 0.63671875 0.51171875 0.0205078125 0.0361328125
1 0.4697265625 0.4423828125 0.017578125 0.025390625
1 0.20703125 0.4111328125 0.0234375 0.0283203125
1 0.43359375 0.677734375 0.0546875 0.1123046875
1 0.2392578125 0.462890625 0.021484375 0.029296875
1 0.5244140625 0.4765625 0.0234375 0.041015625
1 0.416015625 0.810546875 0.037109375 0.052734375
0 0.5087890625 0.3330078125 0.029296875 0.025390625
1 0.634765625 0.470703125 0.0234375 0.029296875
1 0.9326171875 0.572265625 0.0341796875 0.044921875
1 0.03125 0.580078125 0.0341796875 0.0830078125
1 0.45703125 0.78125 0.044921875 0.0595703125
1 0.6005859375 0.57421875 0.064453125 0.0517578125
1 0.5263671875 0.3935546875 0.0126953125 0.025390625
1 0.41796875 0.7353515625 0.0390625 0.044921875
1 0.2138671875 0.333984375 0.0185546875 0.0205078125
1 0.4638671875 0.408203125 0.0283203125 0.068359375
1 0.5927734375 0.466796875 0.013671875 0.021484375
1 0.615234375 0.623046875 0.060546875 0.0751953125
1 0.427734375 0.521484375 0.0419921875 0.0361328125
1 0.888671875 0.576171875 0.029296875 0.044921875
1 0.6337890625 0.44140625 0.0361328125 0.0263671875
1 0.109375 0.482421875 0.037109375 0.037109375
1 0.060546875 0.482421875 0.0234375 0.0419921875
1 0.58203125 0.365234375 0.0205078125 0.025390625
1 0.541015625 0.4775390625 0.017578125 0.0263671875
1 0.5654296875 0.431640625 0.015625 0.021484375
0 0.1923828125 0.875 0.0966796875 0.0283203125
0 0.486328125 0.3173828125 0.0390625 0.0185546875
1 0.046875 0.6923828125 0.03125 0.056640625
1 0.7490234375 0.6220703125 0.0263671875 0.068359375