0 0.3203125 0.7998046875 0.146484375 0.1748046875
0 0.6337890625 0.5986328125 0.1171875 0.134765625
1 0.564453125 0.4521484375 0.0263671875 0.033203125
1 0.5419921875 0.419921875 0.0185546875 0.0283203125
0 0.2119140625 0.6455078125 0.0986328125 0.109375
0 0.3173828125 0.6494140625 0.0908203125 0.111328125
1 0.1416015625 0.607421875 0.0263671875 0.0517578125
1 0.69140625 0.546875 0.048828125 0.052734375
1 0.53515625 0.6162109375 0.029296875 0.0546875
1 0.6005859375 0.451171875 0.0263671875 0.03125
1 0.552734375 0.4970703125 0.021484375 0.041015625
1 0.822265625 0.58203125 0.083984375 0.080078125
1 0.10546875 0.5546875 0.0361328125 0.056640625
1 0.5634765625 0.3896484375 0.017578125 0.0234375
1 0.5927734375 0.396484375 0.0205078125 0.0263671875
1 0.947265625 0.689453125 0.0751953125 0.078125
1 0.490234375 0.529296875 0.0283203125 0.0517578125
1 0.416015625 0.44140625 0.0185546875 0.033203125
1 0.4130859375 0.392578125 0.013671875 0.0205078125
1 0.4453125 0.439453125 0.021484375 0.0263671875
1 0.888671875 0.6484375 0.0830078125 0.078125
1 0.666015625 0.50390625 0.03125 0.0361328125
1 0.35546875 0.3623046875 0.0205078125 0.021484375
1 0.486328125 0.435546875 0.021484375 0.03125
0 0.3271484375 0.490234375 0.0673828125 0.0595703125
1 0.6611328125 0.46484375 0.03125 0.0361328125
0 0.478515625 0.357421875 0.033203125 0.0361328125
1 0.7060546875 0.853515625 0.037109375 0.072265625
1 0.7197265625 0.4912109375 0.0263671875 0.033203125
1 0.451171875 0.4951171875 0.0283203125 0.037109375
1 0.505859375 0.3662109375 0.0185546875 0.0263671875
1 0.419921875 0.595703125 0.0283203125 0.064453125
1 0.0634765625 0.474609375 0.0361328125 0.033203125
1 0.0986328125 0.6806640625 0.03125 0.0576171875
1 0.0400390625 0.591796875 0.0390625 0.060546875
1 0.6923828125 0.4794921875 0.0283203125 0.0341796875
1 0.1552734375 0.5390625 0.0263671875 0.041015625
0 0.240234375 0.5126953125 0.0625 0.078125
0 0.1015625 0.4013671875 0.041015625 0.0341796875
0 0.25390625 0.3955078125 0.048828125 0.056640625
1 0.4443359375 0.4091796875 0.013671875 0.021484375
0 0.505859375 0.337890625 0.0234375 0.0234375
0 0.3203125 0.548828125 0.068359375 0.080078125
1 0.7314453125 0.541015625 0.041015625 0.046875
1 0.419921875 0.3603515625 0.017578125 0.0205078125
1 0.19140625 0.4677734375 0.0205078125 0.033203125
0 0.5322265625 0.349609375 0.029296875 0.03125
1 0.5029296875 0.462890625 0.0185546875 0.029296875
1 0.37890625 0.3623046875 0.013671875 0.025390625
1 0.9169921875 0.5234375 0.0595703125 0.046875
1 0.892578125 0.5830078125 0.044921875 0.056640625
1 0.9287109375 0.611328125 0.060546875 0.0498046875
1 0.705078125 0.517578125 0.0263671875 0.021484375
1 0.9736328125 0.5185546875 0.025390625 0.03125
1 0.1064453125 0.4873046875 0.0283203125 0.0341796875
1 0.1923828125 0.419921875 0.046875 0.0419921875
1 0.5625 0.76171875 0.0341796875 0.076171875
1 0.1376953125 0.48828125 0.021484375 0.0390625
1 0.44140625 0.3583984375 0.0234375 0.0263671875
1 0.458984375 0.4404296875 0.1044921875 0.1123046875
1 0.564453125 0.4248046875 0.015625 0.0283203125
1 0.458984375 0.36328125 0.017578125 0.029296875
1 0.44140625 0.783203125 0.033203125 0.0625
0 0.5224609375 0.32421875 0.029296875 0.0205078125
1 0.130859375 0.4208984375 0.0361328125 0.0390625
1 0.841796875 0.54296875 0.0263671875 0.0361328125
1 0.1015625 0.638671875 0.025390625 0.0419921875
1 0.57421875 0.439453125 0.0888671875 0.1357421875
1 0.4677734375 0.4033203125 0.013671875 0.03125