0 0.1923828125 0.748046875 0.125 0.162109375
0 0.513671875 0.4208984375 0.060546875 0.0546875
0 0.3388671875 0.7265625 0.099609375 0.119140625
1 0.6123046875 0.4921875 0.041015625 0.046875
0 0.541015625 0.3505859375 0.0419921875 0.0390625
0 0.490234375 0.359375 0.0439453125 0.0341796875
0 0.333984375 0.4560546875 0.09375 0.056640625
1 0.068359375 0.54296875 0.0263671875 0.044921875
1 0.310546875 0.845703125 0.046875 0.0703125
1 0.576171875 0.486328125 0.03125 0.0419921875
0 0.19921875 0.4208984375 0.076171875 0.0419921875
1 0.076171875 0.7578125 0.041015625 0.072265625
1 0.146484375 0.490234375 0.0234375 0.0341796875
1 0.521484375 0.501953125 0.0517578125 0.046875
1 0.294921875 0.486328125 0.0390625 0.0517578125
1 0.40625 0.505859375 0.0498046875 0.046875
1 0.6357421875 0.5048828125 0.021484375 0.041015625
1 0.4736328125 0.40234375 0.015625 0.033203125
1 0.41015625 0.8095703125 0.044921875 0.0625
1 0.5576171875 0.4228515625 0.021484375 0.0361328125
0 0.509765625 0.33203125 0.03125 0.0263671875
1 0.115234375 0.427734375 0.025390625 0.0234375
1 0.3681640625 0.501953125 0.0419921875 0.0439453125
1 0.1552734375 0.4404296875 0.017578125 0.025390625
1 0.4814453125 0.509765625 0.03125 0.037109375
1 0.45703125 0.787109375 0.0390625 0.064453125
1 0.4541015625 0.4248046875 0.017578125 0.037109375
1 0.5556640625 0.4501953125 0.0234375 0.0283203125
1 0.212890625 0.4580078125 0.0234375 0.037109375
1 0.232421875 0.44921875 0.0263671875 0.0390625
1 0.9345703125 0.587890625 0.037109375 0.0341796875
1 0.580078125 0.400390625 0.013671875 0.0263671875
1 0.5068359375 0.46875 0.0263671875 0.041015625
1 0.89453125 0.580078125 0.029296875 0.033203125
1 0.419921875 0.73828125 0.0439453125 0.0517578125
1 0.42578125 0.67578125 0.0390625 0.044921875
1 0.595703125 0.4697265625 0.0185546875 0.029296875
1 0.5771484375 0.6044921875 0.0361328125 0.087890625
1 0.10546875 0.626953125 0.0361328125 0.0546875
1 0.14453125 0.4052734375 0.013671875 0.0234375
1 0.400390625 0.4755859375 0.025390625 0.0361328125
1 0.54296875 0.4755859375 0.0234375 0.033203125
1 0.8193359375 0.5595703125 0.0546875 0.0439453125
1 0.4375 0.36328125 0.0185546875 0.0234375
1 0.5654296875 0.3662109375 0.0185546875 0.033203125
1 0.447265625 0.505859375 0.041015625 0.052734375
1 0.400390625 0.5751953125 0.072265625 0.0341796875
1 0.59765625 0.59765625 0.0234375 0.0361328125
1 0.021484375 0.4619140625 0.0185546875 0.029296875
1 0.9677734375 0.767578125 0.0361328125 0.0517578125
1 0.2060546875 0.3583984375 0.0126953125 0.0205078125
0 0.232421875 0.3662109375 0.060546875 0.0361328125
1 0.0595703125 0.482421875 0.021484375 0.037109375
1 0.626953125 0.5859375 0.044921875 0.0439453125
1 0.6455078125 0.55859375 0.03125 0.029296875
1 0.619140625 0.4619140625 0.0205078125 0.029296875
1 0.0263671875 0.5888671875 0.0283203125 0.078125
1 0.080078125 0.4033203125 0.0283203125 0.025390625
1 0.7451171875 0.73046875 0.078125 0.0673828125
0 0.185546875 0.32421875 0.037109375 0.0234375
1 0.623046875 0.552734375 0.0234375 0.0361328125
1 0.5009765625 0.4921875 0.263671875 0.1064453125
0 0.19921875 0.875 0.111328125 0.0283203125
1 0.09765625 0.4775390625 0.0546875 0.0419921875
1 0.7685546875 0.5654296875 0.0654296875 0.041015625
1 0.3291015625 0.35546875 0.017578125 0.029296875
1 0.041015625 0.5556640625 0.015625 0.029296875