0 0.193359375 0.7490234375 0.123046875 0.1640625
0 0.337890625 0.728515625 0.099609375 0.1220703125
0 0.51171875 0.419921875 0.044921875 0.046875
1 0.15625 0.607421875 0.0341796875 0.052734375
1 0.4091796875 0.8017578125 0.052734375 0.072265625
1 0.384765625 0.39453125 0.0185546875 0.0263671875
1 0.0673828125 0.5322265625 0.025390625 0.0419921875
0 0.5390625 0.3515625 0.041015625 0.037109375
1 0.283203125 0.4775390625 0.041015625 0.044921875
0 0.5205078125 0.525390625 0.119140625 0.078125
1 0.3056640625 0.85546875 0.0419921875 0.064453125
1 0.0771484375 0.759765625 0.044921875 0.0732421875
0 0.486328125 0.361328125 0.0361328125 0.029296875
1 0.572265625 0.3955078125 0.015625 0.025390625
1 0.548828125 0.470703125 0.025390625 0.0390625
1 0.458984375 0.78125 0.0390625 0.0625
1 0.4755859375 0.466796875 0.029296875 0.0419921875
1 0.5107421875 0.4560546875 0.03125 0.0439453125
0 0.509765625 0.333984375 0.029296875 0.029296875
1 0.560546875 0.44921875 0.021484375 0.029296875
1 0.609375 0.49609375 0.041015625 0.048828125
1 0.6474609375 0.486328125 0.0205078125 0.037109375
1 0.103515625 0.59765625 0.033203125 0.048828125
1 0.4033203125 0.388671875 0.0185546875 0.033203125
1 0.51171875 0.369140625 0.0205078125 0.021484375
1 0.42578125 0.685546875 0.0419921875 0.091796875
1 0.619140625 0.583984375 0.052734375 0.072265625
1 0.021484375 0.572265625 0.017578125 0.0419921875
1 0.060546875 0.4765625 0.0283203125 0.03125
0 0.220703125 0.4345703125 0.0673828125 0.0439453125
1 0.3681640625 0.3623046875 0.013671875 0.0185546875
1 0.466796875 0.4228515625 0.017578125 0.0263671875
1 0.0283203125 0.787109375 0.037109375 0.0830078125
1 0.630859375 0.4580078125 0.044921875 0.046875
1 0.0400390625 0.556640625 0.0205078125 0.0361328125
1 0.4482421875 0.44140625 0.015625 0.0234375
1 0.4541015625 0.3642578125 0.017578125 0.025390625
1 0.5888671875 0.376953125 0.0185546875 0.0234375
1 0.021484375 0.474609375 0.0205078125 0.0263671875
1 0.5478515625 0.4189453125 0.013671875 0.021484375
1 0.4716796875 0.662109375 0.037109375 0.0576171875
1 0.1767578125 0.326171875 0.0185546875 0.021484375
1 0.228515625 0.3515625 0.013671875 0.0283203125
1 0.248046875 0.353515625 0.0126953125 0.0234375
1 0.2958984375 0.4501953125 0.0205078125 0.021484375
0 0.173828125 0.37890625 0.0751953125 0.0390625
1 0.025390625 0.373046875 0.0126953125 0.0205078125
0 0.1923828125 0.875 0.099609375 0.0283203125
1 0.404296875 0.365234375 0.0107421875 0.0185546875
1 0.583984375 0.46484375 0.015625 0.0390625
1 0.5947265625 0.46875 0.013671875 0.0185546875