0 0.19140625 0.751953125 0.123046875 0.166015625
0 0.509765625 0.41015625 0.0517578125 0.0546875
0 0.796875 0.77734375 0.197265625 0.2138671875
0 0.576171875 0.64453125 0.1201171875 0.1298828125
0 0.4873046875 0.361328125 0.0341796875 0.03125
0 0.3388671875 0.7236328125 0.099609375 0.115234375
1 0.6953125 0.59375 0.046875 0.052734375
1 0.6689453125 0.5615234375 0.0341796875 0.044921875
0 0.9365234375 0.5185546875 0.095703125 0.068359375
1 0.0771484375 0.763671875 0.0576171875 0.087890625
1 0.8486328125 0.6669921875 0.087890625 0.072265625
0 0.498046875 0.541015625 0.080078125 0.09375
0 0.509765625 0.3330078125 0.03125 0.0283203125
1 0.75 0.5966796875 0.0625 0.056640625
1 0.5888671875 0.443359375 0.0185546875 0.0263671875
0 0.4521484375 0.46484375 0.044921875 0.0546875
1 0.587890625 0.412109375 0.029296875 0.0341796875
1 0.552734375 0.419921875 0.029296875 0.041015625
1 0.552734375 0.5244140625 0.0341796875 0.044921875
1 0.4150390625 0.7705078125 0.0419921875 0.087890625
1 0.3623046875 0.5908203125 0.03125 0.068359375
1 0.6162109375 0.51171875 0.0576171875 0.0673828125
1 0.123046875 0.646484375 0.064453125 0.0546875
1 0.431640625 0.5078125 0.029296875 0.052734375
1 0.4111328125 0.4580078125 0.021484375 0.041015625
1 0.453125 0.3623046875 0.0185546875 0.025390625
1 0.802734375 0.58203125 0.037109375 0.0419921875
0 0.541015625 0.341796875 0.0283203125 0.0234375
1 0.0263671875 0.486328125 0.03125 0.041015625
1 0.732421875 0.5341796875 0.0546875 0.046875
1 0.931640625 0.830078125 0.0830078125 0.1044921875
1 0.0361328125 0.587890625 0.0498046875 0.0703125
1 0.509765625 0.4775390625 0.025390625 0.033203125
1 0.46484375 0.42578125 0.0205078125 0.0263671875
1 0.4814453125 0.462890625 0.021484375 0.03125
1 0.533203125 0.376953125 0.0205078125 0.03125
0 0.9384765625 0.591796875 0.1015625 0.0966796875
1 0.0595703125 0.4794921875 0.025390625 0.037109375
1 0.529296875 0.447265625 0.015625 0.03125
1 0.5390625 0.48828125 0.025390625 0.033203125
1 0.76953125 0.486328125 0.0390625 0.03125
0 0.619140625 0.4560546875 0.0439453125 0.0439453125
1 0.8935546875 0.63671875 0.041015625 0.0517578125
1 0.2548828125 0.443359375 0.021484375 0.021484375
1 0.494140625 0.439453125 0.013671875 0.025390625
1 0.8818359375 0.55859375 0.0205078125 0.033203125
1 0.470703125 0.341796875 0.0107421875 0.0185546875
1 0.55078125 0.369140625 0.017578125 0.0263671875
1 0.560546875 0.4892578125 0.025390625 0.0341796875
1 0.671875 0.4736328125 0.0126953125 0.025390625
0 0.6982421875 0.4482421875 0.0439453125 0.021484375
1 0.384765625 0.4658203125 0.041015625 0.0625
1 0.8095703125 0.5458984375 0.0341796875 0.0419921875
1 0.126953125 0.4228515625 0.0185546875 0.0205078125
1 0.5517578125 0.4677734375 0.0185546875 0.0263671875
0 0.3134765625 0.3916015625 0.095703125 0.048828125