0 0.322265625 0.798828125 0.1484375 0.177734375
1 0.14453125 0.626953125 0.029296875 0.0517578125
1 0.611328125 0.5390625 0.037109375 0.052734375
0 0.134765625 0.5537109375 0.068359375 0.080078125
1 0.669921875 0.5693359375 0.044921875 0.0546875
0 0.205078125 0.6748046875 0.0986328125 0.115234375
0 0.3193359375 0.529296875 0.064453125 0.076171875
1 0.08984375 0.6201171875 0.029296875 0.046875
0 0.240234375 0.509765625 0.0625 0.0732421875
1 0.560546875 0.5224609375 0.0185546875 0.0361328125
0 0.3154296875 0.6474609375 0.0908203125 0.111328125
1 0.8203125 0.5830078125 0.0810546875 0.0810546875
0 0.224609375 0.580078125 0.076171875 0.087890625
1 0.1083984375 0.693359375 0.033203125 0.0517578125
1 0.5859375 0.578125 0.0283203125 0.0498046875
0 0.5224609375 0.4169921875 0.0546875 0.0595703125
1 0.5126953125 0.5791015625 0.0283203125 0.048828125
1 0.9482421875 0.689453125 0.072265625 0.0810546875
1 0.5419921875 0.572265625 0.03125 0.0546875
1 0.505859375 0.4853515625 0.0185546875 0.0390625
1 0.716796875 0.6845703125 0.037109375 0.068359375
1 0.546875 0.470703125 0.025390625 0.041015625
1 0.7314453125 0.5419921875 0.041015625 0.046875
1 0.037109375 0.60546875 0.037109375 0.060546875
0 0.6708984375 0.728515625 0.1513671875 0.2001953125
1 0.888671875 0.6513671875 0.0859375 0.0751953125
1 0.482421875 0.5185546875 0.0263671875 0.041015625
0 0.318359375 0.4697265625 0.0625 0.0546875
1 0.50390625 0.453125 0.0205078125 0.03125
1 0.375 0.490234375 0.021484375 0.033203125
1 0.580078125 0.478515625 0.0205078125 0.0341796875
1 0.623046875 0.4833984375 0.017578125 0.029296875
1 0.8974609375 0.5419921875 0.0361328125 0.037109375
1 0.40234375 0.564453125 0.0263671875 0.0576171875
1 0.1640625 0.44140625 0.041015625 0.033203125
1 0.0849609375 0.7421875 0.0546875 0.083984375
1 0.162109375 0.759765625 0.056640625 0.060546875
1 0.603515625 0.486328125 0.033203125 0.0439453125
1 0.0625 0.48046875 0.03125 0.0419921875
1 0.189453125 0.4931640625 0.025390625 0.0361328125
1 0.0302734375 0.55859375 0.0361328125 0.0419921875
1 0.65234375 0.5302734375 0.0234375 0.0390625
1 0.0908203125 0.40625 0.021484375 0.0283203125
1 0.4248046875 0.4306640625 0.015625 0.0263671875
1 0.150390625 0.3828125 0.013671875 0.025390625
1 0.103515625 0.478515625 0.046875 0.044921875
1 0.19140625 0.4521484375 0.0205078125 0.0361328125
1 0.955078125 0.5185546875 0.044921875 0.037109375
0 0.49609375 0.357421875 0.0390625 0.037109375
1 0.17578125 0.392578125 0.0234375 0.025390625
1 0.95703125 0.6279296875 0.044921875 0.056640625
1 0.1513671875 0.708984375 0.025390625 0.0341796875
1 0.2431640625 0.4033203125 0.0361328125 0.03125
1 0.1005859375 0.658203125 0.138671875 0.166015625
0 0.302734375 0.416015625 0.0595703125 0.078125
1 0.8974609375 0.587890625 0.0390625 0.0576171875
0 0.955078125 0.578125 0.060546875 0.0595703125
1 0.0244140625 0.373046875 0.013671875 0.021484375
1 0.8193359375 0.53515625 0.0234375 0.0390625
1 0.7119140625 0.521484375 0.0234375 0.0341796875
1 0.4697265625 0.4326171875 0.029296875 0.03125
1 0.60546875 0.6796875 0.048828125 0.083984375
1 0.173828125 0.4189453125 0.0185546875 0.03125
1 0.57421875 0.427734375 0.0732421875 0.126953125