0 0.14453125 0.654296875 0.0888671875 0.099609375
0 0.607421875 0.6962890625 0.146484375 0.1767578125
0 0.5537109375 0.572265625 0.0888671875 0.103515625
1 0.716796875 0.6865234375 0.046875 0.0703125
1 0.716796875 0.6201171875 0.044921875 0.0498046875
1 0.8193359375 0.583984375 0.0703125 0.0751953125
1 0.8046875 0.798828125 0.072265625 0.134765625
1 0.65625 0.5693359375 0.03125 0.044921875
0 0.1875 0.5166015625 0.068359375 0.0732421875
1 0.271484375 0.685546875 0.0439453125 0.0546875
1 0.900390625 0.6689453125 0.087890625 0.0908203125
1 0.5751953125 0.513671875 0.025390625 0.0439453125
1 0.4130859375 0.439453125 0.0263671875 0.0390625
1 0.6572265625 0.626953125 0.033203125 0.048828125
0 0.318359375 0.4833984375 0.0576171875 0.060546875
1 0.513671875 0.6337890625 0.037109375 0.0576171875
0 0.486328125 0.466796875 0.048828125 0.0625
1 0.4765625 0.525390625 0.025390625 0.048828125
0 0.2890625 0.443359375 0.0498046875 0.044921875
1 0.689453125 0.544921875 0.044921875 0.044921875
1 0.548828125 0.466796875 0.021484375 0.048828125
1 0.7294921875 0.5390625 0.041015625 0.0439453125
0 0.2060546875 0.427734375 0.046875 0.044921875
0 0.240234375 0.3837890625 0.0673828125 0.0361328125
1 0.9609375 0.6923828125 0.0498046875 0.0654296875
1 0.5791015625 0.4375 0.0419921875 0.0439453125
0 0.228515625 0.357421875 0.03125 0.0205078125
0 0.1826171875 0.392578125 0.0439453125 0.0361328125
1 0.48046875 0.6005859375 0.029296875 0.0673828125
0 0.693359375 0.46484375 0.0546875 0.044921875
1 0.943359375 0.806640625 0.080078125 0.126953125
1 0.0634765625 0.478515625 0.033203125 0.0361328125
1 0.5439453125 0.408203125 0.021484375 0.0341796875
0 0.951171875 0.5810546875 0.0703125 0.0654296875
1 0.2734375 0.853515625 0.046875 0.0703125
0 0.185546875 0.361328125 0.0361328125 0.0234375
0 0.3740234375 0.578125 0.0986328125 0.1689453125
1 0.4404296875 0.419921875 0.0185546875 0.041015625
1 0.029296875 0.564453125 0.0341796875 0.0498046875
1 0.251953125 0.505859375 0.0185546875 0.0341796875
1 0.896484375 0.587890625 0.0419921875 0.0546875
1 0.2392578125 0.443359375 0.0185546875 0.0341796875
1 0.8984375 0.544921875 0.0341796875 0.0361328125
1 0.12890625 0.5078125 0.0234375 0.0498046875
1 0.6357421875 0.4638671875 0.0283203125 0.03125
1 0.8134765625 0.5380859375 0.029296875 0.044921875
1 0.4736328125 0.390625 0.021484375 0.0283203125
1 0.5146484375 0.59375 0.0234375 0.037109375
1 0.466796875 0.4208984375 0.0361328125 0.044921875
1 0.9736328125 0.642578125 0.025390625 0.046875
1 0.794921875 0.7080078125 0.0390625 0.0810546875
1 0.5927734375 0.400390625 0.013671875 0.029296875
1 0.5224609375 0.439453125 0.0361328125 0.0390625
1 0.025390625 0.484375 0.0283203125 0.037109375