0 0.19140625 0.7470703125 0.123046875 0.162109375
0 0.5107421875 0.423828125 0.046875 0.052734375
0 0.3388671875 0.7275390625 0.0966796875 0.1171875
0 0.5380859375 0.3515625 0.0390625 0.037109375
0 0.490234375 0.3603515625 0.037109375 0.033203125
1 0.4091796875 0.7998046875 0.056640625 0.0751953125
1 0.3056640625 0.8359375 0.044921875 0.0966796875
1 0.0771484375 0.755859375 0.044921875 0.0732421875
1 0.609375 0.498046875 0.041015625 0.0439453125
0 0.0419921875 0.376953125 0.046875 0.0283203125
1 0.548828125 0.466796875 0.025390625 0.046875
1 0.439453125 0.4443359375 0.0185546875 0.0263671875
0 0.490234375 0.517578125 0.1279296875 0.0732421875
1 0.119140625 0.6669921875 0.046875 0.0654296875
1 0.427734375 0.681640625 0.041015625 0.0498046875
1 0.5087890625 0.462890625 0.0234375 0.0361328125
1 0.4755859375 0.458984375 0.033203125 0.0419921875
0 0.5087890625 0.3310546875 0.0263671875 0.025390625
1 0.509765625 0.369140625 0.015625 0.0234375
1 0.4580078125 0.78125 0.037109375 0.0625
1 0.6650390625 0.556640625 0.0361328125 0.052734375
1 0.548828125 0.43359375 0.0205078125 0.029296875
1 0.625 0.5439453125 0.041015625 0.052734375
1 0.5703125 0.3896484375 0.015625 0.0263671875
1 0.6201171875 0.462890625 0.0185546875 0.029296875
1 0.6064453125 0.470703125 0.015625 0.0234375
1 0.0302734375 0.5673828125 0.0390625 0.0625
1 0.5849609375 0.39453125 0.013671875 0.0263671875
1 0.646484375 0.48828125 0.021484375 0.033203125
1 0.421875 0.7373046875 0.046875 0.052734375
1 0.462890625 0.3662109375 0.0185546875 0.029296875
1 0.5673828125 0.4541015625 0.0185546875 0.029296875
1 0.466796875 0.4248046875 0.0205078125 0.03125
1 0.041015625 0.771484375 0.046875 0.0703125
1 0.529296875 0.45703125 0.017578125 0.029296875
0 0.1875 0.3251953125 0.041015625 0.025390625
0 0.1943359375 0.84765625 0.1328125 0.076171875
1 0.12109375 0.4091796875 0.017578125 0.025390625
1 0.021484375 0.8193359375 0.021484375 0.0390625
1 0.583984375 0.42578125 0.013671875 0.0234375
1 0.1650390625 0.365234375 0.0107421875 0.013671875
0 0.232421875 0.3671875 0.0517578125 0.0341796875
1 0.330078125 0.3583984375 0.015625 0.0205078125
1 0.5615234375 0.423828125 0.013671875 0.0263671875
1 0.4716796875 0.3408203125 0.0185546875 0.0185546875
1 0.3486328125 0.337890625 0.009765625 0.017578125