0 0.5380859375 0.4765625 0.0703125 0.09375
0 0.5849609375 0.4375 0.0546875 0.056640625
1 0.154296875 0.4765625 0.03125 0.0498046875
1 0.6826171875 0.544921875 0.052734375 0.0517578125
1 0.759765625 0.7265625 0.0439453125 0.0751953125
1 0.7939453125 0.634765625 0.0341796875 0.0595703125
0 0.330078125 0.81640625 0.1328125 0.1455078125
1 0.248046875 0.462890625 0.025390625 0.0439453125
1 0.7099609375 0.6162109375 0.0361328125 0.0546875
1 0.1435546875 0.556640625 0.03125 0.0517578125
1 0.2275390625 0.6103515625 0.0263671875 0.060546875
0 0.626953125 0.60546875 0.099609375 0.111328125
0 0.6591796875 0.771484375 0.1845703125 0.2236328125
1 0.1708984375 0.6416015625 0.029296875 0.0576171875
0 0.48828125 0.3603515625 0.033203125 0.029296875
1 0.220703125 0.435546875 0.021484375 0.0390625
1 0.7314453125 0.533203125 0.037109375 0.0390625
1 0.896484375 0.8642578125 0.044921875 0.052734375
1 0.6201171875 0.53125 0.0283203125 0.0341796875
1 0.0625 0.478515625 0.0283203125 0.0341796875
1 0.84765625 0.76953125 0.076171875 0.0830078125
1 0.8154296875 0.580078125 0.083984375 0.0732421875
1 0.4404296875 0.525390625 0.025390625 0.0390625
0 0.224609375 0.365234375 0.033203125 0.0361328125
1 0.880859375 0.6416015625 0.072265625 0.0703125
1 0.1953125 0.564453125 0.025390625 0.044921875
1 0.2041015625 0.384765625 0.017578125 0.0283203125
1 0.966796875 0.70703125 0.041015625 0.0673828125
1 0.373046875 0.421875 0.0185546875 0.0283203125
1 0.591796875 0.490234375 0.0205078125 0.041015625
1 0.193359375 0.361328125 0.0126953125 0.0205078125
1 0.380859375 0.4609375 0.025390625 0.056640625
0 0.4814453125 0.5654296875 0.0966796875 0.103515625
1 0.7060546875 0.513671875 0.0185546875 0.025390625
1 0.9404296875 0.6357421875 0.0283203125 0.0439453125
1 0.166015625 0.369140625 0.017578125 0.0234375
1 0.435546875 0.404296875 0.017578125 0.0234375
1 0.443359375 0.455078125 0.0263671875 0.0439453125
1 0.197265625 0.5087890625 0.0205078125 0.0263671875
1 0.025390625 0.5615234375 0.025390625 0.044921875
0 0.9560546875 0.5791015625 0.0595703125 0.0576171875
1 0.48046875 0.423828125 0.0234375 0.037109375
1 0.89453125 0.5869140625 0.0419921875 0.0517578125
0 0.5078125 0.431640625 0.0439453125 0.0576171875
1 0.130859375 0.4267578125 0.0205078125 0.03125
1 0.9345703125 0.732421875 0.037109375 0.0908203125
0 0.5751953125 0.3916015625 0.041015625 0.0390625
1 0.623046875 0.4873046875 0.0205078125 0.0439453125
1 0.828125 0.712890625 0.03125 0.0703125
1 0.181640625 0.587890625 0.1123046875 0.1533203125
1 0.267578125 0.8701171875 0.041015625 0.041015625
1 0.923828125 0.828125 0.029296875 0.0341796875
1 0.455078125 0.3603515625 0.0205078125 0.0205078125
1 0.96875 0.666015625 0.0341796875 0.029296875
0 0.544921875 0.337890625 0.037109375 0.0263671875
1 0.64453125 0.4404296875 0.0419921875 0.0341796875
0 0.2490234375 0.333984375 0.033203125 0.0263671875
1 0.677734375 0.505859375 0.03125 0.046875
1 0.0986328125 0.470703125 0.0595703125 0.0498046875
1 0.021484375 0.373046875 0.0185546875 0.0234375
1 0.3408203125 0.3408203125 0.015625 0.021484375