0 0.193359375 0.75 0.123046875 0.162109375
0 0.5146484375 0.4345703125 0.0517578125 0.0498046875
0 0.3388671875 0.7275390625 0.0966796875 0.1171875
1 0.6513671875 0.6083984375 0.037109375 0.0576171875
1 0.662109375 0.5673828125 0.0234375 0.041015625
0 0.4873046875 0.361328125 0.046875 0.033203125
0 0.5380859375 0.349609375 0.0390625 0.037109375
1 0.615234375 0.5498046875 0.025390625 0.0498046875
1 0.5791015625 0.525390625 0.0263671875 0.0498046875
1 0.0673828125 0.5361328125 0.0283203125 0.046875
1 0.4169921875 0.642578125 0.041015625 0.078125
1 0.498046875 0.4716796875 0.0234375 0.041015625
1 0.591796875 0.482421875 0.0185546875 0.0341796875
1 0.1005859375 0.7138671875 0.0546875 0.0751953125
1 0.849609375 0.583984375 0.029296875 0.0498046875
0 0.509765625 0.3330078125 0.029296875 0.0283203125
1 0.5615234375 0.443359375 0.029296875 0.037109375
1 0.4296875 0.4677734375 0.021484375 0.033203125
1 0.724609375 0.615234375 0.029296875 0.044921875
1 0.412109375 0.806640625 0.044921875 0.0625
1 0.392578125 0.400390625 0.0205078125 0.029296875
1 0.45703125 0.783203125 0.0390625 0.064453125
1 0.6474609375 0.4970703125 0.017578125 0.0341796875
1 0.5380859375 0.564453125 0.0234375 0.0419921875
1 0.306640625 0.859375 0.0390625 0.0498046875
1 0.4677734375 0.435546875 0.017578125 0.025390625
1 0.208984375 0.458984375 0.037109375 0.0439453125
0 0.19140625 0.419921875 0.080078125 0.041015625
1 0.6796875 0.6640625 0.041015625 0.0498046875
1 0.431640625 0.4384765625 0.015625 0.0263671875
1 0.56640625 0.4765625 0.0263671875 0.037109375
1 0.0634765625 0.4814453125 0.0361328125 0.0439453125
1 0.6103515625 0.7041015625 0.044921875 0.0732421875
1 0.455078125 0.3681640625 0.0234375 0.029296875
1 0.2470703125 0.3623046875 0.025390625 0.021484375
1 0.1484375 0.451171875 0.0283203125 0.0283203125
0 0.193359375 0.32421875 0.0419921875 0.0234375
1 0.412109375 0.388671875 0.017578125 0.0283203125
1 0.421875 0.732421875 0.041015625 0.044921875
1 0.021484375 0.830078125 0.021484375 0.048828125
1 0.021484375 0.56640625 0.021484375 0.0546875
0 0.6181640625 0.443359375 0.033203125 0.0390625
1 0.025390625 0.7666015625 0.029296875 0.0390625
1 0.421875 0.423828125 0.015625 0.025390625
1 0.3759765625 0.384765625 0.017578125 0.0205078125
1 0.166015625 0.36328125 0.013671875 0.013671875
1 0.5517578125 0.5146484375 0.021484375 0.0390625
1 0.958984375 0.609375 0.037109375 0.0654296875
1 0.392578125 0.359375 0.0185546875 0.025390625
1 0.6298828125 0.494140625 0.021484375 0.033203125
0 0.349609375 0.3583984375 0.0341796875 0.0234375
1 0.564453125 0.37890625 0.0234375 0.0234375
1 0.61328125 0.66015625 0.0234375 0.0361328125
1 0.103515625 0.4111328125 0.0234375 0.025390625
1 0.564453125 0.5078125 0.087890625 0.171875
1 0.8818359375 0.677734375 0.0390625 0.064453125
1 0.548828125 0.3955078125 0.0126953125 0.0283203125
0 0.197265625 0.875 0.099609375 0.0283203125
1 0.228515625 0.357421875 0.0126953125 0.021484375
1 0.078125 0.4013671875 0.021484375 0.021484375
1 0.560546875 0.837890625 0.0625 0.099609375
1 0.2119140625 0.359375 0.0107421875 0.0185546875
0 0.642578125 0.4462890625 0.0263671875 0.029296875
1 0.0400390625 0.556640625 0.0205078125 0.0341796875
1 0.587890625 0.3759765625 0.017578125 0.0205078125
1 0.025390625 0.373046875 0.0126953125 0.0205078125
1 0.0390625 0.705078125 0.025390625 0.044921875