0 0.1943359375 0.7431640625 0.123046875 0.1640625
0 0.5185546875 0.4482421875 0.0595703125 0.0625
1 0.1513671875 0.599609375 0.037109375 0.056640625
0 0.3388671875 0.7265625 0.0966796875 0.1220703125
1 0.6611328125 0.7080078125 0.0439453125 0.0625
1 0.6298828125 0.5849609375 0.03125 0.0546875
1 0.5322265625 0.51953125 0.0263671875 0.0517578125
1 0.4921875 0.5517578125 0.0283203125 0.0498046875
1 0.365234375 0.5361328125 0.0283203125 0.056640625
0 0.484375 0.3623046875 0.046875 0.0341796875
0 0.537109375 0.349609375 0.037109375 0.0361328125
1 0.580078125 0.5009765625 0.025390625 0.033203125
1 0.068359375 0.533203125 0.0263671875 0.048828125
1 0.7705078125 0.755859375 0.0498046875 0.0888671875
1 0.9248046875 0.607421875 0.037109375 0.064453125
1 0.568359375 0.3916015625 0.0185546875 0.029296875
0 0.509765625 0.3330078125 0.029296875 0.0283203125
1 0.654296875 0.5322265625 0.029296875 0.044921875
1 0.533203125 0.3720703125 0.0185546875 0.025390625
1 0.564453125 0.541015625 0.0283203125 0.056640625
1 0.701171875 0.84375 0.046875 0.083984375
1 0.412109375 0.759765625 0.037109375 0.0517578125
1 0.4345703125 0.478515625 0.0185546875 0.033203125
1 0.7109375 0.615234375 0.046875 0.064453125
1 0.591796875 0.4619140625 0.033203125 0.044921875
1 0.873046875 0.599609375 0.0654296875 0.0625
1 0.6259765625 0.5400390625 0.0263671875 0.0419921875
1 0.806640625 0.556640625 0.064453125 0.0419921875
1 0.4150390625 0.6396484375 0.0361328125 0.0390625
1 0.0634765625 0.7041015625 0.0419921875 0.0546875
1 0.9697265625 0.5693359375 0.0361328125 0.0517578125
1 0.771484375 0.673828125 0.037109375 0.0732421875
1 0.4931640625 0.5078125 0.0234375 0.037109375
1 0.837890625 0.8720703125 0.048828125 0.037109375
1 0.654296875 0.646484375 0.029296875 0.0419921875
1 0.9267578125 0.5654296875 0.0283203125 0.0341796875
1 0.4189453125 0.4208984375 0.0185546875 0.0390625
1 0.021484375 0.5732421875 0.0205078125 0.041015625
1 0.1123046875 0.486328125 0.03125 0.03125
1 0.541015625 0.576171875 0.021484375 0.044921875
1 0.0224609375 0.826171875 0.0263671875 0.0654296875
1 0.08203125 0.615234375 0.029296875 0.044921875
1 0.064453125 0.4794921875 0.03125 0.041015625
1 0.71484375 0.474609375 0.0361328125 0.0341796875
1 0.033203125 0.669921875 0.0419921875 0.0546875
1 0.5869140625 0.4033203125 0.013671875 0.0283203125
1 0.3955078125 0.431640625 0.03125 0.0341796875
1 0.431640625 0.705078125 0.0341796875 0.0439453125
1 0.447265625 0.380859375 0.0107421875 0.0234375
0 0.181640625 0.326171875 0.0625 0.0283203125
0 0.107421875 0.404296875 0.064453125 0.0419921875
1 0.0390625 0.5546875 0.015625 0.0283203125
1 0.71484375 0.5166015625 0.0205078125 0.044921875
1 0.4541015625 0.482421875 0.0361328125 0.0732421875
1 0.4697265625 0.6767578125 0.0263671875 0.052734375
0 0.310546875 0.8203125 0.0546875 0.087890625
1 0.166015625 0.36328125 0.015625 0.013671875
1 0.4658203125 0.4462890625 0.0126953125 0.0234375
0 0.234375 0.31640625 0.0751953125 0.0390625
1 0.505859375 0.392578125 0.0107421875 0.029296875
1 0.2470703125 0.359375 0.015625 0.0185546875
1 0.078125 0.4072265625 0.015625 0.017578125
1 0.55859375 0.74609375 0.044921875 0.091796875
1 0.212890625 0.359375 0.0126953125 0.0185546875
1 0.59765625 0.400390625 0.013671875 0.0283203125
1 0.3916015625 0.36328125 0.0107421875 0.017578125
1 0.3671875 0.427734375 0.03125 0.0390625
1 0.0244140625 0.373046875 0.013671875 0.0205078125
1 0.4033203125 0.60546875 0.03125 0.0517578125
1 0.5478515625 0.833984375 0.064453125 0.1015625
1 0.41015625 0.3955078125 0.0205078125 0.03125
0 0.3564453125 0.318359375 0.0439453125 0.0185546875
0 0.193359375 0.875 0.1015625 0.0283203125
1 0.6787109375 0.6298828125 0.1328125 0.2783203125
1 0.08984375 0.5068359375 0.013671875 0.0361328125