0 0.193359375 0.75 0.123046875 0.166015625
0 0.33984375 0.7314453125 0.095703125 0.1279296875
0 0.51171875 0.4248046875 0.0546875 0.0595703125
1 0.6630859375 0.6943359375 0.048828125 0.0732421875
0 0.4892578125 0.361328125 0.037109375 0.0341796875
0 0.541015625 0.3447265625 0.041015625 0.0263671875
1 0.5263671875 0.4990234375 0.0498046875 0.0517578125
1 0.3466796875 0.4892578125 0.037109375 0.037109375
1 0.15625 0.4912109375 0.021484375 0.048828125
0 0.833984375 0.548828125 0.1611328125 0.0703125
1 0.810546875 0.626953125 0.0517578125 0.064453125
1 0.3896484375 0.509765625 0.0419921875 0.041015625
1 0.537109375 0.3701171875 0.037109375 0.0283203125
0 0.509765625 0.333984375 0.029296875 0.029296875
1 0.626953125 0.4814453125 0.0361328125 0.0341796875
1 0.505859375 0.576171875 0.0361328125 0.046875
1 0.45703125 0.7978515625 0.0419921875 0.0576171875
1 0.912109375 0.63671875 0.0439453125 0.0546875
1 0.6044921875 0.8291015625 0.046875 0.0732421875
1 0.08203125 0.748046875 0.0546875 0.095703125
1 0.7099609375 0.845703125 0.060546875 0.083984375
1 0.3095703125 0.466796875 0.0341796875 0.0361328125
1 0.6220703125 0.60546875 0.056640625 0.0546875
1 0.7109375 0.5859375 0.037109375 0.046875
1 0.962890625 0.611328125 0.048828125 0.056640625
1 0.3779296875 0.4814453125 0.0283203125 0.0341796875
1 0.5615234375 0.48046875 0.0234375 0.0361328125
1 0.3095703125 0.8486328125 0.0439453125 0.0595703125
1 0.4755859375 0.626953125 0.0390625 0.0703125
1 0.111328125 0.6142578125 0.037109375 0.0595703125
1 0.2685546875 0.4462890625 0.025390625 0.0234375
1 0.126953125 0.541015625 0.0234375 0.0419921875
1 0.5859375 0.458984375 0.021484375 0.0361328125
1 0.5869140625 0.66796875 0.044921875 0.064453125
1 0.7919921875 0.853515625 0.068359375 0.068359375
1 0.025390625 0.759765625 0.0283203125 0.0654296875
1 0.759765625 0.7744140625 0.0703125 0.076171875
1 0.421875 0.744140625 0.0439453125 0.0517578125
1 0.556640625 0.576171875 0.0341796875 0.048828125
1 0.427734375 0.6767578125 0.0390625 0.0439453125
1 0.5517578125 0.447265625 0.021484375 0.0361328125
0 0.3291015625 0.396484375 0.0673828125 0.041015625
1 0.7548828125 0.5947265625 0.0595703125 0.0546875
1 0.671875 0.615234375 0.046875 0.0390625
1 0.146484375 0.419921875 0.025390625 0.0283203125
1 0.580078125 0.4833984375 0.0205078125 0.0263671875
1 0.23046875 0.396484375 0.017578125 0.0205078125
1 0.6455078125 0.5439453125 0.0283203125 0.0439453125
1 0.0263671875 0.5595703125 0.0283203125 0.046875
1 0.1767578125 0.3251953125 0.021484375 0.021484375
0 0.087890625 0.501953125 0.150390625 0.111328125
1 0.267578125 0.408203125 0.041015625 0.033203125
1 0.4521484375 0.3603515625 0.017578125 0.0205078125
1 0.0302734375 0.619140625 0.033203125 0.0673828125
1 0.125 0.451171875 0.0341796875 0.0263671875
1 0.9111328125 0.521484375 0.021484375 0.033203125
1 0.4501953125 0.423828125 0.015625 0.033203125
1 0.9541015625 0.5732421875 0.033203125 0.041015625
1 0.583984375 0.4267578125 0.015625 0.0341796875
1 0.6376953125 0.748046875 0.15625 0.2470703125
0 0.197265625 0.875 0.0830078125 0.0283203125
1 0.63671875 0.732421875 0.0263671875 0.0341796875
1 0.416015625 0.6064453125 0.025390625 0.0498046875
1 0.8212890625 0.587890625 0.0234375 0.046875
1 0.71484375 0.552734375 0.0205078125 0.033203125
1 0.6318359375 0.439453125 0.0205078125 0.0341796875
1 0.380859375 0.59765625 0.025390625 0.0673828125
1 0.4365234375 0.603515625 0.0234375 0.0498046875
0 0.3525390625 0.3193359375 0.033203125 0.0205078125
1 0.1123046875 0.4833984375 0.041015625 0.033203125
1 0.330078125 0.359375 0.0126953125 0.021484375
1 0.84375 0.5634765625 0.025390625 0.029296875
1 0.755859375 0.7041015625 0.025390625 0.0576171875
1 0.1953125 0.322265625 0.0185546875 0.0185546875