0 0.193359375 0.748046875 0.123046875 0.162109375
0 0.509765625 0.423828125 0.060546875 0.0576171875
0 0.337890625 0.7275390625 0.0986328125 0.1201171875
1 0.5087890625 0.4755859375 0.0263671875 0.0419921875
1 0.5771484375 0.4873046875 0.029296875 0.041015625
0 0.48828125 0.3564453125 0.0517578125 0.0439453125
0 0.54296875 0.3544921875 0.044921875 0.0439453125
1 0.369140625 0.482421875 0.037109375 0.0390625
1 0.2783203125 0.4716796875 0.0439453125 0.0341796875
1 0.2861328125 0.537109375 0.056640625 0.0625
1 0.1611328125 0.447265625 0.025390625 0.033203125
1 0.470703125 0.439453125 0.0234375 0.0361328125
1 0.619140625 0.5361328125 0.0390625 0.037109375
1 0.3076171875 0.8349609375 0.046875 0.0888671875
1 0.3271484375 0.4853515625 0.029296875 0.044921875
1 0.6201171875 0.494140625 0.056640625 0.052734375
1 0.06640625 0.5439453125 0.0263671875 0.041015625
1 0.541015625 0.478515625 0.025390625 0.0390625
1 0.478515625 0.5380859375 0.033203125 0.048828125
1 0.224609375 0.462890625 0.0390625 0.044921875
1 0.45703125 0.7919921875 0.0390625 0.056640625
1 0.5712890625 0.4248046875 0.0205078125 0.0341796875
1 0.400390625 0.46484375 0.0361328125 0.0419921875
1 0.1396484375 0.5322265625 0.029296875 0.0390625
1 0.080078125 0.6640625 0.033203125 0.0439453125
0 0.509765625 0.3310546875 0.03125 0.025390625
1 0.4111328125 0.8076171875 0.046875 0.0595703125
1 0.119140625 0.4248046875 0.03125 0.0283203125
1 0.052734375 0.677734375 0.041015625 0.0498046875
1 0.0791015625 0.74609375 0.048828125 0.0830078125
1 0.4287109375 0.671875 0.0419921875 0.0439453125
1 0.333984375 0.455078125 0.029296875 0.029296875
1 0.564453125 0.564453125 0.017578125 0.033203125
1 0.55078125 0.4462890625 0.0205078125 0.0263671875
1 0.4365234375 0.3642578125 0.017578125 0.025390625
1 0.595703125 0.4677734375 0.0185546875 0.0263671875
1 0.0654296875 0.4794921875 0.0439453125 0.037109375
1 0.96484375 0.6171875 0.0263671875 0.0283203125
1 0.0966796875 0.41796875 0.0185546875 0.0263671875
1 0.3701171875 0.439453125 0.0126953125 0.0205078125
1 0.6201171875 0.4638671875 0.0185546875 0.0283203125
1 0.1083984375 0.484375 0.0361328125 0.03125
1 0.5625 0.46875 0.0185546875 0.0283203125
1 0.37890625 0.5322265625 0.0234375 0.048828125
1 0.7197265625 0.5576171875 0.044921875 0.03125
1 0.6357421875 0.443359375 0.041015625 0.03125
1 0.4228515625 0.7392578125 0.0517578125 0.068359375
1 0.474609375 0.50390625 0.015625 0.0263671875
1 0.837890625 0.802734375 0.0546875 0.0654296875
0 0.234375 0.3662109375 0.0625 0.0361328125
1 0.0791015625 0.4033203125 0.0263671875 0.037109375
1 0.0224609375 0.458984375 0.017578125 0.0283203125
1 0.3291015625 0.3544921875 0.0205078125 0.0283203125
1 0.623046875 0.5810546875 0.0361328125 0.072265625
0 0.1962890625 0.8759765625 0.107421875 0.029296875
1 0.572265625 0.3837890625 0.021484375 0.0419921875
1 0.580078125 0.404296875 0.0126953125 0.021484375
1 0.0400390625 0.5556640625 0.017578125 0.029296875
1 0.0263671875 0.58203125 0.0283203125 0.076171875
1 0.8046875 0.5537109375 0.0595703125 0.0419921875
1 0.1884765625 0.33203125 0.0361328125 0.0234375
0 0.05859375 0.619140625 0.0546875 0.0390625
1 0.8017578125 0.73046875 0.0439453125 0.064453125
1 0.6865234375 0.5498046875 0.0205078125 0.021484375
1 0.69140625 0.630859375 0.029296875 0.0546875