0 0.5849609375 0.439453125 0.060546875 0.0625
0 0.5400390625 0.470703125 0.0703125 0.1015625
0 0.326171875 0.814453125 0.1279296875 0.1513671875
1 0.6806640625 0.548828125 0.0546875 0.0546875
1 0.154296875 0.4775390625 0.0263671875 0.0361328125
0 0.625 0.607421875 0.1064453125 0.1201171875
0 0.6630859375 0.77734375 0.185546875 0.216796875
1 0.765625 0.734375 0.0439453125 0.0751953125
1 0.716796875 0.6337890625 0.0419921875 0.064453125
0 0.4873046875 0.361328125 0.0341796875 0.033203125
1 0.7822265625 0.61328125 0.044921875 0.060546875
1 0.2177734375 0.435546875 0.0205078125 0.0361328125
1 0.791015625 0.5576171875 0.0283203125 0.041015625
1 0.248046875 0.458984375 0.021484375 0.0419921875
1 0.1689453125 0.6142578125 0.0283203125 0.068359375
1 0.732421875 0.533203125 0.0341796875 0.0390625
1 0.1943359375 0.5576171875 0.0263671875 0.046875
1 0.228515625 0.6015625 0.0283203125 0.056640625
1 0.900390625 0.6552734375 0.078125 0.064453125
1 0.6181640625 0.513671875 0.0361328125 0.0654296875
1 0.841796875 0.572265625 0.03125 0.046875
1 0.9638671875 0.705078125 0.046875 0.0732421875
1 0.0625 0.478515625 0.0283203125 0.0341796875
0 0.4814453125 0.568359375 0.099609375 0.1015625
1 0.146484375 0.552734375 0.029296875 0.046875
1 0.3642578125 0.41796875 0.037109375 0.0361328125
0 0.2236328125 0.36328125 0.03125 0.0361328125
1 0.9052734375 0.8671875 0.044921875 0.046875
1 0.201171875 0.376953125 0.015625 0.0263671875
1 0.443359375 0.455078125 0.0283203125 0.0419921875
1 0.4404296875 0.525390625 0.025390625 0.0390625
1 0.857421875 0.7783203125 0.0830078125 0.087890625
1 0.591796875 0.4921875 0.017578125 0.041015625
1 0.478515625 0.4228515625 0.0205078125 0.033203125
1 0.7060546875 0.513671875 0.0185546875 0.0234375
1 0.4345703125 0.404296875 0.021484375 0.03125
1 0.24609375 0.4208984375 0.0205078125 0.029296875
1 0.16796875 0.3662109375 0.013671875 0.0263671875
0 0.9560546875 0.580078125 0.0595703125 0.060546875
1 0.380859375 0.46484375 0.0263671875 0.0546875
1 0.1513671875 0.423828125 0.0341796875 0.025390625
1 0.4384765625 0.3759765625 0.0205078125 0.0361328125
1 0.025390625 0.5615234375 0.025390625 0.044921875
0 0.541015625 0.3388671875 0.0419921875 0.03125
1 0.8935546875 0.5859375 0.041015625 0.0498046875
1 0.1923828125 0.36328125 0.009765625 0.017578125
1 0.455078125 0.361328125 0.0205078125 0.021484375
1 0.12890625 0.423828125 0.0205078125 0.029296875
1 0.939453125 0.634765625 0.03125 0.046875
1 0.5498046875 0.3955078125 0.021484375 0.03125
0 0.5771484375 0.3896484375 0.0390625 0.0390625
1 0.5966796875 0.400390625 0.015625 0.0205078125
1 0.646484375 0.4404296875 0.0419921875 0.0341796875