1 0.59375 0.5107421875 0.0283203125 0.0439453125
0 0.365234375 0.6083984375 0.0830078125 0.1044921875
1 0.619140625 0.5107421875 0.0263671875 0.046875
0 0.7119140625 0.642578125 0.1484375 0.146484375
0 0.150390625 0.435546875 0.0439453125 0.0419921875
0 0.6240234375 0.7724609375 0.154296875 0.189453125
1 0.65625 0.537109375 0.0341796875 0.056640625
1 0.8193359375 0.5830078125 0.0830078125 0.0810546875
1 0.595703125 0.607421875 0.0419921875 0.1171875
0 0.1953125 0.6171875 0.09375 0.130859375
1 0.560546875 0.5322265625 0.0263671875 0.048828125
0 0.4873046875 0.5576171875 0.099609375 0.1123046875
0 0.5634765625 0.408203125 0.0390625 0.0498046875
1 0.8916015625 0.6474609375 0.0732421875 0.076171875
0 0.5244140625 0.44921875 0.060546875 0.0888671875
0 0.099609375 0.3974609375 0.060546875 0.0361328125
1 0.587890625 0.453125 0.0205078125 0.0341796875
1 0.49609375 0.4052734375 0.0205078125 0.0361328125
1 0.7255859375 0.5302734375 0.0517578125 0.0576171875
0 0.345703125 0.5 0.0654296875 0.0625
0 0.23828125 0.4755859375 0.0673828125 0.0673828125
1 0.9599609375 0.5224609375 0.0361328125 0.0263671875
1 0.53125 0.3818359375 0.025390625 0.0263671875
0 0.4619140625 0.4775390625 0.0576171875 0.060546875
1 0.296875 0.69921875 0.03125 0.044921875
0 0.482421875 0.365234375 0.029296875 0.03125
1 0.634765625 0.4404296875 0.0361328125 0.0341796875
1 0.146484375 0.509765625 0.017578125 0.033203125
1 0.9609375 0.6552734375 0.0498046875 0.076171875
1 0.5908203125 0.4296875 0.015625 0.0283203125
1 0.1728515625 0.48828125 0.017578125 0.029296875
0 0.1796875 0.373046875 0.0283203125 0.03125
1 0.685546875 0.537109375 0.0341796875 0.0439453125
1 0.4541015625 0.3701171875 0.0205078125 0.025390625
1 0.89453125 0.5869140625 0.0390625 0.0546875
0 0.560546875 0.373046875 0.0283203125 0.0263671875
0 0.2998046875 0.4111328125 0.0654296875 0.0751953125
0 0.197265625 0.3466796875 0.03125 0.0283203125
1 0.9345703125 0.697265625 0.0439453125 0.0576171875
0 0.5283203125 0.341796875 0.037109375 0.025390625
0 0.2451171875 0.3876953125 0.056640625 0.0439453125
1 0.23046875 0.6953125 0.0419921875 0.072265625
1 0.5986328125 0.3876953125 0.0126953125 0.0185546875
1 0.927734375 0.6123046875 0.037109375 0.041015625
1 0.173828125 0.4638671875 0.0126953125 0.0185546875
1 0.498046875 0.4453125 0.013671875 0.037109375
1 0.0615234375 0.48046875 0.0263671875 0.0361328125
1 0.2265625 0.751953125 0.03125 0.0439453125
1 0.4423828125 0.412109375 0.0185546875 0.0234375
0 0.4423828125 0.4404296875 0.0341796875 0.046875
1 0.146484375 0.4716796875 0.015625 0.025390625
0 0.21875 0.365234375 0.03125 0.0341796875
1 0.18359375 0.5263671875 0.0205078125 0.037109375
1 0.408203125 0.4169921875 0.025390625 0.0341796875
1 0.0244140625 0.5595703125 0.0263671875 0.0439453125
1 0.880859375 0.8486328125 0.029296875 0.056640625
1 0.595703125 0.5556640625 0.021484375 0.0263671875
1 0.12109375 0.7666015625 0.033203125 0.060546875
1 0.5859375 0.375 0.03125 0.03125
1 0.9052734375 0.5458984375 0.0205078125 0.0263671875
1 0.1259765625 0.541015625 0.0234375 0.0517578125
0 0.220703125 0.333984375 0.0341796875 0.029296875
1 0.8212890625 0.49609375 0.0517578125 0.033203125