0 0.5966796875 0.5576171875 0.0908203125 0.1123046875
0 0.48828125 0.529296875 0.0673828125 0.091796875
1 0.7470703125 0.642578125 0.0498046875 0.0732421875
0 0.3369140625 0.7265625 0.0986328125 0.115234375
0 0.6015625 0.7294921875 0.1376953125 0.1689453125
1 0.591796875 0.484375 0.025390625 0.0341796875
1 0.796875 0.576171875 0.0654296875 0.0732421875
0 0.7431640625 0.48046875 0.1513671875 0.0732421875
1 0.9296875 0.705078125 0.087890625 0.0673828125
1 0.6787109375 0.580078125 0.033203125 0.0517578125
1 0.8525390625 0.548828125 0.0390625 0.0439453125
1 0.6650390625 0.544921875 0.033203125 0.0498046875
0 0.48828125 0.361328125 0.033203125 0.029296875
1 0.423828125 0.74609375 0.037109375 0.0673828125
1 0.724609375 0.533203125 0.0361328125 0.0390625
1 0.814453125 0.7255859375 0.0576171875 0.076171875
1 0.154296875 0.578125 0.0263671875 0.046875
1 0.705078125 0.556640625 0.0283203125 0.0517578125
1 0.96484375 0.623046875 0.0390625 0.052734375
1 0.916015625 0.5400390625 0.037109375 0.0361328125
1 0.6357421875 0.529296875 0.025390625 0.0341796875
1 0.833984375 0.6064453125 0.046875 0.056640625
0 0.5107421875 0.4013671875 0.0498046875 0.0498046875
1 0.15234375 0.6513671875 0.029296875 0.0498046875
1 0.6953125 0.7138671875 0.056640625 0.09375
0 0.2080078125 0.8359375 0.1376953125 0.109375
1 0.830078125 0.650390625 0.0546875 0.0439453125
1 0.529296875 0.6298828125 0.0361328125 0.046875
1 0.1591796875 0.451171875 0.015625 0.0234375
1 0.5146484375 0.46484375 0.0234375 0.0361328125
1 0.55078125 0.44921875 0.017578125 0.0234375
1 0.892578125 0.662109375 0.078125 0.0546875
0 0.455078125 0.470703125 0.0419921875 0.0517578125
1 0.1962890625 0.3818359375 0.0205078125 0.0263671875
0 0.509765625 0.3349609375 0.03125 0.033203125
0 0.54296875 0.33984375 0.029296875 0.0263671875
1 0.0576171875 0.482421875 0.025390625 0.0341796875
1 0.453125 0.521484375 0.021484375 0.044921875
0 0.876953125 0.849609375 0.171875 0.078125
0 0.544921875 0.48046875 0.0498046875 0.0546875
0 0.591796875 0.431640625 0.0498046875 0.0625
1 0.818359375 0.5341796875 0.025390625 0.0341796875
0 0.3564453125 0.3193359375 0.0283203125 0.017578125
1 0.0224609375 0.482421875 0.0263671875 0.046875
1 0.53515625 0.431640625 0.017578125 0.03125
0 0.2265625 0.357421875 0.03125 0.029296875
1 0.9306640625 0.607421875 0.0390625 0.033203125
1 0.89453125 0.5908203125 0.0361328125 0.0439453125
1 0.8896484375 0.3818359375 0.017578125 0.029296875
1 0.392578125 0.4873046875 0.015625 0.03125
1 0.021484375 0.560546875 0.0185546875 0.0439453125
1 0.1748046875 0.361328125 0.0185546875 0.0234375
1 0.041015625 0.5576171875 0.0185546875 0.037109375
1 0.662109375 0.501953125 0.0205078125 0.03125
1 0.484375 0.44921875 0.0283203125 0.0361328125
1 0.07421875 0.4013671875 0.013671875 0.021484375
0 0.3779296875 0.439453125 0.025390625 0.0361328125
1 0.5927734375 0.396484375 0.017578125 0.025390625