0 0.19140625 0.748046875 0.123046875 0.162109375
0 0.51171875 0.4228515625 0.048828125 0.0517578125
0 0.337890625 0.7265625 0.0966796875 0.119140625
1 0.306640625 0.85546875 0.0439453125 0.064453125
0 0.5380859375 0.353515625 0.0419921875 0.0439453125
1 0.513671875 0.47265625 0.033203125 0.044921875
0 0.4892578125 0.3603515625 0.037109375 0.033203125
1 0.61328125 0.4873046875 0.0390625 0.046875
1 0.0673828125 0.5400390625 0.0283203125 0.0517578125
1 0.2060546875 0.46875 0.03125 0.037109375
1 0.287109375 0.4775390625 0.03125 0.0390625
1 0.5712890625 0.384765625 0.013671875 0.0234375
0 0.193359375 0.41796875 0.072265625 0.0390625
1 0.564453125 0.4384765625 0.0185546875 0.0263671875
1 0.46875 0.4501953125 0.0283203125 0.041015625
0 0.5107421875 0.3330078125 0.03125 0.0283203125
1 0.646484375 0.4892578125 0.0205078125 0.037109375
1 0.0751953125 0.7607421875 0.037109375 0.068359375
1 0.41015625 0.806640625 0.0517578125 0.060546875
1 0.49609375 0.4501953125 0.017578125 0.03125
1 0.458984375 0.7841796875 0.037109375 0.052734375
1 0.103515625 0.6904296875 0.048828125 0.056640625
1 0.5498046875 0.47265625 0.021484375 0.0419921875
1 0.076171875 0.40234375 0.021484375 0.0234375
1 0.845703125 0.6376953125 0.0341796875 0.072265625
1 0.8798828125 0.85546875 0.052734375 0.0673828125
1 0.466796875 0.421875 0.015625 0.025390625
1 0.2509765625 0.42578125 0.0234375 0.0263671875
1 0.4287109375 0.66796875 0.0419921875 0.048828125
1 0.5771484375 0.4658203125 0.0205078125 0.0341796875
1 0.166015625 0.3662109375 0.013671875 0.013671875
1 0.111328125 0.3994140625 0.017578125 0.0234375
1 0.216796875 0.439453125 0.0234375 0.0263671875
1 0.4228515625 0.740234375 0.048828125 0.056640625
1 0.59375 0.392578125 0.021484375 0.029296875
0 0.9296875 0.5693359375 0.119140625 0.0703125
1 0.3974609375 0.4091796875 0.0234375 0.0341796875
1 0.0283203125 0.5693359375 0.0341796875 0.0576171875
1 0.0595703125 0.478515625 0.021484375 0.0361328125
1 0.462890625 0.365234375 0.0205078125 0.0263671875
1 0.4375 0.3642578125 0.0185546875 0.021484375
1 0.20703125 0.3564453125 0.013671875 0.0185546875
1 0.572265625 0.611328125 0.0263671875 0.0576171875
1 0.025390625 0.375 0.013671875 0.0185546875
1 0.46484375 0.3994140625 0.0107421875 0.0205078125
1 0.177734375 0.326171875 0.0205078125 0.021484375
1 0.228515625 0.3583984375 0.0126953125 0.017578125
1 0.904296875 0.49609375 0.0263671875 0.029296875
0 0.193359375 0.8759765625 0.130859375 0.029296875
1 0.357421875 0.396484375 0.013671875 0.0263671875
0 0.3193359375 0.392578125 0.0888671875 0.046875
1 0.6357421875 0.4423828125 0.0341796875 0.0341796875
1 0.595703125 0.4677734375 0.015625 0.0234375
1 0.107421875 0.484375 0.037109375 0.0341796875
1 0.5478515625 0.41796875 0.013671875 0.0234375
1 0.330078125 0.3564453125 0.0185546875 0.025390625
1 0.0732421875 0.337890625 0.015625 0.017578125
1 0.2470703125 0.353515625 0.0126953125 0.0234375
1 0.0751953125 0.384765625 0.0126953125 0.0185546875