0 0.5859375 0.68359375 0.134765625 0.1484375
0 0.1923828125 0.6484375 0.099609375 0.1279296875
0 0.5498046875 0.474609375 0.0595703125 0.048828125
0 0.349609375 0.650390625 0.087890625 0.1171875
1 0.166015625 0.546875 0.0341796875 0.0654296875
1 0.759765625 0.73828125 0.044921875 0.0830078125
1 0.4326171875 0.74609375 0.0283203125 0.0576171875
1 0.486328125 0.619140625 0.037109375 0.064453125
1 0.818359375 0.5859375 0.078125 0.072265625
1 0.6953125 0.5947265625 0.041015625 0.060546875
1 0.416015625 0.505859375 0.021484375 0.0361328125
1 0.263671875 0.490234375 0.025390625 0.0361328125
1 0.6884765625 0.5439453125 0.0546875 0.052734375
1 0.626953125 0.595703125 0.044921875 0.0625
1 0.09375 0.732421875 0.037109375 0.060546875
1 0.4462890625 0.5048828125 0.0205078125 0.041015625
1 0.728515625 0.5390625 0.0439453125 0.046875
1 0.494140625 0.45703125 0.025390625 0.0390625
1 0.6455078125 0.537109375 0.025390625 0.044921875
1 0.958984375 0.6669921875 0.052734375 0.078125
0 0.521484375 0.33203125 0.029296875 0.0234375
1 0.1474609375 0.490234375 0.017578125 0.033203125
0 0.5615234375 0.4306640625 0.048828125 0.0576171875
0 0.271484375 0.416015625 0.0703125 0.0390625
1 0.5869140625 0.5830078125 0.0361328125 0.052734375
0 0.318359375 0.451171875 0.0576171875 0.0498046875
1 0.8896484375 0.65234375 0.0830078125 0.0859375
1 0.4990234375 0.5712890625 0.029296875 0.044921875
1 0.90625 0.8271484375 0.0595703125 0.0859375
1 0.126953125 0.6025390625 0.025390625 0.0390625
1 0.896484375 0.759765625 0.044921875 0.0576171875
1 0.248046875 0.751953125 0.029296875 0.0439453125
0 0.5 0.365234375 0.0341796875 0.0263671875
1 0.4951171875 0.4951171875 0.025390625 0.046875
0 0.5419921875 0.373046875 0.03125 0.021484375
1 0.587890625 0.412109375 0.0234375 0.0361328125
1 0.0625 0.4794921875 0.03125 0.037109375
1 0.197265625 0.4833984375 0.021484375 0.0419921875
1 0.3671875 0.435546875 0.015625 0.0283203125
1 0.1435546875 0.787109375 0.0341796875 0.0673828125
1 0.515625 0.443359375 0.0185546875 0.0341796875
0 0.2265625 0.3486328125 0.03125 0.025390625
0 0.5673828125 0.3701171875 0.0283203125 0.021484375
1 0.294921875 0.736328125 0.0361328125 0.060546875
1 0.9267578125 0.6103515625 0.046875 0.0419921875
1 0.533203125 0.4111328125 0.0205078125 0.037109375
1 0.166015625 0.4716796875 0.021484375 0.025390625
1 0.2080078125 0.45703125 0.021484375 0.033203125
0 0.16015625 0.4169921875 0.0419921875 0.0341796875
0 0.9521484375 0.5751953125 0.0703125 0.056640625
1 0.63671875 0.8681640625 0.033203125 0.044921875
1 0.302734375 0.4951171875 0.0263671875 0.041015625
1 0.0322265625 0.5751953125 0.0390625 0.078125
1 0.5751953125 0.4580078125 0.0185546875 0.025390625
1 0.791015625 0.5498046875 0.025390625 0.037109375
1 0.931640625 0.701171875 0.0361328125 0.0517578125
1 0.4375 0.3642578125 0.0126953125 0.021484375
1 0.4931640625 0.4248046875 0.0205078125 0.041015625
1 0.896484375 0.5771484375 0.0390625 0.048828125
1 0.638671875 0.439453125 0.0419921875 0.0361328125
1 0.1826171875 0.373046875 0.0341796875 0.0263671875
0 0.462890625 0.470703125 0.0546875 0.056640625
1 0.5556640625 0.5322265625 0.033203125 0.060546875
1 0.10546875 0.484375 0.033203125 0.03125