0 0.8271484375 0.771484375 0.1826171875 0.220703125
0 0.3671875 0.6826171875 0.0908203125 0.1279296875
0 0.5771484375 0.673828125 0.126953125 0.140625
0 0.181640625 0.7041015625 0.1298828125 0.1796875
1 0.689453125 0.541015625 0.044921875 0.052734375
1 0.5859375 0.482421875 0.0283203125 0.0419921875
0 0.62890625 0.5576171875 0.111328125 0.1064453125
0 0.2509765625 0.5 0.0732421875 0.0908203125
1 0.5498046875 0.544921875 0.037109375 0.0908203125
1 0.896484375 0.6572265625 0.078125 0.0830078125
1 0.82421875 0.5908203125 0.080078125 0.072265625
0 0.361328125 0.5361328125 0.068359375 0.072265625
0 0.1435546875 0.4111328125 0.052734375 0.037109375
0 0.4697265625 0.529296875 0.0830078125 0.103515625
0 0.513671875 0.4296875 0.0576171875 0.087890625
1 0.962890625 0.650390625 0.046875 0.076171875
1 0.1796875 0.546875 0.03125 0.09375
1 0.55078125 0.490234375 0.0205078125 0.0283203125
1 0.134765625 0.5615234375 0.0205078125 0.0390625
1 0.0986328125 0.6328125 0.037109375 0.078125
1 0.580078125 0.44921875 0.0234375 0.0390625
0 0.564453125 0.3955078125 0.044921875 0.0595703125
1 0.7001953125 0.466796875 0.0283203125 0.0283203125
1 0.728515625 0.5400390625 0.0419921875 0.048828125
0 0.1572265625 0.4580078125 0.044921875 0.041015625
1 0.9287109375 0.611328125 0.0419921875 0.0439453125
1 0.2705078125 0.7744140625 0.046875 0.076171875
0 0.5361328125 0.3388671875 0.0341796875 0.025390625
1 0.6171875 0.490234375 0.0283203125 0.029296875
0 0.1806640625 0.3759765625 0.029296875 0.029296875
0 0.23046875 0.4013671875 0.0732421875 0.0498046875
0 0.3115234375 0.423828125 0.0732421875 0.0830078125
1 0.896484375 0.580078125 0.0439453125 0.0517578125
1 0.06640625 0.478515625 0.0361328125 0.037109375
1 0.482421875 0.40625 0.0185546875 0.037109375
1 0.0283203125 0.5634765625 0.03125 0.0517578125
0 0.4912109375 0.35546875 0.029296875 0.0419921875
0 0.4541015625 0.4638671875 0.0419921875 0.041015625
1 0.4267578125 0.392578125 0.021484375 0.0234375
1 0.1455078125 0.5126953125 0.0185546875 0.025390625
1 0.591796875 0.408203125 0.0205078125 0.041015625
1 0.638671875 0.501953125 0.0185546875 0.0283203125
1 0.431640625 0.427734375 0.025390625 0.0361328125
1 0.5322265625 0.37890625 0.0107421875 0.0205078125
1 0.2666015625 0.8447265625 0.044921875 0.0859375
1 0.0234375 0.478515625 0.025390625 0.03125
1 0.4873046875 0.451171875 0.0126953125 0.0341796875