0 0.3212890625 0.798828125 0.1484375 0.1767578125
1 0.5712890625 0.720703125 0.0419921875 0.0966796875
1 0.515625 0.599609375 0.03125 0.052734375
1 0.7431640625 0.802734375 0.0576171875 0.083984375
1 0.611328125 0.6630859375 0.0341796875 0.0546875
1 0.3818359375 0.638671875 0.033203125 0.048828125
1 0.673828125 0.4619140625 0.033203125 0.0361328125
1 0.587890625 0.5361328125 0.03125 0.0439453125
0 0.3154296875 0.650390625 0.0908203125 0.109375
0 0.240234375 0.509765625 0.0654296875 0.0751953125
1 0.796875 0.763671875 0.0498046875 0.0830078125
1 0.818359375 0.578125 0.0810546875 0.083984375
1 0.3955078125 0.4033203125 0.0185546875 0.0283203125
1 0.580078125 0.5869140625 0.0283203125 0.048828125
1 0.6953125 0.552734375 0.041015625 0.041015625
0 0.22265625 0.5849609375 0.080078125 0.0888671875
1 0.681640625 0.6005859375 0.0390625 0.0546875
1 0.0966796875 0.7373046875 0.0439453125 0.0595703125
1 0.111328125 0.529296875 0.0234375 0.041015625
1 0.9482421875 0.69140625 0.0751953125 0.0732421875
1 0.6708984375 0.666015625 0.0419921875 0.052734375
1 0.5625 0.3916015625 0.015625 0.0234375
0 0.322265625 0.5517578125 0.0703125 0.0810546875
0 0.3271484375 0.490234375 0.0673828125 0.0595703125
1 0.591796875 0.3955078125 0.017578125 0.025390625
1 0.900390625 0.5400390625 0.0419921875 0.044921875
1 0.52734375 0.4921875 0.0205078125 0.03125
1 0.892578125 0.642578125 0.078125 0.0732421875
0 0.5048828125 0.341796875 0.03125 0.0283203125
1 0.13671875 0.4833984375 0.0205078125 0.0263671875
1 0.185546875 0.5087890625 0.03125 0.044921875
1 0.7666015625 0.4853515625 0.029296875 0.029296875
0 0.48046875 0.3583984375 0.033203125 0.033203125
1 0.521484375 0.408203125 0.015625 0.029296875
1 0.427734375 0.400390625 0.013671875 0.03125
1 0.7275390625 0.537109375 0.044921875 0.044921875
1 0.37890625 0.392578125 0.0234375 0.03125
0 0.5439453125 0.333984375 0.037109375 0.025390625
1 0.044921875 0.5849609375 0.025390625 0.0419921875
1 0.5068359375 0.3662109375 0.0205078125 0.0263671875
1 0.4365234375 0.576171875 0.0234375 0.044921875
1 0.6103515625 0.435546875 0.0263671875 0.0390625
1 0.1376953125 0.630859375 0.0283203125 0.046875
1 0.0224609375 0.5634765625 0.0205078125 0.044921875
0 0.2548828125 0.3984375 0.052734375 0.052734375
1 0.4990234375 0.412109375 0.017578125 0.0263671875
1 0.96484375 0.525390625 0.044921875 0.03125
1 0.158203125 0.576171875 0.029296875 0.0419921875
1 0.697265625 0.8447265625 0.0576171875 0.0859375
1 0.896484375 0.5849609375 0.044921875 0.0576171875
1 0.2421875 0.3583984375 0.0185546875 0.0205078125
1 0.8916015625 0.384765625 0.017578125 0.0283203125
0 0.3837890625 0.365234375 0.033203125 0.029296875
1 0.0595703125 0.4814453125 0.025390625 0.037109375
1 0.22265625 0.392578125 0.0205078125 0.0263671875
0 0.8408203125 0.4921875 0.068359375 0.037109375
0 0.111328125 0.484375 0.041015625 0.037109375
1 0.4267578125 0.62109375 0.0439453125 0.0517578125
1 0.595703125 0.50390625 0.021484375 0.033203125
1 0.2080078125 0.4599609375 0.021484375 0.0361328125
1 0.224609375 0.8544921875 0.0576171875 0.072265625
1 0.1796875 0.4736328125 0.0439453125 0.0439453125
1 0.95703125 0.626953125 0.0361328125 0.0517578125
0 0.3505859375 0.322265625 0.0263671875 0.017578125
1 0.546875 0.830078125 0.0595703125 0.0908203125
1 0.841796875 0.5380859375 0.0234375 0.033203125
0 0.322265625 0.34765625 0.0888671875 0.0419921875