0 0.193359375 0.75 0.125 0.162109375
0 0.51171875 0.423828125 0.048828125 0.052734375
0 0.337890625 0.7265625 0.0986328125 0.119140625
1 0.412109375 0.8017578125 0.0546875 0.072265625
0 0.537109375 0.353515625 0.0390625 0.0419921875
1 0.548828125 0.470703125 0.025390625 0.0498046875
1 0.6142578125 0.482421875 0.0341796875 0.041015625
1 0.119140625 0.669921875 0.046875 0.0673828125
1 0.076171875 0.755859375 0.0419921875 0.072265625
0 0.501953125 0.34375 0.046875 0.0439453125
1 0.306640625 0.8359375 0.046875 0.09375
1 0.509765625 0.470703125 0.0234375 0.044921875
1 0.5908203125 0.482421875 0.021484375 0.037109375
1 0.427734375 0.6806640625 0.037109375 0.0390625
1 0.4384765625 0.4462890625 0.017578125 0.0263671875
1 0.5908203125 0.5419921875 0.056640625 0.0654296875
1 0.548828125 0.4365234375 0.0205078125 0.029296875
1 0.4765625 0.45703125 0.025390625 0.0361328125
1 0.4580078125 0.78125 0.037109375 0.0625
1 0.564453125 0.435546875 0.017578125 0.0234375
1 0.5830078125 0.38671875 0.021484375 0.029296875
1 0.4189453125 0.462890625 0.021484375 0.029296875
1 0.49609375 0.4521484375 0.017578125 0.0263671875
1 0.111328125 0.4052734375 0.015625 0.0234375
1 0.056640625 0.486328125 0.021484375 0.0263671875
1 0.03125 0.568359375 0.041015625 0.0673828125
1 0.646484375 0.482421875 0.021484375 0.0439453125
0 0.4541015625 0.505859375 0.126953125 0.064453125
1 0.4228515625 0.73828125 0.048828125 0.0546875
0 0.955078125 0.5732421875 0.0625 0.0625
1 0.0283203125 0.7841796875 0.0341796875 0.0810546875
0 0.0380859375 0.375 0.0390625 0.025390625
1 0.466796875 0.423828125 0.0185546875 0.0283203125
1 0.5693359375 0.376953125 0.017578125 0.021484375
1 0.51171875 0.3662109375 0.017578125 0.0263671875
1 0.4619140625 0.365234375 0.0234375 0.0283203125
1 0.6201171875 0.4560546875 0.015625 0.0283203125
1 0.529296875 0.4560546875 0.015625 0.0283203125
1 0.0703125 0.5458984375 0.0341796875 0.0732421875
0 0.1875 0.3251953125 0.037109375 0.025390625
1 0.166015625 0.36328125 0.013671875 0.017578125
0 0.234375 0.3720703125 0.0498046875 0.0283203125
1 0.587890625 0.4267578125 0.015625 0.025390625
1 0.021484375 0.494140625 0.021484375 0.033203125
0 0.197265625 0.8486328125 0.1298828125 0.072265625