0 0.1923828125 0.7490234375 0.125 0.1640625
0 0.513671875 0.4208984375 0.0517578125 0.0517578125
0 0.337890625 0.7275390625 0.0966796875 0.1201171875
0 0.541015625 0.353515625 0.0439453125 0.044921875
1 0.0673828125 0.5390625 0.0283203125 0.037109375
0 0.486328125 0.357421875 0.048828125 0.0419921875
1 0.2451171875 0.4453125 0.021484375 0.0283203125
0 0.845703125 0.57421875 0.2001953125 0.0888671875
1 0.115234375 0.576171875 0.03125 0.044921875
1 0.5791015625 0.48828125 0.0263671875 0.0361328125
1 0.1806640625 0.458984375 0.029296875 0.0361328125
1 0.5146484375 0.474609375 0.0419921875 0.044921875
1 0.078125 0.7568359375 0.037109375 0.0703125
1 0.1494140625 0.5 0.0234375 0.041015625
1 0.1357421875 0.4189453125 0.0283203125 0.03125
0 0.509765625 0.333984375 0.03125 0.0263671875
0 0.33203125 0.4638671875 0.095703125 0.056640625
1 0.517578125 0.560546875 0.033203125 0.0419921875
1 0.640625 0.4970703125 0.0283203125 0.041015625
1 0.580078125 0.4189453125 0.013671875 0.025390625
1 0.5654296875 0.3720703125 0.03125 0.03125
1 0.4150390625 0.8115234375 0.0361328125 0.048828125
1 0.45703125 0.783203125 0.0361328125 0.0576171875
1 0.427734375 0.677734375 0.0439453125 0.0498046875
1 0.4716796875 0.46875 0.025390625 0.03125
1 0.513671875 0.3701171875 0.017578125 0.021484375
1 0.0595703125 0.478515625 0.025390625 0.03125
1 0.5517578125 0.4697265625 0.021484375 0.0390625
1 0.3720703125 0.5107421875 0.0439453125 0.041015625
1 0.7431640625 0.609375 0.0732421875 0.0498046875
1 0.6015625 0.498046875 0.0185546875 0.0390625
1 0.49609375 0.455078125 0.017578125 0.0283203125
1 0.4365234375 0.3623046875 0.013671875 0.021484375
1 0.1611328125 0.3642578125 0.0126953125 0.0185546875
1 0.306640625 0.8330078125 0.044921875 0.083984375
1 0.37109375 0.34765625 0.017578125 0.0205078125
1 0.4736328125 0.4169921875 0.03125 0.037109375
1 0.111328125 0.400390625 0.041015625 0.025390625
1 0.587890625 0.4501953125 0.015625 0.025390625
1 0.017578125 0.4970703125 0.013671875 0.03125
1 0.494140625 0.5498046875 0.025390625 0.0439453125
1 0.619140625 0.4619140625 0.021484375 0.029296875
1 0.421875 0.744140625 0.0498046875 0.060546875
1 0.177734375 0.3251953125 0.021484375 0.021484375
1 0.19140625 0.41015625 0.017578125 0.029296875
1 0.021484375 0.564453125 0.0234375 0.041015625
1 0.5849609375 0.384765625 0.0107421875 0.021484375
1 0.154296875 0.4140625 0.0185546875 0.0283203125
0 0.2353515625 0.365234375 0.0576171875 0.0361328125
0 0.197265625 0.8759765625 0.1123046875 0.029296875
1 0.517578125 0.44921875 0.0185546875 0.0234375
1 0.025390625 0.373046875 0.0185546875 0.0234375
1 0.1953125 0.322265625 0.0185546875 0.0205078125
1 0.59375 0.4658203125 0.015625 0.0185546875
1 0.0732421875 0.5625 0.1220703125 0.1376953125
1 0.5498046875 0.44140625 0.015625 0.0234375
1 0.6328125 0.4423828125 0.025390625 0.0283203125
1 0.1083984375 0.4833984375 0.0361328125 0.033203125
1 0.064453125 0.5107421875 0.0205078125 0.0341796875
1 0.58203125 0.3603515625 0.0107421875 0.017578125
1 0.0390625 0.5537109375 0.0185546875 0.029296875
0 0.345703125 0.3310546875 0.0205078125 0.0185546875
1 0.423828125 0.46875 0.025390625 0.03125