0 0.1435546875 0.6572265625 0.0908203125 0.0986328125
0 0.603515625 0.69140625 0.146484375 0.1669921875
1 0.654296875 0.6220703125 0.033203125 0.0595703125
0 0.552734375 0.5654296875 0.087890625 0.0966796875
1 0.8193359375 0.583984375 0.0732421875 0.076171875
1 0.7109375 0.64453125 0.046875 0.1044921875
1 0.51171875 0.630859375 0.0361328125 0.0498046875
1 0.796875 0.7802734375 0.0625 0.1142578125
1 0.412109375 0.4384765625 0.0263671875 0.0390625
0 0.1875 0.51953125 0.072265625 0.076171875
1 0.8837890625 0.6708984375 0.0732421875 0.0703125
0 0.318359375 0.4853515625 0.0595703125 0.060546875
0 0.2900390625 0.443359375 0.0517578125 0.046875
1 0.6513671875 0.5693359375 0.0283203125 0.0419921875
1 0.947265625 0.6943359375 0.0751953125 0.080078125
1 0.548828125 0.462890625 0.025390625 0.044921875
0 0.486328125 0.466796875 0.046875 0.0625
1 0.572265625 0.4970703125 0.025390625 0.056640625
1 0.275390625 0.6953125 0.0419921875 0.0498046875
1 0.728515625 0.5390625 0.0419921875 0.0439453125
1 0.955078125 0.845703125 0.052734375 0.0888671875
1 0.474609375 0.5224609375 0.0263671875 0.0419921875
1 0.6865234375 0.5400390625 0.0390625 0.0419921875
0 0.205078125 0.427734375 0.052734375 0.0439453125
0 0.2421875 0.3837890625 0.0654296875 0.0361328125
1 0.791015625 0.70703125 0.037109375 0.064453125
0 0.228515625 0.357421875 0.03125 0.0205078125
1 0.2529296875 0.5107421875 0.021484375 0.037109375
0 0.181640625 0.3955078125 0.0419921875 0.037109375
1 0.48046875 0.5986328125 0.029296875 0.068359375
0 0.6943359375 0.470703125 0.0517578125 0.029296875
0 0.9296875 0.583984375 0.1123046875 0.095703125
1 0.4765625 0.416015625 0.0185546875 0.033203125
1 0.591796875 0.435546875 0.0185546875 0.029296875
1 0.544921875 0.4072265625 0.021484375 0.0361328125
0 0.185546875 0.361328125 0.037109375 0.0185546875
1 0.439453125 0.421875 0.021484375 0.041015625
0 0.373046875 0.583984375 0.0966796875 0.171875
1 0.029296875 0.5634765625 0.033203125 0.048828125
1 0.130859375 0.509765625 0.0234375 0.0546875
1 0.51171875 0.5888671875 0.0234375 0.037109375
1 0.240234375 0.4443359375 0.0205078125 0.0361328125
1 0.263671875 0.869140625 0.0361328125 0.0419921875
1 0.8994140625 0.544921875 0.033203125 0.0341796875
1 0.4599609375 0.4921875 0.0263671875 0.046875
1 0.248046875 0.740234375 0.0703125 0.083984375
1 0.07421875 0.474609375 0.0546875 0.041015625
1 0.9736328125 0.642578125 0.025390625 0.046875
1 0.8134765625 0.537109375 0.0263671875 0.0439453125
1 0.82421875 0.8515625 0.0703125 0.078125
1 0.1533203125 0.4931640625 0.025390625 0.0263671875
1 0.0234375 0.484375 0.025390625 0.037109375
1 0.5927734375 0.40234375 0.013671875 0.029296875
1 0.138671875 0.462890625 0.017578125 0.029296875
1 0.1279296875 0.419921875 0.0341796875 0.029296875
0 0.515625 0.384765625 0.03125 0.0341796875
1 0.935546875 0.654296875 0.0234375 0.041015625