0 0.19140625 0.7490234375 0.126953125 0.1640625
0 0.509765625 0.4208984375 0.048828125 0.064453125
0 0.337890625 0.728515625 0.099609375 0.1220703125
0 0.4873046875 0.361328125 0.0439453125 0.033203125
1 0.6337890625 0.59375 0.044921875 0.0498046875
1 0.568359375 0.470703125 0.033203125 0.0390625
1 0.583984375 0.5 0.0283203125 0.041015625
1 0.5712890625 0.548828125 0.0419921875 0.048828125
0 0.5400390625 0.349609375 0.0419921875 0.037109375
0 0.6123046875 0.755859375 0.1376953125 0.177734375
1 0.396484375 0.458984375 0.03125 0.033203125
1 0.427734375 0.4970703125 0.0576171875 0.0498046875
1 0.412109375 0.8076171875 0.0498046875 0.068359375
1 0.80078125 0.64453125 0.0986328125 0.0673828125
1 0.4287109375 0.6728515625 0.0390625 0.064453125
0 0.810546875 0.5732421875 0.1826171875 0.0810546875
1 0.494140625 0.603515625 0.046875 0.0654296875
1 0.7158203125 0.625 0.052734375 0.0595703125
1 0.63671875 0.5 0.0234375 0.0439453125
1 0.0791015625 0.751953125 0.048828125 0.0830078125
1 0.728515625 0.767578125 0.056640625 0.078125
1 0.4951171875 0.5 0.0341796875 0.0341796875
1 0.1982421875 0.419921875 0.03125 0.025390625
1 0.548828125 0.373046875 0.017578125 0.0263671875
1 0.673828125 0.466796875 0.0234375 0.0341796875
1 0.4951171875 0.5439453125 0.03125 0.041015625
1 0.669921875 0.626953125 0.037109375 0.044921875
1 0.8955078125 0.599609375 0.046875 0.048828125
1 0.8466796875 0.49609375 0.0498046875 0.0419921875
1 0.3974609375 0.6201171875 0.0419921875 0.0595703125
1 0.5419921875 0.716796875 0.046875 0.087890625
1 0.3076171875 0.8486328125 0.041015625 0.056640625
1 0.28125 0.439453125 0.037109375 0.029296875
1 0.833984375 0.8056640625 0.068359375 0.0888671875
1 0.4541015625 0.373046875 0.0234375 0.0263671875
1 0.1474609375 0.419921875 0.0205078125 0.0283203125
1 0.6083984375 0.478515625 0.0234375 0.03125
0 0.5087890625 0.3330078125 0.033203125 0.0283203125
1 0.060546875 0.478515625 0.025390625 0.0361328125
1 0.0234375 0.5625 0.021484375 0.041015625
1 0.9716796875 0.607421875 0.03125 0.048828125
1 0.1025390625 0.5712890625 0.0263671875 0.0517578125
1 0.537109375 0.556640625 0.03125 0.0390625
1 0.544921875 0.525390625 0.0419921875 0.041015625
1 0.43359375 0.453125 0.0263671875 0.0341796875
1 0.8935546875 0.380859375 0.021484375 0.029296875
1 0.935546875 0.6142578125 0.048828125 0.0498046875
1 0.400390625 0.3720703125 0.0205078125 0.0283203125
1 0.552734375 0.419921875 0.013671875 0.0234375
1 0.1181640625 0.8564453125 0.0361328125 0.056640625
1 0.1083984375 0.4853515625 0.033203125 0.033203125
1 0.921875 0.5537109375 0.041015625 0.0419921875
1 0.8828125 0.869140625 0.072265625 0.0390625
1 0.365234375 0.5830078125 0.0283203125 0.0498046875
1 0.55078125 0.544921875 0.1640625 0.158203125
1 0.17578125 0.3408203125 0.017578125 0.021484375
1 0.416015625 0.7490234375 0.0341796875 0.033203125
1 0.6083984375 0.4501953125 0.017578125 0.021484375
1 0.041015625 0.5556640625 0.015625 0.0263671875
1 0.916015625 0.501953125 0.0234375 0.0390625
1 0.7958984375 0.482421875 0.0234375 0.025390625
0 0.185546875 0.3232421875 0.041015625 0.025390625
1 0.033203125 0.470703125 0.0419921875 0.041015625
0 0.1943359375 0.875 0.0859375 0.0283203125
1 0.0751953125 0.6533203125 0.03125 0.0498046875
1 0.623046875 0.556640625 0.033203125 0.0439453125
1 0.53515625 0.6494140625 0.0390625 0.0576171875
1 0.4541015625 0.462890625 0.0205078125 0.0283203125
1 0.56640625 0.443359375 0.017578125 0.025390625
1 0.5810546875 0.376953125 0.021484375 0.0361328125
1 0.537109375 0.408203125 0.015625 0.025390625
0 0.3173828125 0.3984375 0.0966796875 0.046875
0 0.244140625 0.3779296875 0.068359375 0.037109375
1 0.224609375 0.3525390625 0.025390625 0.0205078125
1 0.025390625 0.373046875 0.0126953125 0.025390625
1 0.087890625 0.4150390625 0.0205078125 0.0234375