0 0.1240234375 0.767578125 0.142578125 0.166015625
0 0.685546875 0.685546875 0.146484375 0.177734375
0 0.3447265625 0.587890625 0.0830078125 0.095703125
0 0.50390625 0.556640625 0.076171875 0.1015625
1 0.5732421875 0.5361328125 0.03125 0.052734375
0 0.5068359375 0.4287109375 0.048828125 0.0517578125
0 0.3203125 0.8193359375 0.162109375 0.1357421875
1 0.248046875 0.6572265625 0.041015625 0.064453125
1 0.798828125 0.578125 0.0419921875 0.0625
0 0.224609375 0.544921875 0.0673828125 0.0732421875
1 0.705078125 0.546875 0.03125 0.046875
1 0.2724609375 0.51953125 0.0263671875 0.044921875
0 0.490234375 0.3505859375 0.0341796875 0.0361328125
0 0.224609375 0.47265625 0.0546875 0.0576171875
0 0.3095703125 0.490234375 0.0595703125 0.060546875
1 0.5830078125 0.447265625 0.0185546875 0.0263671875
1 0.6181640625 0.5380859375 0.0263671875 0.0517578125
1 0.892578125 0.6494140625 0.0830078125 0.0732421875
1 0.6455078125 0.564453125 0.03125 0.0546875
1 0.57421875 0.4814453125 0.029296875 0.037109375
1 0.9462890625 0.6904296875 0.076171875 0.078125
1 0.162109375 0.548828125 0.03125 0.037109375
1 0.5595703125 0.4248046875 0.0185546875 0.0341796875
1 0.8642578125 0.5927734375 0.078125 0.0673828125
1 0.404296875 0.451171875 0.0185546875 0.0341796875
1 0.125 0.591796875 0.0283203125 0.0498046875
1 0.599609375 0.494140625 0.0263671875 0.041015625
1 0.73828125 0.6416015625 0.0390625 0.064453125
1 0.5732421875 0.7607421875 0.037109375 0.0595703125
1 0.244140625 0.4375 0.03125 0.037109375
1 0.34765625 0.46484375 0.0234375 0.033203125
1 0.0908203125 0.66015625 0.037109375 0.0732421875
1 0.57421875 0.6357421875 0.0361328125 0.052734375
1 0.599609375 0.572265625 0.025390625 0.0517578125
1 0.732421875 0.537109375 0.0390625 0.046875
1 0.1669921875 0.482421875 0.0185546875 0.033203125
1 0.13671875 0.53515625 0.029296875 0.033203125
1 0.54296875 0.474609375 0.0205078125 0.03125
1 0.8232421875 0.7333984375 0.052734375 0.0859375
1 0.5888671875 0.7041015625 0.046875 0.076171875
1 0.068359375 0.478515625 0.0390625 0.0390625
1 0.22265625 0.42578125 0.0234375 0.033203125
1 0.92578125 0.8310546875 0.0732421875 0.0966796875
0 0.0478515625 0.380859375 0.0263671875 0.0185546875
1 0.029296875 0.814453125 0.0390625 0.064453125
1 0.6767578125 0.4638671875 0.0185546875 0.025390625
1 0.671875 0.5234375 0.021484375 0.041015625
1 0.5009765625 0.6103515625 0.029296875 0.048828125
1 0.4541015625 0.4619140625 0.0390625 0.0419921875
1 0.828125 0.5615234375 0.0341796875 0.044921875
1 0.255859375 0.404296875 0.0234375 0.0283203125
1 0.935546875 0.607421875 0.0625 0.0546875
1 0.626953125 0.8271484375 0.0546875 0.091796875
1 0.029296875 0.5615234375 0.0341796875 0.044921875
1 0.896484375 0.5478515625 0.037109375 0.0419921875
0 0.1884765625 0.3515625 0.0263671875 0.0185546875
1 0.5068359375 0.490234375 0.0205078125 0.0283203125
0 0.7568359375 0.8720703125 0.123046875 0.0341796875
1 0.4501953125 0.392578125 0.03125 0.046875
1 0.0732421875 0.400390625 0.0185546875 0.0263671875
1 0.470703125 0.3701171875 0.013671875 0.0185546875
0 0.3515625 0.318359375 0.03125 0.015625
1 0.5849609375 0.412109375 0.0205078125 0.037109375
0 0.2802734375 0.4228515625 0.0419921875 0.0390625
1 0.453125 0.501953125 0.025390625 0.0419921875
0 0.400390625 0.408203125 0.033203125 0.0419921875
1 0.541015625 0.837890625 0.052734375 0.0830078125
0 0.228515625 0.341796875 0.0263671875 0.0205078125
1 0.5400390625 0.37890625 0.029296875 0.0361328125
1 0.97265625 0.6357421875 0.033203125 0.0625
1 0.10546875 0.48828125 0.029296875 0.033203125
1 0.5732421875 0.365234375 0.0126953125 0.0205078125
1 0.484375 0.388671875 0.021484375 0.03125
1 0.52734375 0.4814453125 0.017578125 0.0341796875
1 0.021484375 0.5166015625 0.021484375 0.0234375
1 0.12109375 0.421875 0.017578125 0.021484375
1 0.6318359375 0.44140625 0.033203125 0.0390625
1 0.5791015625 0.4775390625 0.095703125 0.220703125
0 0.1943359375 0.4052734375 0.0576171875 0.048828125
1 0.4443359375 0.427734375 0.0205078125 0.029296875