0 0.712890625 0.7021484375 0.15625 0.1669921875
0 0.560546875 0.5087890625 0.0703125 0.095703125
1 0.6806640625 0.5908203125 0.0419921875 0.0625
0 0.3349609375 0.744140625 0.107421875 0.123046875
0 0.626953125 0.453125 0.0830078125 0.0654296875
1 0.794921875 0.576171875 0.037109375 0.0517578125
1 0.7353515625 0.583984375 0.044921875 0.048828125
0 0.4873046875 0.357421875 0.046875 0.037109375
1 0.8662109375 0.6533203125 0.060546875 0.0595703125
1 0.1826171875 0.5185546875 0.021484375 0.0439453125
1 0.189453125 0.40234375 0.0205078125 0.033203125
1 0.37890625 0.4462890625 0.0263671875 0.044921875
1 0.6533203125 0.552734375 0.0341796875 0.0546875
1 0.705078125 0.513671875 0.0185546875 0.0283203125
0 0.466796875 0.494140625 0.060546875 0.0830078125
1 0.6875 0.5419921875 0.037109375 0.0439453125
1 0.1455078125 0.4482421875 0.021484375 0.0283203125
1 0.8662109375 0.595703125 0.080078125 0.0595703125
1 0.96484375 0.7041015625 0.044921875 0.0732421875
1 0.763671875 0.6728515625 0.0341796875 0.0546875
0 0.52734375 0.61328125 0.0986328125 0.1201171875
1 0.357421875 0.4248046875 0.0263671875 0.03125
1 0.5546875 0.55859375 0.0341796875 0.048828125
1 0.2158203125 0.4892578125 0.021484375 0.041015625
1 0.1259765625 0.41796875 0.0361328125 0.0263671875
0 0.078125 0.390625 0.0439453125 0.03125
1 0.060546875 0.4794921875 0.025390625 0.0341796875
1 0.1826171875 0.357421875 0.0126953125 0.0205078125
1 0.111328125 0.48046875 0.033203125 0.0361328125
1 0.189453125 0.478515625 0.017578125 0.0341796875
1 0.177734375 0.4365234375 0.013671875 0.0263671875
1 0.91796875 0.6259765625 0.0419921875 0.060546875
1 0.2265625 0.41015625 0.0283203125 0.0361328125
1 0.8466796875 0.5546875 0.025390625 0.0439453125
1 0.8720703125 0.791015625 0.0654296875 0.109375
0 0.3515625 0.3212890625 0.03125 0.017578125
0 0.9462890625 0.580078125 0.080078125 0.0625
1 0.7294921875 0.5361328125 0.0341796875 0.037109375
1 0.9306640625 0.541015625 0.048828125 0.03125
0 0.224609375 0.361328125 0.03125 0.0361328125
1 0.0263671875 0.470703125 0.03125 0.037109375
0 0.234375 0.337890625 0.025390625 0.0205078125
1 0.9609375 0.623046875 0.0341796875 0.048828125
0 0.5166015625 0.3251953125 0.0361328125 0.021484375
1 0.025390625 0.5625 0.025390625 0.046875
1 0.671875 0.494140625 0.0185546875 0.033203125
1 0.1982421875 0.3525390625 0.015625 0.0263671875
1 0.181640625 0.48828125 0.0908203125 0.1015625
1 0.380859375 0.4052734375 0.021484375 0.0390625
1 0.423828125 0.41796875 0.029296875 0.0361328125
0 0.548828125 0.42578125 0.052734375 0.064453125
1 0.814453125 0.5576171875 0.021484375 0.03125
1 0.482421875 0.4345703125 0.0283203125 0.0439453125
1 0.591796875 0.419921875 0.017578125 0.0234375
0 0.255859375 0.333984375 0.0283203125 0.021484375
1 0.453125 0.3701171875 0.015625 0.037109375
1 0.45703125 0.728515625 0.048828125 0.095703125
1 0.595703125 0.46484375 0.015625 0.029296875
1 0.6826171875 0.8720703125 0.0439453125 0.037109375
1 0.9013671875 0.546875 0.025390625 0.037109375