0 0.32421875 0.7998046875 0.1455078125 0.1748046875
0 0.2021484375 0.6767578125 0.107421875 0.115234375
0 0.240234375 0.505859375 0.0625 0.068359375
0 0.5703125 0.5693359375 0.1123046875 0.1328125
0 0.318359375 0.6513671875 0.0888671875 0.1123046875
0 0.224609375 0.5771484375 0.078125 0.0888671875
1 0.8193359375 0.583984375 0.0830078125 0.0810546875
1 0.8974609375 0.650390625 0.076171875 0.080078125
1 0.689453125 0.5439453125 0.048828125 0.056640625
0 0.3212890625 0.55078125 0.0703125 0.080078125
1 0.134765625 0.564453125 0.03125 0.060546875
0 0.3271484375 0.490234375 0.064453125 0.0576171875
1 0.1552734375 0.482421875 0.017578125 0.029296875
0 0.5048828125 0.3427734375 0.037109375 0.029296875
1 0.728515625 0.53515625 0.0439453125 0.0419921875
1 0.130859375 0.63671875 0.0390625 0.064453125
1 0.060546875 0.486328125 0.021484375 0.025390625
1 0.94921875 0.6845703125 0.0703125 0.087890625
1 0.1279296875 0.4892578125 0.0185546875 0.0341796875
1 0.19140625 0.4892578125 0.0205078125 0.037109375
1 0.4052734375 0.6044921875 0.0234375 0.068359375
0 0.4765625 0.35546875 0.0341796875 0.0263671875
1 0.9306640625 0.6044921875 0.0576171875 0.046875
1 0.533203125 0.4326171875 0.017578125 0.025390625
1 0.04296875 0.5791015625 0.0263671875 0.0546875
0 0.4208984375 0.3994140625 0.0390625 0.0419921875
1 0.896484375 0.5458984375 0.0419921875 0.0419921875
1 0.5537109375 0.416015625 0.0107421875 0.0234375
1 0.173828125 0.46484375 0.0205078125 0.029296875
0 0.5341796875 0.330078125 0.0439453125 0.03125
0 0.173828125 0.529296875 0.0263671875 0.046875
1 0.4716796875 0.4453125 0.021484375 0.037109375
1 0.1953125 0.4267578125 0.021484375 0.025390625
1 0.2060546875 0.4833984375 0.015625 0.0390625
1 0.4443359375 0.4248046875 0.017578125 0.037109375
1 0.142578125 0.455078125 0.0205078125 0.046875
1 0.8505859375 0.5478515625 0.029296875 0.0419921875
0 0.3515625 0.3203125 0.03125 0.015625
1 0.021484375 0.4736328125 0.0205078125 0.025390625
0 0.2412109375 0.388671875 0.0703125 0.0419921875
1 0.587890625 0.419921875 0.009765625 0.021484375
0 0.19140625 0.392578125 0.033203125 0.0234375
1 0.591796875 0.400390625 0.015625 0.0283203125
1 0.953125 0.5234375 0.025390625 0.0341796875
1 0.21875 0.4228515625 0.03125 0.0263671875
1 0.380859375 0.3984375 0.017578125 0.021484375
1 0.4189453125 0.3642578125 0.0126953125 0.015625
1 0.2646484375 0.5888671875 0.0205078125 0.0439453125
1 0.888671875 0.3857421875 0.013671875 0.0283203125
0 0.1005859375 0.4072265625 0.0517578125 0.033203125