0 0.1923828125 0.748046875 0.125 0.162109375
0 0.5126953125 0.419921875 0.0595703125 0.052734375
0 0.337890625 0.7265625 0.0986328125 0.119140625
1 0.611328125 0.494140625 0.0390625 0.048828125
0 0.3369140625 0.4560546875 0.095703125 0.056640625
0 0.490234375 0.359375 0.0439453125 0.0341796875
0 0.5400390625 0.349609375 0.0419921875 0.037109375
1 0.41015625 0.8115234375 0.0419921875 0.0546875
1 0.0771484375 0.7568359375 0.0419921875 0.0732421875
1 0.068359375 0.54296875 0.0263671875 0.044921875
0 0.2001953125 0.4208984375 0.078125 0.0419921875
1 0.310546875 0.845703125 0.046875 0.0703125
1 0.5751953125 0.486328125 0.03125 0.0419921875
1 0.2958984375 0.4912109375 0.0390625 0.048828125
1 0.3701171875 0.501953125 0.037109375 0.0439453125
1 0.5302734375 0.505859375 0.0361328125 0.0439453125
1 0.4921875 0.513671875 0.052734375 0.048828125
1 0.1455078125 0.4833984375 0.025390625 0.048828125
1 0.4072265625 0.505859375 0.044921875 0.044921875
0 0.509765625 0.3330078125 0.03125 0.0283203125
1 0.63671875 0.505859375 0.0263671875 0.044921875
1 0.541015625 0.474609375 0.029296875 0.037109375
1 0.201171875 0.4716796875 0.0234375 0.0341796875
1 0.5556640625 0.39453125 0.0205078125 0.0361328125
1 0.1171875 0.42578125 0.025390625 0.0234375
1 0.5078125 0.4677734375 0.0283203125 0.0390625
1 0.4736328125 0.4033203125 0.015625 0.0341796875
1 0.232421875 0.4501953125 0.0283203125 0.037109375
1 0.45703125 0.7880859375 0.0390625 0.060546875
1 0.158203125 0.443359375 0.015625 0.025390625
1 0.6376953125 0.5615234375 0.052734375 0.0361328125
1 0.431640625 0.6875 0.052734375 0.1064453125
1 0.5556640625 0.4501953125 0.0234375 0.0283203125
1 0.453125 0.423828125 0.015625 0.0390625
1 0.5810546875 0.4013671875 0.015625 0.025390625
1 0.404296875 0.5703125 0.0703125 0.0439453125
1 0.595703125 0.470703125 0.0185546875 0.03125
1 0.4091796875 0.47265625 0.0185546875 0.0361328125
1 0.939453125 0.587890625 0.037109375 0.0361328125
1 0.4501953125 0.5078125 0.037109375 0.052734375
1 0.6201171875 0.611328125 0.03125 0.0830078125
1 0.146484375 0.408203125 0.015625 0.021484375
1 0.8291015625 0.5615234375 0.0546875 0.044921875
1 0.4326171875 0.748046875 0.0283203125 0.0439453125
1 0.5654296875 0.3662109375 0.0185546875 0.033203125
0 0.2314453125 0.3662109375 0.056640625 0.0361328125
1 0.0185546875 0.494140625 0.015625 0.0361328125
1 0.0595703125 0.482421875 0.0185546875 0.0341796875
1 0.4365234375 0.36328125 0.017578125 0.0234375
1 0.5849609375 0.619140625 0.048828125 0.09375
1 0.9677734375 0.759765625 0.0390625 0.064453125
1 0.744140625 0.728515625 0.072265625 0.068359375
1 0.021484375 0.4619140625 0.0185546875 0.029296875
1 0.1015625 0.6328125 0.0283203125 0.037109375
0 0.2431640625 0.333984375 0.0361328125 0.021484375
1 0.9052734375 0.5830078125 0.0419921875 0.0341796875
1 0.619140625 0.462890625 0.0205078125 0.029296875
1 0.0810546875 0.4033203125 0.03125 0.025390625
0 0.185546875 0.32421875 0.037109375 0.0234375
1 0.412109375 0.7685546875 0.033203125 0.0439453125
1 0.7734375 0.56640625 0.0625 0.0390625
1 0.818359375 0.5390625 0.0205078125 0.021484375
0 0.1982421875 0.875 0.1064453125 0.0283203125
1 0.4833984375 0.48828125 0.2861328125 0.0986328125
1 0.0966796875 0.4775390625 0.0498046875 0.0390625
1 0.9755859375 0.6953125 0.0205078125 0.0625
1 0.025390625 0.55859375 0.0283203125 0.0390625
1 0.3291015625 0.35546875 0.017578125 0.029296875