1 0.6806640625 0.5478515625 0.0517578125 0.0576171875
0 0.7421875 0.69140625 0.1591796875 0.1669921875
0 0.2197265625 0.5283203125 0.0673828125 0.0751953125
1 0.2255859375 0.712890625 0.044921875 0.0732421875
0 0.544921875 0.4765625 0.060546875 0.0751953125
1 0.8173828125 0.572265625 0.078125 0.087890625
1 0.408203125 0.4443359375 0.021484375 0.029296875
1 0.1318359375 0.66796875 0.0419921875 0.1044921875
1 0.125 0.5859375 0.0283203125 0.041015625
1 0.1640625 0.482421875 0.021484375 0.0341796875
1 0.6220703125 0.51953125 0.0283203125 0.044921875
1 0.2568359375 0.63671875 0.0390625 0.0576171875
1 0.283203125 0.53515625 0.03125 0.0517578125
1 0.900390625 0.650390625 0.0732421875 0.078125
1 0.599609375 0.544921875 0.033203125 0.0517578125
1 0.619140625 0.6083984375 0.0439453125 0.060546875
1 0.140625 0.5087890625 0.025390625 0.0419921875
1 0.380859375 0.484375 0.025390625 0.041015625
1 0.154296875 0.716796875 0.029296875 0.048828125
1 0.232421875 0.451171875 0.021484375 0.0390625
1 0.416015625 0.419921875 0.021484375 0.0263671875
1 0.724609375 0.533203125 0.048828125 0.0498046875
1 0.357421875 0.4404296875 0.0205078125 0.0283203125
0 0.521484375 0.423828125 0.044921875 0.0439453125
0 0.4658203125 0.42578125 0.041015625 0.0419921875
1 0.2109375 0.462890625 0.021484375 0.0390625
1 0.27734375 0.4541015625 0.0205078125 0.044921875
1 0.953125 0.708984375 0.072265625 0.1171875
1 0.060546875 0.478515625 0.0263671875 0.0361328125
1 0.576171875 0.462890625 0.0205078125 0.0341796875
1 0.611328125 0.7041015625 0.064453125 0.0888671875
1 0.208984375 0.4248046875 0.021484375 0.0283203125
1 0.6025390625 0.4892578125 0.0361328125 0.052734375
0 0.560546875 0.404296875 0.0439453125 0.0439453125
1 0.470703125 0.4521484375 0.015625 0.029296875
1 0.193359375 0.376953125 0.0185546875 0.0283203125
1 0.435546875 0.46484375 0.017578125 0.0390625
1 0.896484375 0.541015625 0.0361328125 0.0439453125
1 0.634765625 0.83203125 0.052734375 0.0986328125
0 0.0966796875 0.3974609375 0.0595703125 0.0419921875
0 0.3515625 0.318359375 0.03125 0.021484375
0 0.498046875 0.345703125 0.0361328125 0.0361328125
0 0.236328125 0.34375 0.0498046875 0.037109375
0 0.2490234375 0.408203125 0.048828125 0.0390625
1 0.455078125 0.556640625 0.037109375 0.0830078125
1 0.4345703125 0.4970703125 0.021484375 0.041015625
0 0.5107421875 0.380859375 0.0341796875 0.0341796875
1 0.455078125 0.474609375 0.03125 0.046875
1 0.697265625 0.591796875 0.037109375 0.0439453125
1 0.955078125 0.6318359375 0.0419921875 0.0546875
1 0.9248046875 0.6044921875 0.046875 0.046875
1 0.6826171875 0.5009765625 0.0439453125 0.0390625
1 0.2568359375 0.595703125 0.0263671875 0.041015625
1 0.634765625 0.4384765625 0.0361328125 0.0361328125
1 0.1083984375 0.4833984375 0.033203125 0.033203125
1 0.5126953125 0.455078125 0.025390625 0.0361328125
1 0.4462890625 0.6650390625 0.033203125 0.060546875
1 0.8974609375 0.5751953125 0.0419921875 0.041015625
1 0.2431640625 0.505859375 0.017578125 0.021484375
1 0.1083984375 0.748046875 0.1015625 0.0751953125
1 0.458984375 0.3642578125 0.021484375 0.0341796875
0 0.232421875 0.373046875 0.046875 0.03125
1 0.02734375 0.55859375 0.033203125 0.044921875
1 0.021484375 0.4912109375 0.0205078125 0.0361328125
1 0.0771484375 0.337890625 0.0205078125 0.0185546875
1 0.1650390625 0.443359375 0.0419921875 0.0341796875
1 0.53515625 0.3828125 0.0234375 0.03125
0 0.5712890625 0.3671875 0.029296875 0.03125
1 0.68359375 0.7529296875 0.048828125 0.0595703125
1 0.56640625 0.791015625 0.060546875 0.0654296875