0 0.1923828125 0.748046875 0.125 0.1611328125
0 0.51171875 0.4248046875 0.0546875 0.0595703125
0 0.337890625 0.7275390625 0.0986328125 0.1201171875
1 0.306640625 0.482421875 0.025390625 0.0361328125
0 0.5400390625 0.3544921875 0.048828125 0.046875
1 0.068359375 0.537109375 0.0263671875 0.044921875
1 0.5126953125 0.5556640625 0.0498046875 0.064453125
1 0.564453125 0.3759765625 0.025390625 0.029296875
1 0.634765625 0.5087890625 0.021484375 0.0390625
1 0.1640625 0.4716796875 0.021484375 0.0341796875
1 0.2490234375 0.451171875 0.0234375 0.029296875
1 0.61328125 0.4990234375 0.029296875 0.0361328125
0 0.4873046875 0.3515625 0.072265625 0.056640625
1 0.416015625 0.791015625 0.052734375 0.083984375
0 0.431640625 0.4912109375 0.1201171875 0.064453125
1 0.1328125 0.548828125 0.025390625 0.044921875
1 0.13671875 0.4462890625 0.033203125 0.0390625
1 0.306640625 0.8505859375 0.041015625 0.0576171875
1 0.58984375 0.396484375 0.017578125 0.033203125
1 0.2021484375 0.46875 0.0361328125 0.0439453125
1 0.0859375 0.4140625 0.0283203125 0.021484375
1 0.515625 0.478515625 0.046875 0.0390625
1 0.45703125 0.779296875 0.0390625 0.0654296875
0 0.9609375 0.587890625 0.052734375 0.068359375
1 0.6455078125 0.46875 0.0185546875 0.0283203125
1 0.080078125 0.7490234375 0.0517578125 0.0859375
1 0.5654296875 0.505859375 0.0439453125 0.0419921875
1 0.064453125 0.669921875 0.064453125 0.064453125
1 0.201171875 0.419921875 0.0283203125 0.0234375
1 0.4814453125 0.42578125 0.0185546875 0.029296875
1 0.0693359375 0.4814453125 0.0390625 0.0341796875
1 0.16015625 0.4091796875 0.0205078125 0.0283203125
1 0.0302734375 0.5810546875 0.0361328125 0.087890625
1 0.4677734375 0.447265625 0.0234375 0.0341796875
1 0.7333984375 0.5791015625 0.0361328125 0.0419921875
1 0.4267578125 0.6787109375 0.037109375 0.0419921875
1 0.177734375 0.4248046875 0.029296875 0.021484375
1 0.6650390625 0.5107421875 0.0234375 0.03125
1 0.5498046875 0.4501953125 0.0185546875 0.021484375
1 0.634765625 0.4453125 0.0283203125 0.0283203125
1 0.5556640625 0.4716796875 0.0205078125 0.0341796875
1 0.58203125 0.46484375 0.0205078125 0.029296875
1 0.5439453125 0.533203125 0.021484375 0.033203125
1 0.4951171875 0.45703125 0.0185546875 0.0361328125
1 0.58984375 0.490234375 0.017578125 0.0341796875
1 0.9794921875 0.6416015625 0.0185546875 0.0361328125
0 0.232421875 0.361328125 0.0595703125 0.0263671875
1 0.2119140625 0.33203125 0.017578125 0.017578125
1 0.8916015625 0.384765625 0.017578125 0.025390625
1 0.029296875 0.375 0.025390625 0.021484375
1 0.619140625 0.462890625 0.017578125 0.0263671875
1 0.587890625 0.361328125 0.0126953125 0.021484375
1 0.732421875 0.4541015625 0.013671875 0.0390625
1 0.828125 0.6572265625 0.0625 0.0419921875
1 0.5615234375 0.474609375 0.189453125 0.111328125
1 0.34375 0.3408203125 0.0126953125 0.0185546875
0 0.197265625 0.875 0.087890625 0.0283203125
1 0.7626953125 0.5712890625 0.037109375 0.048828125
1 0.2216796875 0.4658203125 0.197265625 0.09375
1 0.1640625 0.37109375 0.0126953125 0.0234375
1 0.681640625 0.439453125 0.021484375 0.033203125
1 0.9619140625 0.712890625 0.044921875 0.0576171875
1 0.060546875 0.33984375 0.0185546875 0.0205078125
1 0.46484375 0.42578125 0.0107421875 0.0234375