0 0.123046875 0.7392578125 0.115234375 0.130859375
1 0.67578125 0.62890625 0.0517578125 0.076171875
0 0.1845703125 0.560546875 0.078125 0.0830078125
1 0.787109375 0.70703125 0.052734375 0.0830078125
0 0.552734375 0.611328125 0.111328125 0.125
1 0.6904296875 0.701171875 0.0498046875 0.078125
1 0.6103515625 0.5400390625 0.029296875 0.0546875
0 0.52734375 0.515625 0.0732421875 0.072265625
1 0.630859375 0.580078125 0.033203125 0.056640625
0 0.333984375 0.517578125 0.0654296875 0.0732421875
1 0.755859375 0.638671875 0.0439453125 0.064453125
1 0.796875 0.5751953125 0.0439453125 0.0595703125
1 0.5654296875 0.7568359375 0.0439453125 0.0703125
1 0.9423828125 0.68359375 0.083984375 0.0888671875
1 0.658203125 0.794921875 0.048828125 0.060546875
0 0.3017578125 0.462890625 0.052734375 0.0517578125
1 0.8388671875 0.580078125 0.046875 0.078125
1 0.7431640625 0.779296875 0.0546875 0.078125
1 0.6220703125 0.45703125 0.0283203125 0.0390625
1 0.6455078125 0.537109375 0.025390625 0.048828125
1 0.919921875 0.8349609375 0.0732421875 0.1015625
0 0.474609375 0.38671875 0.0390625 0.044921875
1 0.689453125 0.544921875 0.0546875 0.0546875
0 0.478515625 0.4384765625 0.0439453125 0.048828125
1 0.142578125 0.4931640625 0.021484375 0.0390625
1 0.525390625 0.439453125 0.0361328125 0.056640625
0 0.486328125 0.357421875 0.033203125 0.033203125
1 0.1142578125 0.57421875 0.037109375 0.080078125
1 0.267578125 0.6162109375 0.0283203125 0.060546875
1 0.548828125 0.4150390625 0.0234375 0.0390625
1 0.6123046875 0.5029296875 0.0185546875 0.0283203125
0 0.248046875 0.38671875 0.052734375 0.044921875
1 0.029296875 0.5859375 0.033203125 0.0625
1 0.7578125 0.8447265625 0.072265625 0.0859375
1 0.158203125 0.4716796875 0.021484375 0.0341796875
0 0.435546875 0.4140625 0.0419921875 0.046875
1 0.0654296875 0.478515625 0.0439453125 0.0390625
0 0.2158203125 0.4541015625 0.0498046875 0.0390625
0 0.193359375 0.408203125 0.052734375 0.0419921875
1 0.4609375 0.5673828125 0.052734375 0.1220703125
1 0.8974609375 0.583984375 0.0419921875 0.0498046875
1 0.646484375 0.8681640625 0.0498046875 0.044921875
1 0.4365234375 0.5048828125 0.0234375 0.0498046875
1 0.2529296875 0.48828125 0.021484375 0.0361328125
1 0.689453125 0.580078125 0.021484375 0.033203125
1 0.7138671875 0.51953125 0.03125 0.033203125
1 0.92578125 0.609375 0.0390625 0.037109375
0 0.5361328125 0.353515625 0.0341796875 0.03125
1 0.099609375 0.478515625 0.03125 0.0341796875
1 0.482421875 0.58203125 0.0205078125 0.0361328125
1 0.8232421875 0.5361328125 0.021484375 0.041015625
1 0.974609375 0.6357421875 0.029296875 0.056640625
1 0.97265625 0.73828125 0.0263671875 0.076171875
1 0.4404296875 0.361328125 0.021484375 0.025390625
0 0.3515625 0.3212890625 0.0341796875 0.017578125
1 0.03125 0.826171875 0.0439453125 0.064453125
0 0.1943359375 0.3759765625 0.044921875 0.0234375
1 0.0947265625 0.6025390625 0.0205078125 0.0263671875
1 0.591796875 0.396484375 0.0185546875 0.041015625