0 0.1923828125 0.7490234375 0.125 0.1611328125
0 0.5126953125 0.423828125 0.052734375 0.0517578125
0 0.3388671875 0.7265625 0.0966796875 0.119140625
1 0.3466796875 0.521484375 0.037109375 0.048828125
0 0.548828125 0.541015625 0.1767578125 0.0810546875
1 0.2705078125 0.4765625 0.0283203125 0.0341796875
1 0.306640625 0.833984375 0.046875 0.0908203125
0 0.5400390625 0.3525390625 0.0419921875 0.0419921875
1 0.5126953125 0.4736328125 0.037109375 0.0439453125
1 0.0673828125 0.537109375 0.0283203125 0.041015625
0 0.4892578125 0.361328125 0.037109375 0.03125
0 0.208984375 0.41796875 0.0751953125 0.0361328125
1 0.2265625 0.455078125 0.021484375 0.029296875
1 0.6201171875 0.486328125 0.046875 0.046875
1 0.080078125 0.755859375 0.044921875 0.080078125
1 0.416015625 0.80859375 0.037109375 0.060546875
1 0.46875 0.455078125 0.0341796875 0.046875
1 0.1513671875 0.470703125 0.025390625 0.0361328125
1 0.458984375 0.7841796875 0.037109375 0.056640625
1 0.427734375 0.6826171875 0.0439453125 0.052734375
1 0.556640625 0.3984375 0.015625 0.03125
1 0.564453125 0.451171875 0.0205078125 0.025390625
1 0.28515625 0.40625 0.017578125 0.025390625
1 0.4208984375 0.3720703125 0.013671875 0.025390625
1 0.5400390625 0.474609375 0.0234375 0.037109375
1 0.845703125 0.634765625 0.0419921875 0.076171875
1 0.6328125 0.521484375 0.025390625 0.0419921875
0 0.509765625 0.333984375 0.03125 0.0283203125
1 0.580078125 0.4853515625 0.0234375 0.033203125
1 0.646484375 0.46875 0.0205078125 0.0283203125
1 0.033203125 0.580078125 0.041015625 0.0859375
1 0.091796875 0.416015625 0.013671875 0.0205078125
1 0.1650390625 0.365234375 0.013671875 0.017578125
1 0.6201171875 0.4609375 0.0185546875 0.0283203125
1 0.5146484375 0.3720703125 0.013671875 0.0185546875
1 0.9248046875 0.58203125 0.0751953125 0.0546875
1 0.05859375 0.478515625 0.0234375 0.03125
1 0.4677734375 0.423828125 0.0205078125 0.03125
1 0.0322265625 0.37890625 0.029296875 0.0205078125
1 0.3291015625 0.359375 0.017578125 0.021484375
1 0.154296875 0.42578125 0.017578125 0.0205078125
1 0.419921875 0.7392578125 0.044921875 0.052734375
1 0.0791015625 0.40234375 0.0263671875 0.0419921875
1 0.587890625 0.451171875 0.015625 0.025390625
1 0.4560546875 0.7158203125 0.021484375 0.0283203125
1 0.1767578125 0.3271484375 0.0185546875 0.0205078125
1 0.453125 0.3623046875 0.015625 0.0185546875
1 0.2060546875 0.3583984375 0.009765625 0.017578125
1 0.01953125 0.4599609375 0.017578125 0.029296875
1 0.595703125 0.466796875 0.015625 0.0205078125
1 0.1220703125 0.3603515625 0.015625 0.0205078125
1 0.068359375 0.33984375 0.015625 0.017578125
1 0.83984375 0.5751953125 0.029296875 0.037109375
1 0.5537109375 0.6455078125 0.0390625 0.0625
1 0.548828125 0.44140625 0.017578125 0.0263671875
1 0.564453125 0.3720703125 0.0283203125 0.03125
1 0.8916015625 0.3857421875 0.017578125 0.021484375
1 0.6806640625 0.4521484375 0.017578125 0.0234375
1 0.517578125 0.44921875 0.0185546875 0.0205078125
0 0.236328125 0.37109375 0.056640625 0.033203125
0 0.1884765625 0.875 0.1142578125 0.0283203125
1 0.044921875 0.412109375 0.0263671875 0.013671875