0 0.1826171875 0.6875 0.1123046875 0.125
1 0.0966796875 0.6689453125 0.03125 0.052734375
1 0.75 0.77734375 0.056640625 0.095703125
1 0.173828125 0.5732421875 0.029296875 0.0498046875
0 0.59765625 0.689453125 0.1513671875 0.1845703125
1 0.1318359375 0.5732421875 0.029296875 0.0439453125
1 0.505859375 0.576171875 0.025390625 0.044921875
1 0.818359375 0.5751953125 0.080078125 0.087890625
0 0.900390625 0.8212890625 0.1640625 0.1357421875
1 0.287109375 0.48046875 0.0205078125 0.029296875
0 0.6259765625 0.556640625 0.0859375 0.091796875
1 0.5390625 0.5517578125 0.0283203125 0.052734375
1 0.259765625 0.470703125 0.0185546875 0.033203125
1 0.3134765625 0.4560546875 0.017578125 0.0283203125
1 0.6875 0.544921875 0.0498046875 0.0546875
1 0.9423828125 0.685546875 0.083984375 0.0830078125
0 0.5263671875 0.39453125 0.046875 0.048828125
1 0.728515625 0.5400390625 0.0439453125 0.048828125
1 0.248046875 0.7685546875 0.0390625 0.052734375
1 0.142578125 0.4765625 0.025390625 0.0341796875
1 0.2822265625 0.560546875 0.0263671875 0.0390625
1 0.330078125 0.5888671875 0.025390625 0.046875
1 0.193359375 0.529296875 0.025390625 0.0390625
1 0.3720703125 0.501953125 0.025390625 0.037109375
1 0.232421875 0.466796875 0.0205078125 0.0263671875
1 0.3017578125 0.525390625 0.021484375 0.033203125
1 0.2578125 0.5126953125 0.025390625 0.037109375
1 0.259765625 0.6064453125 0.03125 0.056640625
1 0.177734375 0.48046875 0.0263671875 0.0390625
1 0.60546875 0.482421875 0.0234375 0.0283203125
1 0.896484375 0.5419921875 0.0361328125 0.037109375
1 0.515625 0.4345703125 0.021484375 0.03125
1 0.51953125 0.513671875 0.0234375 0.048828125
1 0.2412109375 0.4267578125 0.017578125 0.021484375
1 0.228515625 0.5 0.0205078125 0.037109375
1 0.1552734375 0.5 0.0205078125 0.0341796875
1 0.689453125 0.85546875 0.037109375 0.044921875
1 0.05859375 0.48046875 0.0205078125 0.0361328125
1 0.181640625 0.8115234375 0.041015625 0.0419921875
1 0.2138671875 0.416015625 0.021484375 0.033203125
1 0.041015625 0.8076171875 0.0361328125 0.046875
1 0.4580078125 0.3642578125 0.015625 0.03125
0 0.1767578125 0.4169921875 0.046875 0.0341796875
0 0.560546875 0.3857421875 0.0361328125 0.0439453125
1 0.580078125 0.498046875 0.025390625 0.041015625
1 0.662109375 0.6669921875 0.0390625 0.0595703125
1 0.5927734375 0.451171875 0.0419921875 0.0498046875
1 0.0419921875 0.587890625 0.0283203125 0.0654296875
1 0.5615234375 0.576171875 0.0234375 0.048828125
1 0.37890625 0.5634765625 0.029296875 0.0546875
0 0.482421875 0.35546875 0.0341796875 0.0361328125
0 0.24609375 0.388671875 0.0859375 0.0498046875
1 0.1884765625 0.376953125 0.017578125 0.033203125
1 0.931640625 0.609375 0.0576171875 0.046875
1 0.021484375 0.4794921875 0.021484375 0.037109375
1 0.302734375 0.5673828125 0.1611328125 0.1279296875
1 0.2763671875 0.4697265625 0.099609375 0.0732421875
1 0.9501953125 0.529296875 0.021484375 0.017578125
1 0.5439453125 0.501953125 0.03125 0.0498046875
1 0.896484375 0.5869140625 0.041015625 0.0576171875
1 0.9736328125 0.6328125 0.03125 0.0595703125
0 0.54296875 0.3466796875 0.033203125 0.0283203125
1 0.431640625 0.5234375 0.0263671875 0.037109375
1 0.1103515625 0.4873046875 0.0390625 0.037109375
1 0.44140625 0.435546875 0.029296875 0.029296875
1 0.677734375 0.513671875 0.021484375 0.033203125
0 0.451171875 0.482421875 0.052734375 0.072265625
1 0.1640625 0.5205078125 0.09375 0.171875
0 0.521484375 0.361328125 0.033203125 0.0361328125
1 0.935546875 0.6513671875 0.025390625 0.037109375
1 0.5556640625 0.4794921875 0.1171875 0.2216796875
1 0.109375 0.4189453125 0.021484375 0.025390625