0 0.5556640625 0.494140625 0.0673828125 0.0859375
1 0.18359375 0.568359375 0.0234375 0.044921875
0 0.3359375 0.7685546875 0.119140625 0.134765625
1 0.7900390625 0.708984375 0.0517578125 0.078125
1 0.6884765625 0.5498046875 0.0361328125 0.041015625
0 0.6630859375 0.6552734375 0.1357421875 0.1357421875
1 0.845703125 0.8466796875 0.072265625 0.0751953125
1 0.755859375 0.6015625 0.048828125 0.0625
1 0.8193359375 0.5751953125 0.060546875 0.056640625
0 0.60546875 0.443359375 0.076171875 0.060546875
1 0.853515625 0.65234375 0.037109375 0.0517578125
0 0.4873046875 0.3525390625 0.0439453125 0.0419921875
1 0.22265625 0.533203125 0.017578125 0.03125
1 0.705078125 0.513671875 0.0205078125 0.0283203125
1 0.9033203125 0.6494140625 0.056640625 0.0546875
1 0.6474609375 0.5556640625 0.044921875 0.0576171875
0 0.466796875 0.4794921875 0.056640625 0.068359375
1 0.6044921875 0.482421875 0.021484375 0.033203125
1 0.193359375 0.501953125 0.017578125 0.0263671875
1 0.3544921875 0.42578125 0.021484375 0.0263671875
1 0.7099609375 0.62109375 0.029296875 0.0576171875
1 0.73046875 0.533203125 0.0390625 0.037109375
1 0.9677734375 0.708984375 0.0361328125 0.0625
1 0.4501953125 0.384765625 0.015625 0.021484375
1 0.2021484375 0.4111328125 0.017578125 0.0283203125
1 0.142578125 0.431640625 0.017578125 0.0205078125
1 0.5634765625 0.4404296875 0.017578125 0.03125
0 0.1142578125 0.4013671875 0.056640625 0.037109375
0 0.7119140625 0.8125 0.189453125 0.150390625
1 0.3740234375 0.427734375 0.0205078125 0.0263671875
1 0.2421875 0.439453125 0.015625 0.021484375
1 0.228515625 0.40625 0.0263671875 0.03125
1 0.6064453125 0.5205078125 0.0126953125 0.025390625
0 0.91796875 0.587890625 0.1328125 0.1015625
1 0.111328125 0.482421875 0.0361328125 0.0361328125
1 0.1884765625 0.361328125 0.0205078125 0.0283203125
0 0.5087890625 0.59375 0.091796875 0.109375
1 0.5087890625 0.5283203125 0.0263671875 0.025390625
0 0.224609375 0.3603515625 0.03125 0.033203125
1 0.0615234375 0.478515625 0.0263671875 0.033203125
1 0.37890625 0.4541015625 0.0234375 0.029296875
1 0.150390625 0.4931640625 0.0283203125 0.0576171875
1 0.845703125 0.6025390625 0.0390625 0.0361328125
1 0.6728515625 0.4951171875 0.0205078125 0.0341796875
1 0.2001953125 0.525390625 0.068359375 0.083984375
1 0.4345703125 0.4482421875 0.015625 0.03125
1 0.6337890625 0.46875 0.0107421875 0.015625
1 0.1923828125 0.462890625 0.015625 0.0234375
0 0.5361328125 0.345703125 0.0498046875 0.0361328125
1 0.458984375 0.36328125 0.0263671875 0.029296875
1 0.48046875 0.435546875 0.0263671875 0.037109375
0 0.5224609375 0.3232421875 0.029296875 0.021484375
1 0.9619140625 0.666015625 0.048828125 0.0390625
1 0.572265625 0.4580078125 0.0107421875 0.025390625
1 0.4521484375 0.529296875 0.029296875 0.0361328125
1 0.6357421875 0.51171875 0.021484375 0.0361328125
1 0.0244140625 0.5625 0.0234375 0.046875
1 0.427734375 0.4111328125 0.0234375 0.03125
1 0.546875 0.396484375 0.0283203125 0.0419921875
1 0.595703125 0.4033203125 0.017578125 0.021484375
1 0.5419921875 0.443359375 0.0341796875 0.037109375
1 0.861328125 0.55859375 0.015625 0.0234375
1 0.4892578125 0.3828125 0.021484375 0.0283203125
1 0.947265625 0.865234375 0.0751953125 0.0517578125
0 0.3076171875 0.34375 0.0654296875 0.072265625
1 0.6806640625 0.439453125 0.017578125 0.03125