0 0.19140625 0.748046875 0.123046875 0.162109375
0 0.51171875 0.421875 0.048828125 0.0498046875
0 0.337890625 0.7275390625 0.0986328125 0.1201171875
0 0.5380859375 0.353515625 0.0419921875 0.044921875
1 0.0673828125 0.5400390625 0.0283203125 0.048828125
1 0.572265625 0.3837890625 0.013671875 0.0263671875
0 0.490234375 0.361328125 0.0390625 0.0341796875
1 0.513671875 0.47265625 0.033203125 0.044921875
1 0.6123046875 0.486328125 0.041015625 0.0498046875
1 0.248046875 0.486328125 0.0361328125 0.044921875
1 0.771484375 0.6953125 0.048828125 0.072265625
1 0.328125 0.48828125 0.037109375 0.044921875
1 0.2900390625 0.439453125 0.029296875 0.029296875
1 0.646484375 0.48828125 0.0205078125 0.0361328125
0 0.5107421875 0.333984375 0.03125 0.0283203125
1 0.306640625 0.837890625 0.044921875 0.09375
1 0.458984375 0.783203125 0.037109375 0.0576171875
1 0.556640625 0.55078125 0.025390625 0.0546875
1 0.4130859375 0.791015625 0.0546875 0.0908203125
1 0.4677734375 0.4501953125 0.0263671875 0.037109375
1 0.392578125 0.4033203125 0.0185546875 0.0283203125
1 0.5625 0.435546875 0.0185546875 0.025390625
1 0.49609375 0.453125 0.017578125 0.0341796875
1 0.0771484375 0.74609375 0.044921875 0.0732421875
1 0.5400390625 0.4775390625 0.0234375 0.0390625
1 0.845703125 0.6376953125 0.033203125 0.0654296875
1 0.4541015625 0.37109375 0.017578125 0.029296875
1 0.087890625 0.40234375 0.017578125 0.0205078125
1 0.0927734375 0.6875 0.064453125 0.056640625
0 0.2236328125 0.4326171875 0.0751953125 0.052734375
1 0.466796875 0.4033203125 0.015625 0.03125
1 0.58203125 0.4658203125 0.0263671875 0.037109375
1 0.595703125 0.3896484375 0.0107421875 0.0234375
1 0.560546875 0.4658203125 0.0205078125 0.0341796875
1 0.4287109375 0.6689453125 0.0419921875 0.046875
1 0.5478515625 0.41796875 0.013671875 0.0205078125
1 0.4384765625 0.365234375 0.017578125 0.0234375
1 0.228515625 0.3671875 0.013671875 0.025390625
1 0.2841796875 0.361328125 0.0185546875 0.0263671875
1 0.166015625 0.365234375 0.0107421875 0.017578125
0 0.06640625 0.4775390625 0.107421875 0.0576171875
1 0.2060546875 0.357421875 0.0126953125 0.017578125
1 0.1396484375 0.412109375 0.0107421875 0.017578125
0 0.185546875 0.8759765625 0.125 0.029296875
1 0.025390625 0.5849609375 0.0263671875 0.0703125
0 0.962890625 0.580078125 0.046875 0.0595703125
1 0.4375 0.7646484375 0.021484375 0.0361328125
1 0.1767578125 0.3271484375 0.0185546875 0.0205078125
1 0.6494140625 0.451171875 0.013671875 0.0283203125
1 0.62109375 0.4560546875 0.013671875 0.025390625
1 0.9052734375 0.49609375 0.0263671875 0.029296875
1 0.6328125 0.44140625 0.021484375 0.033203125
1 0.025390625 0.373046875 0.013671875 0.0205078125
1 0.2470703125 0.353515625 0.0126953125 0.0234375