0 0.1923828125 0.748046875 0.1220703125 0.162109375
0 0.123046875 0.3984375 0.0673828125 0.037109375
1 0.306640625 0.8564453125 0.048828125 0.0595703125
0 0.33984375 0.7265625 0.0986328125 0.119140625
1 0.06640625 0.5439453125 0.029296875 0.041015625
1 0.5166015625 0.474609375 0.0361328125 0.048828125
0 0.537109375 0.3544921875 0.041015625 0.0439453125
0 0.513671875 0.4208984375 0.0546875 0.0576171875
1 0.5732421875 0.408203125 0.0126953125 0.0234375
1 0.412109375 0.8037109375 0.0546875 0.0673828125
0 0.490234375 0.361328125 0.037109375 0.03125
1 0.2041015625 0.439453125 0.0234375 0.029296875
1 0.6083984375 0.4931640625 0.0390625 0.048828125
0 0.5087890625 0.3330078125 0.029296875 0.0283203125
1 0.1162109375 0.6708984375 0.048828125 0.060546875
1 0.08203125 0.759765625 0.048828125 0.072265625
1 0.6435546875 0.4912109375 0.025390625 0.0419921875
1 0.552734375 0.44140625 0.0283203125 0.0361328125
1 0.4541015625 0.369140625 0.0205078125 0.029296875
1 0.427734375 0.6953125 0.046875 0.083984375
1 0.421875 0.4384765625 0.0185546875 0.0361328125
1 0.498046875 0.453125 0.0205078125 0.0341796875
1 0.45703125 0.78125 0.0390625 0.0625
1 0.4697265625 0.4560546875 0.0361328125 0.0439453125
1 0.935546875 0.583984375 0.037109375 0.041015625
1 0.029296875 0.5791015625 0.0361328125 0.0576171875
0 0.751953125 0.552734375 0.1484375 0.072265625
1 0.1416015625 0.421875 0.0205078125 0.0283203125
1 0.904296875 0.5673828125 0.046875 0.046875
0 0.322265625 0.3935546875 0.0810546875 0.0439453125
1 0.0693359375 0.6220703125 0.033203125 0.046875
0 0.232421875 0.369140625 0.0546875 0.033203125
1 0.6201171875 0.4619140625 0.0185546875 0.029296875
1 0.05859375 0.4775390625 0.0205078125 0.0361328125
1 0.97265625 0.5791015625 0.029296875 0.044921875
1 0.9287109375 0.546875 0.0263671875 0.03125
1 0.84765625 0.6591796875 0.044921875 0.0498046875
1 0.595703125 0.4677734375 0.015625 0.0234375
1 0.458984375 0.4228515625 0.03125 0.0263671875
1 0.0654296875 0.509765625 0.0185546875 0.0341796875
1 0.1669921875 0.365234375 0.0126953125 0.017578125
1 0.025390625 0.373046875 0.0126953125 0.021484375
0 0.1962890625 0.875 0.1015625 0.0283203125
1 0.455078125 0.4013671875 0.015625 0.03125
1 0.5478515625 0.416015625 0.013671875 0.0205078125