0 0.810546875 0.7490234375 0.1767578125 0.2109375
0 0.3681640625 0.6962890625 0.091796875 0.1328125
0 0.173828125 0.716796875 0.1357421875 0.185546875
0 0.5703125 0.662109375 0.125 0.138671875
1 0.8056640625 0.5791015625 0.0576171875 0.0673828125
0 0.619140625 0.5498046875 0.1044921875 0.109375
1 0.583984375 0.4697265625 0.029296875 0.0517578125
0 0.251953125 0.505859375 0.072265625 0.0908203125
1 0.693359375 0.5400390625 0.046875 0.060546875
0 0.564453125 0.3935546875 0.041015625 0.052734375
1 0.6240234375 0.4921875 0.0419921875 0.0439453125
1 0.8994140625 0.658203125 0.0830078125 0.0888671875
1 0.55078125 0.4853515625 0.0205078125 0.029296875
0 0.46875 0.5283203125 0.0810546875 0.0966796875
0 0.146484375 0.412109375 0.052734375 0.037109375
0 0.361328125 0.5419921875 0.0673828125 0.0751953125
1 0.6845703125 0.466796875 0.0341796875 0.03125
1 0.548828125 0.5458984375 0.0419921875 0.091796875
0 0.537109375 0.337890625 0.033203125 0.025390625
1 0.181640625 0.5556640625 0.0341796875 0.0986328125
0 0.513671875 0.427734375 0.0546875 0.0810546875
1 0.962890625 0.650390625 0.046875 0.0751953125
1 0.0986328125 0.62890625 0.0341796875 0.0703125
1 0.845703125 0.6025390625 0.0419921875 0.044921875
0 0.158203125 0.462890625 0.046875 0.037109375
1 0.8447265625 0.55859375 0.044921875 0.0576171875
1 0.265625 0.8232421875 0.052734375 0.125
1 0.8916015625 0.5927734375 0.0546875 0.0576171875
1 0.9287109375 0.6103515625 0.0419921875 0.044921875
1 0.2109375 0.443359375 0.021484375 0.03125
1 0.4833984375 0.404296875 0.017578125 0.0390625
1 0.576171875 0.4326171875 0.0185546875 0.037109375
0 0.455078125 0.46484375 0.0419921875 0.0419921875
1 0.4921875 0.3583984375 0.021484375 0.033203125
1 0.134765625 0.5634765625 0.025390625 0.0517578125
0 0.181640625 0.375 0.0283203125 0.0283203125
1 0.0302734375 0.5771484375 0.0390625 0.076171875
1 0.0654296875 0.478515625 0.037109375 0.037109375
0 0.318359375 0.4287109375 0.060546875 0.076171875
1 0.4287109375 0.390625 0.017578125 0.021484375
1 0.4306640625 0.42578125 0.0234375 0.0419921875
1 0.681640625 0.4453125 0.0185546875 0.021484375
1 0.5361328125 0.3759765625 0.0185546875 0.0234375
1 0.517578125 0.369140625 0.0234375 0.03125
0 0.23828125 0.40234375 0.0859375 0.048828125
1 0.1435546875 0.5166015625 0.0185546875 0.029296875
1 0.4873046875 0.447265625 0.0126953125 0.033203125
1 0.7900390625 0.486328125 0.0361328125 0.029296875
1 0.5927734375 0.40625 0.017578125 0.03125
1 0.4921875 0.673828125 0.0498046875 0.078125
1 0.619140625 0.4619140625 0.015625 0.017578125
1 0.634765625 0.443359375 0.0361328125 0.0361328125
1 0.904296875 0.5439453125 0.015625 0.0283203125
1 0.5888671875 0.357421875 0.015625 0.0185546875
1 0.814453125 0.537109375 0.025390625 0.041015625