0 0.1943359375 0.748046875 0.123046875 0.166015625
0 0.337890625 0.7275390625 0.0986328125 0.1201171875
0 0.4013671875 0.474609375 0.103515625 0.0654296875
1 0.4931640625 0.5732421875 0.064453125 0.056640625
1 0.4990234375 0.529296875 0.048828125 0.052734375
1 0.1416015625 0.521484375 0.0263671875 0.0439453125
1 0.2373046875 0.490234375 0.03125 0.0439453125
1 0.3076171875 0.833984375 0.046875 0.09375
0 0.5390625 0.3466796875 0.041015625 0.0341796875
1 0.0771484375 0.76171875 0.0361328125 0.064453125
0 0.509765625 0.41015625 0.0419921875 0.033203125
1 0.3603515625 0.51171875 0.0517578125 0.0517578125
0 0.4921875 0.357421875 0.041015625 0.033203125
1 0.19140625 0.4150390625 0.0263671875 0.0263671875
1 0.408203125 0.810546875 0.048828125 0.0732421875
1 0.455078125 0.7822265625 0.0439453125 0.0703125
1 0.6181640625 0.5068359375 0.0576171875 0.0517578125
1 0.6845703125 0.611328125 0.0625 0.048828125
1 0.283203125 0.47265625 0.0283203125 0.033203125
1 0.533203125 0.4990234375 0.0341796875 0.0390625
1 0.580078125 0.392578125 0.015625 0.0283203125
1 0.068359375 0.529296875 0.029296875 0.0439453125
1 0.578125 0.544921875 0.052734375 0.0498046875
1 0.423828125 0.7041015625 0.0419921875 0.0546875
1 0.974609375 0.712890625 0.0263671875 0.064453125
1 0.4423828125 0.4111328125 0.0126953125 0.0283203125
1 0.5498046875 0.3837890625 0.0185546875 0.0263671875
1 0.755859375 0.5693359375 0.052734375 0.048828125
1 0.4697265625 0.376953125 0.0234375 0.0263671875
1 0.478515625 0.3974609375 0.015625 0.033203125
1 0.197265625 0.462890625 0.025390625 0.03125
1 0.1435546875 0.4873046875 0.025390625 0.037109375
0 0.5087890625 0.33203125 0.033203125 0.0263671875
1 0.1298828125 0.421875 0.0185546875 0.025390625
1 0.6796875 0.6826171875 0.0751953125 0.072265625
1 0.529296875 0.373046875 0.0234375 0.0263671875
1 0.5458984375 0.408203125 0.017578125 0.0341796875
1 0.541015625 0.5595703125 0.0361328125 0.0498046875
0 0.2294921875 0.361328125 0.056640625 0.029296875
1 0.9345703125 0.5869140625 0.041015625 0.033203125
1 0.5595703125 0.470703125 0.025390625 0.0361328125
1 0.1484375 0.4072265625 0.0283203125 0.0234375
1 0.638671875 0.4794921875 0.015625 0.0283203125
1 0.9677734375 0.568359375 0.0390625 0.0439453125
1 0.5107421875 0.46875 0.021484375 0.037109375
1 0.6201171875 0.4619140625 0.0185546875 0.029296875
1 0.5712890625 0.607421875 0.0390625 0.0908203125
1 0.435546875 0.6474609375 0.048828125 0.0576171875
1 0.5947265625 0.4697265625 0.017578125 0.0234375
1 0.107421875 0.482421875 0.037109375 0.0341796875
1 0.5546875 0.4462890625 0.021484375 0.0263671875
1 0.1767578125 0.326171875 0.021484375 0.021484375
1 0.23828125 0.423828125 0.0419921875 0.025390625
0 0.1884765625 0.8740234375 0.1328125 0.033203125
1 0.083984375 0.3974609375 0.0234375 0.029296875
1 0.830078125 0.658203125 0.0654296875 0.0419921875
1 0.5400390625 0.6064453125 0.0234375 0.0625
1 0.0234375 0.560546875 0.021484375 0.044921875
1 0.58984375 0.4521484375 0.0107421875 0.0205078125
1 0.0771484375 0.697265625 0.0205078125 0.0341796875
1 0.49609375 0.451171875 0.013671875 0.021484375
1 0.353515625 0.3251953125 0.025390625 0.025390625
1 0.041015625 0.5546875 0.017578125 0.0283203125
1 0.681640625 0.447265625 0.015625 0.0185546875
1 0.376953125 0.32421875 0.015625 0.0205078125
1 0.6865234375 0.5849609375 0.0234375 0.0361328125