0 0.193359375 0.7490234375 0.123046875 0.1611328125
0 0.6318359375 0.7158203125 0.142578125 0.1591796875
0 0.5078125 0.40625 0.0439453125 0.041015625
0 0.3388671875 0.724609375 0.099609375 0.115234375
0 0.4892578125 0.361328125 0.037109375 0.033203125
1 0.4248046875 0.720703125 0.03125 0.052734375
1 0.7265625 0.5849609375 0.0908203125 0.076171875
1 0.7041015625 0.529296875 0.0419921875 0.0390625
0 0.869140625 0.8212890625 0.220703125 0.1298828125
0 0.9482421875 0.5185546875 0.0751953125 0.056640625
1 0.39453125 0.470703125 0.0263671875 0.029296875
1 0.8232421875 0.662109375 0.087890625 0.0703125
0 0.5205078125 0.578125 0.087890625 0.119140625
1 0.787109375 0.5546875 0.068359375 0.056640625
0 0.5087890625 0.3310546875 0.029296875 0.025390625
1 0.9521484375 0.6416015625 0.0673828125 0.080078125
1 0.841796875 0.599609375 0.0595703125 0.048828125
1 0.072265625 0.759765625 0.033203125 0.0576171875
0 0.541015625 0.341796875 0.033203125 0.0234375
1 0.076171875 0.587890625 0.029296875 0.052734375
0 0.353515625 0.3193359375 0.03125 0.017578125
0 0.9501953125 0.580078125 0.072265625 0.0625
1 0.4306640625 0.458984375 0.0263671875 0.037109375
1 0.900390625 0.6259765625 0.052734375 0.080078125
1 0.0859375 0.470703125 0.0654296875 0.048828125
1 0.8720703125 0.7275390625 0.0341796875 0.095703125
1 0.4892578125 0.494140625 0.03125 0.048828125
1 0.169921875 0.6279296875 0.0654296875 0.056640625
1 0.58203125 0.49609375 0.044921875 0.0517578125
1 0.0302734375 0.482421875 0.0390625 0.044921875
1 0.0419921875 0.8095703125 0.052734375 0.119140625
1 0.443359375 0.4228515625 0.0263671875 0.0361328125
1 0.0263671875 0.5634765625 0.0283203125 0.0517578125
1 0.8525390625 0.548828125 0.033203125 0.033203125
1 0.216796875 0.607421875 0.0498046875 0.0439453125
1 0.4443359375 0.357421875 0.0263671875 0.029296875
1 0.666015625 0.470703125 0.0263671875 0.048828125
1 0.5927734375 0.423828125 0.0361328125 0.0498046875
1 0.3623046875 0.4951171875 0.0283203125 0.041015625