0 0.19140625 0.75 0.123046875 0.162109375
0 0.51171875 0.4228515625 0.048828125 0.0517578125
0 0.337890625 0.7265625 0.0966796875 0.119140625
1 0.306640625 0.85546875 0.0439453125 0.064453125
0 0.5380859375 0.353515625 0.0419921875 0.0419921875
1 0.0673828125 0.537109375 0.0283203125 0.048828125
1 0.283203125 0.4775390625 0.029296875 0.0390625
1 0.513671875 0.47265625 0.03125 0.044921875
0 0.4892578125 0.3603515625 0.037109375 0.033203125
1 0.61328125 0.486328125 0.0390625 0.048828125
1 0.5712890625 0.384765625 0.013671875 0.0234375
1 0.41015625 0.8037109375 0.0546875 0.0673828125
1 0.248046875 0.4248046875 0.0263671875 0.025390625
1 0.203125 0.4677734375 0.03125 0.0390625
0 0.19140625 0.4169921875 0.0703125 0.037109375
1 0.5625 0.4375 0.0185546875 0.025390625
1 0.103515625 0.689453125 0.0517578125 0.0576171875
1 0.46875 0.4501953125 0.0283203125 0.041015625
1 0.646484375 0.4892578125 0.0205078125 0.037109375
1 0.5908203125 0.3916015625 0.015625 0.0234375
1 0.458984375 0.7841796875 0.037109375 0.052734375
1 0.49609375 0.4501953125 0.017578125 0.03125
0 0.5107421875 0.3330078125 0.0283203125 0.0283203125
1 0.466796875 0.4208984375 0.015625 0.0263671875
1 0.0751953125 0.7587890625 0.041015625 0.0732421875
1 0.1123046875 0.400390625 0.0185546875 0.0205078125
1 0.5498046875 0.4736328125 0.021484375 0.041015625
1 0.3994140625 0.412109375 0.0234375 0.033203125
1 0.427734375 0.6669921875 0.041015625 0.046875
1 0.0771484375 0.4013671875 0.0263671875 0.021484375
1 0.845703125 0.6376953125 0.0341796875 0.0751953125
1 0.5771484375 0.4658203125 0.0205078125 0.0341796875
1 0.1669921875 0.3662109375 0.0126953125 0.013671875
1 0.421875 0.740234375 0.0498046875 0.052734375
1 0.0283203125 0.56640625 0.0341796875 0.0517578125
0 0.9248046875 0.5703125 0.119140625 0.072265625
1 0.462890625 0.365234375 0.0205078125 0.0263671875
1 0.46484375 0.400390625 0.0107421875 0.0185546875
1 0.4384765625 0.3642578125 0.0205078125 0.021484375
1 0.5810546875 0.607421875 0.025390625 0.0390625
1 0.0595703125 0.4794921875 0.021484375 0.0341796875
1 0.20703125 0.3564453125 0.013671875 0.0185546875
1 0.5947265625 0.46875 0.017578125 0.025390625
1 0.177734375 0.326171875 0.0205078125 0.021484375
0 0.1884765625 0.8759765625 0.1357421875 0.029296875
1 0.904296875 0.4970703125 0.0263671875 0.0283203125
1 0.228515625 0.3583984375 0.0126953125 0.017578125
1 0.3291015625 0.3564453125 0.017578125 0.025390625
1 0.884765625 0.861328125 0.0517578125 0.0595703125
1 0.0224609375 0.4716796875 0.0205078125 0.037109375
1 0.5478515625 0.4169921875 0.013671875 0.021484375
1 0.634765625 0.443359375 0.0361328125 0.0361328125
1 0.0517578125 0.7119140625 0.052734375 0.060546875
1 0.255859375 0.3896484375 0.025390625 0.0361328125
1 0.0732421875 0.3388671875 0.015625 0.0185546875
1 0.107421875 0.4853515625 0.037109375 0.0361328125
1 0.369140625 0.8037109375 0.0361328125 0.0419921875