0 0.19140625 0.748046875 0.123046875 0.1611328125
0 0.513671875 0.421875 0.056640625 0.056640625
0 0.3388671875 0.7265625 0.0966796875 0.119140625
0 0.5380859375 0.353515625 0.0419921875 0.0439453125
1 0.515625 0.4755859375 0.0341796875 0.044921875
1 0.4130859375 0.802734375 0.0517578125 0.0654296875
1 0.0791015625 0.759765625 0.0419921875 0.068359375
1 0.306640625 0.833984375 0.0517578125 0.0908203125
0 0.1630859375 0.408203125 0.076171875 0.0419921875
0 0.490234375 0.361328125 0.037109375 0.0341796875
1 0.408203125 0.4248046875 0.0234375 0.03125
1 0.068359375 0.5302734375 0.0283203125 0.0517578125
1 0.576171875 0.39453125 0.025390625 0.033203125
1 0.11328125 0.6748046875 0.0517578125 0.0625
1 0.427734375 0.654296875 0.037109375 0.0654296875
1 0.64453125 0.490234375 0.0234375 0.041015625
0 0.509765625 0.3330078125 0.029296875 0.0283203125
1 0.6103515625 0.4921875 0.0390625 0.046875
1 0.548828125 0.470703125 0.021484375 0.044921875
1 0.2431640625 0.4580078125 0.0263671875 0.0341796875
1 0.4541015625 0.369140625 0.0205078125 0.029296875
1 0.4970703125 0.4541015625 0.0185546875 0.033203125
1 0.458984375 0.783203125 0.0390625 0.0546875
1 0.16796875 0.4462890625 0.0234375 0.029296875
1 0.466796875 0.451171875 0.0341796875 0.0439453125
1 0.4658203125 0.4208984375 0.0185546875 0.0263671875
1 0.9765625 0.572265625 0.021484375 0.0546875
1 0.0390625 0.599609375 0.03125 0.046875
0 0.8427734375 0.5625 0.1484375 0.072265625
1 0.419921875 0.740234375 0.046875 0.044921875
1 0.5673828125 0.375 0.021484375 0.025390625
1 0.65625 0.7412109375 0.052734375 0.111328125
1 0.9501953125 0.5625 0.03125 0.041015625
1 0.5634765625 0.4345703125 0.017578125 0.025390625
1 0.4599609375 0.4013671875 0.013671875 0.025390625
1 0.330078125 0.3583984375 0.015625 0.0205078125
0 0.2314453125 0.365234375 0.056640625 0.03125
1 0.595703125 0.46875 0.0185546875 0.0283203125
1 0.6201171875 0.4619140625 0.0185546875 0.029296875
1 0.5224609375 0.814453125 0.0263671875 0.052734375
1 0.166015625 0.3662109375 0.0107421875 0.013671875
1 0.5751953125 0.46484375 0.0185546875 0.033203125
1 0.0400390625 0.560546875 0.017578125 0.0439453125
1 0.919921875 0.55078125 0.029296875 0.029296875
1 0.392578125 0.4912109375 0.0126953125 0.0263671875
1 0.84765625 0.662109375 0.0419921875 0.0517578125
1 0.0595703125 0.478515625 0.025390625 0.037109375
0 0.1904296875 0.8759765625 0.1220703125 0.029296875
1 0.6787109375 0.5107421875 0.0205078125 0.041015625
1 0.1015625 0.4736328125 0.046875 0.046875
1 0.0322265625 0.7294921875 0.0390625 0.0439453125
1 0.8916015625 0.384765625 0.017578125 0.0283203125
0 0.185546875 0.32421875 0.037109375 0.0234375
1 0.5478515625 0.4169921875 0.013671875 0.021484375
1 0.455078125 0.71875 0.0185546875 0.021484375