0 0.6357421875 0.6025390625 0.1220703125 0.1357421875
0 0.509765625 0.560546875 0.0810546875 0.0986328125
0 0.337890625 0.7265625 0.099609375 0.115234375
0 0.189453125 0.8056640625 0.140625 0.169921875
0 0.564453125 0.513671875 0.068359375 0.078125
0 0.5390625 0.341796875 0.03125 0.0283203125
1 0.751953125 0.640625 0.0576171875 0.087890625
1 0.59375 0.708984375 0.052734375 0.056640625
1 0.6728515625 0.533203125 0.0732421875 0.0654296875
0 0.4892578125 0.359375 0.0341796875 0.03125
1 0.38671875 0.609375 0.0419921875 0.078125
1 0.92578125 0.701171875 0.044921875 0.0654296875
1 0.724609375 0.583984375 0.037109375 0.046875
0 0.5126953125 0.39453125 0.0341796875 0.0419921875
1 0.650390625 0.494140625 0.0439453125 0.0390625
1 0.6962890625 0.58984375 0.033203125 0.0517578125
0 0.509765625 0.3330078125 0.0283203125 0.0283203125
1 0.787109375 0.552734375 0.0361328125 0.0419921875
1 0.6044921875 0.509765625 0.037109375 0.0517578125
1 0.9033203125 0.5458984375 0.0439453125 0.029296875
1 0.787109375 0.630859375 0.041015625 0.041015625
1 0.16015625 0.5439453125 0.0263671875 0.041015625
1 0.8876953125 0.5849609375 0.037109375 0.0517578125
1 0.884765625 0.7666015625 0.068359375 0.0830078125
1 0.505859375 0.48046875 0.037109375 0.048828125
1 0.8154296875 0.869140625 0.03125 0.0419921875
1 0.7587890625 0.591796875 0.0419921875 0.0390625
1 0.107421875 0.4833984375 0.0361328125 0.0361328125
1 0.3984375 0.458984375 0.021484375 0.037109375
1 0.89453125 0.6279296875 0.0703125 0.0625
0 0.2294921875 0.34375 0.025390625 0.025390625
1 0.833984375 0.591796875 0.046875 0.037109375
0 0.8251953125 0.490234375 0.1123046875 0.056640625
1 0.650390625 0.458984375 0.0205078125 0.0283203125
1 0.9775390625 0.654296875 0.0205078125 0.0546875
1 0.8779296875 0.6806640625 0.046875 0.060546875
1 0.45703125 0.5224609375 0.033203125 0.044921875
1 0.486328125 0.44140625 0.0263671875 0.0361328125
1 0.5966796875 0.447265625 0.0439453125 0.046875
1 0.064453125 0.482421875 0.0419921875 0.0361328125
1 0.033203125 0.560546875 0.041015625 0.0419921875
1 0.1533203125 0.501953125 0.0185546875 0.0283203125
1 0.5810546875 0.3994140625 0.046875 0.048828125
1 0.427734375 0.4033203125 0.015625 0.025390625
0 0.443359375 0.443359375 0.044921875 0.056640625
1 0.939453125 0.5888671875 0.0263671875 0.03125
1 0.451171875 0.359375 0.015625 0.025390625
1 0.849609375 0.556640625 0.03125 0.0341796875
0 0.6630859375 0.8173828125 0.1669921875 0.140625
1 0.5283203125 0.4521484375 0.021484375 0.033203125
1 0.5576171875 0.462890625 0.021484375 0.0283203125
1 0.119140625 0.4169921875 0.017578125 0.025390625
1 0.9638671875 0.8779296875 0.0439453125 0.025390625
1 0.5615234375 0.369140625 0.0205078125 0.0283203125
1 0.853515625 0.626953125 0.255859375 0.2236328125
1 0.443359375 0.8251953125 0.0419921875 0.0595703125
1 0.5380859375 0.380859375 0.033203125 0.041015625
1 0.814453125 0.537109375 0.0283203125 0.044921875
1 0.8857421875 0.8359375 0.177734375 0.1064453125
1 0.119140625 0.396484375 0.029296875 0.0234375
1 0.4453125 0.8681640625 0.041015625 0.044921875
1 0.9736328125 0.6025390625 0.0283203125 0.033203125
1 0.734375 0.845703125 0.0185546875 0.025390625
0 0.306640625 0.3388671875 0.0654296875 0.0595703125