0 0.1923828125 0.748046875 0.1220703125 0.162109375
1 0.517578125 0.478515625 0.037109375 0.044921875
1 0.6103515625 0.4951171875 0.0361328125 0.046875
0 0.5107421875 0.419921875 0.0439453125 0.0517578125
0 0.3388671875 0.7275390625 0.0966796875 0.1171875
1 0.306640625 0.833984375 0.048828125 0.0888671875
0 0.490234375 0.359375 0.0390625 0.0341796875
1 0.41015625 0.8017578125 0.0546875 0.072265625
1 0.5517578125 0.470703125 0.021484375 0.0439453125
1 0.076171875 0.759765625 0.0390625 0.0673828125
0 0.537109375 0.353515625 0.0390625 0.0419921875
1 0.548828125 0.4375 0.0185546875 0.03125
1 0.470703125 0.453125 0.0283203125 0.0439453125
1 0.1181640625 0.6669921875 0.044921875 0.056640625
1 0.5078125 0.533203125 0.0595703125 0.064453125
1 0.439453125 0.4453125 0.0185546875 0.03125
1 0.45703125 0.7802734375 0.0361328125 0.064453125
1 0.64453125 0.490234375 0.0234375 0.0390625
1 0.0830078125 0.4013671875 0.021484375 0.025390625
1 0.4267578125 0.6767578125 0.046875 0.056640625
1 0.564453125 0.4375 0.0185546875 0.025390625
0 0.892578125 0.5634765625 0.1845703125 0.080078125
1 0.03125 0.568359375 0.041015625 0.0673828125
0 0.509765625 0.3330078125 0.0283203125 0.0283203125
1 0.056640625 0.4873046875 0.021484375 0.0283203125
1 0.0283203125 0.7861328125 0.0341796875 0.0810546875
1 0.4228515625 0.740234375 0.048828125 0.0546875
1 0.345703125 0.4404296875 0.021484375 0.03125
1 0.4375 0.361328125 0.015625 0.0205078125
0 0.3876953125 0.490234375 0.109375 0.0625
1 0.345703125 0.3564453125 0.017578125 0.021484375
1 0.580078125 0.404296875 0.0185546875 0.033203125
1 0.4658203125 0.4228515625 0.0185546875 0.0263671875
1 0.6201171875 0.462890625 0.015625 0.029296875
1 0.07421875 0.548828125 0.0361328125 0.0673828125
1 0.177734375 0.326171875 0.0185546875 0.021484375
1 0.5947265625 0.46875 0.013671875 0.021484375
1 0.166015625 0.3623046875 0.015625 0.0185546875
0 0.2333984375 0.369140625 0.0546875 0.033203125
1 0.330078125 0.3564453125 0.0185546875 0.025390625
1 0.0654296875 0.509765625 0.0185546875 0.033203125
1 0.2060546875 0.357421875 0.015625 0.015625
1 0.412109375 0.5966796875 0.0263671875 0.0654296875
1 0.28515625 0.3603515625 0.0234375 0.0263671875
1 0.5966796875 0.4306640625 0.015625 0.0205078125
0 0.193359375 0.8759765625 0.103515625 0.029296875
1 0.0234375 0.373046875 0.0185546875 0.0234375
1 0.248046875 0.353515625 0.0126953125 0.0234375