0 0.576171875 0.4375 0.0517578125 0.0654296875
1 0.666015625 0.564453125 0.0390625 0.072265625
0 0.529296875 0.4560546875 0.0546875 0.0751953125
1 0.248046875 0.501953125 0.0283203125 0.048828125
0 0.6103515625 0.6943359375 0.1513671875 0.1826171875
1 0.1455078125 0.517578125 0.025390625 0.0390625
1 0.791015625 0.5634765625 0.0361328125 0.0517578125
1 0.7080078125 0.6328125 0.0498046875 0.078125
1 0.798828125 0.76171875 0.076171875 0.0859375
0 0.5947265625 0.560546875 0.0986328125 0.107421875
1 0.1533203125 0.455078125 0.021484375 0.03125
1 0.611328125 0.4892578125 0.0205078125 0.041015625
0 0.4921875 0.359375 0.041015625 0.03125
1 0.744140625 0.669921875 0.044921875 0.064453125
1 0.1845703125 0.65625 0.0341796875 0.0654296875
1 0.2001953125 0.5458984375 0.025390625 0.060546875
1 0.125 0.7236328125 0.0498046875 0.0654296875
1 0.6328125 0.5380859375 0.021484375 0.0419921875
1 0.484375 0.419921875 0.021484375 0.0361328125
0 0.45703125 0.4609375 0.0517578125 0.0595703125
1 0.810546875 0.638671875 0.052734375 0.0595703125
1 0.2548828125 0.4462890625 0.0283203125 0.0361328125
1 0.7255859375 0.53125 0.048828125 0.0498046875
1 0.431640625 0.5146484375 0.029296875 0.060546875
1 0.171875 0.4921875 0.025390625 0.046875
0 0.47265625 0.544921875 0.076171875 0.0966796875
1 0.201171875 0.7177734375 0.044921875 0.0830078125
1 0.6962890625 0.546875 0.0263671875 0.0439453125
1 0.2158203125 0.400390625 0.015625 0.0234375
1 0.9462890625 0.6611328125 0.080078125 0.0751953125
1 0.236328125 0.46875 0.0205078125 0.03125
1 0.5 0.44140625 0.015625 0.029296875
1 0.197265625 0.3828125 0.0185546875 0.025390625
1 0.0751953125 0.400390625 0.021484375 0.025390625
1 0.1630859375 0.3818359375 0.017578125 0.033203125
0 0.1787109375 0.4228515625 0.0517578125 0.0361328125
1 0.125 0.6328125 0.056640625 0.0908203125
1 0.833984375 0.841796875 0.076171875 0.0908203125
1 0.1748046875 0.6103515625 0.037109375 0.0517578125
1 0.8291015625 0.5634765625 0.029296875 0.0390625
1 0.3662109375 0.4228515625 0.0234375 0.029296875
1 0.0908203125 0.400390625 0.015625 0.0234375
1 0.5927734375 0.484375 0.0205078125 0.037109375
1 0.10546875 0.416015625 0.0390625 0.0234375
1 0.8564453125 0.650390625 0.03125 0.044921875
1 0.021484375 0.474609375 0.021484375 0.0341796875
1 0.193359375 0.3603515625 0.0107421875 0.017578125
1 0.380859375 0.4541015625 0.0234375 0.029296875
0 0.232421875 0.3759765625 0.0517578125 0.0390625
1 0.1806640625 0.357421875 0.0107421875 0.015625
1 0.060546875 0.4794921875 0.0234375 0.037109375
1 0.0283203125 0.5693359375 0.03125 0.060546875
1 0.197265625 0.478515625 0.1220703125 0.123046875
1 0.591796875 0.400390625 0.0234375 0.029296875
1 0.35546875 0.85546875 0.0517578125 0.0703125
1 0.9501953125 0.6240234375 0.021484375 0.033203125
1 0.89453125 0.5830078125 0.0390625 0.0498046875
1 0.02734375 0.3740234375 0.017578125 0.0234375
1 0.462890625 0.41796875 0.017578125 0.029296875
1 0.5322265625 0.3955078125 0.0263671875 0.0341796875
1 0.896484375 0.5390625 0.0283203125 0.0439453125
1 0.6767578125 0.50390625 0.025390625 0.0390625
1 0.4404296875 0.3984375 0.015625 0.025390625
1 0.970703125 0.623046875 0.021484375 0.046875
1 0.64453125 0.4404296875 0.044921875 0.0341796875