0 0.34765625 0.58984375 0.0732421875 0.0830078125
1 0.2138671875 0.5546875 0.03125 0.037109375
1 0.3076171875 0.701171875 0.03125 0.087890625
0 0.5400390625 0.353515625 0.044921875 0.0439453125
1 0.587890625 0.822265625 0.0439453125 0.103515625
0 0.2373046875 0.490234375 0.056640625 0.0625
1 0.240234375 0.607421875 0.03125 0.048828125
1 0.6279296875 0.48046875 0.0283203125 0.048828125
1 0.7080078125 0.6552734375 0.037109375 0.0703125
1 0.1484375 0.4873046875 0.0185546875 0.03125
0 0.15625 0.7900390625 0.171875 0.189453125
1 0.9619140625 0.611328125 0.048828125 0.064453125
1 0.59375 0.4814453125 0.0439453125 0.0439453125
1 0.5693359375 0.3857421875 0.017578125 0.025390625
1 0.1337890625 0.611328125 0.0361328125 0.0625
1 0.1806640625 0.4609375 0.0234375 0.037109375
0 0.283203125 0.4453125 0.0439453125 0.041015625
1 0.9365234375 0.6923828125 0.0576171875 0.083984375
1 0.90625 0.5986328125 0.052734375 0.056640625
1 0.271484375 0.6416015625 0.0341796875 0.044921875
1 0.068359375 0.53125 0.0263671875 0.041015625
1 0.802734375 0.556640625 0.0732421875 0.060546875
1 0.400390625 0.4150390625 0.0185546875 0.0263671875
1 0.1982421875 0.4345703125 0.0283203125 0.0283203125
0 0.494140625 0.3603515625 0.041015625 0.033203125
1 0.427734375 0.43359375 0.015625 0.0263671875
1 0.021484375 0.572265625 0.021484375 0.0419921875
1 0.1953125 0.3701171875 0.015625 0.0185546875
1 0.50390625 0.4892578125 0.0234375 0.041015625
1 0.6474609375 0.8544921875 0.048828125 0.068359375
1 0.72265625 0.8359375 0.0517578125 0.09375
1 0.30859375 0.505859375 0.0234375 0.037109375
1 0.8740234375 0.6484375 0.076171875 0.072265625
0 0.5068359375 0.333984375 0.0361328125 0.03125
1 0.173828125 0.365234375 0.0234375 0.0234375
0 0.3134765625 0.392578125 0.0888671875 0.0419921875
1 0.376953125 0.3603515625 0.0234375 0.0234375
0 0.2158203125 0.4013671875 0.0498046875 0.046875
1 0.2509765625 0.87109375 0.060546875 0.0390625
1 0.041015625 0.556640625 0.0185546875 0.0361328125
0 0.373046875 0.818359375 0.146484375 0.1455078125
1 0.166015625 0.419921875 0.0205078125 0.0205078125
1 0.833984375 0.6015625 0.037109375 0.052734375
0 0.865234375 0.8662109375 0.123046875 0.048828125
1 0.423828125 0.3642578125 0.017578125 0.0185546875
1 0.044921875 0.6865234375 0.0205078125 0.0263671875
1 0.0595703125 0.4794921875 0.021484375 0.0341796875
1 0.4619140625 0.3642578125 0.0361328125 0.03125
1 0.091796875 0.4814453125 0.0595703125 0.0439453125
0 0.25 0.3740234375 0.0439453125 0.0263671875
1 0.630859375 0.44140625 0.029296875 0.0361328125
1 0.685546875 0.62109375 0.0263671875 0.0576171875
1 0.7353515625 0.6337890625 0.0234375 0.033203125
1 0.3935546875 0.4951171875 0.0126953125 0.025390625
1 0.021484375 0.474609375 0.0205078125 0.0283203125
1 0.4130859375 0.388671875 0.0361328125 0.033203125
1 0.900390625 0.5 0.0283203125 0.03125
1 0.138671875 0.5537109375 0.0263671875 0.0419921875
0 0.3642578125 0.322265625 0.0595703125 0.029296875
1 0.6923828125 0.4609375 0.0185546875 0.0439453125
1 0.0234375 0.373046875 0.015625 0.0234375
1 0.822265625 0.5263671875 0.0234375 0.0341796875
1 0.71484375 0.78515625 0.0205078125 0.0263671875
1 0.892578125 0.3828125 0.015625 0.0341796875