0 0.3203125 0.798828125 0.146484375 0.1767578125
1 0.5654296875 0.6220703125 0.041015625 0.0625
1 0.751953125 0.689453125 0.048828125 0.064453125
1 0.6083984375 0.548828125 0.029296875 0.0546875
1 0.1123046875 0.6650390625 0.03125 0.0517578125
1 0.693359375 0.5498046875 0.0498046875 0.052734375
0 0.3154296875 0.6494140625 0.0908203125 0.111328125
0 0.673828125 0.732421875 0.1748046875 0.2109375
1 0.486328125 0.412109375 0.0205078125 0.021484375
1 0.564453125 0.390625 0.0185546875 0.025390625
0 0.2412109375 0.5107421875 0.060546875 0.078125
1 0.396484375 0.654296875 0.037109375 0.0576171875
0 0.513671875 0.458984375 0.076171875 0.0732421875
1 0.822265625 0.580078125 0.087890625 0.0810546875
1 0.416015625 0.42578125 0.0185546875 0.033203125
1 0.599609375 0.4521484375 0.0263671875 0.029296875
1 0.439453125 0.412109375 0.015625 0.0283203125
1 0.5625 0.5703125 0.03125 0.041015625
1 0.525390625 0.4169921875 0.021484375 0.025390625
1 0.9462890625 0.6884765625 0.076171875 0.080078125
1 0.12890625 0.5556640625 0.029296875 0.0517578125
0 0.505859375 0.345703125 0.029296875 0.0341796875
0 0.326171875 0.4912109375 0.068359375 0.060546875
1 0.591796875 0.396484375 0.0185546875 0.025390625
1 0.0732421875 0.7197265625 0.03125 0.0517578125
1 0.892578125 0.6484375 0.0751953125 0.072265625
1 0.05859375 0.482421875 0.0263671875 0.03125
1 0.6416015625 0.626953125 0.044921875 0.048828125
0 0.48046875 0.3564453125 0.033203125 0.037109375
0 0.3203125 0.548828125 0.072265625 0.080078125
1 0.841796875 0.7939453125 0.0703125 0.1123046875
0 0.146484375 0.4248046875 0.044921875 0.03125
0 0.2529296875 0.396484375 0.046875 0.0498046875
1 0.8955078125 0.541015625 0.03125 0.037109375
1 0.8466796875 0.498046875 0.0498046875 0.0361328125
1 0.439453125 0.3720703125 0.0263671875 0.03125
1 0.794921875 0.486328125 0.0419921875 0.03125
0 0.533203125 0.3427734375 0.0283203125 0.0263671875
1 0.4248046875 0.3681640625 0.0126953125 0.0205078125
1 0.173828125 0.587890625 0.029296875 0.056640625
1 0.0478515625 0.572265625 0.0234375 0.044921875
1 0.3515625 0.435546875 0.0185546875 0.0263671875
0 0.1162109375 0.486328125 0.0517578125 0.041015625
1 0.931640625 0.6396484375 0.0341796875 0.0419921875
1 0.892578125 0.583984375 0.0439453125 0.052734375
1 0.142578125 0.517578125 0.025390625 0.0341796875
1 0.451171875 0.4267578125 0.017578125 0.0341796875
1 0.3544921875 0.400390625 0.015625 0.025390625
1 0.212890625 0.412109375 0.029296875 0.0361328125
0 0.203125 0.322265625 0.0498046875 0.025390625
1 0.3935546875 0.3564453125 0.015625 0.021484375
1 0.9736328125 0.525390625 0.025390625 0.025390625
1 0.203125 0.578125 0.025390625 0.046875
1 0.9619140625 0.6259765625 0.0419921875 0.0576171875
1 0.283203125 0.36328125 0.015625 0.0205078125
1 0.6533203125 0.458984375 0.025390625 0.021484375
1 0.40234375 0.384765625 0.0419921875 0.037109375
0 0.95703125 0.5771484375 0.0576171875 0.0546875
1 0.376953125 0.361328125 0.0234375 0.021484375
1 0.8447265625 0.541015625 0.0234375 0.029296875
1 0.7236328125 0.5126953125 0.025390625 0.037109375
1 0.36328125 0.3779296875 0.017578125 0.0185546875