0 0.3232421875 0.80078125 0.1435546875 0.1767578125
0 0.0966796875 0.6728515625 0.083984375 0.1142578125
1 0.208984375 0.8310546875 0.046875 0.0751953125
0 0.1982421875 0.6767578125 0.1064453125 0.119140625
1 0.6904296875 0.541015625 0.0498046875 0.0576171875
1 0.564453125 0.466796875 0.0263671875 0.0419921875
0 0.2412109375 0.509765625 0.064453125 0.072265625
1 0.896484375 0.65234375 0.083984375 0.0830078125
0 0.318359375 0.6494140625 0.091796875 0.111328125
1 0.5947265625 0.4453125 0.0234375 0.03125
1 0.8212890625 0.576171875 0.0859375 0.0908203125
1 0.478515625 0.4169921875 0.021484375 0.0341796875
1 0.52734375 0.4619140625 0.0205078125 0.0361328125
0 0.224609375 0.5771484375 0.078125 0.0888671875
0 0.4765625 0.3623046875 0.0439453125 0.0341796875
1 0.4267578125 0.46875 0.021484375 0.0341796875
1 0.5771484375 0.515625 0.033203125 0.056640625
0 0.2607421875 0.41015625 0.056640625 0.044921875
0 0.3212890625 0.5498046875 0.0703125 0.083984375
0 0.5224609375 0.333984375 0.0517578125 0.0361328125
1 0.5068359375 0.43359375 0.0205078125 0.029296875
1 0.5595703125 0.431640625 0.021484375 0.0263671875
0 0.326171875 0.4912109375 0.068359375 0.064453125
1 0.8974609375 0.5439453125 0.0390625 0.0439453125
1 0.9599609375 0.69921875 0.0546875 0.076171875
0 0.494140625 0.5009765625 0.0986328125 0.1015625
1 0.7275390625 0.494140625 0.044921875 0.0361328125
1 0.1884765625 0.5009765625 0.0263671875 0.044921875
1 0.59375 0.4765625 0.015625 0.021484375
1 0.6376953125 0.44140625 0.0439453125 0.0390625
0 0.2314453125 0.3505859375 0.0341796875 0.033203125
1 0.17578125 0.4111328125 0.0390625 0.037109375
1 0.150390625 0.4091796875 0.015625 0.025390625
1 0.8955078125 0.587890625 0.0439453125 0.060546875
1 0.912109375 0.5166015625 0.0341796875 0.0361328125
1 0.412109375 0.4296875 0.0205078125 0.0283203125
0 0.0615234375 0.7744140625 0.048828125 0.0888671875
1 0.427734375 0.685546875 0.033203125 0.056640625
1 0.22265625 0.41015625 0.0234375 0.0361328125
1 0.931640625 0.611328125 0.0419921875 0.048828125
1 0.15234375 0.384765625 0.0234375 0.033203125
1 0.0615234375 0.4794921875 0.029296875 0.037109375
1 0.162109375 0.4951171875 0.0341796875 0.0498046875
1 0.1435546875 0.4619140625 0.025390625 0.0234375
1 0.1396484375 0.8251953125 0.0673828125 0.0751953125
1 0.033203125 0.5849609375 0.041015625 0.095703125
1 0.1484375 0.759765625 0.025390625 0.03125
1 0.5693359375 0.392578125 0.064453125 0.068359375
1 0.8154296875 0.5341796875 0.0283203125 0.041015625
1 0.9716796875 0.630859375 0.0341796875 0.0654296875
1 0.1796875 0.4619140625 0.0341796875 0.033203125
0 0.068359375 0.322265625 0.0361328125 0.0205078125
1 0.111328125 0.421875 0.013671875 0.025390625
1 0.65234375 0.4765625 0.0390625 0.0595703125
1 0.439453125 0.3603515625 0.0205078125 0.0263671875
1 0.392578125 0.634765625 0.0341796875 0.0703125
1 0.169921875 0.763671875 0.033203125 0.0673828125