0 0.3681640625 0.7568359375 0.1044921875 0.1611328125
0 0.7548828125 0.6728515625 0.150390625 0.1796875
0 0.552734375 0.6220703125 0.1064453125 0.1220703125
0 0.1640625 0.4189453125 0.046875 0.0341796875
0 0.5966796875 0.525390625 0.0966796875 0.1015625
0 0.1787109375 0.712890625 0.1142578125 0.1015625
1 0.896484375 0.650390625 0.072265625 0.076171875
0 0.251953125 0.533203125 0.078125 0.09375
1 0.8046875 0.578125 0.052734375 0.0654296875
0 0.1572265625 0.4736328125 0.048828125 0.0439453125
0 0.369140625 0.564453125 0.068359375 0.076171875
1 0.126953125 0.603515625 0.0283203125 0.0439453125
1 0.6884765625 0.544921875 0.0517578125 0.0595703125
0 0.4599609375 0.5107421875 0.076171875 0.1064453125
1 0.5478515625 0.4619140625 0.0205078125 0.0419921875
1 0.533203125 0.53125 0.033203125 0.0498046875
1 0.958984375 0.6533203125 0.052734375 0.083984375
1 0.1865234375 0.607421875 0.0361328125 0.0908203125
1 0.5849609375 0.46875 0.0205078125 0.021484375
0 0.5087890625 0.4287109375 0.0517578125 0.0703125
1 0.8447265625 0.6015625 0.0419921875 0.046875
1 0.2177734375 0.4609375 0.0205078125 0.0341796875
1 0.138671875 0.541015625 0.0205078125 0.029296875
0 0.5673828125 0.40234375 0.041015625 0.060546875
0 0.4462890625 0.421875 0.048828125 0.056640625
1 0.724609375 0.4736328125 0.0283203125 0.0283203125
1 0.9345703125 0.701171875 0.0439453125 0.0498046875
1 0.7294921875 0.537109375 0.0439453125 0.0498046875
1 0.888671875 0.59375 0.060546875 0.0625
1 0.9287109375 0.6123046875 0.0419921875 0.0439453125
0 0.248046875 0.419921875 0.0546875 0.044921875
0 0.181640625 0.369140625 0.03125 0.041015625
0 0.541015625 0.3388671875 0.0341796875 0.025390625
1 0.49609375 0.3837890625 0.0205078125 0.0361328125
1 0.1748046875 0.5595703125 0.0185546875 0.0283203125
1 0.033203125 0.578125 0.0439453125 0.078125
0 0.236328125 0.345703125 0.025390625 0.025390625
1 0.52734375 0.466796875 0.013671875 0.03125
1 0.0654296875 0.478515625 0.037109375 0.0390625
1 0.861328125 0.5498046875 0.025390625 0.041015625
0 0.318359375 0.431640625 0.0830078125 0.091796875
0 0.9560546875 0.580078125 0.0595703125 0.060546875
1 0.087890625 0.658203125 0.0341796875 0.072265625
1 0.4306640625 0.4873046875 0.017578125 0.0439453125
1 0.63671875 0.4580078125 0.0361328125 0.037109375
1 0.2548828125 0.873046875 0.0654296875 0.0361328125
1 0.697265625 0.521484375 0.013671875 0.0263671875