0 0.5966796875 0.701171875 0.140625 0.1533203125
0 0.552734375 0.470703125 0.064453125 0.064453125
1 0.7119140625 0.6123046875 0.0390625 0.052734375
0 0.349609375 0.64453125 0.0830078125 0.123046875
0 0.1953125 0.630859375 0.0966796875 0.115234375
1 0.431640625 0.73046875 0.033203125 0.064453125
1 0.779296875 0.7666015625 0.0517578125 0.091796875
1 0.1005859375 0.7109375 0.0361328125 0.0595703125
1 0.451171875 0.4970703125 0.0263671875 0.037109375
0 0.6015625 0.5673828125 0.109375 0.125
1 0.4990234375 0.6142578125 0.0419921875 0.0654296875
1 0.8193359375 0.580078125 0.0859375 0.087890625
1 0.2607421875 0.484375 0.025390625 0.0341796875
1 0.958984375 0.6669921875 0.0546875 0.078125
1 0.8896484375 0.654296875 0.076171875 0.076171875
1 0.158203125 0.515625 0.021484375 0.03125
1 0.1640625 0.7109375 0.037109375 0.0498046875
1 0.7255859375 0.5380859375 0.048828125 0.048828125
1 0.650390625 0.587890625 0.025390625 0.0546875
0 0.5205078125 0.3330078125 0.03125 0.025390625
1 0.6865234375 0.541015625 0.0361328125 0.0498046875
1 0.1474609375 0.4892578125 0.017578125 0.025390625
0 0.4970703125 0.3525390625 0.0341796875 0.0361328125
1 0.1728515625 0.544921875 0.0234375 0.0390625
1 0.130859375 0.5791015625 0.0263671875 0.0546875
1 0.248046875 0.732421875 0.029296875 0.0439453125
1 0.419921875 0.5126953125 0.025390625 0.041015625
1 0.5869140625 0.412109375 0.0263671875 0.0390625
0 0.3173828125 0.451171875 0.056640625 0.048828125
0 0.5419921875 0.373046875 0.03125 0.0234375
1 0.294921875 0.48046875 0.0205078125 0.0361328125
1 0.658203125 0.544921875 0.0263671875 0.0498046875
1 0.296875 0.720703125 0.03125 0.0751953125
0 0.5615234375 0.42578125 0.0390625 0.0419921875
0 0.263671875 0.4140625 0.0810546875 0.037109375
1 0.060546875 0.48046875 0.0263671875 0.0361328125
0 0.1748046875 0.41015625 0.0810546875 0.044921875
1 0.9306640625 0.705078125 0.033203125 0.044921875
1 0.927734375 0.6103515625 0.044921875 0.0390625
1 0.0830078125 0.79296875 0.0283203125 0.044921875
1 0.0283203125 0.578125 0.0341796875 0.0751953125
0 0.9541015625 0.57421875 0.0703125 0.0546875
1 0.205078125 0.455078125 0.021484375 0.025390625
1 0.9306640625 0.8173828125 0.0859375 0.130859375
1 0.3681640625 0.4248046875 0.017578125 0.025390625
1 0.15234375 0.744140625 0.0263671875 0.033203125
1 0.439453125 0.3642578125 0.015625 0.025390625
1 0.2421875 0.865234375 0.0341796875 0.0517578125
1 0.515625 0.435546875 0.015625 0.0361328125
1 0.5341796875 0.4111328125 0.0185546875 0.037109375
1 0.8974609375 0.5771484375 0.044921875 0.044921875
1 0.638671875 0.439453125 0.041015625 0.0341796875
1 0.1962890625 0.482421875 0.017578125 0.029296875
1 0.166015625 0.4677734375 0.021484375 0.0263671875
1 0.10546875 0.4833984375 0.033203125 0.029296875