0 0.134765625 0.701171875 0.1015625 0.1142578125
0 0.5751953125 0.63671875 0.115234375 0.142578125
0 0.185546875 0.541015625 0.0732421875 0.078125
1 0.626953125 0.5625 0.0283203125 0.052734375
1 0.7197265625 0.6630859375 0.048828125 0.0888671875
1 0.6630859375 0.6142578125 0.033203125 0.0625
0 0.537109375 0.5400390625 0.080078125 0.0732421875
0 0.3271484375 0.501953125 0.064453125 0.068359375
1 0.603515625 0.8076171875 0.0439453125 0.109375
1 0.494140625 0.611328125 0.0341796875 0.0673828125
1 0.849609375 0.8046875 0.0595703125 0.072265625
1 0.263671875 0.5673828125 0.025390625 0.0498046875
1 0.8017578125 0.5869140625 0.0439453125 0.0703125
1 0.28125 0.8056640625 0.052734375 0.076171875
1 0.623046875 0.513671875 0.021484375 0.0361328125
1 0.943359375 0.68359375 0.0830078125 0.0888671875
0 0.294921875 0.455078125 0.052734375 0.046875
1 0.541015625 0.4609375 0.021484375 0.052734375
1 0.115234375 0.560546875 0.0361328125 0.0498046875
0 0.431640625 0.4208984375 0.0419921875 0.0517578125
1 0.7392578125 0.7578125 0.0595703125 0.09375
1 0.7119140625 0.8662109375 0.0517578125 0.048828125
1 0.8466796875 0.599609375 0.041015625 0.046875
0 0.1875 0.4033203125 0.0439453125 0.046875
1 0.666015625 0.568359375 0.029296875 0.0390625
0 0.623046875 0.458984375 0.0888671875 0.0595703125
0 0.48046875 0.3603515625 0.033203125 0.0361328125
0 0.478515625 0.447265625 0.048828125 0.048828125
1 0.1552734375 0.458984375 0.0234375 0.0263671875
1 0.029296875 0.572265625 0.033203125 0.060546875
1 0.568359375 0.439453125 0.0283203125 0.03125
1 0.2470703125 0.470703125 0.015625 0.0283203125
1 0.818359375 0.69140625 0.044921875 0.0703125
1 0.140625 0.4765625 0.0185546875 0.03125
1 0.693359375 0.5458984375 0.044921875 0.048828125
1 0.81640625 0.865234375 0.048828125 0.048828125
0 0.248046875 0.388671875 0.0595703125 0.0419921875
1 0.716796875 0.5966796875 0.021484375 0.037109375
0 0.37890625 0.671875 0.107421875 0.134765625
1 0.4521484375 0.505859375 0.033203125 0.048828125
1 0.9267578125 0.6103515625 0.041015625 0.0390625
0 0.51953125 0.4306640625 0.0361328125 0.0390625
0 0.2119140625 0.447265625 0.0419921875 0.03125
1 0.4814453125 0.4091796875 0.015625 0.025390625
1 0.8955078125 0.587890625 0.046875 0.052734375
1 0.5888671875 0.4228515625 0.0185546875 0.0263671875
1 0.068359375 0.4775390625 0.044921875 0.0361328125
0 0.3525390625 0.3212890625 0.033203125 0.017578125
1 0.5859375 0.447265625 0.015625 0.0263671875
0 0.505859375 0.380859375 0.134765625 0.119140625
1 0.5458984375 0.4111328125 0.0234375 0.041015625
1 0.1005859375 0.4794921875 0.033203125 0.037109375
1 0.5087890625 0.517578125 0.017578125 0.0341796875
1 0.84765625 0.740234375 0.0390625 0.0576171875
1 0.4541015625 0.5615234375 0.0361328125 0.044921875
1 0.0732421875 0.7685546875 0.0439453125 0.056640625
1 0.2548828125 0.8603515625 0.046875 0.0546875
1 0.287109375 0.7587890625 0.033203125 0.044921875
0 0.5341796875 0.35546875 0.03125 0.0361328125
1 0.1279296875 0.5244140625 0.015625 0.0390625
0 0.2275390625 0.359375 0.0263671875 0.015625
1 0.974609375 0.6416015625 0.0234375 0.048828125
1 0.970703125 0.73828125 0.025390625 0.0703125
1 0.888671875 0.728515625 0.0498046875 0.083984375