0 0.322265625 0.8017578125 0.1455078125 0.177734375
1 0.6875 0.6484375 0.0439453125 0.072265625
1 0.67578125 0.576171875 0.0361328125 0.056640625
0 0.19921875 0.677734375 0.0986328125 0.119140625
0 0.150390625 0.505859375 0.0595703125 0.0625
0 0.3173828125 0.6328125 0.087890625 0.1064453125
1 0.6064453125 0.751953125 0.0439453125 0.0625
1 0.6259765625 0.640625 0.033203125 0.068359375
0 0.228515625 0.578125 0.0810546875 0.0908203125
0 0.240234375 0.505859375 0.0625 0.064453125
1 0.5654296875 0.654296875 0.0341796875 0.052734375
1 0.7724609375 0.83984375 0.060546875 0.091796875
0 0.5205078125 0.4287109375 0.052734375 0.064453125
1 0.572265625 0.5703125 0.0283203125 0.056640625
1 0.7958984375 0.5712890625 0.0390625 0.0576171875
1 0.736328125 0.7568359375 0.052734375 0.0703125
1 0.630859375 0.568359375 0.029296875 0.0390625
1 0.947265625 0.6884765625 0.0751953125 0.0830078125
1 0.810546875 0.73828125 0.060546875 0.0830078125
0 0.314453125 0.494140625 0.056640625 0.064453125
1 0.1533203125 0.5830078125 0.03125 0.0625
1 0.853515625 0.587890625 0.068359375 0.0751953125
1 0.6220703125 0.501953125 0.025390625 0.041015625
1 0.564453125 0.4384765625 0.0283203125 0.044921875
1 0.111328125 0.669921875 0.0517578125 0.072265625
0 0.494140625 0.365234375 0.041015625 0.041015625
1 0.5498046875 0.525390625 0.0185546875 0.029296875
1 0.6513671875 0.73046875 0.056640625 0.080078125
1 0.03125 0.5869140625 0.041015625 0.064453125
1 0.5947265625 0.5009765625 0.0205078125 0.0390625
1 0.669921875 0.5283203125 0.0205078125 0.037109375
1 0.611328125 0.4658203125 0.021484375 0.037109375
1 0.712890625 0.5419921875 0.0751953125 0.078125
1 0.1044921875 0.54296875 0.0283203125 0.0419921875
0 0.2060546875 0.412109375 0.037109375 0.0419921875
1 0.376953125 0.4873046875 0.021484375 0.041015625
0 0.3115234375 0.44921875 0.0576171875 0.0419921875
1 0.0576171875 0.482421875 0.0283203125 0.033203125
1 0.2392578125 0.64453125 0.0283203125 0.048828125
0 0.5146484375 0.3349609375 0.044921875 0.033203125
1 0.595703125 0.4404296875 0.0234375 0.0498046875
1 0.1279296875 0.724609375 0.03125 0.0439453125
1 0.8935546875 0.6484375 0.068359375 0.072265625
1 0.8701171875 0.7275390625 0.0751953125 0.0888671875
0 0.21875 0.3515625 0.025390625 0.021484375
1 0.083984375 0.5849609375 0.0263671875 0.044921875
1 0.9326171875 0.611328125 0.0595703125 0.0517578125
1 0.4775390625 0.4033203125 0.029296875 0.041015625
0 0.296875 0.408203125 0.056640625 0.064453125
1 0.4580078125 0.50390625 0.025390625 0.0419921875
1 0.896484375 0.583984375 0.0390625 0.0625
1 0.357421875 0.4326171875 0.0205078125 0.0283203125
1 0.556640625 0.6044921875 0.0234375 0.0341796875
1 0.078125 0.34375 0.0185546875 0.0185546875
0 0.4755859375 0.4423828125 0.044921875 0.052734375
0 0.5224609375 0.3818359375 0.033203125 0.033203125
1 0.466796875 0.36328125 0.0205078125 0.0263671875
1 0.603515625 0.705078125 0.021484375 0.0390625
1 0.1044921875 0.4794921875 0.037109375 0.0439453125
1 0.021484375 0.47265625 0.0205078125 0.0234375
1 0.6357421875 0.439453125 0.0341796875 0.0361328125
1 0.974609375 0.62890625 0.0283203125 0.0576171875
1 0.205078125 0.7958984375 0.0419921875 0.0576171875
1 0.599609375 0.5576171875 0.109375 0.25
1 0.259765625 0.869140625 0.041015625 0.0439453125
1 0.1884765625 0.4609375 0.017578125 0.03125
0 0.236328125 0.400390625 0.037109375 0.033203125
1 0.185546875 0.380859375 0.0263671875 0.033203125
1 0.818359375 0.5361328125 0.025390625 0.0498046875