0 0.1923828125 0.748046875 0.125 0.162109375
0 0.5126953125 0.4228515625 0.0654296875 0.064453125
0 0.337890625 0.728515625 0.0986328125 0.119140625
1 0.279296875 0.486328125 0.0361328125 0.0439453125
0 0.1826171875 0.41796875 0.0751953125 0.0419921875
1 0.5771484375 0.4853515625 0.033203125 0.044921875
0 0.541015625 0.3525390625 0.041015625 0.0419921875
0 0.490234375 0.359375 0.044921875 0.037109375
0 0.314453125 0.451171875 0.0888671875 0.052734375
1 0.115234375 0.6005859375 0.0361328125 0.0546875
1 0.6357421875 0.50390625 0.021484375 0.0419921875
1 0.611328125 0.4970703125 0.029296875 0.037109375
1 0.07421875 0.759765625 0.0390625 0.0654296875
1 0.55078125 0.4736328125 0.033203125 0.0498046875
1 0.3076171875 0.8388671875 0.046875 0.087890625
1 0.2197265625 0.4443359375 0.0234375 0.0361328125
1 0.1923828125 0.4619140625 0.0283203125 0.0419921875
1 0.14453125 0.474609375 0.0234375 0.046875
0 0.509765625 0.333984375 0.033203125 0.029296875
1 0.41015625 0.8076171875 0.044921875 0.0654296875
1 0.068359375 0.54296875 0.0263671875 0.044921875
1 0.345703125 0.498046875 0.0419921875 0.0390625
1 0.458984375 0.7880859375 0.0390625 0.060546875
1 0.494140625 0.490234375 0.0439453125 0.044921875
1 0.3857421875 0.51953125 0.0439453125 0.044921875
1 0.431640625 0.658203125 0.046875 0.060546875
1 0.45703125 0.4326171875 0.0205078125 0.03125
0 0.232421875 0.365234375 0.060546875 0.0390625
1 0.107421875 0.4228515625 0.0234375 0.0263671875
1 0.5595703125 0.423828125 0.0185546875 0.0390625
1 0.1435546875 0.435546875 0.015625 0.021484375
0 0.099609375 0.400390625 0.0654296875 0.029296875
1 0.595703125 0.466796875 0.0185546875 0.0283203125
1 0.4208984375 0.736328125 0.044921875 0.048828125
0 0.875 0.5849609375 0.0751953125 0.0517578125
1 0.59765625 0.5576171875 0.0546875 0.0439453125
1 0.4716796875 0.404296875 0.015625 0.033203125
0 0.7314453125 0.5634765625 0.0625 0.0390625
1 0.5810546875 0.40625 0.015625 0.021484375
1 0.755859375 0.7236328125 0.0830078125 0.0908203125
1 0.0595703125 0.482421875 0.021484375 0.037109375
0 0.185546875 0.3251953125 0.037109375 0.025390625
1 0.099609375 0.4775390625 0.046875 0.0419921875
1 0.619140625 0.462890625 0.0205078125 0.03125
1 0.453125 0.515625 0.0283203125 0.056640625
1 0.421875 0.490234375 0.0439453125 0.041015625
1 0.130859375 0.400390625 0.015625 0.0185546875
1 0.376953125 0.4638671875 0.0205078125 0.037109375
1 0.037109375 0.7412109375 0.0361328125 0.0517578125
1 0.4951171875 0.4521484375 0.015625 0.0234375
1 0.6357421875 0.4423828125 0.041015625 0.03125
1 0.54296875 0.5830078125 0.0205078125 0.052734375
1 0.763671875 0.5546875 0.0205078125 0.0341796875
1 0.4375 0.36328125 0.0185546875 0.0263671875
1 0.0283203125 0.5849609375 0.03125 0.0830078125
1 0.0234375 0.462890625 0.0185546875 0.033203125
0 0.201171875 0.875 0.1142578125 0.0283203125
1 0.5869140625 0.607421875 0.0263671875 0.0751953125
1 0.970703125 0.583984375 0.0263671875 0.0361328125
1 0.275390625 0.4541015625 0.021484375 0.0263671875
1 0.63671875 0.6220703125 0.0263671875 0.072265625
1 0.328125 0.35546875 0.0185546875 0.029296875
0 0.4052734375 0.55859375 0.126953125 0.064453125