0 0.3251953125 0.80078125 0.150390625 0.1767578125
0 0.197265625 0.6796875 0.1015625 0.115234375
1 0.689453125 0.5439453125 0.046875 0.0625
0 0.240234375 0.5107421875 0.0625 0.072265625
0 0.224609375 0.580078125 0.078125 0.0908203125
0 0.5234375 0.513671875 0.09375 0.103515625
0 0.3154296875 0.650390625 0.09375 0.109375
1 0.130859375 0.6201171875 0.037109375 0.0654296875
1 0.796875 0.5849609375 0.037109375 0.0546875
1 0.8642578125 0.591796875 0.072265625 0.076171875
0 0.505859375 0.345703125 0.0361328125 0.0361328125
1 0.162109375 0.4970703125 0.0234375 0.0498046875
1 0.728515625 0.5361328125 0.0419921875 0.046875
1 0.189453125 0.4912109375 0.021484375 0.044921875
0 0.322265625 0.546875 0.072265625 0.0810546875
1 0.587890625 0.40625 0.0126953125 0.021484375
1 0.947265625 0.6748046875 0.0751953125 0.1064453125
1 0.0419921875 0.583984375 0.0341796875 0.056640625
1 0.5439453125 0.3916015625 0.0126953125 0.0205078125
1 0.55859375 0.400390625 0.013671875 0.0234375
1 0.826171875 0.556640625 0.041015625 0.0498046875
1 0.0703125 0.4794921875 0.0439453125 0.041015625
1 0.5009765625 0.384765625 0.0205078125 0.0263671875
1 0.482421875 0.404296875 0.0126953125 0.0263671875
1 0.591796875 0.7353515625 0.0419921875 0.091796875
1 0.154296875 0.419921875 0.0205078125 0.0263671875
1 0.900390625 0.54296875 0.044921875 0.0390625
1 0.439453125 0.427734375 0.033203125 0.0361328125
1 0.1015625 0.7060546875 0.041015625 0.0625
1 0.12109375 0.5234375 0.0205078125 0.0283203125
1 0.142578125 0.4765625 0.0234375 0.0439453125
1 0.22265625 0.4111328125 0.033203125 0.0341796875
1 0.173828125 0.4638671875 0.021484375 0.0283203125
1 0.21875 0.814453125 0.041015625 0.0439453125
1 0.1953125 0.423828125 0.0185546875 0.025390625
0 0.388671875 0.388671875 0.087890625 0.044921875
1 0.634765625 0.44140625 0.037109375 0.033203125
1 0.9658203125 0.517578125 0.037109375 0.041015625
1 0.435546875 0.365234375 0.015625 0.0205078125
0 0.259765625 0.4130859375 0.0439453125 0.029296875
1 0.3671875 0.35546875 0.015625 0.0205078125
1 0.10546875 0.4111328125 0.0205078125 0.025390625
1 0.435546875 0.7353515625 0.03125 0.0888671875
1 0.240234375 0.767578125 0.029296875 0.056640625
0 0.533203125 0.3291015625 0.041015625 0.029296875
1 0.4501953125 0.5107421875 0.0341796875 0.041015625
1 0.2724609375 0.75390625 0.029296875 0.044921875
1 0.349609375 0.44140625 0.013671875 0.0234375
1 0.1767578125 0.421875 0.0185546875 0.025390625
1 0.6181640625 0.849609375 0.0517578125 0.076171875
1 0.56640625 0.3857421875 0.0703125 0.0625
1 0.0234375 0.5576171875 0.025390625 0.041015625
1 0.22265625 0.3603515625 0.013671875 0.0205078125
1 0.1591796875 0.5693359375 0.0283203125 0.048828125
1 0.205078125 0.462890625 0.0234375 0.041015625
1 0.9267578125 0.609375 0.0751953125 0.052734375
1 0.5322265625 0.740234375 0.0546875 0.1171875
0 0.3125 0.4423828125 0.072265625 0.0810546875