0 0.177734375 0.72265625 0.1220703125 0.1640625
1 0.091796875 0.6865234375 0.0341796875 0.0576171875
0 0.61328125 0.55078125 0.080078125 0.0859375
0 0.5888671875 0.6748046875 0.1435546875 0.1748046875
0 0.888671875 0.806640625 0.189453125 0.1611328125
1 0.1953125 0.5361328125 0.025390625 0.0439453125
1 0.333984375 0.6123046875 0.03125 0.0498046875
1 0.130859375 0.580078125 0.03125 0.0546875
1 0.302734375 0.525390625 0.0234375 0.0439453125
1 0.138671875 0.474609375 0.025390625 0.037109375
1 0.732421875 0.7529296875 0.046875 0.087890625
1 0.822265625 0.5771484375 0.0859375 0.0859375
1 0.31640625 0.4609375 0.0205078125 0.0341796875
1 0.9423828125 0.685546875 0.083984375 0.0830078125
0 0.5283203125 0.390625 0.046875 0.052734375
1 0.3720703125 0.509765625 0.021484375 0.037109375
1 0.537109375 0.552734375 0.0283203125 0.052734375
1 0.2607421875 0.4775390625 0.0185546875 0.0390625
1 0.2880859375 0.48828125 0.0205078125 0.033203125
1 0.728515625 0.5400390625 0.0419921875 0.048828125
1 0.45703125 0.3623046875 0.017578125 0.021484375
1 0.501953125 0.5654296875 0.0234375 0.046875
1 0.2841796875 0.572265625 0.0283203125 0.0419921875
1 0.216796875 0.4208984375 0.025390625 0.033203125
1 0.259765625 0.5234375 0.025390625 0.037109375
1 0.513671875 0.5029296875 0.0234375 0.046875
1 0.23046875 0.4716796875 0.0205078125 0.03125
1 0.240234375 0.798828125 0.0419921875 0.0673828125
1 0.6962890625 0.5537109375 0.029296875 0.0419921875
1 0.6845703125 0.8125 0.056640625 0.078125
1 0.896484375 0.54296875 0.0341796875 0.0390625
0 0.537109375 0.4501953125 0.046875 0.068359375
1 0.154296875 0.5068359375 0.0185546875 0.0361328125
1 0.228515625 0.509765625 0.0205078125 0.0361328125
1 0.1943359375 0.4482421875 0.017578125 0.025390625
1 0.453125 0.525390625 0.0283203125 0.041015625
1 0.05859375 0.4814453125 0.0205078125 0.0341796875
1 0.6484375 0.6689453125 0.0283203125 0.046875
1 0.373046875 0.587890625 0.03125 0.046875
1 0.1767578125 0.490234375 0.025390625 0.0341796875
1 0.029296875 0.8427734375 0.029296875 0.060546875
1 0.28515625 0.6201171875 0.0234375 0.0654296875
0 0.560546875 0.3837890625 0.0341796875 0.0390625
1 0.255859375 0.4150390625 0.017578125 0.0361328125
0 0.447265625 0.4814453125 0.0546875 0.068359375
1 0.1669921875 0.5830078125 0.037109375 0.056640625
0 0.177734375 0.4189453125 0.0439453125 0.037109375
1 0.19140625 0.380859375 0.017578125 0.029296875
0 0.4912109375 0.345703125 0.0361328125 0.029296875
1 0.029296875 0.5615234375 0.0361328125 0.0517578125
1 0.1171875 0.419921875 0.0185546875 0.0263671875
1 0.94921875 0.529296875 0.0234375 0.0205078125
1 0.021484375 0.478515625 0.021484375 0.0390625
1 0.603515625 0.4755859375 0.025390625 0.033203125
1 0.25 0.484375 0.087890625 0.099609375
1 0.6025390625 0.451171875 0.017578125 0.033203125
1 0.962890625 0.5927734375 0.046875 0.0576171875
1 0.896484375 0.5869140625 0.041015625 0.0576171875
1 0.6923828125 0.5224609375 0.021484375 0.033203125
1 0.4306640625 0.517578125 0.0263671875 0.041015625
0 0.7041015625 0.8681640625 0.123046875 0.0419921875
1 0.248046875 0.58203125 0.2685546875 0.1767578125
0 0.251953125 0.392578125 0.083984375 0.056640625
1 0.466796875 0.427734375 0.0283203125 0.0341796875
1 0.041015625 0.791015625 0.0390625 0.0546875
0 0.46875 0.3974609375 0.025390625 0.029296875
1 0.8955078125 0.705078125 0.0341796875 0.0732421875
1 0.814453125 0.5390625 0.025390625 0.041015625
1 0.935546875 0.6513671875 0.0234375 0.037109375
1 0.1142578125 0.490234375 0.0439453125 0.0390625