0 0.330078125 0.751953125 0.1220703125 0.166015625
0 0.552734375 0.494140625 0.0751953125 0.087890625
0 0.5478515625 0.5712890625 0.080078125 0.091796875
1 0.6943359375 0.541015625 0.0517578125 0.0595703125
0 0.2109375 0.64453125 0.0966796875 0.1142578125
1 0.7783203125 0.705078125 0.0498046875 0.0810546875
0 0.15234375 0.4287109375 0.044921875 0.0517578125
1 0.6396484375 0.5625 0.033203125 0.056640625
0 0.228515625 0.5419921875 0.0673828125 0.0810546875
0 0.322265625 0.5576171875 0.0732421875 0.0810546875
1 0.822265625 0.5771484375 0.0888671875 0.095703125
0 0.2373046875 0.474609375 0.052734375 0.064453125
0 0.2998046875 0.451171875 0.046875 0.0546875
1 0.595703125 0.4638671875 0.0439453125 0.041015625
1 0.474609375 0.55078125 0.0283203125 0.0546875
1 0.7314453125 0.619140625 0.041015625 0.064453125
0 0.458984375 0.4453125 0.044921875 0.0439453125
1 0.9482421875 0.69140625 0.0751953125 0.0859375
0 0.5087890625 0.337890625 0.029296875 0.0283203125
1 0.4072265625 0.634765625 0.0234375 0.041015625
0 0.19140625 0.37890625 0.033203125 0.033203125
1 0.619140625 0.4921875 0.0263671875 0.0341796875
1 0.060546875 0.4833984375 0.0234375 0.029296875
0 0.2255859375 0.357421875 0.0263671875 0.025390625
1 0.896484375 0.5791015625 0.0390625 0.048828125
0 0.513671875 0.400390625 0.0361328125 0.041015625
0 0.294921875 0.416015625 0.044921875 0.0341796875
1 0.8955078125 0.64453125 0.072265625 0.076171875
1 0.478515625 0.490234375 0.033203125 0.046875
1 0.4326171875 0.4794921875 0.025390625 0.0439453125
1 0.087890625 0.65234375 0.0419921875 0.0673828125
0 0.5546875 0.376953125 0.03125 0.0341796875
1 0.029296875 0.5625 0.033203125 0.046875
1 0.8984375 0.544921875 0.0283203125 0.0361328125
1 0.927734375 0.607421875 0.0498046875 0.041015625
1 0.4150390625 0.43359375 0.017578125 0.033203125
1 0.0341796875 0.810546875 0.046875 0.0673828125
1 0.560546875 0.8349609375 0.072265625 0.1015625
1 0.138671875 0.4853515625 0.029296875 0.0517578125
1 0.552734375 0.4326171875 0.037109375 0.0439453125
1 0.0693359375 0.740234375 0.0517578125 0.076171875
1 0.12890625 0.6513671875 0.0390625 0.0625
1 0.1015625 0.4765625 0.0439453125 0.0439453125
1 0.1640625 0.388671875 0.015625 0.0234375
1 0.505859375 0.4462890625 0.041015625 0.0546875
0 0.1611328125 0.341796875 0.021484375 0.0234375
1 0.9736328125 0.634765625 0.0283203125 0.0625
1 0.4560546875 0.5029296875 0.025390625 0.041015625
1 0.447265625 0.3857421875 0.017578125 0.025390625
1 0.68359375 0.853515625 0.0390625 0.0703125
1 0.958984375 0.591796875 0.0341796875 0.0390625