0 0.1923828125 0.7490234375 0.125 0.1611328125
0 0.5107421875 0.4248046875 0.0498046875 0.052734375
0 0.337890625 0.7275390625 0.099609375 0.1171875
1 0.533203125 0.6748046875 0.0390625 0.078125
1 0.7294921875 0.6923828125 0.0654296875 0.083984375
1 0.412109375 0.52734375 0.0390625 0.0517578125
1 0.6279296875 0.478515625 0.0283203125 0.037109375
0 0.642578125 0.7314453125 0.158203125 0.1689453125
1 0.6572265625 0.63671875 0.0517578125 0.064453125
1 0.5166015625 0.51953125 0.033203125 0.048828125
1 0.455078125 0.5234375 0.025390625 0.041015625
0 0.5380859375 0.345703125 0.0390625 0.029296875
1 0.4873046875 0.484375 0.025390625 0.03125
0 0.8662109375 0.818359375 0.201171875 0.1376953125
1 0.494140625 0.4501953125 0.017578125 0.025390625
1 0.0791015625 0.759765625 0.0419921875 0.0810546875
0 0.92578125 0.580078125 0.1171875 0.064453125
1 0.59375 0.462890625 0.0185546875 0.029296875
1 0.623046875 0.595703125 0.041015625 0.0517578125
0 0.4931640625 0.359375 0.0419921875 0.0341796875
1 0.705078125 0.580078125 0.064453125 0.064453125
1 0.9677734375 0.6787109375 0.0390625 0.060546875
1 0.427734375 0.6796875 0.0341796875 0.052734375
1 0.4228515625 0.4404296875 0.0390625 0.03125
1 0.564453125 0.6396484375 0.033203125 0.044921875
0 0.505859375 0.3349609375 0.0341796875 0.033203125
1 0.5654296875 0.4228515625 0.0185546875 0.033203125
1 0.68359375 0.529296875 0.0390625 0.041015625
1 0.537109375 0.408203125 0.025390625 0.0341796875
1 0.7265625 0.47265625 0.025390625 0.0263671875
1 0.5458984375 0.4365234375 0.017578125 0.033203125
1 0.548828125 0.494140625 0.029296875 0.0390625
1 0.447265625 0.4267578125 0.015625 0.021484375
1 0.8388671875 0.646484375 0.0908203125 0.083984375
1 0.576171875 0.52734375 0.025390625 0.0419921875
1 0.76171875 0.587890625 0.0390625 0.041015625
1 0.552734375 0.533203125 0.0283203125 0.0419921875
1 0.4375 0.509765625 0.0185546875 0.033203125
1 0.625 0.5625 0.025390625 0.037109375
1 0.619140625 0.4501953125 0.0283203125 0.0341796875
1 0.73828125 0.640625 0.0361328125 0.041015625
1 0.525390625 0.369140625 0.017578125 0.025390625
1 0.560546875 0.4453125 0.017578125 0.0283203125
0 0.4560546875 0.482421875 0.046875 0.068359375
1 0.73828125 0.5537109375 0.033203125 0.0361328125
1 0.06640625 0.6337890625 0.029296875 0.0546875
1 0.5791015625 0.580078125 0.0361328125 0.048828125
1 0.5498046875 0.3720703125 0.015625 0.0283203125
1 0.517578125 0.556640625 0.021484375 0.0361328125
1 0.0234375 0.5634765625 0.021484375 0.048828125
1 0.037109375 0.822265625 0.0498046875 0.103515625
1 0.1728515625 0.3388671875 0.013671875 0.021484375
1 0.2861328125 0.59765625 0.0595703125 0.0390625
0 0.353515625 0.3212890625 0.0341796875 0.017578125
0 0.8818359375 0.505859375 0.123046875 0.072265625
1 0.439453125 0.361328125 0.0205078125 0.0283203125
1 0.841796875 0.544921875 0.056640625 0.0419921875
1 0.060546875 0.478515625 0.0234375 0.0361328125
1 0.4609375 0.357421875 0.025390625 0.0361328125
1 0.4921875 0.630859375 0.0439453125 0.0546875
1 0.36328125 0.423828125 0.033203125 0.0263671875
1 0.5751953125 0.3935546875 0.015625 0.0341796875
1 0.470703125 0.4267578125 0.025390625 0.03125
1 0.6337890625 0.5205078125 0.0361328125 0.041015625
1 0.78125 0.6748046875 0.0595703125 0.087890625
1 0.841796875 0.587890625 0.0654296875 0.056640625
1 0.7880859375 0.5576171875 0.0263671875 0.0341796875
1 0.166015625 0.62109375 0.037109375 0.0732421875
1 0.328125 0.3583984375 0.0185546875 0.0263671875
1 0.21484375 0.6005859375 0.033203125 0.064453125
1 0.603515625 0.560546875 0.0234375 0.03125
1 0.919921875 0.646484375 0.095703125 0.0673828125
1 0.0732421875 0.337890625 0.0126953125 0.0185546875
1 0.408203125 0.486328125 0.0205078125 0.029296875
1 0.1064453125 0.486328125 0.03125 0.033203125
1 0.5791015625 0.3662109375 0.0205078125 0.033203125
0 0.1865234375 0.32421875 0.0390625 0.0234375
1 0.9306640625 0.603515625 0.0234375 0.037109375
0 0.1982421875 0.875 0.078125 0.0283203125
1 0.5625 0.404296875 0.0908203125 0.111328125
1 0.0244140625 0.376953125 0.0107421875 0.015625