0 0.1923828125 0.6455078125 0.103515625 0.130859375
0 0.587890625 0.689453125 0.1357421875 0.1513671875
0 0.548828125 0.47265625 0.0576171875 0.0517578125
1 0.431640625 0.7421875 0.029296875 0.0625
1 0.7001953125 0.603515625 0.037109375 0.0498046875
1 0.763671875 0.744140625 0.048828125 0.0859375
0 0.349609375 0.6474609375 0.0859375 0.1142578125
1 0.166015625 0.546875 0.0341796875 0.0595703125
1 0.4541015625 0.494140625 0.0234375 0.0361328125
1 0.68359375 0.544921875 0.044921875 0.052734375
1 0.263671875 0.490234375 0.025390625 0.033203125
1 0.8193359375 0.5859375 0.076171875 0.072265625
1 0.416015625 0.5068359375 0.0234375 0.0361328125
1 0.4873046875 0.6162109375 0.041015625 0.064453125
0 0.595703125 0.55859375 0.103515625 0.1201171875
1 0.0947265625 0.732421875 0.0390625 0.060546875
1 0.958984375 0.6689453125 0.052734375 0.078125
1 0.7265625 0.5390625 0.046875 0.0498046875
1 0.904296875 0.8212890625 0.0732421875 0.0986328125
1 0.4951171875 0.4521484375 0.025390625 0.0390625
0 0.521484375 0.3330078125 0.033203125 0.025390625
1 0.642578125 0.578125 0.0283203125 0.0595703125
1 0.126953125 0.5810546875 0.03125 0.0654296875
0 0.2705078125 0.4150390625 0.072265625 0.0390625
0 0.5 0.3662109375 0.0341796875 0.029296875
0 0.318359375 0.451171875 0.0576171875 0.0498046875
1 0.888671875 0.6533203125 0.0810546875 0.083984375
0 0.5419921875 0.373046875 0.03125 0.021484375
1 0.14453125 0.763671875 0.029296875 0.044921875
1 0.6513671875 0.5439453125 0.021484375 0.037109375
1 0.25 0.7490234375 0.037109375 0.048828125
1 0.3671875 0.4375 0.015625 0.0283203125
1 0.587890625 0.412109375 0.0234375 0.0361328125
1 0.146484375 0.4921875 0.015625 0.025390625
1 0.166015625 0.728515625 0.033203125 0.046875
1 0.0615234375 0.478515625 0.029296875 0.0361328125
1 0.515625 0.4384765625 0.0185546875 0.0390625
1 0.494140625 0.49609375 0.0234375 0.0419921875
0 0.568359375 0.3701171875 0.029296875 0.025390625
1 0.1796875 0.484375 0.0751953125 0.068359375
1 0.9267578125 0.611328125 0.046875 0.041015625
1 0.0322265625 0.5732421875 0.0390625 0.078125
1 0.533203125 0.4111328125 0.0205078125 0.037109375
1 0.185546875 0.3720703125 0.0205078125 0.025390625
1 0.4375 0.365234375 0.015625 0.0234375
0 0.9521484375 0.5751953125 0.0703125 0.056640625
1 0.900390625 0.7412109375 0.044921875 0.0830078125
0 0.2255859375 0.34765625 0.033203125 0.0234375
1 0.2080078125 0.4560546875 0.021484375 0.03125
1 0.47265625 0.47265625 0.0361328125 0.0361328125
1 0.896484375 0.578125 0.041015625 0.046875
0 0.533203125 0.4033203125 0.1376953125 0.1591796875
1 0.791015625 0.5498046875 0.0263671875 0.037109375
1 0.638671875 0.439453125 0.0419921875 0.0361328125
1 0.1044921875 0.484375 0.03125 0.03125
1 0.0810546875 0.7783203125 0.037109375 0.056640625
1 0.2939453125 0.7705078125 0.021484375 0.0439453125
1 0.5751953125 0.447265625 0.021484375 0.0283203125
1 0.1533203125 0.853515625 0.03125 0.044921875
1 0.3974609375 0.5 0.0263671875 0.0439453125