0 0.193359375 0.75 0.125 0.1689453125
0 0.3359375 0.7421875 0.099609375 0.146484375
0 0.5107421875 0.4248046875 0.052734375 0.056640625
0 0.7900390625 0.546875 0.158203125 0.072265625
1 0.7275390625 0.767578125 0.0546875 0.087890625
0 0.5439453125 0.525390625 0.140625 0.076171875
1 0.5009765625 0.603515625 0.048828125 0.056640625
1 0.341796875 0.494140625 0.0390625 0.041015625
1 0.5400390625 0.5810546875 0.044921875 0.0595703125
1 0.810546875 0.61328125 0.0419921875 0.0673828125
1 0.2763671875 0.455078125 0.03125 0.037109375
0 0.541015625 0.34375 0.037109375 0.025390625
1 0.537109375 0.4697265625 0.03125 0.0390625
1 0.6689453125 0.58203125 0.0751953125 0.064453125
1 0.0771484375 0.748046875 0.0517578125 0.0966796875
1 0.162109375 0.4736328125 0.0205078125 0.041015625
0 0.509765625 0.333984375 0.03125 0.029296875
1 0.529296875 0.373046875 0.017578125 0.0234375
1 0.623046875 0.486328125 0.0361328125 0.037109375
1 0.455078125 0.7802734375 0.0419921875 0.0673828125
1 0.6767578125 0.7861328125 0.056640625 0.072265625
0 0.490234375 0.3623046875 0.041015625 0.0341796875
1 0.3095703125 0.474609375 0.03125 0.037109375
1 0.5869140625 0.568359375 0.033203125 0.041015625
1 0.150390625 0.533203125 0.025390625 0.0419921875
1 0.224609375 0.4326171875 0.0283203125 0.0341796875
1 0.8427734375 0.849609375 0.076171875 0.080078125
1 0.619140625 0.6962890625 0.048828125 0.0859375
1 0.7333984375 0.5859375 0.048828125 0.0498046875
1 0.474609375 0.490234375 0.0263671875 0.037109375
1 0.421875 0.7451171875 0.0439453125 0.052734375
1 0.30859375 0.8505859375 0.0419921875 0.0576171875
1 0.892578125 0.6298828125 0.041015625 0.046875
1 0.4521484375 0.365234375 0.017578125 0.0263671875
1 0.482421875 0.5615234375 0.0263671875 0.0390625
1 0.1123046875 0.482421875 0.041015625 0.0341796875
1 0.427734375 0.6748046875 0.041015625 0.0439453125
1 0.552734375 0.376953125 0.013671875 0.0283203125
1 0.5830078125 0.46875 0.025390625 0.0341796875
1 0.560546875 0.4677734375 0.0185546875 0.033203125
1 0.0390625 0.712890625 0.0341796875 0.056640625
1 0.9404296875 0.6005859375 0.025390625 0.0390625
0 0.193359375 0.40234375 0.1669921875 0.080078125
1 0.78515625 0.576171875 0.029296875 0.0439453125
1 0.130859375 0.4599609375 0.025390625 0.0263671875
1 0.05859375 0.4794921875 0.0205078125 0.0341796875
1 0.1328125 0.5810546875 0.0283203125 0.037109375
1 0.3955078125 0.6298828125 0.0341796875 0.0908203125
1 0.1787109375 0.3251953125 0.0234375 0.021484375
1 0.462890625 0.716796875 0.0263671875 0.041015625
1 0.9765625 0.525390625 0.021484375 0.0341796875
0 0.326171875 0.396484375 0.068359375 0.0390625
1 0.548828125 0.4345703125 0.0185546875 0.021484375
1 0.0234375 0.55859375 0.021484375 0.0419921875
1 0.029296875 0.625 0.0283203125 0.052734375
1 0.9306640625 0.380859375 0.0234375 0.041015625
1 0.8564453125 0.56640625 0.0185546875 0.029296875
1 0.572265625 0.376953125 0.013671875 0.03125
1 0.4697265625 0.640625 0.0263671875 0.078125
1 0.9091796875 0.556640625 0.041015625 0.029296875
1 0.330078125 0.359375 0.0126953125 0.021484375
1 0.9306640625 0.5625 0.107421875 0.115234375
0 0.353515625 0.3203125 0.033203125 0.0185546875
1 0.6298828125 0.44140625 0.0185546875 0.029296875
1 0.443359375 0.59765625 0.0185546875 0.044921875
1 0.7646484375 0.568359375 0.0205078125 0.0361328125
0 0.1962890625 0.8759765625 0.1015625 0.029296875
1 0.7529296875 0.884765625 0.021484375 0.0126953125
1 0.478515625 0.53515625 0.017578125 0.0263671875
1 0.322265625 0.4404296875 0.017578125 0.0283203125
1 0.111328125 0.416015625 0.0205078125 0.025390625
1 0.63671875 0.857421875 0.048828125 0.0595703125
1 0.3828125 0.3251953125 0.015625 0.0185546875
0 0.0830078125 0.5029296875 0.1435546875 0.1220703125
1 0.5927734375 0.3623046875 0.0361328125 0.025390625