0 0.3212890625 0.798828125 0.1484375 0.1748046875
0 0.130859375 0.572265625 0.0732421875 0.083984375
0 0.6220703125 0.65234375 0.1376953125 0.1513671875
0 0.2021484375 0.671875 0.1015625 0.1123046875
0 0.240234375 0.509765625 0.0625 0.072265625
1 0.587890625 0.544921875 0.0263671875 0.048828125
1 0.376953125 0.517578125 0.021484375 0.0390625
0 0.31640625 0.6494140625 0.091796875 0.111328125
1 0.6943359375 0.54296875 0.0419921875 0.0517578125
0 0.3203125 0.5400390625 0.0654296875 0.080078125
1 0.8203125 0.580078125 0.083984375 0.083984375
0 0.2236328125 0.5771484375 0.0751953125 0.0859375
1 0.896484375 0.65234375 0.076171875 0.076171875
0 0.3212890625 0.4736328125 0.064453125 0.056640625
1 0.037109375 0.6083984375 0.0419921875 0.060546875
1 0.4921875 0.5517578125 0.0283203125 0.046875
1 0.7314453125 0.5400390625 0.041015625 0.048828125
1 0.546875 0.4990234375 0.015625 0.029296875
0 0.5224609375 0.4150390625 0.044921875 0.0576171875
1 0.611328125 0.501953125 0.0185546875 0.0263671875
1 0.1328125 0.6669921875 0.03125 0.041015625
1 0.521484375 0.541015625 0.0263671875 0.0439453125
1 0.4873046875 0.462890625 0.015625 0.0341796875
1 0.09765625 0.734375 0.048828125 0.0751953125
1 0.638671875 0.5185546875 0.0283203125 0.052734375
1 0.5908203125 0.509765625 0.021484375 0.0361328125
1 0.9599609375 0.6962890625 0.0546875 0.076171875
1 0.912109375 0.5341796875 0.060546875 0.052734375
1 0.560546875 0.541015625 0.0234375 0.046875
1 0.0830078125 0.6513671875 0.03125 0.0439453125
0 0.3017578125 0.4013671875 0.0595703125 0.056640625
1 0.580078125 0.4677734375 0.0859375 0.123046875
1 0.150390625 0.3857421875 0.0126953125 0.0185546875
1 0.1728515625 0.40234375 0.013671875 0.0234375
1 0.021484375 0.5712890625 0.0185546875 0.033203125
1 0.6533203125 0.587890625 0.041015625 0.0654296875
0 0.5087890625 0.34375 0.0888671875 0.056640625
1 0.177734375 0.4404296875 0.0185546875 0.03125
1 0.958984375 0.6240234375 0.048828125 0.060546875
1 0.0732421875 0.48046875 0.052734375 0.0419921875
1 0.134765625 0.634765625 0.029296875 0.0341796875
1 0.1884765625 0.38671875 0.0205078125 0.0234375
1 0.1533203125 0.447265625 0.021484375 0.029296875
1 0.1884765625 0.4990234375 0.0234375 0.0361328125
1 0.2470703125 0.4072265625 0.037109375 0.0263671875
1 0.20703125 0.40234375 0.0107421875 0.0234375
1 0.41015625 0.572265625 0.0234375 0.0595703125
1 0.455078125 0.5 0.0205078125 0.037109375
1 0.421875 0.4189453125 0.015625 0.0185546875
1 0.18359375 0.7724609375 0.0361328125 0.0576171875