0 0.599609375 0.560546875 0.0986328125 0.1171875
0 0.337890625 0.7265625 0.0986328125 0.115234375
0 0.4892578125 0.5341796875 0.068359375 0.087890625
0 0.603515625 0.7333984375 0.140625 0.1640625
1 0.68359375 0.580078125 0.033203125 0.056640625
1 0.7060546875 0.7412109375 0.056640625 0.0732421875
1 0.591796875 0.486328125 0.025390625 0.033203125
1 0.826171875 0.5908203125 0.0595703125 0.052734375
1 0.423828125 0.7412109375 0.0341796875 0.060546875
1 0.7548828125 0.6474609375 0.0498046875 0.0830078125
0 0.48828125 0.361328125 0.033203125 0.0283203125
0 0.7509765625 0.4833984375 0.1455078125 0.0732421875
1 0.662109375 0.541015625 0.0361328125 0.048828125
1 0.826171875 0.7353515625 0.0595703125 0.0859375
1 0.1533203125 0.5673828125 0.025390625 0.0439453125
1 0.8525390625 0.5546875 0.033203125 0.0341796875
1 0.7060546875 0.560546875 0.03125 0.046875
0 0.5400390625 0.3427734375 0.033203125 0.029296875
1 0.92578125 0.6923828125 0.091796875 0.0654296875
1 0.96484375 0.623046875 0.0419921875 0.0576171875
1 0.1572265625 0.4423828125 0.017578125 0.03125
0 0.5087890625 0.333984375 0.029296875 0.029296875
1 0.5205078125 0.470703125 0.0185546875 0.03125
0 0.515625 0.388671875 0.037109375 0.029296875
1 0.154296875 0.63671875 0.0283203125 0.048828125
1 0.9140625 0.541015625 0.0341796875 0.03125
1 0.8466796875 0.650390625 0.087890625 0.060546875
1 0.513671875 0.5751953125 0.021484375 0.03125
1 0.55078125 0.451171875 0.017578125 0.0234375
0 0.8837890625 0.8623046875 0.1669921875 0.056640625
1 0.0576171875 0.4814453125 0.025390625 0.0341796875
1 0.53125 0.634765625 0.0341796875 0.0732421875
1 0.791015625 0.556640625 0.052734375 0.044921875
1 0.8212890625 0.537109375 0.0234375 0.029296875
1 0.916015625 0.638671875 0.0341796875 0.046875
1 0.1962890625 0.37890625 0.017578125 0.0263671875
1 0.453125 0.521484375 0.021484375 0.044921875
0 0.2021484375 0.833984375 0.1298828125 0.1171875
1 0.1640625 0.4130859375 0.0185546875 0.029296875
0 0.4560546875 0.4677734375 0.0439453125 0.0546875
1 0.537109375 0.4912109375 0.0361328125 0.0390625
1 0.890625 0.591796875 0.041015625 0.0498046875
1 0.583984375 0.443359375 0.0205078125 0.029296875
1 0.056640625 0.69921875 0.0263671875 0.0546875
1 0.5908203125 0.396484375 0.0283203125 0.029296875
1 0.9072265625 0.7421875 0.0361328125 0.0751953125
0 0.357421875 0.3193359375 0.029296875 0.017578125
1 0.404296875 0.43359375 0.0263671875 0.0361328125
1 0.021484375 0.482421875 0.025390625 0.046875
0 0.2255859375 0.361328125 0.0361328125 0.037109375
1 0.8896484375 0.380859375 0.017578125 0.03125
1 0.537109375 0.4384765625 0.0185546875 0.033203125
1 0.033203125 0.580078125 0.041015625 0.083984375
1 0.4658203125 0.427734375 0.015625 0.0341796875
1 0.61328125 0.4443359375 0.017578125 0.0263671875
1 0.6669921875 0.5029296875 0.0185546875 0.0341796875
1 0.4248046875 0.4365234375 0.021484375 0.0361328125
1 0.4521484375 0.361328125 0.0205078125 0.029296875
0 0.306640625 0.345703125 0.0654296875 0.0751953125
0 0.1865234375 0.32421875 0.0390625 0.0234375
1 0.6376953125 0.525390625 0.021484375 0.0419921875
1 0.1083984375 0.486328125 0.0361328125 0.0341796875