0 0.1923828125 0.748046875 0.125 0.162109375
0 0.5107421875 0.419921875 0.046875 0.0498046875
1 0.5126953125 0.4794921875 0.0283203125 0.046875
1 0.611328125 0.4951171875 0.0341796875 0.046875
1 0.4111328125 0.802734375 0.052734375 0.068359375
1 0.306640625 0.833984375 0.046875 0.0888671875
0 0.3388671875 0.7265625 0.0966796875 0.119140625
0 0.490234375 0.361328125 0.0390625 0.0341796875
1 0.541015625 0.4794921875 0.025390625 0.0439453125
1 0.3232421875 0.435546875 0.021484375 0.0283203125
1 0.1181640625 0.662109375 0.0419921875 0.056640625
0 0.5361328125 0.353515625 0.037109375 0.0419921875
1 0.4716796875 0.453125 0.0283203125 0.041015625
1 0.080078125 0.759765625 0.048828125 0.068359375
1 0.548828125 0.4384765625 0.0185546875 0.033203125
1 0.64453125 0.494140625 0.0205078125 0.03125
1 0.564453125 0.4375 0.0185546875 0.025390625
1 0.45703125 0.7802734375 0.0361328125 0.064453125
1 0.5595703125 0.4755859375 0.015625 0.029296875
0 0.833984375 0.5576171875 0.1748046875 0.078125
1 0.439453125 0.439453125 0.017578125 0.03125
1 0.427734375 0.6826171875 0.0498046875 0.056640625
1 0.353515625 0.359375 0.0185546875 0.021484375
0 0.509765625 0.3330078125 0.0283203125 0.0283203125
1 0.0546875 0.4873046875 0.0185546875 0.025390625
1 0.01953125 0.5751953125 0.017578125 0.0498046875
1 0.4228515625 0.740234375 0.048828125 0.056640625
1 0.4658203125 0.423828125 0.0185546875 0.0283203125
1 0.4375 0.3623046875 0.015625 0.021484375
0 0.361328125 0.482421875 0.1015625 0.0595703125
1 0.0361328125 0.5595703125 0.0283203125 0.046875
1 0.07421875 0.400390625 0.017578125 0.021484375
1 0.029296875 0.7158203125 0.0341796875 0.0595703125
1 0.568359375 0.376953125 0.015625 0.0205078125
1 0.583984375 0.4658203125 0.015625 0.03125
1 0.2451171875 0.3583984375 0.015625 0.017578125
1 0.177734375 0.3291015625 0.013671875 0.017578125
1 0.5283203125 0.455078125 0.015625 0.0263671875
1 0.6201171875 0.4638671875 0.015625 0.03125
0 0.3193359375 0.3916015625 0.0888671875 0.0419921875
1 0.51953125 0.4638671875 0.1640625 0.0966796875
1 0.482421875 0.5205078125 0.0361328125 0.052734375
1 0.2060546875 0.357421875 0.015625 0.015625
1 0.5791015625 0.4033203125 0.0205078125 0.0341796875
0 0.1943359375 0.8759765625 0.091796875 0.029296875
1 0.384765625 0.349609375 0.015625 0.017578125
1 0.064453125 0.5283203125 0.0234375 0.041015625
1 0.330078125 0.3564453125 0.0205078125 0.025390625
1 0.646484375 0.466796875 0.017578125 0.025390625
1 0.603515625 0.44140625 0.015625 0.0234375
1 0.166015625 0.36328125 0.013671875 0.0205078125
1 0.0205078125 0.4951171875 0.0185546875 0.0283203125
1 0.0224609375 0.373046875 0.0205078125 0.021484375
1 0.025390625 0.8193359375 0.029296875 0.048828125
1 0.439453125 0.6328125 0.0205078125 0.03125