0 0.1640625 0.6474609375 0.103515625 0.1142578125
0 0.595703125 0.7275390625 0.130859375 0.1611328125
1 0.6298828125 0.5517578125 0.037109375 0.056640625
0 0.3505859375 0.6220703125 0.080078125 0.103515625
1 0.6787109375 0.623046875 0.0419921875 0.0703125
1 0.580078125 0.5556640625 0.03125 0.0517578125
0 0.5126953125 0.462890625 0.0498046875 0.0576171875
1 0.7080078125 0.7216796875 0.056640625 0.078125
0 0.32421875 0.509765625 0.0703125 0.072265625
0 0.2216796875 0.4873046875 0.052734375 0.0595703125
1 0.7509765625 0.70703125 0.048828125 0.091796875
0 0.490234375 0.513671875 0.060546875 0.076171875
1 0.205078125 0.5390625 0.029296875 0.041015625
1 0.8330078125 0.845703125 0.099609375 0.0888671875
1 0.5283203125 0.6357421875 0.037109375 0.0625
1 0.8037109375 0.583984375 0.0546875 0.068359375
1 0.88671875 0.6689453125 0.0830078125 0.087890625
1 0.572265625 0.6240234375 0.03125 0.044921875
1 0.947265625 0.6923828125 0.0732421875 0.083984375
0 0.4853515625 0.3603515625 0.0361328125 0.033203125
1 0.603515625 0.5966796875 0.0283203125 0.052734375
1 0.1630859375 0.5224609375 0.0205078125 0.0361328125
1 0.4267578125 0.5009765625 0.0283203125 0.0517578125
0 0.4833984375 0.4111328125 0.0419921875 0.0498046875
1 0.6142578125 0.4814453125 0.021484375 0.0341796875
1 0.70703125 0.6044921875 0.029296875 0.056640625
0 0.291015625 0.4443359375 0.048828125 0.048828125
1 0.1025390625 0.595703125 0.0234375 0.044921875
1 0.580078125 0.4677734375 0.025390625 0.0361328125
1 0.689453125 0.54296875 0.0361328125 0.048828125
1 0.73046875 0.5390625 0.0419921875 0.041015625
1 0.076171875 0.736328125 0.0283203125 0.041015625
1 0.8427734375 0.6005859375 0.0419921875 0.048828125
0 0.55859375 0.419921875 0.0361328125 0.048828125
1 0.150390625 0.4755859375 0.029296875 0.0361328125
1 0.6201171875 0.513671875 0.03125 0.0439453125
1 0.890625 0.595703125 0.056640625 0.0595703125
1 0.587890625 0.501953125 0.03125 0.041015625
1 0.244140625 0.4521484375 0.017578125 0.033203125
1 0.6083984375 0.451171875 0.017578125 0.0283203125
1 0.423828125 0.443359375 0.0234375 0.037109375
0 0.2646484375 0.404296875 0.0673828125 0.041015625
1 0.255859375 0.705078125 0.033203125 0.0625
1 0.18359375 0.46484375 0.0234375 0.033203125
1 0.634765625 0.6572265625 0.0361328125 0.080078125
1 0.0595703125 0.4794921875 0.021484375 0.0341796875
1 0.447265625 0.3857421875 0.013671875 0.021484375
1 0.8974609375 0.544921875 0.033203125 0.0390625
1 0.9443359375 0.611328125 0.080078125 0.068359375
1 0.455078125 0.505859375 0.021484375 0.0419921875
1 0.6337890625 0.8642578125 0.0517578125 0.056640625
1 0.849609375 0.5556640625 0.03125 0.048828125
1 0.8154296875 0.53515625 0.0283203125 0.044921875
1 0.525390625 0.5615234375 0.029296875 0.0390625
0 0.34375 0.833984375 0.193359375 0.1142578125
1 0.6376953125 0.44140625 0.0341796875 0.033203125
1 0.1083984375 0.484375 0.0361328125 0.037109375
1 0.5986328125 0.5048828125 0.083984375 0.208984375
1 0.533203125 0.404296875 0.0283203125 0.037109375
0 0.029296875 0.5751953125 0.0341796875 0.068359375
0 0.205078125 0.419921875 0.0361328125 0.0283203125
1 0.0341796875 0.84375 0.041015625 0.083984375
1 0.091796875 0.6640625 0.0625 0.166015625
0 0.5107421875 0.345703125 0.03125 0.033203125
1 0.453125 0.548828125 0.03125 0.064453125