1 0.7099609375 0.759765625 0.0576171875 0.1064453125
0 0.6953125 0.6025390625 0.1220703125 0.138671875
1 0.580078125 0.4501953125 0.025390625 0.0341796875
0 0.53515625 0.5908203125 0.095703125 0.109375
1 0.1689453125 0.6455078125 0.03125 0.056640625
0 0.154296875 0.796875 0.138671875 0.150390625
0 0.3701171875 0.603515625 0.0751953125 0.091796875
1 0.6201171875 0.49609375 0.0341796875 0.064453125
1 0.5146484375 0.5009765625 0.0361328125 0.0673828125
1 0.80078125 0.578125 0.048828125 0.072265625
0 0.251953125 0.4033203125 0.0419921875 0.0341796875
0 0.158203125 0.490234375 0.052734375 0.0576171875
0 0.248046875 0.5498046875 0.0908203125 0.1220703125
0 0.4423828125 0.447265625 0.041015625 0.052734375
0 0.365234375 0.822265625 0.1201171875 0.134765625
0 0.5712890625 0.505859375 0.0830078125 0.0966796875
0 0.17578125 0.427734375 0.048828125 0.046875
1 0.505859375 0.4541015625 0.0263671875 0.0390625
1 0.845703125 0.6015625 0.041015625 0.0498046875
1 0.205078125 0.6943359375 0.029296875 0.0546875
1 0.103515625 0.6650390625 0.021484375 0.0390625
0 0.181640625 0.3857421875 0.0341796875 0.03125
1 0.6015625 0.8046875 0.0439453125 0.0625
0 0.7421875 0.853515625 0.1533203125 0.0732421875
1 0.572265625 0.4208984375 0.021484375 0.0361328125
1 0.9462890625 0.693359375 0.0673828125 0.0732421875
1 0.71484375 0.525390625 0.0361328125 0.0439453125
1 0.89453125 0.65625 0.0859375 0.0908203125
1 0.546875 0.435546875 0.0185546875 0.0419921875
1 0.130859375 0.5654296875 0.0263671875 0.0498046875
1 0.65234375 0.4619140625 0.029296875 0.0390625
0 0.2841796875 0.427734375 0.046875 0.041015625
1 0.177734375 0.4619140625 0.0234375 0.0361328125
0 0.3291015625 0.4423828125 0.0703125 0.087890625
1 0.849609375 0.556640625 0.0361328125 0.0546875
1 0.2177734375 0.498046875 0.0205078125 0.0361328125
1 0.607421875 0.447265625 0.0263671875 0.03125
0 0.1767578125 0.361328125 0.0283203125 0.0263671875
1 0.8896484375 0.591796875 0.060546875 0.064453125
1 0.931640625 0.609375 0.0390625 0.037109375
1 0.0283203125 0.478515625 0.0341796875 0.0419921875
1 0.8681640625 0.8701171875 0.0361328125 0.037109375
1 0.8984375 0.541015625 0.0341796875 0.0361328125
1 0.4560546875 0.509765625 0.0625 0.064453125
1 0.4375 0.365234375 0.015625 0.0234375
1 0.060546875 0.478515625 0.029296875 0.0390625
1 0.0693359375 0.724609375 0.033203125 0.076171875
1 0.470703125 0.40625 0.029296875 0.037109375
1 0.5205078125 0.3935546875 0.0341796875 0.0439453125
1 0.076171875 0.3427734375 0.017578125 0.017578125
0 0.228515625 0.357421875 0.0263671875 0.0263671875
1 0.9736328125 0.634765625 0.03125 0.0654296875
1 0.5400390625 0.380859375 0.017578125 0.0361328125
1 0.2314453125 0.4560546875 0.021484375 0.037109375
1 0.4677734375 0.375 0.029296875 0.037109375
0 0.541015625 0.33984375 0.0361328125 0.0390625
1 0.685546875 0.513671875 0.029296875 0.037109375
1 0.82421875 0.5390625 0.0205078125 0.037109375
1 0.935546875 0.65625 0.025390625 0.041015625