0 0.19140625 0.75 0.123046875 0.162109375
0 0.5107421875 0.423828125 0.046875 0.0546875
0 0.337890625 0.7275390625 0.0986328125 0.1171875
0 0.5400390625 0.3525390625 0.0419921875 0.0419921875
0 0.1640625 0.408203125 0.0654296875 0.0439453125
1 0.302734375 0.490234375 0.0341796875 0.033203125
0 0.8564453125 0.564453125 0.166015625 0.0751953125
1 0.5498046875 0.47265625 0.0283203125 0.044921875
1 0.5791015625 0.486328125 0.0263671875 0.037109375
0 0.4921875 0.357421875 0.041015625 0.041015625
1 0.1484375 0.4609375 0.025390625 0.037109375
1 0.2421875 0.443359375 0.021484375 0.0263671875
1 0.63671875 0.5126953125 0.0205078125 0.0341796875
1 0.201171875 0.5068359375 0.0234375 0.0361328125
1 0.380859375 0.50390625 0.0498046875 0.048828125
1 0.4287109375 0.697265625 0.048828125 0.087890625
1 0.080078125 0.755859375 0.046875 0.0751953125
1 0.560546875 0.435546875 0.0185546875 0.029296875
1 0.416015625 0.79296875 0.046875 0.0830078125
1 0.27734375 0.4296875 0.029296875 0.025390625
1 0.2900390625 0.525390625 0.033203125 0.0419921875
1 0.306640625 0.8271484375 0.044921875 0.0830078125
1 0.1845703125 0.4306640625 0.0185546875 0.033203125
1 0.068359375 0.5341796875 0.0263671875 0.041015625
0 0.509765625 0.333984375 0.03125 0.03125
1 0.2216796875 0.453125 0.021484375 0.025390625
0 0.064453125 0.384765625 0.0595703125 0.03125
1 0.1318359375 0.5546875 0.0263671875 0.052734375
1 0.6220703125 0.486328125 0.0283203125 0.037109375
1 0.501953125 0.5205078125 0.0703125 0.056640625
1 0.1025390625 0.4189453125 0.0234375 0.0341796875
1 0.072265625 0.48046875 0.0263671875 0.0361328125
1 0.03125 0.5791015625 0.0341796875 0.080078125
1 0.5869140625 0.578125 0.0576171875 0.0625
1 0.59375 0.466796875 0.0185546875 0.0283203125
1 0.1572265625 0.3388671875 0.0234375 0.021484375
1 0.458984375 0.78125 0.0390625 0.056640625
1 0.828125 0.646484375 0.072265625 0.0908203125
0 0.2353515625 0.3623046875 0.0546875 0.03125
1 0.583984375 0.3623046875 0.015625 0.021484375
1 0.4638671875 0.427734375 0.015625 0.037109375
1 0.109375 0.4853515625 0.037109375 0.033203125
1 0.16015625 0.4306640625 0.017578125 0.033203125
1 0.9091796875 0.8681640625 0.052734375 0.048828125
1 0.5615234375 0.474609375 0.158203125 0.099609375
1 0.03515625 0.4755859375 0.048828125 0.0517578125
1 0.0224609375 0.373046875 0.0205078125 0.0234375
1 0.255859375 0.4892578125 0.140625 0.1123046875
1 0.0341796875 0.3427734375 0.025390625 0.0205078125
1 0.8564453125 0.568359375 0.025390625 0.041015625
0 0.193359375 0.8759765625 0.095703125 0.0263671875
1 0.04296875 0.6865234375 0.017578125 0.0263671875
0 0.353515625 0.32421875 0.03125 0.0205078125
1 0.603515625 0.451171875 0.015625 0.021484375