0 0.1923828125 0.748046875 0.125 0.162109375
0 0.51171875 0.4208984375 0.044921875 0.0517578125
0 0.337890625 0.7275390625 0.0986328125 0.1201171875
1 0.3076171875 0.8525390625 0.0498046875 0.0673828125
0 0.537109375 0.353515625 0.041015625 0.0419921875
0 0.490234375 0.3603515625 0.037109375 0.033203125
1 0.068359375 0.5400390625 0.025390625 0.0390625
1 0.0771484375 0.7607421875 0.0390625 0.0654296875
1 0.1171875 0.669921875 0.046875 0.0576171875
1 0.4072265625 0.802734375 0.0673828125 0.068359375
1 0.55859375 0.44921875 0.0234375 0.033203125
0 0.0771484375 0.3896484375 0.0673828125 0.0361328125
1 0.6474609375 0.484375 0.0205078125 0.037109375
1 0.4970703125 0.4501953125 0.0185546875 0.0283203125
1 0.5302734375 0.470703125 0.064453125 0.0546875
1 0.615234375 0.48046875 0.0498046875 0.044921875
1 0.4365234375 0.435546875 0.0205078125 0.037109375
0 0.509765625 0.3330078125 0.0283203125 0.0283203125
1 0.10546875 0.41015625 0.0205078125 0.0234375
1 0.427734375 0.6826171875 0.0439453125 0.052734375
1 0.458984375 0.7802734375 0.0390625 0.060546875
1 0.4501953125 0.373046875 0.015625 0.025390625
1 0.4638671875 0.3662109375 0.015625 0.0263671875
1 0.568359375 0.3798828125 0.015625 0.025390625
1 0.783203125 0.5693359375 0.0859375 0.064453125
1 0.5927734375 0.390625 0.0107421875 0.0185546875
1 0.421875 0.73828125 0.0498046875 0.0546875
1 0.4658203125 0.4482421875 0.03125 0.0439453125
0 0.6103515625 0.5341796875 0.1328125 0.072265625
1 0.1552734375 0.4189453125 0.0205078125 0.021484375
1 0.0234375 0.5732421875 0.021484375 0.046875
1 0.056640625 0.6044921875 0.03125 0.037109375
1 0.05859375 0.4775390625 0.0205078125 0.033203125
1 0.8486328125 0.6416015625 0.037109375 0.076171875
1 0.166015625 0.365234375 0.0107421875 0.015625
1 0.0224609375 0.841796875 0.0234375 0.044921875
1 0.205078125 0.3583984375 0.0126953125 0.017578125
0 0.1875 0.3232421875 0.041015625 0.025390625
0 0.3203125 0.392578125 0.083984375 0.0419921875
1 0.62109375 0.453125 0.013671875 0.025390625
1 0.04296875 0.564453125 0.0234375 0.0546875
1 0.248046875 0.35546875 0.013671875 0.0234375
1 0.0654296875 0.509765625 0.0185546875 0.033203125
1 0.572265625 0.3994140625 0.0126953125 0.0234375
1 0.029296875 0.373046875 0.0205078125 0.0205078125
1 0.474609375 0.337890625 0.015625 0.017578125
1 0.2275390625 0.35546875 0.0107421875 0.0205078125
1 0.427734375 0.642578125 0.0341796875 0.044921875
1 0.330078125 0.357421875 0.015625 0.0185546875
1 0.5478515625 0.416015625 0.013671875 0.0205078125
0 0.0439453125 0.212890625 0.046875 0.013671875