0 0.1923828125 0.7490234375 0.125 0.1611328125
0 0.5107421875 0.423828125 0.046875 0.052734375
0 0.337890625 0.7275390625 0.0986328125 0.1171875
1 0.1279296875 0.5615234375 0.0283203125 0.048828125
0 0.541015625 0.3505859375 0.0439453125 0.0419921875
1 0.2021484375 0.5087890625 0.0205078125 0.033203125
0 0.4931640625 0.357421875 0.0419921875 0.0419921875
0 0.8662109375 0.5615234375 0.1669921875 0.076171875
0 0.166015625 0.4091796875 0.068359375 0.0439453125
1 0.548828125 0.47265625 0.029296875 0.044921875
1 0.63671875 0.5107421875 0.0205078125 0.037109375
0 0.068359375 0.384765625 0.0546875 0.033203125
1 0.3076171875 0.8271484375 0.046875 0.0830078125
1 0.2998046875 0.52734375 0.046875 0.048828125
1 0.4814453125 0.5126953125 0.0283203125 0.037109375
1 0.580078125 0.486328125 0.025390625 0.037109375
1 0.24609375 0.4443359375 0.0205078125 0.0263671875
1 0.3896484375 0.505859375 0.044921875 0.0439453125
1 0.4150390625 0.79296875 0.044921875 0.0830078125
1 0.1865234375 0.4326171875 0.017578125 0.0283203125
1 0.068359375 0.533203125 0.0263671875 0.033203125
1 0.1484375 0.462890625 0.021484375 0.0361328125
1 0.3125 0.4892578125 0.0283203125 0.0341796875
1 0.0810546875 0.7568359375 0.046875 0.076171875
1 0.4287109375 0.6943359375 0.048828125 0.091796875
1 0.560546875 0.435546875 0.0185546875 0.033203125
1 0.283203125 0.4306640625 0.0283203125 0.0234375
1 0.611328125 0.4970703125 0.0419921875 0.0439453125
1 0.5537109375 0.3779296875 0.0263671875 0.03125
1 0.2255859375 0.453125 0.0263671875 0.0283203125
1 0.6015625 0.5791015625 0.0625 0.0517578125
1 0.09375 0.4052734375 0.025390625 0.0263671875
1 0.5205078125 0.533203125 0.03125 0.03125
1 0.5947265625 0.4677734375 0.017578125 0.0263671875
1 0.072265625 0.4814453125 0.0263671875 0.0341796875
1 0.4560546875 0.783203125 0.0439453125 0.0595703125
1 0.1611328125 0.337890625 0.021484375 0.0185546875
1 0.919921875 0.8779296875 0.0859375 0.0283203125
1 0.2470703125 0.419921875 0.015625 0.013671875
1 0.849609375 0.66796875 0.041015625 0.0576171875
0 0.234375 0.3642578125 0.056640625 0.0341796875
1 0.03125 0.580078125 0.0341796875 0.0810546875
1 0.5849609375 0.3623046875 0.017578125 0.021484375
1 0.6123046875 0.6298828125 0.0498046875 0.078125
1 0.6015625 0.44921875 0.015625 0.0234375
1 0.1103515625 0.4853515625 0.0390625 0.033203125
1 0.6376953125 0.4794921875 0.015625 0.0283203125
1 0.287109375 0.40234375 0.015625 0.0361328125
1 0.7919921875 0.6826171875 0.025390625 0.0595703125
1 0.0234375 0.3720703125 0.021484375 0.021484375
1 0.619140625 0.4638671875 0.0205078125 0.0283203125
0 0.1953125 0.8759765625 0.09375 0.0263671875
1 0.04296875 0.6865234375 0.017578125 0.0263671875
1 0.03515625 0.4755859375 0.048828125 0.0517578125
0 0.32421875 0.396484375 0.076171875 0.0341796875
1 0.6376953125 0.4443359375 0.0439453125 0.029296875
1 0.462890625 0.4287109375 0.017578125 0.0361328125