0 0.6220703125 0.587890625 0.109375 0.1279296875
0 0.501953125 0.5517578125 0.076171875 0.0966796875
0 0.556640625 0.5068359375 0.068359375 0.0732421875
0 0.33984375 0.7275390625 0.1015625 0.1142578125
1 0.6962890625 0.5400390625 0.0419921875 0.0576171875
1 0.16015625 0.5634765625 0.033203125 0.0576171875
1 0.654296875 0.5234375 0.0419921875 0.046875
0 0.5390625 0.3427734375 0.03125 0.029296875
0 0.181640625 0.8115234375 0.1357421875 0.1513671875
1 0.724609375 0.591796875 0.046875 0.0546875
1 0.5146484375 0.4853515625 0.029296875 0.044921875
0 0.4892578125 0.3603515625 0.0341796875 0.029296875
1 0.826171875 0.732421875 0.0595703125 0.0830078125
1 0.5673828125 0.6884765625 0.0439453125 0.107421875
0 0.509765625 0.333984375 0.03125 0.03125
1 0.5986328125 0.501953125 0.0283203125 0.0419921875
0 0.8125 0.490234375 0.134765625 0.0654296875
0 0.513671875 0.3935546875 0.0361328125 0.041015625
1 0.8056640625 0.640625 0.0546875 0.0498046875
0 0.650390625 0.7998046875 0.146484375 0.1689453125
1 0.802734375 0.5478515625 0.0576171875 0.048828125
1 0.908203125 0.6845703125 0.0908203125 0.072265625
1 0.9619140625 0.62890625 0.048828125 0.080078125
1 0.1015625 0.48046875 0.0498046875 0.0419921875
1 0.0322265625 0.560546875 0.0390625 0.044921875
1 0.3974609375 0.453125 0.0234375 0.041015625
1 0.0595703125 0.478515625 0.025390625 0.0390625
1 0.7783203125 0.5908203125 0.0439453125 0.041015625
1 0.8955078125 0.8486328125 0.056640625 0.0751953125
1 0.853515625 0.5556640625 0.029296875 0.0390625
1 0.673828125 0.5712890625 0.029296875 0.048828125
1 0.0224609375 0.482421875 0.0234375 0.0419921875
1 0.564453125 0.4580078125 0.0263671875 0.03125
1 0.9033203125 0.541015625 0.0341796875 0.037109375
1 0.4091796875 0.63671875 0.0341796875 0.0546875
0 0.228515625 0.3515625 0.03125 0.0341796875
1 0.4921875 0.4716796875 0.025390625 0.0341796875
1 0.455078125 0.5185546875 0.0283203125 0.0498046875
1 0.79296875 0.8251953125 0.0732421875 0.1064453125
1 0.685546875 0.5048828125 0.03125 0.0341796875
1 0.1513671875 0.51953125 0.021484375 0.0361328125
1 0.4833984375 0.44140625 0.0205078125 0.029296875
1 0.591796875 0.4052734375 0.03125 0.029296875
1 0.427734375 0.447265625 0.017578125 0.029296875
1 0.90234375 0.6181640625 0.0703125 0.0546875
1 0.8837890625 0.5810546875 0.0263671875 0.046875
1 0.6064453125 0.453125 0.0185546875 0.0283203125
1 0.583984375 0.4375 0.0234375 0.037109375
1 0.6357421875 0.4541015625 0.015625 0.029296875
1 0.52734375 0.451171875 0.0205078125 0.03125
1 0.431640625 0.4052734375 0.0205078125 0.029296875
1 0.556640625 0.421875 0.0205078125 0.03125
1 0.1328125 0.4130859375 0.0185546875 0.0361328125
1 0.4677734375 0.427734375 0.0205078125 0.0283203125
1 0.5205078125 0.833984375 0.0341796875 0.060546875
1 0.4716796875 0.3974609375 0.015625 0.0234375
1 0.5478515625 0.3818359375 0.033203125 0.0390625
1 0.453125 0.373046875 0.025390625 0.033203125
1 0.8251953125 0.58203125 0.046875 0.0361328125
1 0.548828125 0.4208984375 0.125 0.123046875
1 0.1962890625 0.3603515625 0.017578125 0.0263671875
0 0.052734375 0.6865234375 0.078125 0.060546875
1 0.373046875 0.6865234375 0.0283203125 0.0390625
1 0.080078125 0.4052734375 0.0205078125 0.0205078125
1 0.8896484375 0.3779296875 0.017578125 0.0341796875
1 0.021484375 0.373046875 0.017578125 0.021484375
0 0.306640625 0.341796875 0.064453125 0.068359375
1 0.8359375 0.6162109375 0.287109375 0.2294921875