0 0.193359375 0.748046875 0.123046875 0.1591796875
0 0.51171875 0.4228515625 0.048828125 0.0546875
0 0.337890625 0.728515625 0.0986328125 0.119140625
0 0.5390625 0.3515625 0.041015625 0.037109375
1 0.412109375 0.802734375 0.0498046875 0.0703125
0 0.4873046875 0.361328125 0.037109375 0.033203125
1 0.306640625 0.8330078125 0.048828125 0.087890625
1 0.609375 0.494140625 0.0341796875 0.048828125
1 0.537109375 0.482421875 0.025390625 0.0439453125
1 0.0751953125 0.7607421875 0.041015625 0.068359375
1 0.513671875 0.4833984375 0.0234375 0.0390625
1 0.1240234375 0.6533203125 0.0419921875 0.0498046875
1 0.6435546875 0.490234375 0.025390625 0.041015625
0 0.509765625 0.3349609375 0.03125 0.033203125
1 0.49609375 0.4482421875 0.017578125 0.0283203125
1 0.5576171875 0.47265625 0.0185546875 0.0390625
1 0.564453125 0.435546875 0.017578125 0.021484375
1 0.5302734375 0.3720703125 0.017578125 0.021484375
1 0.462890625 0.4609375 0.0390625 0.0439453125
0 0.7470703125 0.5546875 0.171875 0.072265625
1 0.427734375 0.6787109375 0.0390625 0.048828125
1 0.458984375 0.7841796875 0.0361328125 0.052734375
0 0.318359375 0.4716796875 0.09375 0.056640625
1 0.548828125 0.4384765625 0.0185546875 0.029296875
1 0.4130859375 0.5166015625 0.0576171875 0.060546875
1 0.5107421875 0.3671875 0.015625 0.025390625
1 0.419921875 0.73828125 0.044921875 0.048828125
1 0.0205078125 0.572265625 0.0185546875 0.041015625
1 0.5849609375 0.466796875 0.017578125 0.033203125
1 0.45703125 0.369140625 0.0205078125 0.0283203125
1 0.2919921875 0.40625 0.0341796875 0.0341796875
1 0.576171875 0.4111328125 0.0185546875 0.0341796875
1 0.392578125 0.3603515625 0.0107421875 0.0234375
1 0.6201171875 0.46484375 0.0185546875 0.029296875
1 0.3447265625 0.353515625 0.017578125 0.025390625
1 0.439453125 0.443359375 0.013671875 0.021484375
1 0.046875 0.68359375 0.025390625 0.044921875
1 0.466796875 0.423828125 0.017578125 0.029296875
1 0.0654296875 0.537109375 0.025390625 0.0419921875
1 0.369140625 0.357421875 0.0390625 0.03125
1 0.0234375 0.8095703125 0.025390625 0.068359375
1 0.0595703125 0.48046875 0.021484375 0.0361328125
1 0.021484375 0.474609375 0.0205078125 0.0283203125
1 0.20703125 0.3564453125 0.013671875 0.0185546875
1 0.177734375 0.3271484375 0.0185546875 0.0205078125
1 0.5927734375 0.376953125 0.013671875 0.021484375
0 0.23828125 0.3740234375 0.0576171875 0.0263671875
0 0.193359375 0.8759765625 0.103515625 0.029296875
1 0.4296875 0.482421875 0.0185546875 0.03125
1 0.9775390625 0.5927734375 0.017578125 0.044921875
1 0.287109375 0.3603515625 0.0185546875 0.0234375
1 0.5478515625 0.4169921875 0.013671875 0.021484375
1 0.4296875 0.359375 0.009765625 0.015625
1 0.646484375 0.4658203125 0.017578125 0.025390625
1 0.5185546875 0.453125 0.015625 0.021484375
1 0.0234375 0.3740234375 0.021484375 0.0234375
1 0.0615234375 0.8759765625 0.048828125 0.033203125
1 0.6337890625 0.4423828125 0.0419921875 0.03125