0 0.6552734375 0.740234375 0.1484375 0.166015625
0 0.1552734375 0.53515625 0.0576171875 0.0703125
0 0.3720703125 0.705078125 0.0966796875 0.1279296875
1 0.5673828125 0.630859375 0.041015625 0.0625
1 0.6708984375 0.62890625 0.044921875 0.060546875
1 0.693359375 0.54296875 0.046875 0.0517578125
1 0.818359375 0.58203125 0.0732421875 0.076171875
1 0.5986328125 0.4453125 0.021484375 0.0283203125
1 0.1083984375 0.681640625 0.0361328125 0.0595703125
0 0.5107421875 0.537109375 0.078125 0.0908203125
1 0.56640625 0.45703125 0.0234375 0.0390625
1 0.5263671875 0.6728515625 0.037109375 0.0576171875
1 0.498046875 0.439453125 0.0341796875 0.0390625
1 0.7314453125 0.537109375 0.041015625 0.048828125
0 0.623046875 0.5185546875 0.0751953125 0.0908203125
0 0.224609375 0.6318359375 0.1435546875 0.1611328125
1 0.7978515625 0.759765625 0.0576171875 0.0654296875
1 0.94140625 0.681640625 0.0859375 0.09375
0 0.185546875 0.458984375 0.046875 0.0439453125
1 0.271484375 0.5068359375 0.0185546875 0.033203125
1 0.591796875 0.4169921875 0.0263671875 0.0341796875
0 0.5361328125 0.4619140625 0.0625 0.0732421875
1 0.501953125 0.474609375 0.0283203125 0.0439453125
0 0.2919921875 0.44140625 0.046875 0.044921875
0 0.439453125 0.42578125 0.041015625 0.0546875
0 0.341796875 0.470703125 0.0830078125 0.109375
0 0.2626953125 0.4140625 0.046875 0.0341796875
1 0.578125 0.80859375 0.052734375 0.107421875
1 0.431640625 0.4892578125 0.0361328125 0.037109375
1 0.546875 0.4072265625 0.0185546875 0.033203125
1 0.56640625 0.42578125 0.0205078125 0.0390625
1 0.884765625 0.5927734375 0.0703125 0.064453125
0 0.1865234375 0.3984375 0.0419921875 0.0341796875
1 0.1826171875 0.587890625 0.0283203125 0.046875
1 0.681640625 0.861328125 0.03125 0.0498046875
1 0.9482421875 0.5263671875 0.0341796875 0.03125
1 0.4716796875 0.4013671875 0.0185546875 0.025390625
1 0.9306640625 0.6103515625 0.0419921875 0.0390625
1 0.025390625 0.5634765625 0.0263671875 0.0517578125
1 0.064453125 0.478515625 0.0390625 0.0390625
0 0.5048828125 0.4013671875 0.041015625 0.052734375
1 0.1396484375 0.4345703125 0.013671875 0.025390625
1 0.0302734375 0.4755859375 0.0419921875 0.044921875
0 0.244140625 0.380859375 0.056640625 0.03125
1 0.5810546875 0.376953125 0.0185546875 0.0341796875
1 0.537109375 0.388671875 0.0205078125 0.033203125
0 0.228515625 0.35546875 0.0263671875 0.0234375
1 0.9052734375 0.54296875 0.0205078125 0.029296875
1 0.4482421875 0.359375 0.0185546875 0.0283203125
1 0.2138671875 0.4990234375 0.0283203125 0.033203125
1 0.9716796875 0.6396484375 0.025390625 0.0517578125
1 0.8134765625 0.541015625 0.029296875 0.0419921875
0 0.490234375 0.36328125 0.029296875 0.033203125
0 0.3515625 0.3203125 0.03125 0.0185546875
1 0.080078125 0.3388671875 0.0185546875 0.0185546875
1 0.1640625 0.7236328125 0.068359375 0.041015625
1 0.1083984375 0.486328125 0.0361328125 0.0341796875
1 0.6826171875 0.513671875 0.021484375 0.029296875
1 0.958984375 0.740234375 0.03125 0.080078125
0 0.21484375 0.720703125 0.0390625 0.0283203125