0 0.322265625 0.798828125 0.1484375 0.1767578125
1 0.404296875 0.623046875 0.03125 0.0517578125
0 0.1611328125 0.794921875 0.150390625 0.1748046875
1 0.728515625 0.7255859375 0.0576171875 0.0546875
1 0.6298828125 0.69921875 0.0498046875 0.0888671875
0 0.3154296875 0.6474609375 0.0908203125 0.111328125
0 0.5400390625 0.48828125 0.080078125 0.091796875
1 0.529296875 0.4296875 0.0361328125 0.03125
0 0.2412109375 0.5126953125 0.064453125 0.0810546875
1 0.6875 0.6298828125 0.046875 0.0595703125
1 0.564453125 0.44140625 0.029296875 0.0390625
1 0.822265625 0.580078125 0.0859375 0.0830078125
1 0.130859375 0.5390625 0.0263671875 0.0341796875
1 0.6943359375 0.544921875 0.0517578125 0.056640625
1 0.0869140625 0.658203125 0.029296875 0.044921875
1 0.890625 0.640625 0.0810546875 0.078125
1 0.9462890625 0.6904296875 0.076171875 0.0810546875
0 0.3271484375 0.4912109375 0.0673828125 0.060546875
1 0.6650390625 0.4619140625 0.029296875 0.0390625
1 0.9033203125 0.54296875 0.03125 0.033203125
0 0.48046875 0.3583984375 0.0361328125 0.0419921875
1 0.591796875 0.390625 0.021484375 0.03125
1 0.400390625 0.423828125 0.021484375 0.033203125
0 0.75390625 0.810546875 0.1982421875 0.1533203125
1 0.12109375 0.619140625 0.029296875 0.041015625
1 0.5634765625 0.380859375 0.0234375 0.029296875
1 0.166015625 0.572265625 0.0263671875 0.0419921875
1 0.4287109375 0.4541015625 0.017578125 0.0390625
1 0.466796875 0.3984375 0.015625 0.0341796875
1 0.044921875 0.56640625 0.021484375 0.044921875
0 0.2529296875 0.3955078125 0.0498046875 0.052734375
1 0.6328125 0.634765625 0.0341796875 0.048828125
1 0.4677734375 0.4267578125 0.013671875 0.0283203125
1 0.5068359375 0.3662109375 0.017578125 0.029296875
0 0.3203125 0.548828125 0.072265625 0.078125
1 0.0595703125 0.48046875 0.025390625 0.0361328125
1 0.9599609375 0.521484375 0.0390625 0.033203125
0 0.533203125 0.3310546875 0.0498046875 0.03125
1 0.181640625 0.5048828125 0.0283203125 0.037109375
0 0.1376953125 0.4189453125 0.037109375 0.03125
1 0.9013671875 0.8359375 0.0654296875 0.09375
1 0.904296875 0.5830078125 0.060546875 0.0595703125
1 0.8359375 0.494140625 0.0439453125 0.03125
1 0.40625 0.365234375 0.0185546875 0.0185546875
1 0.064453125 0.7705078125 0.0419921875 0.068359375
1 0.51171875 0.5283203125 0.0205078125 0.041015625
1 0.5595703125 0.4150390625 0.015625 0.0263671875
1 0.189453125 0.5537109375 0.0205078125 0.0361328125
1 0.451171875 0.396484375 0.0107421875 0.017578125
1 0.353515625 0.349609375 0.0283203125 0.03125
1 0.4091796875 0.390625 0.0283203125 0.03125
1 0.1103515625 0.4833984375 0.0390625 0.0390625
1 0.7216796875 0.513671875 0.021484375 0.025390625
0 0.6142578125 0.4169921875 0.037109375 0.0654296875
1 0.439453125 0.4140625 0.0283203125 0.046875
1 0.4697265625 0.4541015625 0.017578125 0.029296875
1 0.8427734375 0.5390625 0.029296875 0.041015625
1 0.2138671875 0.4111328125 0.03125 0.037109375
1 0.5166015625 0.4052734375 0.017578125 0.029296875
0 0.3515625 0.3212890625 0.0341796875 0.017578125
1 0.162109375 0.5322265625 0.0908203125 0.1201171875
1 0.1455078125 0.498046875 0.03125 0.03125
1 0.1337890625 0.4697265625 0.0234375 0.033203125
1 0.5478515625 0.7529296875 0.044921875 0.103515625
1 0.9599609375 0.625 0.0390625 0.056640625
0 0.9580078125 0.578125 0.0595703125 0.0595703125
1 0.4423828125 0.359375 0.025390625 0.03125
1 0.28125 0.361328125 0.015625 0.0234375