0 0.32421875 0.798828125 0.1513671875 0.1767578125
0 0.1787109375 0.7470703125 0.1328125 0.1533203125
1 0.09765625 0.705078125 0.0419921875 0.0654296875
0 0.31640625 0.6474609375 0.091796875 0.111328125
1 0.689453125 0.7353515625 0.056640625 0.142578125
1 0.4091796875 0.435546875 0.021484375 0.044921875
1 0.751953125 0.6962890625 0.0546875 0.064453125
0 0.560546875 0.5146484375 0.0830078125 0.111328125
1 0.810546875 0.8154296875 0.0654296875 0.0751953125
1 0.5634765625 0.390625 0.017578125 0.025390625
0 0.240234375 0.5146484375 0.064453125 0.080078125
1 0.822265625 0.5830078125 0.083984375 0.078125
1 0.693359375 0.5458984375 0.052734375 0.0546875
1 0.41796875 0.6162109375 0.0546875 0.064453125
1 0.4853515625 0.435546875 0.0205078125 0.041015625
1 0.892578125 0.662109375 0.083984375 0.078125
1 0.56640625 0.4443359375 0.029296875 0.0361328125
1 0.6103515625 0.458984375 0.0205078125 0.03125
1 0.4228515625 0.408203125 0.0205078125 0.029296875
1 0.130859375 0.5263671875 0.025390625 0.03125
0 0.4794921875 0.357421875 0.0341796875 0.041015625
1 0.162109375 0.57421875 0.033203125 0.0517578125
0 0.3271484375 0.490234375 0.0673828125 0.0595703125
1 0.59375 0.396484375 0.0185546875 0.025390625
1 0.9033203125 0.5458984375 0.025390625 0.029296875
1 0.4853515625 0.4912109375 0.0234375 0.0361328125
1 0.119140625 0.595703125 0.0263671875 0.041015625
1 0.947265625 0.693359375 0.072265625 0.072265625
0 0.3203125 0.5498046875 0.072265625 0.0810546875
1 0.5068359375 0.365234375 0.017578125 0.0283203125
0 0.1279296875 0.4140625 0.037109375 0.0341796875
1 0.44921875 0.421875 0.017578125 0.037109375
0 0.505859375 0.3408203125 0.0263671875 0.025390625
1 0.5849609375 0.4375 0.013671875 0.025390625
0 0.25390625 0.3955078125 0.0517578125 0.056640625
1 0.5517578125 0.59375 0.025390625 0.0625
1 0.7138671875 0.4697265625 0.03125 0.0263671875
1 0.0947265625 0.6220703125 0.029296875 0.0439453125
1 0.0595703125 0.48046875 0.021484375 0.0361328125
0 0.5322265625 0.3515625 0.029296875 0.037109375
1 0.478515625 0.404296875 0.0234375 0.03125
1 0.181640625 0.5458984375 0.025390625 0.0390625
1 0.537109375 0.4267578125 0.017578125 0.025390625
1 0.9345703125 0.607421875 0.041015625 0.037109375
1 0.427734375 0.3642578125 0.0126953125 0.0185546875
1 0.3662109375 0.3583984375 0.013671875 0.0263671875
1 0.96484375 0.5205078125 0.0419921875 0.03125
1 0.7138671875 0.5146484375 0.0439453125 0.0390625
1 0.1787109375 0.498046875 0.0263671875 0.0341796875
1 0.189453125 0.419921875 0.037109375 0.037109375
1 0.9033203125 0.580078125 0.056640625 0.0517578125
1 0.0341796875 0.841796875 0.0439453125 0.087890625
0 0.525390625 0.3232421875 0.029296875 0.015625
1 0.3759765625 0.3984375 0.0234375 0.0283203125
1 0.458984375 0.361328125 0.017578125 0.029296875
1 0.345703125 0.353515625 0.017578125 0.025390625
1 0.16015625 0.478515625 0.0263671875 0.0361328125
0 0.3681640625 0.326171875 0.0546875 0.0234375
1 0.447265625 0.4140625 0.0888671875 0.109375
1 0.037109375 0.5810546875 0.0498046875 0.083984375
0 0.32421875 0.3466796875 0.111328125 0.046875
1 0.28125 0.361328125 0.0185546875 0.025390625
1 0.84375 0.5390625 0.025390625 0.0341796875
1 0.1708984375 0.8623046875 0.095703125 0.056640625
1 0.958984375 0.6298828125 0.033203125 0.046875