0 0.162109375 0.6533203125 0.103515625 0.115234375
0 0.591796875 0.716796875 0.1298828125 0.15625
1 0.6796875 0.611328125 0.052734375 0.0830078125
0 0.349609375 0.6279296875 0.0830078125 0.1064453125
1 0.626953125 0.552734375 0.033203125 0.052734375
0 0.32421875 0.5107421875 0.0703125 0.072265625
0 0.509765625 0.462890625 0.0517578125 0.056640625
1 0.2080078125 0.541015625 0.03125 0.0439453125
1 0.578125 0.548828125 0.03125 0.052734375
1 0.818359375 0.58203125 0.080078125 0.0859375
1 0.525390625 0.630859375 0.0361328125 0.0703125
1 0.8173828125 0.841796875 0.099609375 0.091796875
1 0.568359375 0.6162109375 0.03125 0.044921875
0 0.2216796875 0.4912109375 0.052734375 0.060546875
1 0.7412109375 0.697265625 0.048828125 0.091796875
0 0.482421875 0.5078125 0.060546875 0.0654296875
1 0.69921875 0.712890625 0.0546875 0.0732421875
1 0.888671875 0.66796875 0.0859375 0.0888671875
0 0.484375 0.3603515625 0.037109375 0.033203125
1 0.599609375 0.5908203125 0.0283203125 0.046875
1 0.162109375 0.5244140625 0.021484375 0.0390625
1 0.611328125 0.4765625 0.0263671875 0.041015625
1 0.947265625 0.693359375 0.0732421875 0.083984375
1 0.615234375 0.5126953125 0.0234375 0.037109375
1 0.076171875 0.728515625 0.0341796875 0.060546875
1 0.4248046875 0.490234375 0.021484375 0.0361328125
0 0.2919921875 0.4462890625 0.0498046875 0.0517578125
1 0.73046875 0.5400390625 0.0390625 0.0419921875
0 0.4833984375 0.4111328125 0.0390625 0.0498046875
1 0.521484375 0.58203125 0.0283203125 0.0361328125
1 0.580078125 0.466796875 0.025390625 0.037109375
1 0.6318359375 0.6806640625 0.0263671875 0.0517578125
1 0.099609375 0.611328125 0.021484375 0.0390625
1 0.6845703125 0.5498046875 0.0341796875 0.046875
0 0.2587890625 0.404296875 0.060546875 0.041015625
1 0.8974609375 0.5458984375 0.033203125 0.0361328125
1 0.583984375 0.4970703125 0.0263671875 0.037109375
0 0.560546875 0.416015625 0.0341796875 0.0498046875
1 0.8896484375 0.595703125 0.0576171875 0.0625
1 0.4091796875 0.4794921875 0.0185546875 0.03125
1 0.1630859375 0.494140625 0.0205078125 0.029296875
1 0.423828125 0.4423828125 0.025390625 0.0439453125
1 0.0595703125 0.48046875 0.021484375 0.033203125
1 0.2529296875 0.7060546875 0.03125 0.072265625
1 0.24609375 0.455078125 0.0205078125 0.0341796875
1 0.455078125 0.3857421875 0.021484375 0.0439453125
1 0.26171875 0.4443359375 0.0205078125 0.033203125
1 0.1845703125 0.46484375 0.025390625 0.0361328125
1 0.107421875 0.4853515625 0.0341796875 0.0361328125
1 0.9462890625 0.61328125 0.080078125 0.091796875
1 0.2080078125 0.8203125 0.03125 0.0341796875
1 0.81640625 0.5361328125 0.029296875 0.046875
1 0.591796875 0.4423828125 0.021484375 0.03125
1 0.626953125 0.845703125 0.0498046875 0.0830078125
0 0.20703125 0.419921875 0.0361328125 0.0283203125
0 0.1982421875 0.3447265625 0.025390625 0.0205078125
1 0.033203125 0.4873046875 0.0439453125 0.0439453125
1 0.0283203125 0.564453125 0.0341796875 0.052734375
1 0.5986328125 0.505859375 0.087890625 0.201171875
1 0.533203125 0.404296875 0.0283203125 0.0390625
0 0.5107421875 0.345703125 0.0341796875 0.0341796875
1 0.9072265625 0.5126953125 0.0205078125 0.021484375
1 0.634765625 0.4404296875 0.029296875 0.0341796875
1 0.02734375 0.373046875 0.013671875 0.021484375