0 0.544921875 0.4931640625 0.0703125 0.080078125
0 0.591796875 0.44140625 0.0654296875 0.0576171875
0 0.33203125 0.796875 0.126953125 0.1435546875
0 0.638671875 0.6201171875 0.1171875 0.1279296875
0 0.490234375 0.359375 0.0361328125 0.03125
1 0.1787109375 0.607421875 0.0263671875 0.0517578125
1 0.7412109375 0.654296875 0.048828125 0.0654296875
1 0.6923828125 0.548828125 0.03125 0.0341796875
1 0.1474609375 0.443359375 0.0263671875 0.03125
1 0.6298828125 0.51171875 0.025390625 0.029296875
1 0.5947265625 0.474609375 0.017578125 0.03125
1 0.787109375 0.775390625 0.052734375 0.0888671875
1 0.822265625 0.576171875 0.064453125 0.060546875
1 0.1533203125 0.470703125 0.025390625 0.0390625
1 0.2265625 0.5810546875 0.025390625 0.056640625
1 0.4775390625 0.501953125 0.0263671875 0.037109375
1 0.7314453125 0.533203125 0.037109375 0.0361328125
1 0.892578125 0.8134765625 0.0830078125 0.1044921875
1 0.857421875 0.6533203125 0.0439453125 0.046875
1 0.369140625 0.4248046875 0.0234375 0.0283203125
1 0.197265625 0.376953125 0.0205078125 0.029296875
0 0.68359375 0.7900390625 0.189453125 0.1953125
1 0.7724609375 0.6064453125 0.0419921875 0.046875
1 0.4521484375 0.5166015625 0.0390625 0.0390625
1 0.0634765625 0.478515625 0.029296875 0.0361328125
1 0.958984375 0.7021484375 0.0576171875 0.076171875
1 0.2451171875 0.435546875 0.025390625 0.060546875
1 0.7060546875 0.513671875 0.021484375 0.0234375
1 0.62890625 0.5390625 0.033203125 0.0341796875
1 0.7890625 0.556640625 0.0283203125 0.037109375
1 0.478515625 0.4296875 0.0205078125 0.037109375
1 0.3798828125 0.4560546875 0.021484375 0.03125
0 0.224609375 0.357421875 0.025390625 0.0263671875
1 0.17578125 0.36328125 0.0263671875 0.029296875
1 0.431640625 0.404296875 0.0185546875 0.03125
1 0.5048828125 0.4501953125 0.0283203125 0.0439453125
1 0.146484375 0.5341796875 0.03125 0.046875
0 0.9560546875 0.578125 0.0595703125 0.056640625
1 0.1884765625 0.5380859375 0.0263671875 0.060546875
0 0.134765625 0.412109375 0.0546875 0.046875
1 0.2138671875 0.41796875 0.0185546875 0.033203125
1 0.455078125 0.4619140625 0.046875 0.0419921875
1 0.1796875 0.546875 0.109375 0.15625
1 0.931640625 0.6376953125 0.033203125 0.046875
1 0.548828125 0.396484375 0.021484375 0.0341796875
0 0.53515625 0.3388671875 0.044921875 0.0341796875
1 0.0244140625 0.564453125 0.0234375 0.0498046875
1 0.89453125 0.5849609375 0.0390625 0.048828125
1 0.509765625 0.578125 0.0546875 0.0966796875
0 0.25 0.333984375 0.03125 0.025390625
0 0.576171875 0.3955078125 0.044921875 0.041015625
1 0.646484375 0.4423828125 0.0390625 0.0341796875
1 0.1962890625 0.4873046875 0.017578125 0.025390625
1 0.5205078125 0.416015625 0.103515625 0.0966796875
1 0.455078125 0.359375 0.0205078125 0.0185546875