0 0.318359375 0.798828125 0.150390625 0.177734375
0 0.193359375 0.70703125 0.115234375 0.126953125
1 0.6884765625 0.548828125 0.048828125 0.052734375
1 0.1640625 0.576171875 0.0283203125 0.0517578125
1 0.873046875 0.833984375 0.0576171875 0.0810546875
1 0.822265625 0.5810546875 0.083984375 0.083984375
0 0.3173828125 0.6494140625 0.0908203125 0.111328125
0 0.240234375 0.5078125 0.064453125 0.068359375
1 0.57421875 0.5908203125 0.0390625 0.046875
1 0.4150390625 0.46484375 0.0234375 0.033203125
1 0.3828125 0.5146484375 0.021484375 0.0361328125
1 0.513671875 0.65234375 0.0341796875 0.0576171875
1 0.5625 0.392578125 0.015625 0.0234375
1 0.3935546875 0.408203125 0.0185546875 0.0283203125
0 0.224609375 0.5771484375 0.078125 0.0888671875
1 0.896484375 0.646484375 0.078125 0.078125
1 0.732421875 0.5400390625 0.0361328125 0.0390625
0 0.3212890625 0.5498046875 0.0703125 0.0810546875
0 0.505859375 0.345703125 0.033203125 0.0341796875
0 0.4794921875 0.357421875 0.03125 0.0341796875
0 0.3271484375 0.4912109375 0.0673828125 0.060546875
1 0.044921875 0.587890625 0.0283203125 0.0439453125
1 0.591796875 0.3974609375 0.0185546875 0.0234375
1 0.708984375 0.4765625 0.0234375 0.0283203125
1 0.1015625 0.630859375 0.0283203125 0.046875
1 0.15234375 0.486328125 0.0234375 0.029296875
1 0.482421875 0.4580078125 0.013671875 0.0283203125
1 0.958984375 0.6962890625 0.0595703125 0.076171875
1 0.1904296875 0.4853515625 0.021484375 0.0361328125
1 0.060546875 0.4853515625 0.03125 0.029296875
1 0.1357421875 0.4755859375 0.015625 0.029296875
1 0.6064453125 0.4638671875 0.041015625 0.041015625
1 0.10546875 0.568359375 0.0234375 0.033203125
1 0.642578125 0.443359375 0.0361328125 0.03125
0 0.2548828125 0.39453125 0.052734375 0.060546875
1 0.97265625 0.521484375 0.0263671875 0.0283203125
1 0.193359375 0.4248046875 0.021484375 0.025390625
0 0.533203125 0.34375 0.0283203125 0.025390625
1 0.8935546875 0.5859375 0.0439453125 0.0595703125
1 0.216796875 0.4140625 0.029296875 0.0341796875
1 0.1708984375 0.4228515625 0.0205078125 0.0263671875
1 0.095703125 0.4072265625 0.015625 0.0263671875
1 0.1064453125 0.7080078125 0.037109375 0.068359375
1 0.7099609375 0.716796875 0.0361328125 0.0576171875
1 0.443359375 0.4013671875 0.0263671875 0.0341796875
1 0.2060546875 0.3603515625 0.0126953125 0.0234375
1 0.4091796875 0.361328125 0.021484375 0.0234375
1 0.177734375 0.5361328125 0.0234375 0.037109375
1 0.9658203125 0.5986328125 0.037109375 0.0498046875
1 0.3837890625 0.3623046875 0.017578125 0.0185546875
1 0.6796875 0.447265625 0.0185546875 0.021484375
1 0.1494140625 0.4169921875 0.029296875 0.037109375
1 0.865234375 0.423828125 0.025390625 0.0263671875
1 0.212890625 0.8193359375 0.0517578125 0.060546875
1 0.7109375 0.521484375 0.025390625 0.0419921875
1 0.021484375 0.564453125 0.021484375 0.0546875
0 0.037109375 0.46875 0.0390625 0.037109375
1 0.904296875 0.5478515625 0.0185546875 0.0263671875