0 0.193359375 0.75 0.1220703125 0.166015625
0 0.5126953125 0.4267578125 0.052734375 0.0595703125
1 0.119140625 0.5830078125 0.0263671875 0.0439453125
0 0.3388671875 0.728515625 0.099609375 0.1201171875
1 0.5791015625 0.4853515625 0.029296875 0.044921875
0 0.48828125 0.36328125 0.0419921875 0.0361328125
1 0.130859375 0.509765625 0.0234375 0.037109375
1 0.494140625 0.53125 0.041015625 0.041015625
1 0.537109375 0.6005859375 0.0361328125 0.060546875
1 0.7373046875 0.626953125 0.0810546875 0.0595703125
0 0.736328125 0.560546875 0.189453125 0.076171875
1 0.634765625 0.505859375 0.0263671875 0.0517578125
1 0.0771484375 0.7509765625 0.044921875 0.0859375
1 0.73046875 0.744140625 0.0517578125 0.0732421875
1 0.306640625 0.83203125 0.046875 0.0888671875
1 0.943359375 0.626953125 0.0732421875 0.072265625
1 0.60546875 0.7216796875 0.0703125 0.1123046875
1 0.548828125 0.373046875 0.017578125 0.0283203125
1 0.8603515625 0.6259765625 0.060546875 0.0673828125
1 0.75390625 0.818359375 0.0673828125 0.0908203125
1 0.5302734375 0.37109375 0.0205078125 0.0263671875
1 0.5556640625 0.435546875 0.0205078125 0.029296875
1 0.287109375 0.462890625 0.037109375 0.0341796875
1 0.37109375 0.447265625 0.033203125 0.037109375
1 0.5595703125 0.470703125 0.021484375 0.0419921875
1 0.6064453125 0.4970703125 0.0341796875 0.046875
1 0.427734375 0.6787109375 0.0390625 0.044921875
0 0.5087890625 0.333984375 0.033203125 0.029296875
1 0.4287109375 0.501953125 0.0234375 0.0390625
1 0.419921875 0.7548828125 0.0419921875 0.046875
1 0.63671875 0.658203125 0.0361328125 0.0673828125
1 0.6044921875 0.6318359375 0.0341796875 0.0517578125
1 0.451171875 0.517578125 0.0283203125 0.048828125
1 0.5556640625 0.572265625 0.029296875 0.041015625
1 0.5341796875 0.517578125 0.037109375 0.037109375
1 0.423828125 0.615234375 0.029296875 0.0419921875
1 0.0302734375 0.5703125 0.0361328125 0.046875
0 0.935546875 0.5654296875 0.0986328125 0.068359375
1 0.1083984375 0.484375 0.029296875 0.03125
1 0.6572265625 0.609375 0.044921875 0.056640625
1 0.0419921875 0.6923828125 0.037109375 0.041015625
1 0.576171875 0.41015625 0.013671875 0.033203125
1 0.38671875 0.591796875 0.060546875 0.044921875
1 0.134765625 0.794921875 0.0341796875 0.0673828125
1 0.4267578125 0.3955078125 0.0185546875 0.0283203125
1 0.0263671875 0.787109375 0.03125 0.076171875
1 0.0595703125 0.478515625 0.021484375 0.0341796875
1 0.177734375 0.326171875 0.0205078125 0.0205078125
1 0.4951171875 0.5830078125 0.0283203125 0.0439453125
1 0.5517578125 0.537109375 0.0185546875 0.029296875
1 0.228515625 0.3427734375 0.0126953125 0.017578125
1 0.349609375 0.423828125 0.0283203125 0.025390625
1 0.177734375 0.4130859375 0.021484375 0.0263671875
1 0.505859375 0.5625 0.1875 0.1845703125
1 0.1962890625 0.322265625 0.017578125 0.0185546875
1 0.4716796875 0.3388671875 0.015625 0.0185546875
1 0.3271484375 0.35546875 0.017578125 0.029296875
1 0.857421875 0.544921875 0.0185546875 0.03125
0 0.19140625 0.8740234375 0.0888671875 0.029296875
1 0.564453125 0.3603515625 0.021484375 0.029296875
1 0.365234375 0.3232421875 0.0205078125 0.0185546875
1 0.9443359375 0.51953125 0.0205078125 0.029296875
1 0.078125 0.52734375 0.1279296875 0.1357421875
1 0.5810546875 0.44921875 0.015625 0.0234375
1 0.115234375 0.4296875 0.0185546875 0.025390625
1 0.453125 0.359375 0.021484375 0.021484375
1 0.3828125 0.3232421875 0.015625 0.0185546875
1 0.96875 0.515625 0.025390625 0.03125