0 0.193359375 0.748046875 0.126953125 0.162109375
0 0.5107421875 0.4228515625 0.052734375 0.0546875
0 0.3388671875 0.7294921875 0.103515625 0.119140625
1 0.1572265625 0.529296875 0.0263671875 0.056640625
1 0.537109375 0.4755859375 0.0283203125 0.0390625
0 0.466796875 0.509765625 0.134765625 0.0751953125
1 0.3837890625 0.5419921875 0.0546875 0.046875
1 0.740234375 0.6015625 0.087890625 0.0751953125
0 0.7197265625 0.5361328125 0.154296875 0.068359375
0 0.5400390625 0.345703125 0.0390625 0.0283203125
1 0.5498046875 0.60546875 0.0439453125 0.0546875
1 0.2763671875 0.4765625 0.0341796875 0.0341796875
0 0.4912109375 0.3623046875 0.0390625 0.0341796875
0 0.5087890625 0.333984375 0.033203125 0.029296875
1 0.8603515625 0.62109375 0.0419921875 0.064453125
1 0.63671875 0.5 0.0263671875 0.0439453125
1 0.0791015625 0.765625 0.0419921875 0.072265625
1 0.580078125 0.48828125 0.025390625 0.0361328125
1 0.529296875 0.37109375 0.017578125 0.0234375
1 0.5029296875 0.55078125 0.037109375 0.033203125
1 0.1611328125 0.4912109375 0.025390625 0.0361328125
1 0.166015625 0.4599609375 0.0185546875 0.029296875
1 0.30859375 0.849609375 0.0419921875 0.0595703125
1 0.583984375 0.5546875 0.0576171875 0.037109375
1 0.25390625 0.4560546875 0.029296875 0.0341796875
1 0.4287109375 0.67578125 0.0419921875 0.044921875
1 0.16015625 0.419921875 0.0263671875 0.025390625
1 0.2333984375 0.4404296875 0.0234375 0.021484375
1 0.5498046875 0.3740234375 0.015625 0.0234375
1 0.4541015625 0.7822265625 0.0517578125 0.0673828125
1 0.65625 0.583984375 0.046875 0.0419921875
1 0.572265625 0.3740234375 0.0126953125 0.0234375
1 0.9150390625 0.580078125 0.0263671875 0.0390625
1 0.3466796875 0.3544921875 0.0283203125 0.021484375
1 0.40234375 0.5146484375 0.0205078125 0.029296875
1 0.4169921875 0.7412109375 0.037109375 0.0419921875
1 0.560546875 0.455078125 0.017578125 0.0283203125
1 0.470703125 0.435546875 0.0185546875 0.0283203125
1 0.392578125 0.4638671875 0.021484375 0.03125
1 0.708984375 0.8017578125 0.0654296875 0.083984375
1 0.8056640625 0.591796875 0.0546875 0.068359375
1 0.59375 0.466796875 0.0185546875 0.0283203125
1 0.455078125 0.36328125 0.0185546875 0.0234375
1 0.177734375 0.326171875 0.0234375 0.0234375
1 0.05859375 0.4794921875 0.0205078125 0.0341796875
1 0.0791015625 0.646484375 0.0390625 0.0498046875
0 0.927734375 0.5322265625 0.103515625 0.076171875
0 0.240234375 0.3818359375 0.0595703125 0.033203125
1 0.12890625 0.470703125 0.0263671875 0.029296875
1 0.6005859375 0.4990234375 0.0263671875 0.044921875
1 0.9716796875 0.6328125 0.0283203125 0.0439453125
1 0.8408203125 0.8740234375 0.03125 0.0263671875
1 0.0234375 0.5595703125 0.021484375 0.0439453125
0 0.3544921875 0.322265625 0.03125 0.0185546875
1 0.3828125 0.3251953125 0.015625 0.0185546875
1 0.330078125 0.357421875 0.013671875 0.021484375
1 0.8125 0.55078125 0.0341796875 0.029296875
1 0.7236328125 0.5517578125 0.025390625 0.037109375
1 0.03125 0.6083984375 0.03125 0.0673828125
1 0.892578125 0.5634765625 0.0361328125 0.029296875
1 0.755859375 0.8681640625 0.041015625 0.0390625
1 0.4599609375 0.7177734375 0.0205078125 0.033203125
0 0.205078125 0.875 0.0888671875 0.0283203125
1 0.923828125 0.5078125 0.0185546875 0.025390625
1 0.6201171875 0.466796875 0.0185546875 0.0234375
1 0.9306640625 0.3779296875 0.033203125 0.0439453125
1 0.1953125 0.3212890625 0.021484375 0.0205078125