0 0.3359375 0.720703125 0.1123046875 0.1455078125
0 0.572265625 0.5107421875 0.072265625 0.087890625
0 0.572265625 0.603515625 0.091796875 0.111328125
0 0.212890625 0.626953125 0.0888671875 0.103515625
1 0.814453125 0.5693359375 0.0703125 0.0732421875
1 0.65234375 0.5546875 0.0263671875 0.046875
1 0.677734375 0.609375 0.0390625 0.0595703125
1 0.62890625 0.513671875 0.0263671875 0.0390625
0 0.3212890625 0.5458984375 0.0673828125 0.080078125
1 0.689453125 0.5419921875 0.041015625 0.056640625
0 0.142578125 0.419921875 0.048828125 0.0419921875
1 0.818359375 0.7275390625 0.0625 0.0732421875
1 0.6240234375 0.484375 0.0234375 0.0341796875
0 0.240234375 0.46875 0.0517578125 0.0595703125
0 0.2314453125 0.5283203125 0.068359375 0.072265625
1 0.4921875 0.5400390625 0.021484375 0.0390625
1 0.7861328125 0.68359375 0.046875 0.0703125
0 0.4580078125 0.4697265625 0.046875 0.0517578125
0 0.298828125 0.4462890625 0.0439453125 0.048828125
1 0.505859375 0.6181640625 0.0341796875 0.0576171875
0 0.5107421875 0.341796875 0.046875 0.0361328125
1 0.837890625 0.80859375 0.0673828125 0.1015625
0 0.1875 0.376953125 0.03125 0.0341796875
0 0.5107421875 0.4052734375 0.041015625 0.044921875
1 0.26953125 0.658203125 0.0390625 0.0546875
1 0.947265625 0.6884765625 0.078125 0.0859375
1 0.5849609375 0.4765625 0.0205078125 0.03125
1 0.8916015625 0.6494140625 0.076171875 0.080078125
0 0.451171875 0.53515625 0.037109375 0.0859375
1 0.099609375 0.623046875 0.0390625 0.052734375
1 0.1640625 0.4873046875 0.0341796875 0.0498046875
1 0.1494140625 0.6083984375 0.0361328125 0.064453125
1 0.728515625 0.5400390625 0.044921875 0.048828125
1 0.8935546875 0.5771484375 0.0341796875 0.0419921875
1 0.060546875 0.482421875 0.0234375 0.03125
1 0.029296875 0.560546875 0.033203125 0.044921875
1 0.412109375 0.455078125 0.015625 0.033203125
1 0.09375 0.7060546875 0.046875 0.0625
0 0.287109375 0.41015625 0.048828125 0.033203125
0 0.951171875 0.5751953125 0.072265625 0.056640625
1 0.927734375 0.6103515625 0.048828125 0.0419921875
1 0.896484375 0.544921875 0.03125 0.037109375
1 0.0283203125 0.802734375 0.03125 0.0576171875
1 0.8564453125 0.548828125 0.0283203125 0.0419921875
1 0.59375 0.423828125 0.015625 0.0361328125
0 0.162109375 0.341796875 0.03125 0.025390625
1 0.4443359375 0.408203125 0.0234375 0.033203125
1 0.189453125 0.46484375 0.017578125 0.033203125
1 0.533203125 0.4580078125 0.0234375 0.037109375
1 0.498046875 0.4443359375 0.0263671875 0.044921875
1 0.3955078125 0.57421875 0.0283203125 0.0546875
0 0.5517578125 0.3779296875 0.0341796875 0.0341796875
0 0.474609375 0.35546875 0.046875 0.0361328125
1 0.5498046875 0.435546875 0.025390625 0.0361328125
1 0.9736328125 0.6337890625 0.0283203125 0.064453125