0 0.1435546875 0.7060546875 0.1279296875 0.146484375
0 0.3349609375 0.7275390625 0.1142578125 0.1455078125
0 0.7841796875 0.796875 0.21875 0.1845703125
1 0.611328125 0.59765625 0.037109375 0.060546875
0 0.337890625 0.548828125 0.0732421875 0.083984375
0 0.5341796875 0.615234375 0.087890625 0.115234375
0 0.5068359375 0.4404296875 0.048828125 0.052734375
1 0.658203125 0.58984375 0.0341796875 0.0576171875
0 0.490234375 0.353515625 0.033203125 0.033203125
0 0.224609375 0.5166015625 0.0576171875 0.0673828125
1 0.697265625 0.5478515625 0.0439453125 0.048828125
1 0.6728515625 0.6728515625 0.0419921875 0.0732421875
1 0.71484375 0.671875 0.0390625 0.0625
1 0.798828125 0.5732421875 0.048828125 0.0654296875
1 0.13671875 0.5791015625 0.0361328125 0.0703125
1 0.4111328125 0.458984375 0.0185546875 0.029296875
1 0.634765625 0.5498046875 0.0234375 0.0439453125
0 0.30078125 0.4677734375 0.0546875 0.0517578125
1 0.416015625 0.4951171875 0.017578125 0.037109375
1 0.947265625 0.685546875 0.076171875 0.0859375
1 0.2333984375 0.587890625 0.0361328125 0.048828125
1 0.4833984375 0.5517578125 0.029296875 0.052734375
0 0.4931640625 0.4013671875 0.0419921875 0.046875
1 0.888671875 0.654296875 0.076171875 0.076171875
0 0.2685546875 0.4091796875 0.0439453125 0.03125
1 0.595703125 0.490234375 0.029296875 0.041015625
1 0.568359375 0.470703125 0.025390625 0.0390625
1 0.845703125 0.6005859375 0.0498046875 0.0517578125
0 0.5517578125 0.412109375 0.0341796875 0.0439453125
1 0.552734375 0.693359375 0.0390625 0.0810546875
1 0.4638671875 0.4931640625 0.03125 0.0419921875
1 0.615234375 0.537109375 0.0234375 0.044921875
0 0.6240234375 0.703125 0.0673828125 0.103515625
1 0.625 0.7607421875 0.037109375 0.056640625
1 0.759765625 0.478515625 0.0263671875 0.0283203125
1 0.6728515625 0.525390625 0.0263671875 0.041015625
1 0.8896484375 0.814453125 0.0732421875 0.1044921875
1 0.595703125 0.4482421875 0.0185546875 0.03125
1 0.0634765625 0.6962890625 0.0263671875 0.0517578125
0 0.9296875 0.583984375 0.109375 0.0888671875
1 0.974609375 0.7451171875 0.025390625 0.0810546875
1 0.1494140625 0.525390625 0.0263671875 0.056640625
1 0.8974609375 0.5439453125 0.033203125 0.03125
0 0.1904296875 0.33984375 0.025390625 0.0205078125
0 0.21875 0.447265625 0.041015625 0.0263671875
1 0.5341796875 0.5458984375 0.021484375 0.033203125
1 0.431640625 0.412109375 0.0283203125 0.0419921875
1 0.849609375 0.556640625 0.033203125 0.0498046875
1 0.6611328125 0.849609375 0.072265625 0.080078125
1 0.029296875 0.5615234375 0.0341796875 0.044921875
0 0.5341796875 0.34765625 0.03125 0.0263671875
1 0.556640625 0.5234375 0.0283203125 0.0439453125
1 0.701171875 0.626953125 0.029296875 0.029296875
1 0.224609375 0.419921875 0.025390625 0.0234375
0 0.1748046875 0.498046875 0.0283203125 0.041015625
1 0.390625 0.439453125 0.021484375 0.033203125
0 0.349609375 0.3193359375 0.03125 0.017578125
1 0.8173828125 0.53515625 0.025390625 0.0419921875
1 0.0595703125 0.482421875 0.021484375 0.0361328125
0 0.5830078125 0.4150390625 0.021484375 0.033203125
1 0.15234375 0.4013671875 0.0205078125 0.025390625
1 0.255859375 0.470703125 0.0185546875 0.0341796875
1 0.4404296875 0.4423828125 0.0126953125 0.0283203125
1 0.3056640625 0.5302734375 0.017578125 0.033203125
1 0.1796875 0.4482421875 0.0341796875 0.025390625
1 0.955078125 0.62890625 0.0361328125 0.0517578125
1 0.634765625 0.4423828125 0.03125 0.0341796875
1 0.630859375 0.5107421875 0.021484375 0.0341796875