0 0.630859375 0.7705078125 0.1640625 0.1904296875
0 0.34765625 0.58984375 0.0732421875 0.0888671875
0 0.201171875 0.5908203125 0.0859375 0.0966796875
1 0.771484375 0.6875 0.0390625 0.0595703125
0 0.6279296875 0.587890625 0.1279296875 0.130859375
0 0.5615234375 0.4443359375 0.0546875 0.0517578125
1 0.697265625 0.5986328125 0.0419921875 0.0595703125
1 0.1416015625 0.5419921875 0.0234375 0.0439453125
1 0.8203125 0.5791015625 0.083984375 0.0888671875
1 0.8896484375 0.654296875 0.076171875 0.076171875
1 0.958984375 0.666015625 0.0546875 0.0751953125
1 0.1787109375 0.513671875 0.0205078125 0.0361328125
1 0.205078125 0.7197265625 0.0341796875 0.0546875
0 0.4931640625 0.55859375 0.0830078125 0.1015625
1 0.2646484375 0.76171875 0.0419921875 0.0546875
1 0.7275390625 0.537109375 0.044921875 0.0439453125
1 0.427734375 0.53515625 0.0263671875 0.044921875
0 0.150390625 0.412109375 0.0673828125 0.046875
1 0.5458984375 0.6494140625 0.0361328125 0.060546875
0 0.470703125 0.478515625 0.0654296875 0.0625
1 0.171875 0.6982421875 0.0341796875 0.046875
1 0.8505859375 0.8447265625 0.0576171875 0.0859375
0 0.3076171875 0.44140625 0.056640625 0.044921875
1 0.111328125 0.650390625 0.0361328125 0.056640625
1 0.1552734375 0.494140625 0.0205078125 0.0283203125
1 0.24609375 0.66796875 0.029296875 0.0517578125
1 0.2490234375 0.462890625 0.0205078125 0.03125
0 0.541015625 0.3798828125 0.037109375 0.0283203125
1 0.298828125 0.6640625 0.025390625 0.0439453125
1 0.1103515625 0.7265625 0.029296875 0.0439453125
1 0.673828125 0.541015625 0.0234375 0.0390625
1 0.4228515625 0.6796875 0.0263671875 0.0439453125
0 0.5380859375 0.3349609375 0.0361328125 0.033203125
1 0.9267578125 0.609375 0.0439453125 0.037109375
0 0.4951171875 0.369140625 0.037109375 0.0263671875
1 0.5859375 0.408203125 0.0283203125 0.048828125
0 0.51171875 0.3349609375 0.0263671875 0.0234375
1 0.0595703125 0.4794921875 0.025390625 0.037109375
1 0.8955078125 0.5751953125 0.037109375 0.041015625
1 0.0244140625 0.5595703125 0.0234375 0.0439453125
1 0.5146484375 0.4404296875 0.017578125 0.046875
0 0.9541015625 0.5751953125 0.0673828125 0.056640625
0 0.326171875 0.3984375 0.072265625 0.0341796875
1 0.3994140625 0.853515625 0.048828125 0.0673828125
0 0.263671875 0.412109375 0.068359375 0.0341796875
1 0.193359375 0.4599609375 0.0185546875 0.0390625
1 0.44921875 0.369140625 0.017578125 0.0283203125
0 0.244140625 0.365234375 0.0673828125 0.056640625
1 0.224609375 0.869140625 0.0439453125 0.0439453125
1 0.0537109375 0.787109375 0.044921875 0.080078125