0 0.189453125 0.7490234375 0.1298828125 0.1640625
0 0.5107421875 0.42578125 0.046875 0.0546875
1 0.5830078125 0.5888671875 0.0341796875 0.056640625
0 0.3388671875 0.728515625 0.099609375 0.119140625
1 0.494140625 0.5419921875 0.0546875 0.0595703125
1 0.3232421875 0.4482421875 0.037109375 0.0341796875
1 0.8349609375 0.658203125 0.0830078125 0.072265625
0 0.5400390625 0.353515625 0.044921875 0.044921875
1 0.5400390625 0.5537109375 0.033203125 0.048828125
0 0.8759765625 0.572265625 0.1767578125 0.072265625
1 0.6708984375 0.623046875 0.064453125 0.080078125
1 0.47265625 0.6005859375 0.033203125 0.044921875
1 0.0810546875 0.755859375 0.052734375 0.09375
1 0.7763671875 0.744140625 0.046875 0.068359375
1 0.4208984375 0.4580078125 0.0361328125 0.03125
1 0.5615234375 0.4482421875 0.017578125 0.03125
1 0.4306640625 0.6767578125 0.0390625 0.0595703125
1 0.5830078125 0.466796875 0.021484375 0.0361328125
1 0.3056640625 0.833984375 0.0419921875 0.0908203125
1 0.7705078125 0.6650390625 0.072265625 0.0703125
1 0.7294921875 0.6298828125 0.041015625 0.0498046875
1 0.919921875 0.6298828125 0.046875 0.068359375
0 0.4853515625 0.3603515625 0.0517578125 0.0361328125
1 0.599609375 0.484375 0.0263671875 0.037109375
1 0.8740234375 0.84375 0.076171875 0.0908203125
1 0.72265625 0.505859375 0.029296875 0.0341796875
1 0.7265625 0.814453125 0.041015625 0.0625
1 0.6044921875 0.859375 0.052734375 0.0625
1 0.703125 0.73046875 0.056640625 0.0673828125
1 0.546875 0.5126953125 0.0341796875 0.041015625
1 0.275390625 0.4306640625 0.033203125 0.029296875
1 0.634765625 0.509765625 0.033203125 0.0390625
0 0.548828125 0.666015625 0.126953125 0.150390625
1 0.6513671875 0.564453125 0.052734375 0.056640625
1 0.0751953125 0.68359375 0.041015625 0.0517578125
1 0.3896484375 0.4853515625 0.044921875 0.033203125
1 0.96484375 0.623046875 0.044921875 0.056640625
1 0.357421875 0.595703125 0.1064453125 0.0595703125
1 0.5419921875 0.423828125 0.015625 0.0283203125
1 0.810546875 0.611328125 0.0546875 0.044921875
1 0.4521484375 0.373046875 0.017578125 0.0263671875
1 0.970703125 0.544921875 0.033203125 0.037109375
1 0.798828125 0.484375 0.0283203125 0.037109375
1 0.607421875 0.5498046875 0.0419921875 0.0439453125
1 0.626953125 0.439453125 0.0234375 0.03125
1 0.5810546875 0.431640625 0.0185546875 0.0283203125
1 0.576171875 0.380859375 0.0185546875 0.029296875
1 0.6904296875 0.8662109375 0.0595703125 0.048828125
1 0.0732421875 0.478515625 0.0498046875 0.0390625
1 0.490234375 0.490234375 0.0390625 0.0546875
1 0.064453125 0.6396484375 0.0185546875 0.033203125
0 0.240234375 0.369140625 0.064453125 0.0341796875
1 0.818359375 0.853515625 0.0625 0.0703125
1 0.03125 0.5595703125 0.041015625 0.0498046875
0 0.029296875 0.7666015625 0.0361328125 0.0732421875
1 0.4404296875 0.5419921875 0.041015625 0.052734375
0 0.353515625 0.322265625 0.0341796875 0.0185546875
1 0.0390625 0.4736328125 0.03125 0.0341796875
1 0.119140625 0.4775390625 0.060546875 0.0419921875
1 0.916015625 0.505859375 0.0283203125 0.0341796875
1 0.8876953125 0.3818359375 0.015625 0.029296875
1 0.3701171875 0.8662109375 0.052734375 0.048828125
1 0.7373046875 0.5634765625 0.021484375 0.0390625
1 0.1279296875 0.40625 0.015625 0.0185546875
1 0.7138671875 0.4716796875 0.046875 0.0439453125
1 0.7724609375 0.482421875 0.0263671875 0.0419921875
1 0.52734375 0.5068359375 0.2138671875 0.1923828125
1 0.7646484375 0.748046875 0.2919921875 0.265625
1 0.177734375 0.326171875 0.021484375 0.0185546875
1 0.3525390625 0.349609375 0.029296875 0.0234375
0 0.2998046875 0.3720703125 0.052734375 0.037109375
1 0.916015625 0.3603515625 0.0361328125 0.029296875