0 0.2021484375 0.62890625 0.095703125 0.107421875
1 0.2734375 0.658203125 0.041015625 0.083984375
1 0.14453125 0.5419921875 0.0234375 0.037109375
1 0.314453125 0.537109375 0.0205078125 0.037109375
1 0.689453125 0.544921875 0.046875 0.052734375
0 0.654296875 0.5966796875 0.09375 0.103515625
0 0.5380859375 0.458984375 0.0517578125 0.0576171875
1 0.8310546875 0.849609375 0.0654296875 0.078125
1 0.0859375 0.7080078125 0.037109375 0.0595703125
1 0.14453125 0.4658203125 0.0234375 0.03125
1 0.2666015625 0.517578125 0.0263671875 0.046875
1 0.564453125 0.58984375 0.0283203125 0.0576171875
1 0.185546875 0.5234375 0.025390625 0.0498046875
1 0.73828125 0.7548828125 0.0576171875 0.072265625
1 0.8974609375 0.654296875 0.0830078125 0.078125
1 0.251953125 0.478515625 0.021484375 0.0341796875
0 0.5244140625 0.3984375 0.044921875 0.0498046875
1 0.365234375 0.4716796875 0.021484375 0.03125
1 0.240234375 0.5380859375 0.0234375 0.044921875
0 0.5625 0.3935546875 0.037109375 0.046875
0 0.4619140625 0.4150390625 0.0361328125 0.0419921875
1 0.818359375 0.576171875 0.0830078125 0.0859375
1 0.5419921875 0.548828125 0.021484375 0.046875
1 0.2744140625 0.458984375 0.017578125 0.0263671875
1 0.11328125 0.603515625 0.029296875 0.048828125
1 0.2958984375 0.435546875 0.017578125 0.0283203125
1 0.2197265625 0.41796875 0.0234375 0.029296875
1 0.728515625 0.5361328125 0.046875 0.046875
1 0.177734375 0.4599609375 0.0283203125 0.033203125
1 0.53125 0.623046875 0.0283203125 0.044921875
0 0.6279296875 0.7451171875 0.1591796875 0.2216796875
1 0.2880859375 0.4892578125 0.0205078125 0.03125
1 0.1591796875 0.478515625 0.0185546875 0.0283203125
1 0.15625 0.423828125 0.021484375 0.0234375
1 0.896484375 0.541015625 0.03125 0.0390625
1 0.611328125 0.498046875 0.0185546875 0.0283203125
1 0.4287109375 0.4619140625 0.017578125 0.0263671875
1 0.958984375 0.6982421875 0.0625 0.078125
1 0.3837890625 0.5224609375 0.0234375 0.044921875
1 0.4140625 0.4150390625 0.0185546875 0.0205078125
1 0.603515625 0.470703125 0.0283203125 0.048828125
1 0.1357421875 0.4228515625 0.021484375 0.0234375
1 0.2275390625 0.4736328125 0.0205078125 0.03125
1 0.0576171875 0.48046875 0.021484375 0.0361328125
1 0.1943359375 0.3779296875 0.0205078125 0.0283203125
1 0.1826171875 0.8505859375 0.056640625 0.0673828125
0 0.4814453125 0.36328125 0.03125 0.033203125
1 0.2548828125 0.4462890625 0.021484375 0.029296875
0 0.537109375 0.34765625 0.029296875 0.0263671875
1 0.4296875 0.49609375 0.015625 0.044921875
1 0.029296875 0.591796875 0.0361328125 0.0673828125
1 0.0224609375 0.4794921875 0.0234375 0.041015625
1 0.603515625 0.626953125 0.0341796875 0.0546875
0 0.263671875 0.4072265625 0.068359375 0.044921875
1 0.951171875 0.5283203125 0.0234375 0.0185546875
1 0.232421875 0.4423828125 0.0185546875 0.0283203125
1 0.109375 0.4833984375 0.037109375 0.0361328125
1 0.2353515625 0.5029296875 0.2080078125 0.119140625
1 0.7021484375 0.8115234375 0.0361328125 0.0732421875
1 0.9306640625 0.6103515625 0.0546875 0.044921875
1 0.5107421875 0.4423828125 0.021484375 0.0283203125
1 0.0751953125 0.4033203125 0.015625 0.025390625
1 0.56640625 0.5224609375 0.029296875 0.0517578125
0 0.224609375 0.361328125 0.025390625 0.021484375
1 0.62109375 0.82421875 0.0419921875 0.076171875
0 0.5244140625 0.330078125 0.0234375 0.021484375
1 0.099609375 0.419921875 0.015625 0.0185546875
1 0.9609375 0.630859375 0.025390625 0.0419921875
1 0.767578125 0.8740234375 0.037109375 0.029296875
1 0.638671875 0.439453125 0.041015625 0.033203125
1 0.583984375 0.443359375 0.0205078125 0.041015625
1 0.896484375 0.583984375 0.037109375 0.048828125
1 0.439453125 0.3876953125 0.0126953125 0.015625
1 0.3515625 0.4189453125 0.021484375 0.0283203125