0 0.6083984375 0.5673828125 0.091796875 0.115234375
0 0.494140625 0.541015625 0.072265625 0.087890625
1 0.767578125 0.587890625 0.046875 0.052734375
0 0.3388671875 0.7255859375 0.099609375 0.1142578125
0 0.6201171875 0.7568359375 0.140625 0.173828125
1 0.771484375 0.681640625 0.0498046875 0.0751953125
1 0.853515625 0.771484375 0.068359375 0.0859375
0 0.4892578125 0.361328125 0.0341796875 0.03125
0 0.541015625 0.3408203125 0.033203125 0.03125
1 0.1572265625 0.6025390625 0.033203125 0.0703125
1 0.15234375 0.5537109375 0.029296875 0.048828125
1 0.7294921875 0.7646484375 0.0654296875 0.0830078125
1 0.693359375 0.5986328125 0.03125 0.0625
0 0.509765625 0.333984375 0.033203125 0.03125
1 0.919921875 0.693359375 0.0986328125 0.0751953125
1 0.666015625 0.544921875 0.0283203125 0.044921875
1 0.818359375 0.587890625 0.068359375 0.0498046875
1 0.595703125 0.4873046875 0.0263671875 0.037109375
1 0.712890625 0.533203125 0.046875 0.0517578125
1 0.96484375 0.6240234375 0.0419921875 0.060546875
0 0.228515625 0.35546875 0.0341796875 0.0361328125
0 0.7763671875 0.4853515625 0.134765625 0.064453125
1 0.8681640625 0.5673828125 0.0517578125 0.0439453125
1 0.828125 0.5595703125 0.0283203125 0.03125
1 0.5224609375 0.4736328125 0.0234375 0.03125
1 0.1513671875 0.4375 0.0185546875 0.03125
1 0.6533203125 0.509765625 0.03125 0.037109375
0 0.1865234375 0.8251953125 0.1513671875 0.130859375
0 0.515625 0.384765625 0.0341796875 0.029296875
1 0.107421875 0.4853515625 0.0341796875 0.0361328125
1 0.9091796875 0.5439453125 0.0283203125 0.025390625
1 0.060546875 0.4833984375 0.029296875 0.033203125
1 0.552734375 0.453125 0.013671875 0.021484375
1 0.197265625 0.3681640625 0.017578125 0.033203125
1 0.0302734375 0.560546875 0.0361328125 0.044921875
1 0.5908203125 0.396484375 0.025390625 0.033203125
1 0.05859375 0.6953125 0.029296875 0.0595703125
1 0.1806640625 0.353515625 0.013671875 0.0205078125
1 0.9013671875 0.640625 0.052734375 0.052734375
0 0.408203125 0.4345703125 0.0546875 0.056640625
1 0.837890625 0.654296875 0.1044921875 0.060546875
1 0.5732421875 0.4462890625 0.0283203125 0.0517578125
1 0.423828125 0.72265625 0.03125 0.091796875
1 0.0224609375 0.4833984375 0.0263671875 0.044921875
0 0.548828125 0.4873046875 0.048828125 0.056640625
1 0.60546875 0.4560546875 0.0390625 0.041015625
1 0.5439453125 0.666015625 0.037109375 0.0673828125
0 0.1865234375 0.3232421875 0.0390625 0.021484375
1 0.4521484375 0.3603515625 0.0205078125 0.0263671875
0 0.3076171875 0.345703125 0.0654296875 0.0703125
1 0.2578125 0.3349609375 0.015625 0.0234375
1 0.021484375 0.373046875 0.017578125 0.0234375
1 0.466796875 0.4267578125 0.0205078125 0.037109375