0 0.322265625 0.798828125 0.1513671875 0.1767578125
0 0.1640625 0.7841796875 0.150390625 0.177734375
1 0.703125 0.6474609375 0.046875 0.0546875
0 0.314453125 0.6494140625 0.091796875 0.111328125
1 0.8212890625 0.591796875 0.076171875 0.0654296875
0 0.544921875 0.49609375 0.080078125 0.0986328125
0 0.2412109375 0.509765625 0.064453125 0.0888671875
1 0.1201171875 0.615234375 0.03125 0.0439453125
1 0.12890625 0.5361328125 0.0263671875 0.037109375
1 0.5400390625 0.4326171875 0.0263671875 0.03125
1 0.642578125 0.7099609375 0.0517578125 0.0888671875
1 0.4052734375 0.6181640625 0.0361328125 0.0517578125
1 0.6953125 0.5478515625 0.0498046875 0.0546875
1 0.892578125 0.6640625 0.087890625 0.078125
0 0.3271484375 0.490234375 0.0673828125 0.0595703125
1 0.57421875 0.4462890625 0.033203125 0.0361328125
1 0.744140625 0.740234375 0.060546875 0.064453125
1 0.0908203125 0.646484375 0.0341796875 0.048828125
1 0.904296875 0.544921875 0.0263671875 0.029296875
1 0.0439453125 0.568359375 0.025390625 0.046875
1 0.9580078125 0.701171875 0.0595703125 0.0703125
0 0.4794921875 0.3583984375 0.0341796875 0.0419921875
1 0.470703125 0.4150390625 0.017578125 0.0419921875
1 0.1806640625 0.513671875 0.033203125 0.041015625
0 0.7646484375 0.8193359375 0.1796875 0.1357421875
1 0.5927734375 0.39453125 0.017578125 0.0263671875
0 0.3203125 0.548828125 0.072265625 0.080078125
1 0.0625 0.48046875 0.03125 0.0390625
1 0.732421875 0.5400390625 0.0419921875 0.048828125
0 0.2529296875 0.3955078125 0.046875 0.052734375
1 0.166015625 0.572265625 0.0263671875 0.0390625
0 0.505859375 0.3447265625 0.029296875 0.033203125
1 0.07421875 0.7607421875 0.048828125 0.0751953125
1 0.9638671875 0.5205078125 0.0439453125 0.0341796875
0 0.5322265625 0.3544921875 0.029296875 0.037109375
1 0.6806640625 0.4638671875 0.0390625 0.03125
0 0.134765625 0.419921875 0.0390625 0.033203125
1 0.423828125 0.36328125 0.0185546875 0.0205078125
1 0.5625 0.392578125 0.015625 0.029296875
1 0.4052734375 0.365234375 0.0107421875 0.015625
1 0.134765625 0.466796875 0.0283203125 0.037109375
0 0.533203125 0.330078125 0.046875 0.0283203125
1 0.9326171875 0.8515625 0.0654296875 0.0751953125
1 0.1875 0.552734375 0.021484375 0.0341796875
1 0.111328125 0.4853515625 0.041015625 0.0390625
1 0.35546875 0.3525390625 0.013671875 0.029296875
1 0.90234375 0.5849609375 0.0673828125 0.060546875
1 0.5244140625 0.4130859375 0.0205078125 0.0361328125
1 0.1650390625 0.484375 0.0263671875 0.0341796875
1 0.3720703125 0.3916015625 0.015625 0.0234375
1 0.830078125 0.5576171875 0.0283203125 0.037109375
1 0.931640625 0.521484375 0.0341796875 0.046875
0 0.19921875 0.408203125 0.0517578125 0.0419921875
1 0.0244140625 0.5625 0.0234375 0.0498046875
1 0.8466796875 0.537109375 0.025390625 0.03125
1 0.462890625 0.4658203125 0.0390625 0.046875
0 0.9580078125 0.576171875 0.0595703125 0.056640625
1 0.564453125 0.421875 0.015625 0.03125
1 0.28125 0.3623046875 0.015625 0.021484375
1 0.412109375 0.390625 0.0263671875 0.03125
1 0.646484375 0.642578125 0.033203125 0.048828125
1 0.4404296875 0.423828125 0.0283203125 0.0546875
1 0.1962890625 0.478515625 0.017578125 0.0341796875
1 0.33984375 0.353515625 0.013671875 0.0263671875