0 0.5302734375 0.4697265625 0.060546875 0.0859375
0 0.576171875 0.4384765625 0.046875 0.060546875
1 0.6826171875 0.564453125 0.0498046875 0.076171875
0 0.6162109375 0.70703125 0.158203125 0.1923828125
0 0.599609375 0.5654296875 0.095703125 0.1064453125
1 0.1865234375 0.62890625 0.029296875 0.048828125
1 0.25 0.494140625 0.025390625 0.046875
1 0.716796875 0.6494140625 0.0390625 0.0673828125
1 0.146484375 0.509765625 0.0263671875 0.046875
1 0.63671875 0.5341796875 0.0234375 0.0439453125
1 0.16796875 0.4970703125 0.0234375 0.037109375
0 0.490234375 0.361328125 0.041015625 0.0341796875
1 0.791015625 0.5625 0.0341796875 0.0498046875
1 0.2001953125 0.548828125 0.021484375 0.041015625
1 0.802734375 0.62890625 0.052734375 0.0703125
1 0.2158203125 0.703125 0.037109375 0.0654296875
1 0.4853515625 0.419921875 0.0234375 0.0361328125
1 0.81640625 0.779296875 0.0703125 0.0830078125
1 0.61328125 0.494140625 0.0205078125 0.041015625
1 0.3681640625 0.4248046875 0.029296875 0.0283203125
1 0.5009765625 0.4423828125 0.017578125 0.0341796875
0 0.1767578125 0.423828125 0.056640625 0.0419921875
1 0.2119140625 0.400390625 0.013671875 0.0205078125
1 0.072265625 0.3974609375 0.017578125 0.0263671875
1 0.4345703125 0.5185546875 0.025390625 0.0439453125
1 0.7255859375 0.533203125 0.044921875 0.0498046875
1 0.7587890625 0.6884765625 0.048828125 0.0576171875
1 0.234375 0.4638671875 0.021484375 0.03125
1 0.1357421875 0.732421875 0.041015625 0.0576171875
1 0.193359375 0.3818359375 0.015625 0.0263671875
1 0.9296875 0.64453125 0.046875 0.0517578125
1 0.1142578125 0.41796875 0.015625 0.0205078125
1 0.1650390625 0.3759765625 0.017578125 0.029296875
1 0.2509765625 0.443359375 0.029296875 0.0341796875
0 0.458984375 0.4638671875 0.0439453125 0.0498046875
0 0.478515625 0.544921875 0.0703125 0.0888671875
1 0.94921875 0.7109375 0.080078125 0.1123046875
1 0.8291015625 0.5634765625 0.029296875 0.0390625
1 0.158203125 0.466796875 0.0283203125 0.037109375
1 0.7880859375 0.701171875 0.029296875 0.046875
1 0.1328125 0.626953125 0.0498046875 0.1142578125
1 0.552734375 0.4072265625 0.013671875 0.029296875
1 0.021484375 0.4755859375 0.021484375 0.0361328125
1 0.8466796875 0.857421875 0.068359375 0.0703125
1 0.0595703125 0.4794921875 0.021484375 0.0341796875
1 0.46484375 0.41796875 0.017578125 0.029296875
1 0.0283203125 0.5673828125 0.03125 0.056640625
1 0.193359375 0.48046875 0.1142578125 0.1171875
1 0.1943359375 0.3583984375 0.0107421875 0.017578125
1 0.380859375 0.453125 0.0234375 0.0341796875
1 0.439453125 0.3974609375 0.017578125 0.0263671875
0 0.2236328125 0.361328125 0.025390625 0.0234375
1 0.89453125 0.5810546875 0.0390625 0.052734375
1 0.181640625 0.353515625 0.0107421875 0.0185546875
1 0.423828125 0.482421875 0.0263671875 0.0595703125
1 0.59375 0.400390625 0.021484375 0.0263671875
1 0.44140625 0.43359375 0.0234375 0.033203125
1 0.890625 0.6181640625 0.1845703125 0.1513671875
1 0.400390625 0.4951171875 0.03125 0.046875
1 0.896484375 0.5390625 0.0283203125 0.0439453125
1 0.02734375 0.3740234375 0.017578125 0.0234375
1 0.6767578125 0.5029296875 0.0283203125 0.041015625
1 0.146484375 0.4423828125 0.021484375 0.03125
1 0.4482421875 0.376953125 0.015625 0.0263671875
1 0.966796875 0.6337890625 0.029296875 0.060546875
0 0.54296875 0.3447265625 0.033203125 0.0234375
0 0.341796875 0.8427734375 0.138671875 0.0888671875
1 0.208984375 0.3466796875 0.0107421875 0.015625
0 0.5751953125 0.384765625 0.03125 0.041015625
1 0.8935546875 0.369140625 0.0185546875 0.0390625