0 0.1923828125 0.748046875 0.125 0.1591796875
1 0.5380859375 0.681640625 0.0390625 0.0810546875
0 0.337890625 0.7275390625 0.099609375 0.1171875
0 0.5107421875 0.423828125 0.046875 0.0517578125
1 0.66796875 0.6474609375 0.048828125 0.064453125
1 0.7353515625 0.697265625 0.0732421875 0.0888671875
0 0.6533203125 0.74609375 0.162109375 0.173828125
1 0.5888671875 0.685546875 0.0439453125 0.0595703125
0 0.49609375 0.34765625 0.0546875 0.0546875
1 0.4306640625 0.6748046875 0.0390625 0.0595703125
1 0.408203125 0.515625 0.025390625 0.0498046875
1 0.587890625 0.482421875 0.029296875 0.0341796875
0 0.92578125 0.5791015625 0.123046875 0.060546875
1 0.080078125 0.76171875 0.0439453125 0.0830078125
1 0.51953125 0.521484375 0.0361328125 0.0517578125
1 0.62890625 0.4755859375 0.0263671875 0.033203125
1 0.80859375 0.646484375 0.0546875 0.0673828125
1 0.537109375 0.4873046875 0.03125 0.0341796875
1 0.5576171875 0.5166015625 0.0283203125 0.0419921875
1 0.462890625 0.421875 0.037109375 0.03125
0 0.8701171875 0.82421875 0.181640625 0.126953125
0 0.537109375 0.345703125 0.0361328125 0.029296875
1 0.703125 0.578125 0.072265625 0.0654296875
1 0.638671875 0.533203125 0.068359375 0.052734375
1 0.5771484375 0.5341796875 0.0263671875 0.0439453125
1 0.564453125 0.4189453125 0.0205078125 0.0341796875
1 0.876953125 0.646484375 0.0576171875 0.0732421875
1 0.57421875 0.646484375 0.0361328125 0.044921875
1 0.5849609375 0.591796875 0.0390625 0.0625
1 0.9658203125 0.6396484375 0.037109375 0.048828125
1 0.291015625 0.5966796875 0.0673828125 0.041015625
1 0.486328125 0.486328125 0.0234375 0.03125
1 0.541015625 0.404296875 0.0341796875 0.048828125
1 0.7314453125 0.474609375 0.021484375 0.0263671875
1 0.9296875 0.673828125 0.083984375 0.0830078125
1 0.5009765625 0.634765625 0.0361328125 0.048828125
1 0.427734375 0.5341796875 0.017578125 0.0283203125
1 0.40234375 0.439453125 0.0234375 0.021484375
1 0.759765625 0.5869140625 0.0439453125 0.0390625
1 0.439453125 0.5166015625 0.0205078125 0.0419921875
1 0.0693359375 0.623046875 0.029296875 0.052734375
1 0.736328125 0.5537109375 0.0263671875 0.033203125
1 0.630859375 0.59375 0.033203125 0.0498046875
1 0.03125 0.8154296875 0.041015625 0.083984375
0 0.884765625 0.5087890625 0.123046875 0.0732421875
1 0.181640625 0.337890625 0.013671875 0.0205078125
1 0.6044921875 0.552734375 0.0283203125 0.048828125
1 0.2197265625 0.6123046875 0.0390625 0.0498046875
1 0.4580078125 0.361328125 0.025390625 0.025390625
1 0.5263671875 0.37109375 0.0185546875 0.029296875
1 0.0234375 0.564453125 0.021484375 0.0498046875
1 0.6875 0.458984375 0.03125 0.029296875
1 0.447265625 0.49609375 0.107421875 0.1201171875
1 0.3388671875 0.5927734375 0.0498046875 0.0419921875
1 0.720703125 0.5244140625 0.0234375 0.033203125
1 0.548828125 0.373046875 0.017578125 0.0283203125
1 0.0595703125 0.478515625 0.021484375 0.0361328125
1 0.5205078125 0.5625 0.021484375 0.03125
1 0.353515625 0.423828125 0.025390625 0.0234375
1 0.6181640625 0.638671875 0.033203125 0.046875
0 0.353515625 0.3212890625 0.0341796875 0.017578125
1 0.7431640625 0.6416015625 0.0263671875 0.0390625
1 0.646484375 0.455078125 0.015625 0.0205078125
1 0.7861328125 0.5576171875 0.021484375 0.0341796875
1 0.4677734375 0.6767578125 0.0234375 0.052734375
1 0.0732421875 0.337890625 0.0126953125 0.0205078125
1 0.5107421875 0.49609375 0.015625 0.0234375
1 0.10546875 0.486328125 0.029296875 0.033203125
0 0.240234375 0.3759765625 0.0654296875 0.029296875
1 0.580078125 0.365234375 0.021484375 0.0341796875
0 0.19921875 0.8759765625 0.080078125 0.029296875
0 0.3076171875 0.3427734375 0.0654296875 0.0703125
1 0.93359375 0.6025390625 0.0234375 0.0361328125