0 0.1943359375 0.74609375 0.1201171875 0.158203125
0 0.5126953125 0.42578125 0.052734375 0.060546875
1 0.5771484375 0.4873046875 0.0263671875 0.0439453125
0 0.337890625 0.7294921875 0.099609375 0.1220703125
0 0.4873046875 0.36328125 0.0439453125 0.0361328125
1 0.609375 0.697265625 0.056640625 0.0703125
1 0.7724609375 0.822265625 0.080078125 0.1142578125
1 0.837890625 0.615234375 0.078125 0.0751953125
1 0.306640625 0.83203125 0.048828125 0.0888671875
1 0.7314453125 0.62109375 0.0810546875 0.0703125
1 0.6357421875 0.50390625 0.025390625 0.0517578125
1 0.548828125 0.611328125 0.0361328125 0.0595703125
1 0.556640625 0.455078125 0.025390625 0.0439453125
1 0.427734375 0.662109375 0.041015625 0.0654296875
1 0.078125 0.7509765625 0.046875 0.0859375
1 0.60546875 0.4970703125 0.033203125 0.046875
1 0.529296875 0.37109375 0.017578125 0.0234375
1 0.548828125 0.373046875 0.017578125 0.0283203125
1 0.1259765625 0.564453125 0.029296875 0.056640625
1 0.939453125 0.623046875 0.087890625 0.0810546875
0 0.5078125 0.333984375 0.0341796875 0.029296875
1 0.41015625 0.494140625 0.0205078125 0.0390625
1 0.6494140625 0.67578125 0.0390625 0.0703125
1 0.1220703125 0.49609375 0.0439453125 0.044921875
1 0.54296875 0.560546875 0.044921875 0.046875
0 0.5390625 0.345703125 0.037109375 0.0283203125
1 0.271484375 0.453125 0.041015625 0.037109375
1 0.740234375 0.7578125 0.0439453125 0.068359375
1 0.4287109375 0.3994140625 0.017578125 0.0234375
0 0.712890625 0.5537109375 0.169921875 0.064453125
1 0.16796875 0.416015625 0.0234375 0.015625
1 0.6201171875 0.64453125 0.041015625 0.0517578125
1 0.482421875 0.5283203125 0.044921875 0.0439453125
1 0.0322265625 0.560546875 0.0390625 0.0498046875
1 0.625 0.841796875 0.0439453125 0.0654296875
1 0.388671875 0.5927734375 0.060546875 0.044921875
1 0.2998046875 0.439453125 0.03125 0.0361328125
1 0.892578125 0.5927734375 0.0439453125 0.0517578125
1 0.490234375 0.5888671875 0.0546875 0.0751953125
1 0.6513671875 0.603515625 0.0439453125 0.0517578125
1 0.3544921875 0.4375 0.0283203125 0.041015625
1 0.4248046875 0.603515625 0.0283203125 0.0546875
1 0.591796875 0.625 0.03125 0.046875
1 0.51953125 0.513671875 0.0419921875 0.0361328125
1 0.576171875 0.408203125 0.013671875 0.033203125
1 0.052734375 0.669921875 0.0341796875 0.044921875
1 0.083984375 0.4814453125 0.0517578125 0.0341796875
1 0.8515625 0.505859375 0.046875 0.0390625
1 0.587890625 0.4609375 0.0205078125 0.0283203125
1 0.2353515625 0.345703125 0.0234375 0.021484375
1 0.640625 0.771484375 0.0341796875 0.0546875
1 0.4345703125 0.451171875 0.021484375 0.03125
1 0.7392578125 0.5732421875 0.0341796875 0.03125
1 0.421875 0.734375 0.0498046875 0.072265625
1 0.177734375 0.3251953125 0.0205078125 0.021484375
0 0.0244140625 0.7734375 0.0263671875 0.083984375
1 0.5302734375 0.64453125 0.0205078125 0.033203125
1 0.138671875 0.791015625 0.029296875 0.0654296875
1 0.5546875 0.4228515625 0.015625 0.029296875
1 0.4541015625 0.359375 0.0205078125 0.021484375
1 0.03515625 0.470703125 0.048828125 0.0390625
0 0.19921875 0.8740234375 0.0986328125 0.029296875
1 0.470703125 0.337890625 0.017578125 0.0205078125
1 0.9345703125 0.5751953125 0.0283203125 0.037109375
1 0.1962890625 0.322265625 0.017578125 0.0185546875
1 0.365234375 0.3232421875 0.021484375 0.0185546875
1 0.9169921875 0.521484375 0.0341796875 0.03125
1 0.564453125 0.3603515625 0.021484375 0.029296875
1 0.0625 0.384765625 0.015625 0.0205078125
1 0.333984375 0.4208984375 0.0263671875 0.0263671875
1 0.328125 0.3564453125 0.015625 0.0283203125
1 0.4619140625 0.6767578125 0.029296875 0.072265625
1 0.4658203125 0.572265625 0.2001953125 0.2314453125
1 0.3828125 0.3232421875 0.015625 0.0185546875
1 0.0234375 0.373046875 0.015625 0.025390625
1 0.8427734375 0.5673828125 0.029296875 0.068359375
1 0.447265625 0.4990234375 0.0390625 0.048828125