0 0.193359375 0.7490234375 0.125 0.1611328125
0 0.509765625 0.412109375 0.0498046875 0.052734375
0 0.6201171875 0.6826171875 0.1435546875 0.1904296875
0 0.33984375 0.724609375 0.0986328125 0.115234375
0 0.9443359375 0.5205078125 0.0830078125 0.0595703125
0 0.8662109375 0.8193359375 0.220703125 0.1357421875
1 0.72265625 0.5927734375 0.064453125 0.064453125
1 0.4248046875 0.7255859375 0.03125 0.0546875
0 0.5146484375 0.572265625 0.0888671875 0.115234375
1 0.826171875 0.658203125 0.0888671875 0.072265625
1 0.30078125 0.5380859375 0.029296875 0.060546875
1 0.783203125 0.58203125 0.0830078125 0.060546875
0 0.5087890625 0.33203125 0.029296875 0.0263671875
1 0.951171875 0.640625 0.0673828125 0.0810546875
0 0.48828125 0.361328125 0.0361328125 0.033203125
1 0.166015625 0.6279296875 0.056640625 0.052734375
1 0.072265625 0.763671875 0.0654296875 0.087890625
1 0.416015625 0.47265625 0.017578125 0.0361328125
1 0.392578125 0.466796875 0.0234375 0.0341796875
0 0.9541015625 0.580078125 0.0673828125 0.064453125
1 0.5849609375 0.5634765625 0.0390625 0.0576171875
1 0.716796875 0.5341796875 0.025390625 0.037109375
1 0.3583984375 0.494140625 0.029296875 0.033203125
1 0.6689453125 0.46875 0.041015625 0.0498046875
0 0.541015625 0.341796875 0.033203125 0.0234375
1 0.64453125 0.525390625 0.033203125 0.048828125
0 0.353515625 0.3193359375 0.033203125 0.017578125
1 0.830078125 0.572265625 0.0341796875 0.0439453125
0 0.45703125 0.4873046875 0.044921875 0.0810546875
1 0.587890625 0.4951171875 0.03125 0.041015625
1 0.4375 0.419921875 0.03125 0.041015625
1 0.8994140625 0.6240234375 0.048828125 0.0859375
1 0.5908203125 0.4208984375 0.037109375 0.0517578125
1 0.0859375 0.470703125 0.0654296875 0.048828125
0 0.5126953125 0.4619140625 0.0498046875 0.064453125
1 0.02734375 0.5634765625 0.029296875 0.0517578125
1 0.443359375 0.3583984375 0.0234375 0.033203125
1 0.552734375 0.533203125 0.0263671875 0.03125
1 0.85546875 0.552734375 0.033203125 0.033203125
1 0.5341796875 0.3720703125 0.025390625 0.0341796875
1 0.228515625 0.408203125 0.0185546875 0.0341796875
1 0.626953125 0.4951171875 0.025390625 0.03125