0 0.19140625 0.76171875 0.123046875 0.173828125
0 0.7373046875 0.712890625 0.177734375 0.189453125
0 0.490234375 0.359375 0.0361328125 0.0341796875
0 0.546875 0.61328125 0.1064453125 0.1171875
0 0.5068359375 0.4091796875 0.0546875 0.0595703125
1 0.68359375 0.5732421875 0.044921875 0.056640625
0 0.337890625 0.724609375 0.0966796875 0.115234375
1 0.15234375 0.4794921875 0.0234375 0.041015625
0 0.9287109375 0.517578125 0.111328125 0.0673828125
1 0.775390625 0.5888671875 0.078125 0.078125
1 0.2861328125 0.4853515625 0.025390625 0.0419921875
1 0.5849609375 0.4267578125 0.0234375 0.03125
1 0.837890625 0.5517578125 0.052734375 0.046875
1 0.666015625 0.533203125 0.0390625 0.0517578125
0 0.478515625 0.5234375 0.083984375 0.09375
1 0.544921875 0.53515625 0.0361328125 0.044921875
0 0.509765625 0.333984375 0.029296875 0.0283203125
1 0.6337890625 0.5029296875 0.029296875 0.0341796875
1 0.84375 0.662109375 0.0498046875 0.0595703125
1 0.7548828125 0.54296875 0.0439453125 0.0390625
1 0.9580078125 0.638671875 0.056640625 0.0810546875
1 0.4111328125 0.6640625 0.037109375 0.0595703125
1 0.029296875 0.556640625 0.0361328125 0.0439453125
1 0.412109375 0.5107421875 0.037109375 0.0498046875
1 0.451171875 0.3701171875 0.015625 0.0283203125
1 0.6005859375 0.451171875 0.017578125 0.025390625
1 0.490234375 0.462890625 0.0205078125 0.033203125
1 0.3935546875 0.865234375 0.037109375 0.0517578125
1 0.9189453125 0.8251953125 0.068359375 0.1123046875
0 0.5390625 0.341796875 0.0283203125 0.0263671875
1 0.4677734375 0.421875 0.017578125 0.03125
1 0.0712890625 0.7587890625 0.044921875 0.0703125
1 0.0595703125 0.478515625 0.025390625 0.0361328125
1 0.548828125 0.4814453125 0.048828125 0.0439453125
1 0.509765625 0.4873046875 0.0283203125 0.0439453125
1 0.4150390625 0.4306640625 0.017578125 0.033203125
1 0.546875 0.421875 0.021484375 0.037109375
1 0.833984375 0.7412109375 0.0546875 0.0888671875
1 0.5224609375 0.5322265625 0.0205078125 0.0263671875
1 0.0234375 0.4697265625 0.021484375 0.0390625
1 0.5986328125 0.4970703125 0.025390625 0.0283203125
1 0.1416015625 0.7177734375 0.0234375 0.0390625
1 0.5322265625 0.3671875 0.0234375 0.0283203125
1 0.390625 0.431640625 0.0185546875 0.0263671875
1 0.6123046875 0.443359375 0.0126953125 0.021484375
1 0.5615234375 0.388671875 0.0205078125 0.0234375
0 0.447265625 0.458984375 0.037109375 0.046875
1 0.873046875 0.6220703125 0.033203125 0.046875
1 0.7548828125 0.8623046875 0.0625 0.0595703125
1 0.794921875 0.5341796875 0.0185546875 0.03125
1 0.0966796875 0.65625 0.056640625 0.037109375
1 0.85546875 0.52734375 0.0205078125 0.029296875
1 0.353515625 0.4296875 0.0283203125 0.03125
1 0.4091796875 0.8125 0.046875 0.072265625
1 0.24609375 0.33984375 0.033203125 0.0234375
1 0.931640625 0.595703125 0.044921875 0.0390625
1 0.732421875 0.478515625 0.0439453125 0.0361328125
1 0.4853515625 0.685546875 0.0361328125 0.072265625
1 0.966796875 0.5966796875 0.03125 0.0341796875
1 0.5166015625 0.8056640625 0.095703125 0.0986328125
1 0.568359375 0.41015625 0.091796875 0.107421875
1 0.923828125 0.64453125 0.0283203125 0.0673828125
1 0.58984375 0.400390625 0.0205078125 0.029296875
1 0.5517578125 0.37109375 0.015625 0.0263671875
1 0.0224609375 0.373046875 0.017578125 0.021484375
1 0.9267578125 0.533203125 0.0185546875 0.0234375
1 0.5478515625 0.4560546875 0.013671875 0.021484375