0 0.193359375 0.748046875 0.123046875 0.1640625
0 0.51171875 0.4267578125 0.0517578125 0.0595703125
0 0.3447265625 0.728515625 0.0888671875 0.119140625
1 0.1474609375 0.509765625 0.0205078125 0.0341796875
0 0.48828125 0.36328125 0.0419921875 0.033203125
1 0.720703125 0.599609375 0.052734375 0.056640625
0 0.87890625 0.5576171875 0.1640625 0.0751953125
1 0.9033203125 0.623046875 0.078125 0.072265625
1 0.34375 0.482421875 0.037109375 0.033203125
0 0.6357421875 0.544921875 0.1748046875 0.0732421875
1 0.6708984375 0.6162109375 0.0546875 0.0546875
1 0.529296875 0.373046875 0.017578125 0.0234375
1 0.326171875 0.4580078125 0.0419921875 0.0341796875
1 0.6201171875 0.490234375 0.037109375 0.0390625
1 0.564453125 0.5078125 0.029296875 0.0341796875
1 0.392578125 0.501953125 0.048828125 0.044921875
1 0.080078125 0.75390625 0.0498046875 0.091796875
1 0.5498046875 0.375 0.015625 0.025390625
1 0.6904296875 0.7314453125 0.0654296875 0.072265625
0 0.5390625 0.3466796875 0.037109375 0.0283203125
1 0.4384765625 0.513671875 0.029296875 0.048828125
1 0.560546875 0.474609375 0.0205078125 0.041015625
0 0.509765625 0.333984375 0.03125 0.029296875
1 0.61328125 0.658203125 0.0546875 0.0703125
1 0.80078125 0.6064453125 0.1044921875 0.072265625
1 0.7158203125 0.8642578125 0.056640625 0.0498046875
1 0.9638671875 0.6162109375 0.0439453125 0.0576171875
1 0.5869140625 0.498046875 0.0234375 0.033203125
1 0.1826171875 0.435546875 0.03125 0.029296875
1 0.583984375 0.59375 0.041015625 0.0498046875
1 0.5537109375 0.6181640625 0.044921875 0.0703125
1 0.2529296875 0.4052734375 0.03125 0.029296875
1 0.748046875 0.787109375 0.046875 0.087890625
1 0.4267578125 0.677734375 0.037109375 0.0419921875
1 0.541015625 0.46484375 0.017578125 0.0361328125
1 0.3046875 0.806640625 0.0498046875 0.1376953125
1 0.46484375 0.8232421875 0.044921875 0.0654296875
1 0.0322265625 0.560546875 0.0390625 0.048828125
1 0.404296875 0.6044921875 0.0419921875 0.052734375
1 0.150390625 0.4775390625 0.0234375 0.029296875
1 0.0693359375 0.478515625 0.0419921875 0.037109375
1 0.1044921875 0.576171875 0.03125 0.0576171875
1 0.443359375 0.423828125 0.017578125 0.044921875
1 0.46875 0.599609375 0.041015625 0.0498046875
1 0.2900390625 0.40625 0.029296875 0.0341796875
1 0.892578125 0.873046875 0.0595703125 0.0341796875
1 0.177734375 0.326171875 0.0205078125 0.021484375
1 0.5908203125 0.46484375 0.0185546875 0.029296875
1 0.8623046875 0.587890625 0.0283203125 0.0439453125
1 0.4140625 0.4658203125 0.021484375 0.025390625
1 0.572265625 0.728515625 0.0439453125 0.087890625
1 0.1201171875 0.443359375 0.0283203125 0.0341796875
1 0.423828125 0.73046875 0.0517578125 0.076171875
0 0.3046875 0.3427734375 0.072265625 0.0703125
1 0.6572265625 0.720703125 0.2451171875 0.3154296875
1 0.966796875 0.568359375 0.037109375 0.044921875
1 0.080078125 0.658203125 0.041015625 0.0576171875
1 0.892578125 0.576171875 0.029296875 0.0341796875
1 0.326171875 0.35546875 0.015625 0.0263671875
1 0.2333984375 0.4267578125 0.029296875 0.021484375
1 0.1103515625 0.486328125 0.0361328125 0.0341796875
1 0.552734375 0.4267578125 0.017578125 0.025390625
1 0.1962890625 0.322265625 0.017578125 0.0185546875
1 0.5634765625 0.3583984375 0.0234375 0.029296875
1 0.373046875 0.5986328125 0.025390625 0.0654296875
0 0.3310546875 0.3994140625 0.068359375 0.0361328125
1 0.580078125 0.4169921875 0.0126953125 0.03125
0 0.2021484375 0.8740234375 0.0732421875 0.029296875