0 0.322265625 0.7998046875 0.1435546875 0.1748046875
0 0.6123046875 0.5673828125 0.109375 0.1123046875
0 0.201171875 0.662109375 0.09375 0.115234375
1 0.0986328125 0.5830078125 0.0283203125 0.046875
1 0.5849609375 0.4375 0.0234375 0.041015625
1 0.5205078125 0.5771484375 0.03125 0.0517578125
1 0.5634765625 0.390625 0.017578125 0.025390625
0 0.31640625 0.6494140625 0.0888671875 0.111328125
1 0.5390625 0.435546875 0.021484375 0.033203125
1 0.822265625 0.58203125 0.083984375 0.080078125
1 0.1357421875 0.6201171875 0.03125 0.052734375
1 0.158203125 0.541015625 0.0283203125 0.0419921875
1 0.4892578125 0.455078125 0.021484375 0.033203125
1 0.59375 0.396484375 0.0185546875 0.025390625
1 0.947265625 0.6884765625 0.0751953125 0.080078125
1 0.48046875 0.5068359375 0.0263671875 0.048828125
1 0.658203125 0.763671875 0.033203125 0.0673828125
1 0.69140625 0.546875 0.0517578125 0.056640625
1 0.5361328125 0.478515625 0.0185546875 0.0498046875
1 0.439453125 0.4814453125 0.025390625 0.0439453125
0 0.4794921875 0.357421875 0.0341796875 0.0390625
1 0.466796875 0.4228515625 0.017578125 0.0361328125
0 0.3271484375 0.490234375 0.0673828125 0.0595703125
1 0.435546875 0.44921875 0.0205078125 0.029296875
1 0.689453125 0.474609375 0.0439453125 0.0341796875
0 0.240234375 0.5126953125 0.064453125 0.0810546875
1 0.6533203125 0.4794921875 0.0439453125 0.041015625
1 0.408203125 0.431640625 0.0185546875 0.033203125
1 0.5068359375 0.3662109375 0.017578125 0.0263671875
1 0.06640625 0.4765625 0.033203125 0.0341796875
1 0.619140625 0.4306640625 0.021484375 0.029296875
1 0.037109375 0.59375 0.048828125 0.068359375
1 0.0869140625 0.71484375 0.029296875 0.0517578125
1 0.419921875 0.6142578125 0.052734375 0.0595703125
0 0.3203125 0.548828125 0.072265625 0.0810546875
0 0.25390625 0.396484375 0.048828125 0.0576171875
1 0.9033203125 0.5390625 0.0283203125 0.041015625
1 0.4013671875 0.384765625 0.0185546875 0.021484375
1 0.962890625 0.525390625 0.041015625 0.033203125
1 0.44140625 0.41015625 0.0234375 0.0361328125
1 0.1796875 0.4921875 0.037109375 0.041015625
0 0.53125 0.3525390625 0.03125 0.0390625
0 0.505859375 0.3369140625 0.025390625 0.0234375
1 0.1123046875 0.55078125 0.021484375 0.029296875
1 0.931640625 0.6103515625 0.0498046875 0.0419921875
1 0.14453125 0.494140625 0.0419921875 0.046875
1 0.5458984375 0.771484375 0.0546875 0.083984375
1 0.06640625 0.853515625 0.0361328125 0.0673828125
1 0.4580078125 0.361328125 0.0185546875 0.029296875
1 0.89453125 0.5830078125 0.044921875 0.056640625
0 0.3798828125 0.3544921875 0.0908203125 0.037109375
0 0.111328125 0.404296875 0.037109375 0.033203125
1 0.7939453125 0.4912109375 0.046875 0.0263671875
1 0.1923828125 0.419921875 0.046875 0.0419921875
1 0.70703125 0.505859375 0.0546875 0.0439453125
1 0.951171875 0.8740234375 0.044921875 0.033203125
1 0.5244140625 0.40625 0.013671875 0.025390625
1 0.458984375 0.4599609375 0.083984375 0.1298828125
1 0.841796875 0.54296875 0.0263671875 0.0361328125
1 0.037109375 0.47265625 0.0361328125 0.0390625
1 0.353515625 0.396484375 0.015625 0.033203125
1 0.3857421875 0.3623046875 0.0126953125 0.021484375