0 0.193359375 0.7490234375 0.125 0.1611328125
1 0.134765625 0.56640625 0.0283203125 0.0546875
0 0.51171875 0.419921875 0.0517578125 0.046875
0 0.337890625 0.728515625 0.0986328125 0.119140625
0 0.4755859375 0.4970703125 0.1171875 0.0810546875
0 0.283203125 0.4560546875 0.091796875 0.0595703125
1 0.4228515625 0.833984375 0.048828125 0.080078125
0 0.5390625 0.3505859375 0.0439453125 0.0390625
1 0.1962890625 0.4716796875 0.029296875 0.03125
1 0.330078125 0.494140625 0.033203125 0.03125
1 0.30859375 0.83203125 0.048828125 0.091796875
1 0.56640625 0.59375 0.0673828125 0.0595703125
1 0.6552734375 0.5791015625 0.048828125 0.044921875
1 0.6923828125 0.5263671875 0.046875 0.041015625
0 0.4912109375 0.359375 0.0390625 0.03125
1 0.8779296875 0.58984375 0.03125 0.0390625
1 0.3017578125 0.498046875 0.03125 0.033203125
1 0.0673828125 0.521484375 0.025390625 0.033203125
1 0.1513671875 0.4384765625 0.021484375 0.029296875
1 0.421875 0.5283203125 0.041015625 0.041015625
1 0.080078125 0.744140625 0.0498046875 0.083984375
1 0.841796875 0.583984375 0.0341796875 0.0498046875
1 0.4599609375 0.7861328125 0.033203125 0.0625
1 0.138671875 0.5185546875 0.025390625 0.0341796875
1 0.2392578125 0.4833984375 0.0283203125 0.0390625
1 0.2783203125 0.513671875 0.037109375 0.0439453125
0 0.5107421875 0.333984375 0.0341796875 0.029296875
1 0.634765625 0.498046875 0.0205078125 0.0263671875
1 0.5126953125 0.572265625 0.078125 0.056640625
1 0.6396484375 0.66796875 0.0732421875 0.060546875
1 0.46875 0.37890625 0.015625 0.029296875
1 0.421875 0.748046875 0.046875 0.060546875
1 0.4345703125 0.6513671875 0.046875 0.0654296875
1 0.7646484375 0.61328125 0.0673828125 0.048828125
1 0.546875 0.3916015625 0.0126953125 0.0263671875
1 0.1943359375 0.416015625 0.0263671875 0.025390625
0 0.232421875 0.369140625 0.0625 0.037109375
1 0.4970703125 0.4501953125 0.015625 0.021484375
1 0.1259765625 0.416015625 0.017578125 0.021484375
1 0.9765625 0.6787109375 0.0185546875 0.0419921875
1 0.5859375 0.376953125 0.0126953125 0.021484375
1 0.55859375 0.474609375 0.0263671875 0.033203125
0 0.0380859375 0.509765625 0.0576171875 0.080078125
1 0.1103515625 0.404296875 0.017578125 0.021484375
1 0.455078125 0.3623046875 0.0205078125 0.025390625
1 0.0234375 0.560546875 0.021484375 0.0439453125
1 0.5556640625 0.4501953125 0.0234375 0.0283203125
1 0.6201171875 0.4638671875 0.0185546875 0.0283203125
1 0.041015625 0.5537109375 0.0185546875 0.029296875
1 0.5166015625 0.826171875 0.0390625 0.0673828125
1 0.59375 0.466796875 0.015625 0.0234375
1 0.4248046875 0.3935546875 0.021484375 0.025390625
1 0.177734375 0.326171875 0.0205078125 0.021484375
1 0.853515625 0.6591796875 0.0341796875 0.0341796875
1 0.025390625 0.78125 0.0283203125 0.046875
1 0.59765625 0.5791015625 0.2236328125 0.2080078125
1 0.533203125 0.541015625 0.0263671875 0.041015625
1 0.5908203125 0.546875 0.068359375 0.0439453125
1 0.5869140625 0.5205078125 0.0205078125 0.0341796875
1 0.4609375 0.7216796875 0.03125 0.0498046875
1 0.2451171875 0.4189453125 0.0185546875 0.03125
1 0.638671875 0.443359375 0.044921875 0.0283203125
1 0.6806640625 0.447265625 0.017578125 0.017578125
1 0.1044921875 0.484375 0.037109375 0.03125
1 0.888671875 0.384765625 0.015625 0.025390625
0 0.1904296875 0.875 0.087890625 0.0283203125
1 0.517578125 0.7470703125 0.03125 0.072265625
0 0.1552734375 0.298828125 0.0361328125 0.0341796875