0 0.1943359375 0.75 0.1201171875 0.162109375
1 0.5869140625 0.818359375 0.0517578125 0.0859375
0 0.3388671875 0.7265625 0.099609375 0.119140625
1 0.8037109375 0.7939453125 0.064453125 0.078125
1 0.568359375 0.5693359375 0.0361328125 0.0546875
1 0.5517578125 0.44140625 0.0341796875 0.0419921875
0 0.509765625 0.4267578125 0.048828125 0.056640625
0 0.537109375 0.353515625 0.046875 0.041015625
1 0.6826171875 0.7587890625 0.046875 0.0703125
0 0.900390625 0.5693359375 0.171875 0.091796875
0 0.484375 0.3603515625 0.056640625 0.0361328125
1 0.67578125 0.845703125 0.0673828125 0.0810546875
1 0.583984375 0.455078125 0.0263671875 0.041015625
1 0.3779296875 0.458984375 0.041015625 0.033203125
1 0.6162109375 0.634765625 0.0361328125 0.048828125
1 0.0947265625 0.7646484375 0.0419921875 0.064453125
1 0.4287109375 0.67578125 0.0390625 0.060546875
1 0.5869140625 0.533203125 0.048828125 0.0498046875
1 0.3076171875 0.85546875 0.037109375 0.064453125
1 0.529296875 0.5341796875 0.029296875 0.046875
1 0.689453125 0.615234375 0.046875 0.0576171875
1 0.330078125 0.443359375 0.0361328125 0.025390625
1 0.728515625 0.6982421875 0.037109375 0.0625
1 0.751953125 0.6298828125 0.056640625 0.0595703125
1 0.630859375 0.5595703125 0.037109375 0.0439453125
1 0.58984375 0.490234375 0.0419921875 0.044921875
1 0.8623046875 0.6591796875 0.0654296875 0.0654296875
1 0.353515625 0.5947265625 0.1015625 0.0546875
1 0.751953125 0.53515625 0.048828125 0.0390625
1 0.6201171875 0.86328125 0.0498046875 0.0546875
0 0.529296875 0.626953125 0.107421875 0.1435546875
1 0.9619140625 0.630859375 0.048828125 0.0546875
0 0.505859375 0.333984375 0.041015625 0.03125
1 0.7021484375 0.572265625 0.033203125 0.0341796875
1 0.634765625 0.4970703125 0.0205078125 0.0283203125
1 0.6923828125 0.4677734375 0.041015625 0.0419921875
1 0.052734375 0.720703125 0.0263671875 0.048828125
1 0.42578125 0.5283203125 0.029296875 0.037109375
1 0.470703125 0.5244140625 0.056640625 0.060546875
1 0.6552734375 0.6826171875 0.0263671875 0.0595703125
1 0.5771484375 0.365234375 0.0234375 0.033203125
1 0.4892578125 0.4921875 0.03125 0.037109375
1 0.7568359375 0.4814453125 0.0517578125 0.037109375
1 0.783203125 0.564453125 0.0439453125 0.0576171875
1 0.1103515625 0.482421875 0.0419921875 0.0361328125
1 0.1875 0.41796875 0.015625 0.0205078125
1 0.060546875 0.478515625 0.025390625 0.0361328125
1 0.763671875 0.8564453125 0.0966796875 0.0654296875
1 0.6240234375 0.439453125 0.017578125 0.025390625
1 0.12890625 0.509765625 0.0205078125 0.0390625
1 0.5283203125 0.4912109375 0.025390625 0.0419921875
1 0.4404296875 0.3583984375 0.025390625 0.029296875
1 0.5478515625 0.408203125 0.0263671875 0.0361328125
1 0.6630859375 0.533203125 0.0732421875 0.044921875
1 0.8740234375 0.611328125 0.060546875 0.041015625
1 0.0390625 0.82421875 0.052734375 0.107421875
0 0.353515625 0.3212890625 0.033203125 0.017578125
1 0.7939453125 0.6513671875 0.037109375 0.0595703125
1 0.26953125 0.6025390625 0.029296875 0.0703125
1 0.662109375 0.478515625 0.0263671875 0.0498046875
1 0.177734375 0.3271484375 0.0185546875 0.0205078125
1 0.5791015625 0.427734375 0.017578125 0.0283203125
1 0.7060546875 0.7666015625 0.318359375 0.236328125
1 0.0244140625 0.373046875 0.0107421875 0.021484375
1 0.845703125 0.494140625 0.033203125 0.037109375
0 0.2412109375 0.3740234375 0.064453125 0.033203125
1 0.03125 0.4765625 0.0439453125 0.046875
1 0.03125 0.568359375 0.041015625 0.064453125
1 0.970703125 0.537109375 0.025390625 0.0234375
1 0.8876953125 0.3818359375 0.0126953125 0.029296875
1 0.900390625 0.87109375 0.0498046875 0.0390625