0 0.193359375 0.7490234375 0.123046875 0.1640625
0 0.5107421875 0.4208984375 0.0439453125 0.0517578125
0 0.3388671875 0.7265625 0.0966796875 0.119140625
1 0.2109375 0.513671875 0.021484375 0.0390625
1 0.4140625 0.8076171875 0.041015625 0.052734375
0 0.486328125 0.3623046875 0.0419921875 0.03125
1 0.0693359375 0.533203125 0.029296875 0.0419921875
1 0.599609375 0.546875 0.0263671875 0.046875
0 0.5380859375 0.3505859375 0.0390625 0.0361328125
1 0.30859375 0.8525390625 0.044921875 0.064453125
1 0.486328125 0.5048828125 0.021484375 0.0439453125
1 0.5654296875 0.490234375 0.021484375 0.037109375
1 0.4208984375 0.431640625 0.013671875 0.029296875
1 0.0791015625 0.7578125 0.048828125 0.0751953125
1 0.15234375 0.484375 0.017578125 0.03125
1 0.6279296875 0.546875 0.025390625 0.0439453125
1 0.5654296875 0.462890625 0.0185546875 0.03125
1 0.4560546875 0.7880859375 0.03125 0.048828125
1 0.4833984375 0.46875 0.0205078125 0.0341796875
1 0.5302734375 0.4931640625 0.0205078125 0.0361328125
0 0.5078125 0.3330078125 0.03125 0.0283203125
1 0.646484375 0.482421875 0.0185546875 0.037109375
1 0.5283203125 0.462890625 0.015625 0.0283203125
0 0.2607421875 0.4521484375 0.087890625 0.048828125
1 0.5947265625 0.4736328125 0.0205078125 0.03125
1 0.404296875 0.431640625 0.021484375 0.033203125
1 0.4638671875 0.431640625 0.0185546875 0.0263671875
1 0.4970703125 0.45703125 0.015625 0.029296875
1 0.619140625 0.4736328125 0.0234375 0.03125
1 0.5302734375 0.3720703125 0.017578125 0.021484375
1 0.4208984375 0.4052734375 0.017578125 0.029296875
1 0.5966796875 0.5068359375 0.0185546875 0.033203125
1 0.390625 0.384765625 0.015625 0.025390625
1 0.259765625 0.484375 0.033203125 0.0341796875
1 0.4404296875 0.36328125 0.0185546875 0.0263671875
0 0.08984375 0.3955078125 0.044921875 0.03125
1 0.5498046875 0.4716796875 0.021484375 0.0341796875
1 0.5654296875 0.431640625 0.0185546875 0.0341796875
1 0.0234375 0.564453125 0.021484375 0.0498046875
1 0.427734375 0.681640625 0.033203125 0.037109375
1 0.3662109375 0.3642578125 0.013671875 0.0185546875
1 0.568359375 0.3935546875 0.0205078125 0.03125
1 0.5166015625 0.5458984375 0.0263671875 0.0673828125
1 0.548828125 0.435546875 0.017578125 0.0283203125
1 0.6474609375 0.4521484375 0.017578125 0.029296875
1 0.572265625 0.5576171875 0.0283203125 0.046875
1 0.587890625 0.41796875 0.013671875 0.0263671875
1 0.626953125 0.505859375 0.033203125 0.044921875
1 0.20703125 0.361328125 0.013671875 0.021484375
1 0.0595703125 0.4814453125 0.021484375 0.037109375
1 0.0283203125 0.84375 0.037109375 0.0595703125
1 0.43359375 0.7392578125 0.0234375 0.0341796875
0 0.1865234375 0.3232421875 0.0390625 0.025390625
1 0.228515625 0.357421875 0.013671875 0.0205078125
0 0.353515625 0.3193359375 0.0361328125 0.0205078125
1 0.041015625 0.5546875 0.0185546875 0.0341796875
1 0.1005859375 0.5185546875 0.0263671875 0.052734375
1 0.166015625 0.3623046875 0.015625 0.015625
1 0.025390625 0.7646484375 0.025390625 0.0390625
1 0.119140625 0.35546875 0.021484375 0.0234375
1 0.515625 0.373046875 0.0126953125 0.015625
1 0.021484375 0.373046875 0.0185546875 0.0234375
1 0.2568359375 0.4345703125 0.017578125 0.0283203125
1 0.033203125 0.4736328125 0.046875 0.0498046875
0 0.193359375 0.875 0.099609375 0.0283203125
1 0.677734375 0.515625 0.0390625 0.0498046875
1 0.556640625 0.486328125 0.1796875 0.1796875
1 0.4375 0.408203125 0.0810546875 0.087890625
1 0.330078125 0.35546875 0.021484375 0.0234375
1 0.1396484375 0.416015625 0.0263671875 0.025390625
1 0.8505859375 0.666015625 0.0390625 0.044921875
1 0.4287109375 0.6455078125 0.0361328125 0.0498046875
1 0.24609375 0.35546875 0.013671875 0.0234375
1 0.107421875 0.484375 0.033203125 0.03125