0 0.318359375 0.798828125 0.1435546875 0.1767578125
0 0.083984375 0.7626953125 0.1015625 0.1376953125
0 0.728515625 0.7763671875 0.1826171875 0.212890625
0 0.201171875 0.6767578125 0.1064453125 0.119140625
0 0.314453125 0.6484375 0.0888671875 0.109375
1 0.689453125 0.544921875 0.048828125 0.0576171875
0 0.478515625 0.3740234375 0.0341796875 0.0361328125
0 0.224609375 0.5791015625 0.078125 0.0888671875
1 0.900390625 0.650390625 0.0908203125 0.0859375
1 0.8212890625 0.576171875 0.0859375 0.0888671875
1 0.509765625 0.427734375 0.021484375 0.03125
0 0.2412109375 0.513671875 0.064453125 0.064453125
0 0.58984375 0.462890625 0.107421875 0.064453125
0 0.501953125 0.345703125 0.037109375 0.029296875
1 0.435546875 0.78125 0.0390625 0.072265625
1 0.5498046875 0.419921875 0.025390625 0.03125
0 0.328125 0.4912109375 0.068359375 0.060546875
0 0.3212890625 0.548828125 0.0703125 0.080078125
0 0.443359375 0.447265625 0.0595703125 0.0673828125
1 0.73046875 0.4755859375 0.0361328125 0.0361328125
1 0.1474609375 0.4951171875 0.0263671875 0.03125
1 0.166015625 0.513671875 0.0185546875 0.0283203125
1 0.9599609375 0.697265625 0.0546875 0.076171875
0 0.5400390625 0.33203125 0.033203125 0.0263671875
1 0.384765625 0.478515625 0.0234375 0.0439453125
0 0.1884765625 0.3798828125 0.029296875 0.021484375
1 0.58203125 0.41796875 0.017578125 0.029296875
1 0.40234375 0.4345703125 0.029296875 0.078125
1 0.068359375 0.4794921875 0.037109375 0.0341796875
0 0.2275390625 0.3583984375 0.029296875 0.0263671875
1 0.896484375 0.54296875 0.037109375 0.033203125
1 0.1474609375 0.4111328125 0.0205078125 0.03125
1 0.4384765625 0.36328125 0.017578125 0.0234375
1 0.0205078125 0.4716796875 0.0185546875 0.025390625
1 0.201171875 0.86328125 0.068359375 0.0546875
1 0.638671875 0.4423828125 0.0419921875 0.037109375
1 0.1875 0.505859375 0.0283203125 0.041015625
1 0.033203125 0.595703125 0.0390625 0.0732421875
1 0.1875 0.427734375 0.0126953125 0.0205078125
1 0.189453125 0.4716796875 0.021484375 0.03125
1 0.3759765625 0.6904296875 0.064453125 0.0625
1 0.462890625 0.353515625 0.017578125 0.0263671875
1 0.8935546875 0.5771484375 0.037109375 0.044921875
0 0.3515625 0.3193359375 0.03125 0.017578125
0 0.435546875 0.404296875 0.0390625 0.0361328125
1 0.58984375 0.392578125 0.0205078125 0.0283203125
1 0.3935546875 0.7705078125 0.0283203125 0.0625
1 0.712890625 0.521484375 0.0234375 0.0341796875
1 0.20703125 0.478515625 0.017578125 0.0439453125
0 0.068359375 0.322265625 0.0361328125 0.0205078125
1 0.54296875 0.8330078125 0.060546875 0.103515625
0 0.248046875 0.384765625 0.0654296875 0.0361328125
1 0.166015625 0.5576171875 0.021484375 0.03125
1 0.9619140625 0.6220703125 0.044921875 0.068359375
1 0.201171875 0.419921875 0.013671875 0.0185546875
1 0.1708984375 0.822265625 0.029296875 0.052734375
1 0.81640625 0.5341796875 0.0263671875 0.041015625