0 0.1904296875 0.75 0.125 0.162109375
0 0.5146484375 0.443359375 0.0546875 0.0546875
0 0.3388671875 0.7265625 0.0966796875 0.119140625
1 0.560546875 0.4931640625 0.0263671875 0.048828125
1 0.7373046875 0.728515625 0.046875 0.076171875
1 0.5947265625 0.607421875 0.033203125 0.0498046875
0 0.486328125 0.3623046875 0.048828125 0.0341796875
1 0.6552734375 0.5517578125 0.033203125 0.052734375
1 0.587890625 0.4521484375 0.0185546875 0.029296875
0 0.5380859375 0.3486328125 0.0390625 0.0341796875
1 0.611328125 0.6630859375 0.0341796875 0.0673828125
1 0.5126953125 0.501953125 0.025390625 0.0439453125
1 0.3857421875 0.587890625 0.037109375 0.044921875
1 0.671875 0.6416015625 0.037109375 0.0673828125
1 0.8447265625 0.7646484375 0.0546875 0.064453125
1 0.068359375 0.53515625 0.029296875 0.044921875
1 0.611328125 0.564453125 0.025390625 0.046875
0 0.142578125 0.412109375 0.0673828125 0.0439453125
1 0.5966796875 0.525390625 0.03125 0.044921875
1 0.412109375 0.79296875 0.0419921875 0.060546875
1 0.5693359375 0.390625 0.017578125 0.0283203125
1 0.5712890625 0.4501953125 0.0205078125 0.0341796875
1 0.474609375 0.4755859375 0.029296875 0.048828125
1 0.7138671875 0.603515625 0.0283203125 0.046875
1 0.3935546875 0.4169921875 0.0283203125 0.037109375
1 0.134765625 0.658203125 0.044921875 0.0625
1 0.4423828125 0.486328125 0.0185546875 0.0390625
1 0.5986328125 0.396484375 0.021484375 0.0283203125
1 0.646484375 0.486328125 0.0283203125 0.041015625
1 0.9521484375 0.603515625 0.064453125 0.0576171875
1 0.6357421875 0.5146484375 0.021484375 0.0361328125
1 0.5322265625 0.376953125 0.0107421875 0.0185546875
1 0.4189453125 0.408203125 0.015625 0.0283203125
0 0.509765625 0.3330078125 0.03125 0.0283203125
1 0.423828125 0.458984375 0.0205078125 0.0341796875
1 0.029296875 0.5654296875 0.037109375 0.052734375
1 0.4521484375 0.7412109375 0.0419921875 0.0732421875
1 0.30859375 0.8466796875 0.044921875 0.0625
1 0.427734375 0.693359375 0.0390625 0.048828125
1 0.248046875 0.361328125 0.0205078125 0.021484375
1 0.8271484375 0.5693359375 0.033203125 0.048828125
1 0.853515625 0.654296875 0.037109375 0.0498046875
1 0.5244140625 0.3994140625 0.0107421875 0.0205078125
1 0.603515625 0.490234375 0.0205078125 0.033203125
1 0.455078125 0.37109375 0.021484375 0.029296875
1 0.064453125 0.486328125 0.0341796875 0.0498046875
1 0.837890625 0.869140625 0.052734375 0.044921875
1 0.4375 0.455078125 0.0126953125 0.0263671875
1 0.4658203125 0.4384765625 0.015625 0.0263671875
1 0.2197265625 0.4306640625 0.0234375 0.0390625
1 0.650390625 0.458984375 0.0205078125 0.025390625
1 0.166015625 0.36328125 0.015625 0.013671875
1 0.4013671875 0.3857421875 0.0185546875 0.021484375
1 0.037109375 0.755859375 0.0419921875 0.0498046875
1 0.419921875 0.365234375 0.0107421875 0.017578125
0 0.203125 0.326171875 0.0625 0.021484375
1 0.6806640625 0.5107421875 0.0205078125 0.037109375
1 0.119140625 0.626953125 0.0234375 0.0283203125
1 0.671875 0.458984375 0.0185546875 0.025390625
1 0.064453125 0.638671875 0.046875 0.0546875
1 0.228515625 0.357421875 0.0126953125 0.021484375
1 0.0234375 0.373046875 0.015625 0.021484375
1 0.380859375 0.36328125 0.0126953125 0.0205078125
1 0.732421875 0.513671875 0.0205078125 0.041015625
1 0.212890625 0.3603515625 0.0126953125 0.0205078125
1 0.673828125 0.548828125 0.0986328125 0.1796875
0 0.353515625 0.318359375 0.037109375 0.0185546875
1 0.5390625 0.751953125 0.068359375 0.1064453125
1 0.583984375 0.4267578125 0.0126953125 0.0185546875
0 0.193359375 0.875 0.107421875 0.0283203125
1 0.451171875 0.666015625 0.029296875 0.0546875