1 0.7294921875 0.626953125 0.0439453125 0.076171875
0 0.5927734375 0.5478515625 0.0830078125 0.1044921875
1 0.146484375 0.677734375 0.037109375 0.0654296875
0 0.587890625 0.7060546875 0.126953125 0.15625
1 0.6611328125 0.54296875 0.03125 0.048828125
0 0.337890625 0.724609375 0.099609375 0.1123046875
0 0.7275390625 0.4814453125 0.123046875 0.078125
0 0.48828125 0.521484375 0.060546875 0.078125
1 0.1513671875 0.603515625 0.0341796875 0.0625
1 0.673828125 0.71875 0.046875 0.0810546875
1 0.794921875 0.591796875 0.0517578125 0.060546875
1 0.630859375 0.53125 0.0283203125 0.0439453125
1 0.93359375 0.6962890625 0.095703125 0.0732421875
0 0.4873046875 0.3603515625 0.03125 0.0263671875
0 0.8505859375 0.8310546875 0.185546875 0.1123046875
1 0.587890625 0.478515625 0.021484375 0.03125
1 0.4208984375 0.76953125 0.0361328125 0.0888671875
1 0.7041015625 0.5498046875 0.033203125 0.046875
1 0.8408203125 0.6533203125 0.056640625 0.046875
0 0.513671875 0.3935546875 0.0498046875 0.046875
1 0.96484375 0.6240234375 0.0419921875 0.0546875
1 0.197265625 0.3818359375 0.017578125 0.0263671875
0 0.509765625 0.3349609375 0.029296875 0.033203125
1 0.7919921875 0.697265625 0.052734375 0.0673828125
1 0.9052734375 0.615234375 0.076171875 0.0576171875
1 0.173828125 0.365234375 0.013671875 0.0185546875
1 0.427734375 0.4501953125 0.013671875 0.0283203125
1 0.833984375 0.6005859375 0.0419921875 0.044921875
1 0.916015625 0.541015625 0.0390625 0.03125
1 0.501953125 0.458984375 0.037109375 0.041015625
1 0.513671875 0.6220703125 0.0361328125 0.0595703125
1 0.875 0.7802734375 0.0439453125 0.076171875
1 0.0712890625 0.478515625 0.048828125 0.0390625
0 0.541015625 0.478515625 0.046875 0.0546875
1 0.822265625 0.5390625 0.03125 0.041015625
0 0.4541015625 0.470703125 0.0361328125 0.0419921875
0 0.5439453125 0.3388671875 0.03125 0.03125
1 0.861328125 0.556640625 0.021484375 0.025390625
1 0.55078125 0.4462890625 0.017578125 0.0234375
1 0.1640625 0.458984375 0.0185546875 0.0263671875
1 0.021484375 0.4814453125 0.0234375 0.0439453125
0 0.3544921875 0.3212890625 0.03125 0.017578125
1 0.087890625 0.4091796875 0.0283203125 0.0283203125
1 0.8896484375 0.380859375 0.017578125 0.03125
1 0.603515625 0.439453125 0.017578125 0.029296875
0 0.2255859375 0.3583984375 0.0263671875 0.029296875
1 0.3662109375 0.4169921875 0.0234375 0.025390625
1 0.5791015625 0.4375 0.0263671875 0.03125
1 0.453125 0.5166015625 0.025390625 0.0517578125
0 0.583984375 0.400390625 0.041015625 0.041015625
1 0.0224609375 0.560546875 0.0205078125 0.0439453125
0 0.380859375 0.439453125 0.033203125 0.0439453125
0 0.2490234375 0.337890625 0.0361328125 0.029296875
1 0.66796875 0.4990234375 0.017578125 0.033203125