0 0.1923828125 0.748046875 0.125 0.162109375
0 0.513671875 0.423828125 0.0517578125 0.0517578125
1 0.2900390625 0.4970703125 0.029296875 0.046875
0 0.4755859375 0.52734375 0.1611328125 0.0859375
0 0.337890625 0.7275390625 0.0986328125 0.1201171875
0 0.1806640625 0.4140625 0.064453125 0.037109375
0 0.5400390625 0.3544921875 0.044921875 0.0439453125
1 0.611328125 0.49609375 0.03125 0.0419921875
1 0.068359375 0.533203125 0.029296875 0.046875
1 0.4697265625 0.4560546875 0.033203125 0.0439453125
0 0.486328125 0.361328125 0.0419921875 0.033203125
1 0.6376953125 0.5078125 0.03125 0.0498046875
1 0.2373046875 0.462890625 0.025390625 0.0283203125
1 0.513671875 0.47265625 0.0341796875 0.0419921875
1 0.203125 0.439453125 0.021484375 0.029296875
1 0.306640625 0.8349609375 0.046875 0.091796875
1 0.0791015625 0.7587890625 0.044921875 0.0732421875
1 0.578125 0.48828125 0.025390625 0.0419921875
1 0.4150390625 0.8076171875 0.0419921875 0.0625
0 0.509765625 0.333984375 0.03125 0.0283203125
1 0.619140625 0.46484375 0.0205078125 0.0263671875
1 0.5703125 0.3779296875 0.021484375 0.0283203125
1 0.564453125 0.451171875 0.017578125 0.029296875
1 0.146484375 0.45703125 0.0263671875 0.033203125
1 0.541015625 0.4697265625 0.0234375 0.0419921875
1 0.458984375 0.7841796875 0.0361328125 0.056640625
1 0.427734375 0.681640625 0.0419921875 0.0517578125
1 0.265625 0.3994140625 0.021484375 0.0263671875
1 0.06640625 0.478515625 0.0390625 0.0341796875
1 0.845703125 0.5830078125 0.0341796875 0.037109375
1 0.646484375 0.470703125 0.017578125 0.021484375
1 0.4970703125 0.453125 0.0185546875 0.03125
1 0.130859375 0.423828125 0.0185546875 0.0263671875
1 0.1650390625 0.365234375 0.013671875 0.0185546875
1 0.8466796875 0.6376953125 0.0341796875 0.068359375
1 0.560546875 0.3984375 0.0185546875 0.025390625
1 0.0205078125 0.494140625 0.0185546875 0.0390625
1 0.4208984375 0.7431640625 0.0517578125 0.0732421875
1 0.5498046875 0.4453125 0.0185546875 0.0283203125
1 0.587890625 0.4541015625 0.0185546875 0.0263671875
1 0.63671875 0.4443359375 0.0419921875 0.029296875
1 0.560546875 0.478515625 0.017578125 0.0283203125
1 0.0302734375 0.376953125 0.0361328125 0.0234375
1 0.7431640625 0.568359375 0.0673828125 0.0517578125
1 0.07421875 0.404296875 0.013671875 0.021484375
1 0.177734375 0.3271484375 0.0205078125 0.0205078125
1 0.2041015625 0.357421875 0.013671875 0.015625
1 0.9453125 0.556640625 0.0283203125 0.0517578125
1 0.0244140625 0.830078125 0.029296875 0.0654296875
1 0.0302734375 0.583984375 0.033203125 0.0830078125
1 0.7587890625 0.541015625 0.029296875 0.0283203125
1 0.248046875 0.3564453125 0.013671875 0.021484375
1 0.84765625 0.5478515625 0.0205078125 0.0234375
1 0.107421875 0.4853515625 0.0341796875 0.033203125
1 0.5166015625 0.6064453125 0.0546875 0.083984375
1 0.455078125 0.7158203125 0.0205078125 0.0283203125
0 0.193359375 0.875 0.0966796875 0.0283203125
1 0.1953125 0.322265625 0.015625 0.017578125
1 0.0693359375 0.33984375 0.013671875 0.017578125
1 0.513671875 0.369140625 0.0205078125 0.0205078125
0 0.2333984375 0.369140625 0.0546875 0.033203125
1 0.4306640625 0.37109375 0.0107421875 0.0234375
1 0.3291015625 0.35546875 0.017578125 0.0263671875
1 0.517578125 0.4501953125 0.015625 0.021484375
1 0.90234375 0.494140625 0.033203125 0.0341796875