1 0.1826171875 0.5458984375 0.025390625 0.044921875
0 0.556640625 0.501953125 0.0732421875 0.0888671875
1 0.82421875 0.744140625 0.0546875 0.0908203125
0 0.333984375 0.755859375 0.109375 0.126953125
0 0.61328125 0.447265625 0.0830078125 0.060546875
1 0.6435546875 0.5458984375 0.03125 0.048828125
0 0.6865234375 0.6748046875 0.1357421875 0.146484375
0 0.486328125 0.361328125 0.033203125 0.03125
1 0.5625 0.4365234375 0.015625 0.029296875
1 0.7958984375 0.599609375 0.0546875 0.064453125
1 0.8681640625 0.654296875 0.0576171875 0.056640625
1 0.7451171875 0.60546875 0.0595703125 0.0732421875
1 0.6865234375 0.54296875 0.0390625 0.0419921875
1 0.1962890625 0.4052734375 0.0205078125 0.033203125
1 0.11328125 0.4814453125 0.0234375 0.03125
1 0.73046875 0.537109375 0.0390625 0.044921875
1 0.705078125 0.513671875 0.0185546875 0.025390625
1 0.185546875 0.3603515625 0.013671875 0.0263671875
1 0.19140625 0.4873046875 0.017578125 0.0283203125
1 0.869140625 0.595703125 0.083984375 0.0625
1 0.060546875 0.4794921875 0.025390625 0.0341796875
1 0.22265625 0.5166015625 0.0205078125 0.033203125
1 0.1875 0.453125 0.0185546875 0.0283203125
1 0.3564453125 0.4248046875 0.025390625 0.0283203125
0 0.099609375 0.4091796875 0.0830078125 0.0595703125
1 0.482421875 0.44140625 0.0263671875 0.0419921875
1 0.609375 0.5009765625 0.025390625 0.048828125
1 0.37890625 0.447265625 0.0263671875 0.0390625
1 0.94140625 0.685546875 0.0859375 0.09375
1 0.224609375 0.4091796875 0.0341796875 0.0439453125
1 0.6650390625 0.5732421875 0.0361328125 0.046875
0 0.513671875 0.6005859375 0.099609375 0.111328125
1 0.7880859375 0.5556640625 0.0263671875 0.0361328125
0 0.232421875 0.34375 0.0361328125 0.025390625
1 0.671875 0.4931640625 0.0185546875 0.029296875
1 0.8466796875 0.552734375 0.025390625 0.0419921875
1 0.916015625 0.603515625 0.0341796875 0.0439453125
1 0.1484375 0.4580078125 0.0185546875 0.03125
1 0.509765625 0.455078125 0.029296875 0.037109375
0 0.3515625 0.3212890625 0.03125 0.017578125
1 0.8134765625 0.560546875 0.0234375 0.0341796875
1 0.025390625 0.5634765625 0.025390625 0.048828125
1 0.427734375 0.416015625 0.0234375 0.03125
0 0.46875 0.4921875 0.068359375 0.087890625
1 0.0244140625 0.470703125 0.0263671875 0.037109375
1 0.47265625 0.408203125 0.0234375 0.041015625
1 0.181640625 0.5126953125 0.0234375 0.037109375
1 0.5966796875 0.40234375 0.015625 0.0234375
1 0.453125 0.373046875 0.0185546875 0.0361328125
0 0.7275390625 0.828125 0.1796875 0.119140625
1 0.150390625 0.490234375 0.029296875 0.041015625
1 0.197265625 0.3544921875 0.015625 0.03125
1 0.548828125 0.39453125 0.0283203125 0.0390625
0 0.521484375 0.3271484375 0.033203125 0.0234375
1 0.880859375 0.8740234375 0.0732421875 0.0361328125
1 0.58203125 0.4599609375 0.0107421875 0.0263671875
1 0.861328125 0.5576171875 0.015625 0.021484375