0 0.193359375 0.748046875 0.123046875 0.162109375
0 0.513671875 0.4228515625 0.0703125 0.064453125
0 0.337890625 0.728515625 0.0986328125 0.119140625
1 0.5771484375 0.486328125 0.033203125 0.0439453125
0 0.5400390625 0.3515625 0.0419921875 0.041015625
0 0.185546875 0.41796875 0.0732421875 0.0419921875
0 0.318359375 0.451171875 0.091796875 0.052734375
0 0.490234375 0.359375 0.0419921875 0.0341796875
1 0.279296875 0.4892578125 0.0361328125 0.041015625
1 0.11328125 0.6064453125 0.0361328125 0.056640625
1 0.146484375 0.4833984375 0.0234375 0.0361328125
1 0.6123046875 0.4990234375 0.041015625 0.048828125
1 0.076171875 0.7578125 0.0390625 0.0654296875
1 0.3076171875 0.8388671875 0.046875 0.087890625
1 0.5439453125 0.4765625 0.03125 0.041015625
1 0.068359375 0.54296875 0.0263671875 0.044921875
1 0.1923828125 0.462890625 0.025390625 0.0419921875
0 0.509765625 0.333984375 0.033203125 0.029296875
1 0.4111328125 0.8095703125 0.0439453125 0.0625
1 0.2216796875 0.4482421875 0.025390625 0.041015625
1 0.5068359375 0.466796875 0.033203125 0.0439453125
1 0.349609375 0.498046875 0.041015625 0.041015625
1 0.458984375 0.7880859375 0.0390625 0.060546875
1 0.5517578125 0.376953125 0.0185546875 0.029296875
1 0.380859375 0.466796875 0.0234375 0.0361328125
1 0.431640625 0.658203125 0.046875 0.060546875
1 0.4775390625 0.498046875 0.0361328125 0.060546875
1 0.5595703125 0.4248046875 0.0185546875 0.041015625
1 0.146484375 0.4375 0.017578125 0.025390625
0 0.2314453125 0.365234375 0.0595703125 0.037109375
1 0.791015625 0.556640625 0.044921875 0.041015625
1 0.107421875 0.423828125 0.021484375 0.025390625
1 0.4208984375 0.736328125 0.044921875 0.052734375
1 0.470703125 0.3994140625 0.0185546875 0.0390625
1 0.5947265625 0.4677734375 0.017578125 0.0263671875
1 0.5810546875 0.40625 0.015625 0.021484375
1 0.451171875 0.5146484375 0.0283203125 0.0576171875
1 0.099609375 0.478515625 0.044921875 0.041015625
1 0.6025390625 0.55859375 0.0546875 0.0419921875
1 0.7548828125 0.720703125 0.0810546875 0.0888671875
1 0.564453125 0.365234375 0.017578125 0.033203125
1 0.560546875 0.5859375 0.044921875 0.037109375
1 0.0595703125 0.482421875 0.021484375 0.037109375
1 0.8798828125 0.580078125 0.0185546875 0.029296875
1 0.1337890625 0.40234375 0.017578125 0.0205078125
0 0.7392578125 0.56640625 0.0595703125 0.0361328125
1 0.619140625 0.462890625 0.0205078125 0.03125
1 0.0771484375 0.400390625 0.0205078125 0.0283203125
1 0.0439453125 0.7412109375 0.0283203125 0.060546875
1 0.4375 0.3642578125 0.0185546875 0.025390625
1 0.4208984375 0.484375 0.029296875 0.0341796875
1 0.0234375 0.462890625 0.0185546875 0.0341796875
1 0.970703125 0.779296875 0.0341796875 0.0517578125
1 0.853515625 0.662109375 0.033203125 0.0341796875
0 0.2001953125 0.875 0.115234375 0.0283203125
1 0.392578125 0.5302734375 0.044921875 0.033203125
0 0.185546875 0.326171875 0.0361328125 0.0234375
1 0.2060546875 0.3583984375 0.0126953125 0.017578125
1 0.5859375 0.611328125 0.025390625 0.0751953125
1 0.634765625 0.6201171875 0.0263671875 0.072265625
1 0.5703125 0.560546875 0.0185546875 0.0361328125
1 0.328125 0.35546875 0.0185546875 0.029296875
1 0.638671875 0.443359375 0.0390625 0.03125
1 0.3828125 0.564453125 0.072265625 0.048828125