0 0.19140625 0.748046875 0.123046875 0.1611328125
0 0.51171875 0.423828125 0.048828125 0.0517578125
0 0.33984375 0.7275390625 0.0986328125 0.1171875
0 0.490234375 0.359375 0.0390625 0.03125
1 0.0693359375 0.533203125 0.0263671875 0.048828125
1 0.513671875 0.474609375 0.0341796875 0.046875
1 0.30859375 0.849609375 0.048828125 0.068359375
0 0.5380859375 0.3505859375 0.0390625 0.0390625
1 0.4111328125 0.7998046875 0.056640625 0.0751953125
1 0.080078125 0.755859375 0.046875 0.0751953125
1 0.1181640625 0.669921875 0.044921875 0.060546875
1 0.748046875 0.57421875 0.0439453125 0.044921875
1 0.49609375 0.4541015625 0.017578125 0.033203125
1 0.4580078125 0.7802734375 0.037109375 0.064453125
0 0.072265625 0.388671875 0.064453125 0.037109375
1 0.42578125 0.6787109375 0.044921875 0.048828125
1 0.609375 0.474609375 0.0498046875 0.046875
1 0.548828125 0.4716796875 0.0283203125 0.046875
0 0.5087890625 0.330078125 0.0263671875 0.0234375
1 0.548828125 0.4365234375 0.0205078125 0.029296875
1 0.568359375 0.3798828125 0.015625 0.025390625
1 0.4716796875 0.4384765625 0.0185546875 0.0263671875
1 0.419921875 0.7392578125 0.046875 0.052734375
1 0.646484375 0.4873046875 0.021484375 0.041015625
1 0.7841796875 0.564453125 0.0341796875 0.0576171875
1 0.5927734375 0.3955078125 0.0107421875 0.0185546875
1 0.572265625 0.4267578125 0.013671875 0.0283203125
1 0.021484375 0.5732421875 0.021484375 0.0439453125
0 0.587890625 0.533203125 0.130859375 0.0732421875
1 0.0625 0.5966796875 0.03125 0.0439453125
1 0.1494140625 0.4208984375 0.0205078125 0.0234375
1 0.166015625 0.365234375 0.0126953125 0.0126953125
1 0.4384765625 0.4287109375 0.017578125 0.0361328125
1 0.0693359375 0.478515625 0.033203125 0.033203125
1 0.025390625 0.8232421875 0.0283203125 0.0625
0 0.1875 0.3232421875 0.041015625 0.025390625
1 0.62109375 0.455078125 0.013671875 0.0263671875
1 0.7587890625 0.5400390625 0.0361328125 0.0390625
1 0.462890625 0.365234375 0.015625 0.025390625
1 0.0400390625 0.5576171875 0.0205078125 0.041015625
1 0.330078125 0.3583984375 0.015625 0.0205078125
1 0.5478515625 0.4169921875 0.013671875 0.0185546875
0 0.232421875 0.3671875 0.0517578125 0.0341796875
1 0.474609375 0.3388671875 0.015625 0.0185546875
1 0.2490234375 0.583984375 0.0234375 0.0576171875
0 0.193359375 0.8759765625 0.1015625 0.029296875