0 0.525390625 0.4521484375 0.0546875 0.0673828125
1 0.6767578125 0.5908203125 0.0498046875 0.0654296875
1 0.7275390625 0.701171875 0.044921875 0.064453125
0 0.568359375 0.427734375 0.048828125 0.0546875
1 0.248046875 0.5517578125 0.0283203125 0.056640625
0 0.572265625 0.5341796875 0.0859375 0.09375
1 0.130859375 0.560546875 0.0283203125 0.0439453125
1 0.4267578125 0.505859375 0.021484375 0.0517578125
1 0.177734375 0.5380859375 0.025390625 0.0390625
1 0.837890625 0.6416015625 0.080078125 0.076171875
1 0.765625 0.7578125 0.0498046875 0.083984375
1 0.150390625 0.4794921875 0.0234375 0.03125
1 0.2626953125 0.474609375 0.0283203125 0.037109375
1 0.791015625 0.564453125 0.0341796875 0.0546875
1 0.6279296875 0.5478515625 0.025390625 0.0517578125
1 0.14453125 0.4375 0.017578125 0.025390625
1 0.1630859375 0.50390625 0.029296875 0.0419921875
1 0.1279296875 0.423828125 0.025390625 0.03125
1 0.126953125 0.7197265625 0.0576171875 0.0703125
1 0.4169921875 0.466796875 0.03125 0.0341796875
1 0.2060546875 0.3994140625 0.015625 0.0234375
0 0.568359375 0.6455078125 0.1376953125 0.1533203125
1 0.17578125 0.3984375 0.017578125 0.0283203125
1 0.3662109375 0.4248046875 0.0263671875 0.03125
1 0.9609375 0.6728515625 0.0498046875 0.0576171875
1 0.248046875 0.51171875 0.0234375 0.033203125
1 0.6220703125 0.505859375 0.03125 0.052734375
1 0.2294921875 0.4140625 0.0185546875 0.0283203125
1 0.1962890625 0.62890625 0.029296875 0.064453125
1 0.7265625 0.53515625 0.046875 0.0517578125
1 0.7666015625 0.853515625 0.0576171875 0.0751953125
1 0.0888671875 0.404296875 0.0341796875 0.033203125
0 0.2001953125 0.44921875 0.056640625 0.048828125
0 0.466796875 0.525390625 0.0654296875 0.0888671875
1 0.587890625 0.486328125 0.025390625 0.0390625
1 0.376953125 0.451171875 0.0263671875 0.0419921875
1 0.69140625 0.548828125 0.0361328125 0.037109375
0 0.4912109375 0.35546875 0.033203125 0.0263671875
1 0.712890625 0.6240234375 0.0263671875 0.048828125
1 0.193359375 0.376953125 0.015625 0.0234375
1 0.830078125 0.5634765625 0.03125 0.0390625
0 0.9140625 0.8525390625 0.146484375 0.0732421875
1 0.92578125 0.6142578125 0.048828125 0.0498046875
1 0.7392578125 0.7705078125 0.025390625 0.046875
1 0.0224609375 0.4775390625 0.0234375 0.0361328125
1 0.10546875 0.4833984375 0.033203125 0.029296875
0 0.2373046875 0.3330078125 0.0283203125 0.021484375
1 0.0283203125 0.5654296875 0.03125 0.052734375
1 0.05859375 0.478515625 0.0234375 0.0361328125
0 0.4580078125 0.4189453125 0.041015625 0.046875
1 0.486328125 0.4169921875 0.025390625 0.037109375
1 0.8955078125 0.583984375 0.041015625 0.052734375
1 0.6064453125 0.466796875 0.021484375 0.0361328125
1 0.02734375 0.373046875 0.017578125 0.025390625
0 0.509765625 0.4111328125 0.033203125 0.037109375
1 0.1630859375 0.384765625 0.013671875 0.0234375
1 0.25390625 0.396484375 0.0234375 0.0234375
1 0.3662109375 0.400390625 0.017578125 0.025390625
1 0.267578125 0.447265625 0.0205078125 0.029296875
1 0.4521484375 0.6865234375 0.033203125 0.076171875
1 0.1142578125 0.6630859375 0.037109375 0.0390625
0 0.228515625 0.375 0.0498046875 0.037109375
1 0.8955078125 0.5390625 0.0283203125 0.0439453125
1 0.0771484375 0.3359375 0.0205078125 0.0185546875
1 0.591796875 0.39453125 0.029296875 0.033203125
1 0.9111328125 0.724609375 0.041015625 0.09375
0 0.53125 0.357421875 0.03125 0.0263671875
1 0.638671875 0.44140625 0.0361328125 0.029296875
1 0.455078125 0.466796875 0.044921875 0.0439453125
1 0.677734375 0.5068359375 0.037109375 0.0517578125