1 0.365234375 0.591796875 0.029296875 0.048828125
0 0.57421875 0.486328125 0.064453125 0.068359375
1 0.4013671875 0.6640625 0.037109375 0.0595703125
1 0.3095703125 0.6220703125 0.03125 0.0595703125
0 0.6552734375 0.583984375 0.123046875 0.1220703125
1 0.2763671875 0.552734375 0.025390625 0.048828125
0 0.3173828125 0.4638671875 0.0595703125 0.052734375
0 0.587890625 0.703125 0.146484375 0.1748046875
1 0.220703125 0.5751953125 0.03125 0.046875
1 0.201171875 0.685546875 0.0283203125 0.0498046875
0 0.2041015625 0.4755859375 0.0576171875 0.0576171875
1 0.2568359375 0.6103515625 0.029296875 0.048828125
1 0.494140625 0.4814453125 0.0205078125 0.0341796875
1 0.228515625 0.513671875 0.03125 0.037109375
1 0.2509765625 0.720703125 0.0361328125 0.0546875
0 0.5107421875 0.5556640625 0.09375 0.1201171875
1 0.0966796875 0.591796875 0.03125 0.0390625
1 0.2734375 0.513671875 0.021484375 0.03125
0 0.833984375 0.791015625 0.220703125 0.177734375
1 0.1123046875 0.6298828125 0.0283203125 0.0439453125
1 0.1806640625 0.5224609375 0.0234375 0.0419921875
1 0.2548828125 0.4677734375 0.021484375 0.029296875
1 0.1533203125 0.546875 0.025390625 0.0439453125
1 0.5185546875 0.48046875 0.025390625 0.0390625
1 0.3154296875 0.740234375 0.037109375 0.0859375
1 0.236328125 0.5439453125 0.0263671875 0.041015625
1 0.845703125 0.59765625 0.0625 0.060546875
0 0.53515625 0.3818359375 0.0390625 0.0390625
1 0.7919921875 0.56640625 0.0341796875 0.0546875
1 0.732421875 0.5361328125 0.0341796875 0.037109375
1 0.892578125 0.658203125 0.09375 0.083984375
1 0.0732421875 0.75390625 0.0341796875 0.048828125
1 0.171875 0.6123046875 0.037109375 0.046875
1 0.150390625 0.443359375 0.0234375 0.029296875
1 0.1494140625 0.48046875 0.0205078125 0.0419921875
1 0.96484375 0.67578125 0.0419921875 0.0546875
1 0.373046875 0.501953125 0.0205078125 0.03125
1 0.6943359375 0.5556640625 0.029296875 0.0419921875
0 0.279296875 0.4072265625 0.060546875 0.0419921875
0 0.541015625 0.4169921875 0.0390625 0.0439453125
0 0.4375 0.443359375 0.041015625 0.0751953125
1 0.3671875 0.861328125 0.03125 0.056640625
0 0.486328125 0.359375 0.0361328125 0.037109375
1 0.927734375 0.609375 0.0439453125 0.037109375
1 0.5517578125 0.583984375 0.025390625 0.044921875
1 0.9326171875 0.701171875 0.037109375 0.052734375
0 0.564453125 0.3720703125 0.0341796875 0.0341796875
1 0.248046875 0.6728515625 0.0234375 0.0390625
1 0.2568359375 0.5810546875 0.0205078125 0.025390625
1 0.1376953125 0.412109375 0.0185546875 0.0234375
1 0.6845703125 0.5185546875 0.03125 0.041015625
1 0.580078125 0.423828125 0.0283203125 0.0341796875
1 0.896484375 0.5791015625 0.041015625 0.048828125
1 0.0302734375 0.5712890625 0.0361328125 0.0673828125
0 0.4189453125 0.5126953125 0.0625 0.0595703125
1 0.5361328125 0.451171875 0.025390625 0.0390625
1 0.0576171875 0.478515625 0.021484375 0.0341796875
1 0.6396484375 0.4423828125 0.0419921875 0.03125
1 0.974609375 0.6318359375 0.029296875 0.0576171875
1 0.59765625 0.392578125 0.013671875 0.0234375
1 0.212890625 0.5869140625 0.1845703125 0.220703125
1 0.033203125 0.859375 0.0439453125 0.056640625
1 0.5166015625 0.4541015625 0.017578125 0.0263671875
1 0.4755859375 0.400390625 0.0390625 0.0390625
1 0.2265625 0.857421875 0.0625 0.064453125
1 0.51171875 0.6513671875 0.033203125 0.0751953125
1 0.3095703125 0.6953125 0.0185546875 0.025390625
1 0.1923828125 0.8388671875 0.025390625 0.0439453125
1 0.462890625 0.681640625 0.0263671875 0.068359375
1 0.142578125 0.513671875 0.021484375 0.0390625
1 0.181640625 0.7626953125 0.0283203125 0.03125
1 0.203125 0.412109375 0.03125 0.033203125
0 0.49609375 0.333984375 0.033203125 0.0234375
1 0.455078125 0.359375 0.0263671875 0.0341796875
1 0.8173828125 0.5361328125 0.025390625 0.0439453125