0 0.193359375 0.75 0.123046875 0.162109375
0 0.6064453125 0.677734375 0.1279296875 0.140625
0 0.509765625 0.41015625 0.0498046875 0.0517578125
0 0.8505859375 0.8017578125 0.2236328125 0.166015625
0 0.33984375 0.724609375 0.0986328125 0.115234375
0 0.48828125 0.361328125 0.0361328125 0.03125
0 0.94140625 0.5185546875 0.0859375 0.0625
1 0.072265625 0.763671875 0.041015625 0.0751953125
1 0.3232421875 0.5732421875 0.0341796875 0.056640625
0 0.513671875 0.5693359375 0.087890625 0.111328125
1 0.7451171875 0.568359375 0.046875 0.0498046875
1 0.8310546875 0.6640625 0.0810546875 0.0595703125
1 0.708984375 0.529296875 0.048828125 0.0439453125
1 0.421875 0.74609375 0.03125 0.0576171875
1 0.623046875 0.5390625 0.052734375 0.046875
0 0.5078125 0.3310546875 0.0283203125 0.025390625
1 0.79296875 0.5556640625 0.0546875 0.0546875
1 0.14453125 0.640625 0.0703125 0.0595703125
0 0.951171875 0.5947265625 0.068359375 0.095703125
1 0.400390625 0.4609375 0.0234375 0.0341796875
0 0.4521484375 0.4931640625 0.048828125 0.0888671875
1 0.576171875 0.5478515625 0.0439453125 0.0517578125
1 0.7001953125 0.5830078125 0.0341796875 0.0341796875
0 0.537109375 0.3408203125 0.0283203125 0.025390625
1 0.1982421875 0.6298828125 0.0439453125 0.0751953125
1 0.037109375 0.5634765625 0.0498046875 0.0517578125
1 0.51171875 0.482421875 0.0234375 0.03125
1 0.5458984375 0.5234375 0.0390625 0.0439453125
1 0.8798828125 0.615234375 0.0341796875 0.048828125
1 0.6494140625 0.4775390625 0.029296875 0.0361328125
1 0.529296875 0.451171875 0.0185546875 0.037109375
1 0.892578125 0.7333984375 0.041015625 0.091796875
1 0.5498046875 0.41796875 0.03125 0.0419921875
1 0.85546875 0.560546875 0.060546875 0.0576171875
1 0.6767578125 0.521484375 0.0283203125 0.0419921875
1 0.587890625 0.4189453125 0.029296875 0.0439453125
1 0.5986328125 0.498046875 0.025390625 0.03125
1 0.544921875 0.369140625 0.033203125 0.0361328125
1 0.458984375 0.4140625 0.021484375 0.041015625
1 0.4521484375 0.361328125 0.0205078125 0.025390625
1 0.5810546875 0.482421875 0.015625 0.025390625
1 0.560546875 0.4921875 0.0205078125 0.03125
1 0.4814453125 0.533203125 0.021484375 0.0361328125
1 0.05859375 0.478515625 0.0234375 0.037109375
0 0.3544921875 0.314453125 0.0341796875 0.0263671875
1 0.6474609375 0.5185546875 0.0205078125 0.037109375
0 0.373046875 0.443359375 0.142578125 0.111328125
1 0.4765625 0.4443359375 0.0185546875 0.029296875
1 0.4697265625 0.619140625 0.033203125 0.072265625