0 0.322265625 0.798828125 0.146484375 0.1767578125
0 0.138671875 0.541015625 0.0654296875 0.0732421875
0 0.205078125 0.6767578125 0.099609375 0.119140625
1 0.3935546875 0.541015625 0.025390625 0.0439453125
0 0.240234375 0.509765625 0.0625 0.072265625
1 0.095703125 0.5927734375 0.0341796875 0.044921875
1 0.689453125 0.595703125 0.0576171875 0.0732421875
1 0.4970703125 0.544921875 0.0283203125 0.0439453125
0 0.314453125 0.6435546875 0.0888671875 0.109375
0 0.318359375 0.521484375 0.060546875 0.0732421875
0 0.2265625 0.578125 0.078125 0.087890625
1 0.119140625 0.646484375 0.0283203125 0.0654296875
0 0.7109375 0.791015625 0.1845703125 0.193359375
1 0.8193359375 0.583984375 0.0830078125 0.0830078125
1 0.1484375 0.607421875 0.025390625 0.0439453125
1 0.041015625 0.5888671875 0.0283203125 0.052734375
1 0.6220703125 0.5419921875 0.0341796875 0.046875
1 0.9482421875 0.689453125 0.072265625 0.076171875
1 0.57421875 0.546875 0.0234375 0.041015625
1 0.0498046875 0.6337890625 0.0283203125 0.044921875
1 0.595703125 0.5087890625 0.0263671875 0.0390625
1 0.603515625 0.462890625 0.0205078125 0.0283203125
1 0.5302734375 0.6142578125 0.029296875 0.0595703125
0 0.5224609375 0.4013671875 0.0390625 0.052734375
1 0.626953125 0.607421875 0.052734375 0.078125
1 0.51171875 0.48046875 0.0205078125 0.033203125
1 0.5517578125 0.4892578125 0.021484375 0.0439453125
1 0.576171875 0.4736328125 0.021484375 0.0341796875
1 0.732421875 0.541015625 0.037109375 0.0439453125
1 0.3720703125 0.4609375 0.0185546875 0.0439453125
1 0.478515625 0.43359375 0.017578125 0.029296875
0 0.3154296875 0.4619140625 0.0625 0.0517578125
1 0.56640625 0.609375 0.033203125 0.056640625
0 0.49609375 0.3603515625 0.033203125 0.0361328125
1 0.8896484375 0.654296875 0.080078125 0.072265625
1 0.6962890625 0.54296875 0.0576171875 0.060546875
1 0.4970703125 0.4208984375 0.0185546875 0.033203125
1 0.142578125 0.712890625 0.041015625 0.052734375
1 0.0732421875 0.705078125 0.037109375 0.0517578125
1 0.0830078125 0.759765625 0.0341796875 0.048828125
1 0.1904296875 0.486328125 0.021484375 0.0361328125
1 0.4951171875 0.3916015625 0.0185546875 0.033203125
1 0.6328125 0.4970703125 0.021484375 0.03125
1 0.431640625 0.4365234375 0.0185546875 0.0361328125
1 0.19140625 0.455078125 0.0205078125 0.0283203125
0 0.21875 0.35546875 0.0283203125 0.0234375
1 0.1533203125 0.37890625 0.015625 0.0234375
1 0.5810546875 0.4384765625 0.0185546875 0.033203125
0 0.2138671875 0.404296875 0.0341796875 0.037109375
1 0.0625 0.4794921875 0.03125 0.041015625
1 0.2392578125 0.642578125 0.025390625 0.041015625
1 0.5546875 0.4443359375 0.021484375 0.029296875
1 0.5556640625 0.453125 0.1171875 0.119140625
1 0.9306640625 0.6103515625 0.048828125 0.044921875
1 0.478515625 0.400390625 0.0205078125 0.037109375
0 0.5341796875 0.3564453125 0.037109375 0.041015625
1 0.1708984375 0.396484375 0.017578125 0.0283203125
1 0.1513671875 0.7568359375 0.046875 0.0576171875
1 0.1865234375 0.384765625 0.0234375 0.025390625
1 0.1044921875 0.4775390625 0.041015625 0.044921875
1 0.0888671875 0.5634765625 0.021484375 0.033203125
0 0.30078125 0.4140625 0.0576171875 0.072265625
0 0.2001953125 0.3505859375 0.021484375 0.0234375
1 0.818359375 0.53515625 0.021484375 0.0390625
1 0.9599609375 0.630859375 0.0263671875 0.0390625
1 0.6416015625 0.44140625 0.0234375 0.0263671875
1 0.0244140625 0.373046875 0.013671875 0.021484375
1 0.45703125 0.3583984375 0.017578125 0.033203125
1 0.033203125 0.486328125 0.0439453125 0.046875