0 0.1962890625 0.7373046875 0.1171875 0.140625
0 0.5126953125 0.42578125 0.052734375 0.060546875
0 0.337890625 0.728515625 0.0986328125 0.119140625
1 0.5771484375 0.484375 0.0263671875 0.0439453125
0 0.4892578125 0.36328125 0.041015625 0.0361328125
1 0.552734375 0.615234375 0.0419921875 0.0830078125
1 0.8212890625 0.607421875 0.060546875 0.0732421875
1 0.1279296875 0.560546875 0.0283203125 0.0546875
1 0.556640625 0.458984375 0.0263671875 0.046875
1 0.529296875 0.37109375 0.0185546875 0.0263671875
1 0.798828125 0.857421875 0.0517578125 0.0654296875
1 0.6181640625 0.642578125 0.0517578125 0.0673828125
1 0.6357421875 0.4970703125 0.025390625 0.0498046875
1 0.5498046875 0.375 0.015625 0.0283203125
1 0.3095703125 0.849609375 0.0439453125 0.0546875
1 0.26171875 0.455078125 0.0361328125 0.0341796875
1 0.076171875 0.7646484375 0.0341796875 0.060546875
1 0.4306640625 0.6650390625 0.0419921875 0.060546875
1 0.765625 0.779296875 0.0751953125 0.083984375
1 0.408203125 0.494140625 0.025390625 0.037109375
1 0.9462890625 0.626953125 0.0517578125 0.0732421875
1 0.6044921875 0.49609375 0.03125 0.0517578125
0 0.708984375 0.5537109375 0.1748046875 0.0703125
1 0.6328125 0.771484375 0.0625 0.083984375
1 0.6904296875 0.63671875 0.0625 0.0703125
1 0.73828125 0.6083984375 0.064453125 0.064453125
0 0.5087890625 0.333984375 0.033203125 0.029296875
1 0.455078125 0.5234375 0.025390625 0.041015625
1 0.3876953125 0.595703125 0.0595703125 0.0419921875
1 0.4267578125 0.6083984375 0.03125 0.0517578125
1 0.6552734375 0.681640625 0.044921875 0.078125
1 0.525390625 0.5498046875 0.0390625 0.041015625
1 0.6455078125 0.6025390625 0.0439453125 0.0576171875
1 0.134765625 0.498046875 0.0263671875 0.0361328125
1 0.861328125 0.6259765625 0.037109375 0.064453125
1 0.033203125 0.5615234375 0.041015625 0.0546875
0 0.9462890625 0.5703125 0.080078125 0.0654296875
1 0.6298828125 0.849609375 0.0439453125 0.0625
1 0.2978515625 0.439453125 0.0234375 0.0341796875
1 0.9755859375 0.619140625 0.0234375 0.068359375
0 0.025390625 0.767578125 0.0283203125 0.0810546875
1 0.576171875 0.408203125 0.015625 0.0361328125
1 0.3271484375 0.4248046875 0.0205078125 0.025390625
1 0.470703125 0.498046875 0.015625 0.0263671875
1 0.0732421875 0.712890625 0.0341796875 0.0341796875
1 0.177734375 0.326171875 0.0205078125 0.0205078125
1 0.888671875 0.5947265625 0.037109375 0.0361328125
1 0.419921875 0.7509765625 0.0439453125 0.048828125
1 0.9169921875 0.5322265625 0.046875 0.0419921875
1 0.353515625 0.59765625 0.021484375 0.060546875
1 0.509765625 0.501953125 0.041015625 0.0390625
1 0.05859375 0.478515625 0.0205078125 0.033203125
1 0.140625 0.791015625 0.0283203125 0.068359375
1 0.0556640625 0.658203125 0.0361328125 0.0439453125
1 0.4296875 0.40234375 0.0185546875 0.0263671875
1 0.6201171875 0.458984375 0.015625 0.0234375
1 0.703125 0.7255859375 0.228515625 0.3046875
1 0.5546875 0.4208984375 0.015625 0.029296875
1 0.49609375 0.564453125 0.0263671875 0.046875
1 0.583984375 0.453125 0.017578125 0.0283203125
1 0.345703125 0.43359375 0.029296875 0.0419921875
1 0.2001953125 0.8095703125 0.0439453125 0.052734375
1 0.3271484375 0.35546875 0.017578125 0.029296875
1 0.037109375 0.4697265625 0.0361328125 0.033203125
1 0.1962890625 0.322265625 0.017578125 0.0185546875
1 0.462890625 0.6806640625 0.0283203125 0.064453125
0 0.302734375 0.369140625 0.0498046875 0.0419921875
1 0.1591796875 0.4111328125 0.021484375 0.021484375
1 0.42578125 0.453125 0.0205078125 0.0341796875
1 0.482421875 0.494140625 0.171875 0.1064453125