0 0.3212890625 0.798828125 0.1455078125 0.1767578125
1 0.38671875 0.5185546875 0.0234375 0.0439453125
0 0.2041015625 0.6767578125 0.0986328125 0.119140625
0 0.1435546875 0.529296875 0.0654296875 0.0654296875
0 0.31640625 0.642578125 0.0888671875 0.109375
1 0.591796875 0.572265625 0.0263671875 0.044921875
1 0.658203125 0.666015625 0.0419921875 0.0673828125
1 0.513671875 0.5556640625 0.0283203125 0.060546875
0 0.5224609375 0.419921875 0.048828125 0.0595703125
1 0.552734375 0.6572265625 0.0341796875 0.0546875
0 0.2275390625 0.578125 0.080078125 0.087890625
0 0.240234375 0.5078125 0.0625 0.068359375
1 0.6376953125 0.576171875 0.0341796875 0.044921875
1 0.6083984375 0.474609375 0.0205078125 0.029296875
1 0.580078125 0.4833984375 0.0234375 0.0361328125
1 0.5576171875 0.509765625 0.025390625 0.0419921875
1 0.7314453125 0.642578125 0.041015625 0.0732421875
1 0.6064453125 0.5166015625 0.025390625 0.0390625
1 0.8193359375 0.5830078125 0.0830078125 0.078125
1 0.525390625 0.4931640625 0.0205078125 0.0361328125
0 0.208984375 0.416015625 0.0390625 0.0390625
1 0.9482421875 0.6904296875 0.072265625 0.0751953125
1 0.150390625 0.591796875 0.025390625 0.0419921875
1 0.126953125 0.6259765625 0.0283203125 0.064453125
0 0.7666015625 0.830078125 0.2080078125 0.1201171875
1 0.6923828125 0.5439453125 0.0498046875 0.052734375
0 0.31640625 0.5107421875 0.0576171875 0.068359375
1 0.5908203125 0.63671875 0.0341796875 0.0859375
1 0.099609375 0.580078125 0.03125 0.041015625
1 0.642578125 0.5146484375 0.0185546875 0.033203125
1 0.7138671875 0.5888671875 0.025390625 0.0498046875
0 0.3154296875 0.4580078125 0.0625 0.0498046875
1 0.080078125 0.705078125 0.041015625 0.0810546875
1 0.4375 0.458984375 0.015625 0.033203125
1 0.7314453125 0.5390625 0.041015625 0.0439453125
1 0.5634765625 0.447265625 0.0234375 0.029296875
0 0.494140625 0.3564453125 0.03125 0.0283203125
1 0.8916015625 0.65625 0.080078125 0.072265625
1 0.1923828125 0.482421875 0.0185546875 0.033203125
1 0.041015625 0.5732421875 0.0263671875 0.056640625
1 0.3671875 0.4560546875 0.0185546875 0.0283203125
1 0.4853515625 0.4267578125 0.0263671875 0.041015625
0 0.2509765625 0.384765625 0.044921875 0.0341796875
1 0.455078125 0.4189453125 0.0185546875 0.037109375
0 0.2998046875 0.408203125 0.056640625 0.064453125
1 0.4931640625 0.392578125 0.017578125 0.0341796875
1 0.591796875 0.4287109375 0.0185546875 0.033203125
1 0.0693359375 0.474609375 0.044921875 0.037109375
1 0.2392578125 0.642578125 0.0283203125 0.037109375
1 0.130859375 0.7021484375 0.0419921875 0.0576171875
1 0.5634765625 0.474609375 0.111328125 0.1220703125
1 0.9287109375 0.607421875 0.044921875 0.0419921875
1 0.6669921875 0.6162109375 0.0341796875 0.048828125
1 0.6220703125 0.6259765625 0.203125 0.1513671875
1 0.4677734375 0.365234375 0.0205078125 0.0283203125
1 0.0244140625 0.373046875 0.013671875 0.021484375
1 0.642578125 0.4453125 0.0185546875 0.021484375
0 0.2021484375 0.34765625 0.0263671875 0.0234375
0 0.3515625 0.3212890625 0.03125 0.017578125
1 0.8193359375 0.5341796875 0.0234375 0.037109375
0 0.931640625 0.529296875 0.087890625 0.052734375
1 0.9609375 0.630859375 0.025390625 0.0390625
1 0.109375 0.4833984375 0.037109375 0.0361328125
1 0.681640625 0.509765625 0.0205078125 0.029296875
0 0.3408203125 0.400390625 0.046875 0.0390625
1 0.158203125 0.369140625 0.0185546875 0.025390625
0 0.537109375 0.337890625 0.0361328125 0.029296875
1 0.171875 0.4130859375 0.0185546875 0.033203125