0 0.3203125 0.7978515625 0.146484375 0.1767578125
1 0.6552734375 0.583984375 0.029296875 0.056640625
1 0.5654296875 0.529296875 0.0283203125 0.0498046875
1 0.599609375 0.6103515625 0.029296875 0.044921875
1 0.564453125 0.642578125 0.037109375 0.0546875
0 0.220703125 0.599609375 0.083984375 0.09375
1 0.693359375 0.546875 0.048828125 0.052734375
0 0.76953125 0.779296875 0.1923828125 0.212890625
1 0.119140625 0.6982421875 0.03125 0.056640625
0 0.314453125 0.6494140625 0.0888671875 0.111328125
1 0.5009765625 0.4990234375 0.0234375 0.0390625
1 0.8203125 0.5791015625 0.083984375 0.0830078125
1 0.6083984375 0.4501953125 0.029296875 0.037109375
1 0.947265625 0.689453125 0.076171875 0.076171875
1 0.5625 0.390625 0.015625 0.025390625
0 0.240234375 0.5087890625 0.064453125 0.076171875
1 0.591796875 0.396484375 0.0185546875 0.0263671875
1 0.123046875 0.505859375 0.0263671875 0.0361328125
1 0.1025390625 0.419921875 0.0263671875 0.029296875
1 0.162109375 0.5478515625 0.0263671875 0.044921875
1 0.162109375 0.6787109375 0.033203125 0.048828125
1 0.458984375 0.50390625 0.029296875 0.0361328125
1 0.099609375 0.513671875 0.025390625 0.044921875
1 0.765625 0.4833984375 0.03125 0.029296875
1 0.8916015625 0.6435546875 0.076171875 0.072265625
0 0.322265625 0.5517578125 0.072265625 0.078125
1 0.6875 0.46484375 0.03125 0.033203125
0 0.328125 0.490234375 0.068359375 0.0595703125
1 0.4990234375 0.5703125 0.029296875 0.056640625
1 0.1796875 0.494140625 0.0283203125 0.0419921875
1 0.4052734375 0.6630859375 0.0361328125 0.0732421875
1 0.8974609375 0.541015625 0.0390625 0.0419921875
1 0.365234375 0.3828125 0.0205078125 0.03125
1 0.4248046875 0.6103515625 0.0595703125 0.0546875
0 0.4794921875 0.359375 0.0341796875 0.037109375
1 0.5078125 0.365234375 0.0185546875 0.0283203125
1 0.5185546875 0.455078125 0.015625 0.029296875
1 0.498046875 0.46484375 0.0185546875 0.033203125
1 0.240234375 0.361328125 0.017578125 0.0185546875
1 0.162109375 0.4638671875 0.0185546875 0.0283203125
0 0.390625 0.376953125 0.037109375 0.041015625
0 0.5048828125 0.341796875 0.03125 0.03125
1 0.21875 0.412109375 0.0283203125 0.0341796875
1 0.150390625 0.416015625 0.0185546875 0.0283203125
0 0.533203125 0.357421875 0.0341796875 0.037109375
1 0.0830078125 0.4794921875 0.0439453125 0.0439453125
1 0.5185546875 0.5400390625 0.0185546875 0.044921875
1 0.111328125 0.564453125 0.025390625 0.0419921875
1 0.0712890625 0.39453125 0.0234375 0.029296875
1 0.458984375 0.4287109375 0.013671875 0.029296875
1 0.052734375 0.591796875 0.029296875 0.0625
0 0.255859375 0.396484375 0.0517578125 0.0498046875
1 0.654296875 0.4580078125 0.0263671875 0.0283203125
1 0.73046875 0.5400390625 0.0361328125 0.0419921875
1 0.173828125 0.4248046875 0.025390625 0.03125
1 0.5234375 0.830078125 0.0341796875 0.072265625
1 0.0380859375 0.822265625 0.0263671875 0.0517578125
1 0.142578125 0.3857421875 0.015625 0.021484375
1 0.185546875 0.466796875 0.021484375 0.0263671875
1 0.1357421875 0.47265625 0.025390625 0.0361328125
1 0.205078125 0.458984375 0.021484375 0.0361328125
1 0.9658203125 0.521484375 0.037109375 0.033203125
0 0.3564453125 0.353515625 0.037109375 0.033203125
1 0.21484375 0.326171875 0.0107421875 0.017578125
1 0.8974609375 0.583984375 0.0517578125 0.0576171875
1 0.0234375 0.373046875 0.021484375 0.025390625
1 0.8916015625 0.384765625 0.017578125 0.0283203125
1 0.962890625 0.626953125 0.0390625 0.0546875
1 0.841796875 0.537109375 0.029296875 0.033203125
1 0.54296875 0.5966796875 0.154296875 0.1435546875
1 0.6357421875 0.8408203125 0.0439453125 0.09375
1 0.169921875 0.328125 0.017578125 0.0185546875
1 0.4697265625 0.6572265625 0.0263671875 0.0673828125