0 0.1923828125 0.7490234375 0.125 0.1640625
0 0.51171875 0.423828125 0.0517578125 0.056640625
0 0.337890625 0.7265625 0.0986328125 0.119140625
0 0.5380859375 0.353515625 0.044921875 0.044921875
1 0.306640625 0.849609375 0.044921875 0.076171875
1 0.4150390625 0.8115234375 0.0390625 0.048828125
0 0.490234375 0.3603515625 0.041015625 0.033203125
1 0.6943359375 0.599609375 0.029296875 0.0517578125
1 0.076171875 0.7421875 0.056640625 0.1064453125
1 0.5400390625 0.4775390625 0.0263671875 0.0419921875
0 0.255859375 0.451171875 0.0830078125 0.0517578125
1 0.6083984375 0.4921875 0.0390625 0.046875
1 0.646484375 0.4892578125 0.0205078125 0.037109375
0 0.5107421875 0.333984375 0.03125 0.029296875
1 0.513671875 0.470703125 0.0341796875 0.046875
1 0.34375 0.462890625 0.0341796875 0.0341796875
1 0.38671875 0.494140625 0.0390625 0.046875
1 0.458984375 0.783203125 0.0361328125 0.0546875
1 0.4970703125 0.4521484375 0.0185546875 0.033203125
1 0.46875 0.447265625 0.025390625 0.0390625
1 0.5634765625 0.4365234375 0.0205078125 0.0263671875
1 0.5751953125 0.384765625 0.015625 0.025390625
1 0.455078125 0.369140625 0.0185546875 0.029296875
0 0.0546875 0.3828125 0.0498046875 0.025390625
1 0.4306640625 0.689453125 0.044921875 0.064453125
1 0.560546875 0.513671875 0.0263671875 0.044921875
1 0.0673828125 0.537109375 0.0283203125 0.0439453125
1 0.1083984375 0.408203125 0.0263671875 0.0205078125
1 0.421875 0.740234375 0.0498046875 0.0576171875
1 0.546875 0.4169921875 0.015625 0.0185546875
1 0.314453125 0.5107421875 0.044921875 0.046875
1 0.4658203125 0.421875 0.015625 0.0283203125
1 0.1630859375 0.423828125 0.0205078125 0.0234375
1 0.166015625 0.365234375 0.0107421875 0.015625
1 0.6201171875 0.462890625 0.0185546875 0.03125
1 0.583984375 0.4658203125 0.0283203125 0.0341796875
1 0.5634765625 0.466796875 0.0205078125 0.0341796875
0 0.068359375 0.478515625 0.1142578125 0.0576171875
1 0.1376953125 0.404296875 0.0185546875 0.025390625
1 0.072265625 0.3994140625 0.013671875 0.0234375
0 0.228515625 0.3642578125 0.052734375 0.0341796875
0 0.3525390625 0.318359375 0.0361328125 0.0185546875
1 0.0244140625 0.552734375 0.0263671875 0.0283203125
1 0.2841796875 0.3623046875 0.0185546875 0.0283203125
1 0.458984375 0.3984375 0.013671875 0.025390625
1 0.6337890625 0.4404296875 0.0205078125 0.03125
1 0.1767578125 0.326171875 0.0185546875 0.021484375
0 0.1826171875 0.875 0.1376953125 0.0283203125
1 0.064453125 0.6748046875 0.0703125 0.056640625
1 0.025390625 0.373046875 0.0107421875 0.0205078125
1 0.328125 0.35546875 0.025390625 0.029296875
1 0.8505859375 0.4169921875 0.0205078125 0.025390625
1 0.5947265625 0.361328125 0.0234375 0.0185546875
1 0.0712890625 0.33984375 0.013671875 0.013671875