0 0.193359375 0.75 0.123046875 0.162109375
0 0.509765625 0.4111328125 0.0517578125 0.0498046875
0 0.58984375 0.6630859375 0.123046875 0.1357421875
0 0.83984375 0.7919921875 0.2294921875 0.1875
0 0.337890625 0.72265625 0.0986328125 0.1142578125
0 0.4892578125 0.3603515625 0.0341796875 0.033203125
0 0.939453125 0.517578125 0.091796875 0.064453125
1 0.345703125 0.5712890625 0.0517578125 0.0703125
1 0.6982421875 0.6005859375 0.046875 0.0546875
1 0.8388671875 0.666015625 0.087890625 0.0703125
0 0.5068359375 0.552734375 0.0830078125 0.091796875
1 0.4208984375 0.748046875 0.0361328125 0.0830078125
0 0.5087890625 0.3349609375 0.033203125 0.029296875
1 0.439453125 0.521484375 0.0263671875 0.037109375
1 0.0771484375 0.744140625 0.048828125 0.068359375
1 0.5888671875 0.4208984375 0.021484375 0.033203125
1 0.748046875 0.591796875 0.0498046875 0.0595703125
1 0.5498046875 0.4306640625 0.0185546875 0.0361328125
1 0.0224609375 0.474609375 0.0234375 0.037109375
1 0.7333984375 0.537109375 0.033203125 0.0341796875
0 0.537109375 0.341796875 0.025390625 0.0234375
1 0.462890625 0.42578125 0.021484375 0.0361328125
1 0.4052734375 0.4560546875 0.029296875 0.041015625
1 0.47265625 0.533203125 0.0234375 0.037109375
1 0.125 0.650390625 0.0439453125 0.048828125
1 0.5634765625 0.544921875 0.0419921875 0.0546875
1 0.681640625 0.5283203125 0.0390625 0.0439453125
1 0.0380859375 0.5908203125 0.0546875 0.0625
1 0.451171875 0.373046875 0.015625 0.0283203125
1 0.509765625 0.48046875 0.0205078125 0.029296875
1 0.96875 0.6435546875 0.037109375 0.0498046875
1 0.798828125 0.552734375 0.048828125 0.0498046875
1 0.541015625 0.3740234375 0.0361328125 0.0390625
0 0.9453125 0.5908203125 0.083984375 0.087890625
1 0.89453125 0.6416015625 0.0390625 0.048828125
1 0.0595703125 0.478515625 0.025390625 0.0390625
1 0.4775390625 0.44140625 0.0205078125 0.029296875
1 0.6494140625 0.4580078125 0.0205078125 0.037109375
1 0.1904296875 0.609375 0.0439453125 0.037109375
0 0.3095703125 0.3955078125 0.103515625 0.0498046875
1 0.529296875 0.4482421875 0.017578125 0.0341796875
1 0.494140625 0.439453125 0.0126953125 0.025390625
1 0.6044921875 0.4697265625 0.0126953125 0.029296875
1 0.7119140625 0.5 0.013671875 0.021484375
1 0.55859375 0.4921875 0.0234375 0.0341796875
1 0.349609375 0.4658203125 0.025390625 0.0341796875
1 0.892578125 0.529296875 0.0283203125 0.033203125
1 0.470703125 0.341796875 0.0126953125 0.0185546875
1 0.328125 0.357421875 0.0185546875 0.021484375