0 0.5498046875 0.494140625 0.068359375 0.0888671875
0 0.5947265625 0.439453125 0.076171875 0.0595703125
1 0.181640625 0.587890625 0.0283203125 0.0546875
0 0.3330078125 0.7822265625 0.125 0.142578125
1 0.7919921875 0.5615234375 0.03125 0.044921875
0 0.490234375 0.353515625 0.044921875 0.0419921875
1 0.24609375 0.44140625 0.0205078125 0.033203125
1 0.765625 0.6708984375 0.052734375 0.0888671875
1 0.6865234375 0.58203125 0.033203125 0.0576171875
0 0.646484375 0.6376953125 0.1298828125 0.134765625
1 0.140625 0.439453125 0.021484375 0.0263671875
1 0.896484375 0.6474609375 0.080078125 0.0673828125
1 0.451171875 0.380859375 0.0205078125 0.0263671875
0 0.47265625 0.4833984375 0.0703125 0.080078125
1 0.634765625 0.529296875 0.0390625 0.0751953125
1 0.814453125 0.802734375 0.0625 0.0654296875
1 0.3564453125 0.4248046875 0.021484375 0.0283203125
1 0.7626953125 0.6015625 0.0439453125 0.0595703125
1 0.7060546875 0.5107421875 0.021484375 0.0283203125
1 0.150390625 0.5234375 0.03125 0.0439453125
1 0.73046875 0.5322265625 0.0390625 0.0419921875
1 0.6015625 0.478515625 0.021484375 0.037109375
1 0.150390625 0.466796875 0.0205078125 0.0263671875
0 0.123046875 0.4072265625 0.052734375 0.044921875
1 0.197265625 0.3720703125 0.0205078125 0.0283203125
1 0.064453125 0.4794921875 0.0283203125 0.0341796875
1 0.9677734375 0.7080078125 0.0390625 0.0654296875
1 0.375 0.42578125 0.0185546875 0.0263671875
1 0.669921875 0.544921875 0.021484375 0.0390625
1 0.83203125 0.5615234375 0.0263671875 0.0361328125
1 0.1943359375 0.5166015625 0.0263671875 0.033203125
1 0.2255859375 0.5380859375 0.0234375 0.048828125
1 0.5087890625 0.451171875 0.029296875 0.048828125
1 0.208984375 0.4150390625 0.0205078125 0.029296875
0 0.568359375 0.400390625 0.0546875 0.0439453125
1 0.48046875 0.4306640625 0.0263671875 0.0419921875
1 0.56640625 0.451171875 0.013671875 0.0263671875
1 0.451171875 0.5283203125 0.03125 0.0341796875
1 0.599609375 0.5068359375 0.015625 0.033203125
1 0.6728515625 0.4951171875 0.0205078125 0.0341796875
1 0.37890625 0.455078125 0.0234375 0.03125
1 0.4296875 0.408203125 0.021484375 0.0361328125
0 0.7001953125 0.798828125 0.197265625 0.1796875
1 0.923828125 0.8427734375 0.087890625 0.0859375
1 0.89453125 0.5849609375 0.0390625 0.048828125
1 0.234375 0.416015625 0.021484375 0.029296875
1 0.845703125 0.6025390625 0.0361328125 0.033203125
1 0.025390625 0.564453125 0.025390625 0.0498046875
0 0.525390625 0.322265625 0.0283203125 0.0205078125
1 0.9638671875 0.666015625 0.046875 0.037109375
1 0.1787109375 0.357421875 0.0205078125 0.0234375
1 0.46875 0.3994140625 0.0185546875 0.0361328125
1 0.93359375 0.732421875 0.033203125 0.076171875
1 0.1787109375 0.5498046875 0.0205078125 0.03125
1 0.3759765625 0.400390625 0.0205078125 0.029296875
0 0.2333984375 0.3466796875 0.033203125 0.0283203125
1 0.146484375 0.4951171875 0.0185546875 0.025390625
0 0.50390625 0.5830078125 0.0830078125 0.1064453125
1 0.185546875 0.533203125 0.107421875 0.1533203125
0 0.5380859375 0.341796875 0.048828125 0.037109375
1 0.8623046875 0.55859375 0.015625 0.0234375
1 0.595703125 0.4033203125 0.015625 0.021484375
1 0.380859375 0.3232421875 0.0205078125 0.0185546875
1 0.458984375 0.361328125 0.025390625 0.025390625
1 0.6494140625 0.443359375 0.0390625 0.0361328125
1 0.3408203125 0.3408203125 0.015625 0.021484375