0 0.32421875 0.798828125 0.1513671875 0.1767578125
0 0.1826171875 0.736328125 0.130859375 0.15625
1 0.578125 0.4521484375 0.025390625 0.029296875
0 0.568359375 0.51953125 0.0908203125 0.107421875
1 0.6171875 0.4560546875 0.0341796875 0.041015625
0 0.31640625 0.6484375 0.091796875 0.1123046875
1 0.4345703125 0.4033203125 0.015625 0.025390625
1 0.4873046875 0.5068359375 0.025390625 0.044921875
1 0.7099609375 0.763671875 0.060546875 0.1484375
1 0.103515625 0.689453125 0.0390625 0.060546875
1 0.7734375 0.724609375 0.056640625 0.068359375
1 0.5634765625 0.3916015625 0.017578125 0.0234375
1 0.822265625 0.583984375 0.083984375 0.080078125
1 0.83984375 0.849609375 0.0703125 0.0830078125
1 0.5439453125 0.427734375 0.0185546875 0.029296875
1 0.59375 0.396484375 0.0185546875 0.025390625
1 0.490234375 0.4384765625 0.0185546875 0.0390625
1 0.412109375 0.4423828125 0.021484375 0.041015625
0 0.240234375 0.5146484375 0.064453125 0.080078125
1 0.693359375 0.546875 0.0546875 0.056640625
1 0.115234375 0.552734375 0.0283203125 0.0390625
0 0.478515625 0.357421875 0.033203125 0.037109375
1 0.16015625 0.57421875 0.033203125 0.048828125
0 0.3271484375 0.490234375 0.0673828125 0.0595703125
1 0.5078125 0.3671875 0.0185546875 0.0283203125
0 0.3203125 0.548828125 0.072265625 0.0830078125
1 0.107421875 0.603515625 0.0439453125 0.060546875
1 0.89453125 0.666015625 0.0859375 0.078125
1 0.4873046875 0.412109375 0.0185546875 0.0234375
1 0.9013671875 0.5439453125 0.0283203125 0.0341796875
0 0.505859375 0.341796875 0.0263671875 0.0283203125
0 0.2548828125 0.3955078125 0.052734375 0.056640625
1 0.9560546875 0.7001953125 0.0625 0.068359375
0 0.126953125 0.4140625 0.037109375 0.037109375
1 0.455078125 0.423828125 0.015625 0.0419921875
1 0.0673828125 0.48046875 0.041015625 0.0390625
1 0.3818359375 0.4072265625 0.017578125 0.0234375
1 0.9638671875 0.51953125 0.0439453125 0.033203125
1 0.052734375 0.587890625 0.029296875 0.0576171875
1 0.7236328125 0.4599609375 0.0185546875 0.029296875
1 0.14453125 0.49609375 0.029296875 0.0390625
1 0.3720703125 0.3603515625 0.0126953125 0.0234375
0 0.533203125 0.349609375 0.0283203125 0.033203125
1 0.0556640625 0.798828125 0.0234375 0.060546875
1 0.5927734375 0.435546875 0.013671875 0.025390625
1 0.1787109375 0.49609375 0.0234375 0.029296875
1 0.419921875 0.6162109375 0.0546875 0.0576171875
1 0.9326171875 0.607421875 0.0439453125 0.0390625
1 0.109375 0.486328125 0.0341796875 0.037109375
1 0.7197265625 0.5068359375 0.0263671875 0.0361328125
1 0.390625 0.484375 0.0185546875 0.041015625
1 0.564453125 0.6240234375 0.0361328125 0.0703125
0 0.525390625 0.32421875 0.029296875 0.017578125
0 0.357421875 0.3466796875 0.0732421875 0.0439453125
1 0.896484375 0.58203125 0.044921875 0.0546875
1 0.4541015625 0.357421875 0.017578125 0.03125
1 0.1875 0.419921875 0.0439453125 0.0390625
1 0.451171875 0.416015625 0.0888671875 0.087890625
1 0.158203125 0.4228515625 0.017578125 0.0234375
1 0.1787109375 0.5390625 0.0234375 0.041015625
1 0.84375 0.5390625 0.025390625 0.0341796875
1 0.0244140625 0.5615234375 0.0234375 0.048828125
1 0.2236328125 0.806640625 0.0439453125 0.068359375
0 0.3525390625 0.3212890625 0.033203125 0.017578125
1 0.845703125 0.3525390625 0.013671875 0.0205078125
1 0.576171875 0.4091796875 0.0908203125 0.119140625
1 0.037109375 0.8525390625 0.0390625 0.064453125