0 0.169921875 0.625 0.091796875 0.103515625
0 0.630859375 0.7900390625 0.154296875 0.185546875
1 0.599609375 0.5810546875 0.0341796875 0.052734375
0 0.349609375 0.5927734375 0.0751953125 0.0986328125
1 0.5458984375 0.669921875 0.0361328125 0.0908203125
1 0.662109375 0.5771484375 0.0390625 0.0576171875
0 0.513671875 0.474609375 0.052734375 0.0625
0 0.505859375 0.533203125 0.0673828125 0.083984375
0 0.31640625 0.494140625 0.0673828125 0.0673828125
1 0.775390625 0.822265625 0.068359375 0.103515625
1 0.7158203125 0.677734375 0.052734375 0.076171875
1 0.603515625 0.662109375 0.037109375 0.0673828125
1 0.7451171875 0.640625 0.0439453125 0.068359375
1 0.69140625 0.759765625 0.0390625 0.072265625
1 0.6162109375 0.484375 0.0234375 0.0341796875
1 0.8056640625 0.587890625 0.0517578125 0.0654296875
1 0.5810546875 0.482421875 0.021484375 0.0390625
0 0.2216796875 0.478515625 0.052734375 0.056640625
1 0.1220703125 0.5771484375 0.03125 0.0576171875
1 0.4228515625 0.4951171875 0.0205078125 0.0439453125
1 0.8740234375 0.666015625 0.0673828125 0.0732421875
0 0.4892578125 0.361328125 0.046875 0.041015625
1 0.693359375 0.544921875 0.037109375 0.046875
1 0.8154296875 0.7880859375 0.0439453125 0.0673828125
1 0.6259765625 0.63671875 0.029296875 0.0546875
0 0.28515625 0.439453125 0.048828125 0.046875
1 0.947265625 0.689453125 0.0732421875 0.0830078125
1 0.623046875 0.5322265625 0.0263671875 0.0390625
1 0.5927734375 0.5361328125 0.0234375 0.041015625
1 0.732421875 0.5380859375 0.0341796875 0.0419921875
0 0.482421875 0.416015625 0.0419921875 0.0498046875
1 0.6455078125 0.541015625 0.021484375 0.0361328125
1 0.8427734375 0.6015625 0.0419921875 0.0498046875
0 0.56640625 0.4267578125 0.033203125 0.046875
1 0.89453125 0.5947265625 0.044921875 0.0546875
1 0.189453125 0.521484375 0.0263671875 0.037109375
0 0.2529296875 0.396484375 0.041015625 0.044921875
1 0.8427734375 0.5576171875 0.0390625 0.0498046875
1 0.091796875 0.6728515625 0.0283203125 0.0517578125
1 0.810546875 0.734375 0.033203125 0.041015625
1 0.0400390625 0.5732421875 0.0205078125 0.0498046875
0 0.205078125 0.4189453125 0.048828125 0.0341796875
1 0.42578125 0.44140625 0.0205078125 0.033203125
1 0.267578125 0.6171875 0.03125 0.068359375
1 0.4013671875 0.498046875 0.03125 0.0439453125
1 0.5947265625 0.4521484375 0.0234375 0.033203125
1 0.8984375 0.5458984375 0.03125 0.0390625
1 0.443359375 0.4130859375 0.021484375 0.0361328125
1 0.578125 0.44921875 0.015625 0.0263671875
1 0.6259765625 0.5634765625 0.1015625 0.2236328125
1 0.044921875 0.748046875 0.0439453125 0.0673828125
1 0.1689453125 0.4990234375 0.021484375 0.0361328125
1 0.814453125 0.53515625 0.0263671875 0.0419921875
0 0.32421875 0.404296875 0.0703125 0.0390625
0 0.3515625 0.3203125 0.0341796875 0.0185546875
1 0.103515625 0.48046875 0.046875 0.044921875
1 0.4853515625 0.599609375 0.0234375 0.0341796875
0 0.53125 0.404296875 0.037109375 0.0419921875
1 0.0234375 0.490234375 0.025390625 0.041015625
0 0.201171875 0.341796875 0.0234375 0.0185546875
1 0.640625 0.443359375 0.03125 0.029296875
1 0.9560546875 0.626953125 0.0341796875 0.0546875
0 0.947265625 0.5810546875 0.0751953125 0.0654296875
1 0.5576171875 0.373046875 0.0283203125 0.029296875
1 0.0576171875 0.4794921875 0.021484375 0.0341796875
0 0.0712890625 0.21484375 0.0576171875 0.017578125
1 0.5498046875 0.599609375 0.0283203125 0.0595703125
1 0.146484375 0.4638671875 0.025390625 0.03125
1 0.4482421875 0.669921875 0.03125 0.0751953125