0 0.712890625 0.63671875 0.1435546875 0.142578125
0 0.6318359375 0.787109375 0.158203125 0.1953125
1 0.267578125 0.5654296875 0.025390625 0.0439453125
0 0.580078125 0.498046875 0.0751953125 0.0888671875
1 0.6064453125 0.60546875 0.0341796875 0.0673828125
1 0.11328125 0.548828125 0.0263671875 0.0390625
1 0.349609375 0.546875 0.0234375 0.037109375
1 0.1748046875 0.494140625 0.021484375 0.0390625
1 0.31640625 0.654296875 0.033203125 0.0703125
1 0.3916015625 0.59765625 0.029296875 0.080078125
0 0.525390625 0.5869140625 0.1044921875 0.1357421875
1 0.2236328125 0.5419921875 0.021484375 0.03125
1 0.3056640625 0.5712890625 0.0234375 0.0390625
1 0.267578125 0.634765625 0.0341796875 0.0595703125
1 0.818359375 0.5712890625 0.0830078125 0.0888671875
0 0.3056640625 0.4443359375 0.048828125 0.044921875
0 0.564453125 0.380859375 0.0361328125 0.0419921875
1 0.9443359375 0.681640625 0.0830078125 0.091796875
1 0.685546875 0.544921875 0.0498046875 0.048828125
1 0.7275390625 0.5341796875 0.048828125 0.046875
1 0.1015625 0.6708984375 0.0341796875 0.060546875
1 0.240234375 0.501953125 0.021484375 0.033203125
1 0.5244140625 0.4990234375 0.0263671875 0.044921875
1 0.494140625 0.5 0.0205078125 0.041015625
0 0.201171875 0.45703125 0.048828125 0.0361328125
1 0.5908203125 0.431640625 0.0185546875 0.033203125
0 0.509765625 0.349609375 0.041015625 0.0390625
1 0.1484375 0.5107421875 0.021484375 0.037109375
1 0.380859375 0.73046875 0.03125 0.048828125
1 0.19921875 0.6826171875 0.033203125 0.0654296875
1 0.130859375 0.583984375 0.029296875 0.0439453125
1 0.5732421875 0.619140625 0.025390625 0.056640625
1 0.27734375 0.5087890625 0.0234375 0.0361328125
0 0.888671875 0.833984375 0.1875 0.109375
1 0.216796875 0.615234375 0.029296875 0.0498046875
1 0.177734375 0.548828125 0.025390625 0.048828125
1 0.208984375 0.490234375 0.0185546875 0.0283203125
1 0.15234375 0.4638671875 0.0205078125 0.0283203125
0 0.4453125 0.4384765625 0.056640625 0.076171875
1 0.162109375 0.38671875 0.0205078125 0.0205078125
1 0.3662109375 0.4697265625 0.0205078125 0.0390625
0 0.271484375 0.40234375 0.0625 0.0419921875
1 0.0751953125 0.7724609375 0.0341796875 0.048828125
1 0.2744140625 0.802734375 0.048828125 0.109375
0 0.5380859375 0.4228515625 0.0419921875 0.044921875
0 0.533203125 0.3818359375 0.0361328125 0.033203125
1 0.228515625 0.439453125 0.0185546875 0.0283203125
1 0.2607421875 0.482421875 0.015625 0.029296875
1 0.94140625 0.6083984375 0.0830078125 0.0703125
1 0.638671875 0.44140625 0.0341796875 0.033203125
1 0.029296875 0.5830078125 0.037109375 0.068359375
1 0.896484375 0.580078125 0.037109375 0.0439453125
1 0.169921875 0.841796875 0.0673828125 0.0673828125
0 0.4775390625 0.3720703125 0.0361328125 0.041015625
1 0.6025390625 0.45703125 0.0107421875 0.0205078125
1 0.498046875 0.466796875 0.0205078125 0.033203125
1 0.505859375 0.3779296875 0.025390625 0.03125
1 0.552734375 0.7216796875 0.044921875 0.0810546875
1 0.376953125 0.6689453125 0.017578125 0.0283203125
1 0.1943359375 0.3603515625 0.017578125 0.0234375
1 0.267578125 0.603515625 0.1591796875 0.171875
1 0.8984375 0.5439453125 0.0283203125 0.041015625
1 0.05859375 0.48046875 0.0205078125 0.0361328125
0 0.1943359375 0.3330078125 0.0419921875 0.0283203125
1 0.3515625 0.7880859375 0.03125 0.076171875
1 0.212890625 0.5029296875 0.138671875 0.099609375
0 0.09375 0.419921875 0.072265625 0.044921875
1 0.193359375 0.38671875 0.015625 0.0234375
1 0.6787109375 0.4384765625 0.0205078125 0.0361328125
1 0.2158203125 0.5810546875 0.021484375 0.0341796875
1 0.3818359375 0.853515625 0.1142578125 0.068359375
1 0.2626953125 0.8671875 0.041015625 0.046875
1 0.224609375 0.513671875 0.021484375 0.03125