0 0.1904296875 0.669921875 0.109375 0.119140625
0 0.603515625 0.7041015625 0.146484375 0.185546875
1 0.771484375 0.8046875 0.0576171875 0.1064453125
0 0.630859375 0.5693359375 0.0888671875 0.091796875
1 0.1796875 0.5576171875 0.0283203125 0.046875
1 0.2802734375 0.5595703125 0.0263671875 0.0439453125
0 0.525390625 0.3916015625 0.044921875 0.044921875
1 0.1357421875 0.5654296875 0.025390625 0.037109375
1 0.544921875 0.5595703125 0.0283203125 0.046875
1 0.099609375 0.646484375 0.0341796875 0.052734375
1 0.8173828125 0.576171875 0.0810546875 0.0859375
1 0.6064453125 0.4873046875 0.025390625 0.0341796875
1 0.25390625 0.5830078125 0.029296875 0.052734375
1 0.05859375 0.78515625 0.029296875 0.0576171875
1 0.30859375 0.451171875 0.0205078125 0.025390625
0 0.537109375 0.4453125 0.0498046875 0.052734375
1 0.2841796875 0.474609375 0.0185546875 0.029296875
0 0.912109375 0.8359375 0.1484375 0.103515625
1 0.380859375 0.5419921875 0.0283203125 0.0595703125
1 0.9404296875 0.681640625 0.087890625 0.0908203125
1 0.3681640625 0.486328125 0.0205078125 0.033203125
1 0.2578125 0.4580078125 0.0185546875 0.037109375
1 0.51171875 0.5888671875 0.0263671875 0.046875
1 0.5859375 0.501953125 0.025390625 0.0341796875
1 0.298828125 0.513671875 0.0185546875 0.03125
1 0.6884765625 0.544921875 0.044921875 0.046875
1 0.150390625 0.423828125 0.0234375 0.0263671875
1 0.1923828125 0.5029296875 0.025390625 0.037109375
1 0.14453125 0.466796875 0.0263671875 0.033203125
1 0.255859375 0.7412109375 0.041015625 0.0576171875
1 0.255859375 0.501953125 0.025390625 0.037109375
1 0.7177734375 0.8671875 0.0673828125 0.0439453125
1 0.232421875 0.4541015625 0.0185546875 0.0361328125
1 0.177734375 0.474609375 0.0263671875 0.0341796875
0 0.560546875 0.3876953125 0.0341796875 0.037109375
1 0.326171875 0.5732421875 0.0234375 0.0439453125
1 0.896484375 0.5419921875 0.033203125 0.037109375
1 0.119140625 0.4296875 0.0283203125 0.021484375
1 0.728515625 0.5400390625 0.0419921875 0.044921875
1 0.158203125 0.494140625 0.021484375 0.0341796875
1 0.05859375 0.4814453125 0.0205078125 0.0341796875
1 0.228515625 0.4931640625 0.0185546875 0.033203125
1 0.5224609375 0.521484375 0.0234375 0.0361328125
1 0.677734375 0.6982421875 0.0439453125 0.056640625
1 0.564453125 0.48828125 0.021484375 0.033203125
1 0.583984375 0.455078125 0.0234375 0.0341796875
1 0.451171875 0.3798828125 0.015625 0.025390625
0 0.541015625 0.345703125 0.029296875 0.025390625
1 0.0419921875 0.583984375 0.0283203125 0.0625
1 0.6044921875 0.462890625 0.015625 0.0234375
1 0.576171875 0.59375 0.03125 0.041015625
1 0.470703125 0.431640625 0.0185546875 0.0283203125
1 0.3525390625 0.55859375 0.0419921875 0.0703125
0 0.466796875 0.3994140625 0.03125 0.029296875
1 0.1875 0.3798828125 0.0126953125 0.021484375
1 0.169921875 0.7890625 0.0517578125 0.0908203125
0 0.451171875 0.4833984375 0.0576171875 0.076171875
1 0.021484375 0.478515625 0.021484375 0.0390625
1 0.951171875 0.529296875 0.021484375 0.017578125
1 0.251953125 0.416015625 0.0498046875 0.033203125
1 0.5498046875 0.5107421875 0.025390625 0.03125
1 0.5888671875 0.3974609375 0.0185546875 0.033203125
0 0.4931640625 0.345703125 0.0263671875 0.0263671875
1 0.4677734375 0.36328125 0.013671875 0.0263671875
1 0.251953125 0.466796875 0.1484375 0.078125
1 0.896484375 0.5859375 0.041015625 0.056640625
1 0.962890625 0.59375 0.044921875 0.056640625
1 0.1142578125 0.486328125 0.046875 0.041015625
1 0.2216796875 0.400390625 0.0341796875 0.0263671875
1 0.236328125 0.3857421875 0.015625 0.025390625
1 0.9599609375 0.630859375 0.0263671875 0.0419921875
1 0.490234375 0.3896484375 0.025390625 0.033203125
1 0.4560546875 0.7080078125 0.041015625 0.125
1 0.669921875 0.7431640625 0.0263671875 0.044921875
1 0.021484375 0.5634765625 0.021484375 0.0517578125
1 0.677734375 0.513671875 0.021484375 0.0361328125
1 0.025390625 0.3740234375 0.0126953125 0.0205078125