0 0.19140625 0.748046875 0.123046875 0.162109375
0 0.5107421875 0.4208984375 0.046875 0.0517578125
1 0.6123046875 0.4951171875 0.0341796875 0.046875
1 0.5166015625 0.4755859375 0.0361328125 0.0517578125
0 0.3388671875 0.7275390625 0.0966796875 0.1171875
1 0.412109375 0.80078125 0.0546875 0.0732421875
0 0.537109375 0.353515625 0.0390625 0.0419921875
1 0.078125 0.7578125 0.046875 0.072265625
0 0.4912109375 0.361328125 0.0419921875 0.0361328125
1 0.310546875 0.8525390625 0.0419921875 0.0673828125
1 0.119140625 0.666015625 0.046875 0.0625
1 0.439453125 0.447265625 0.0185546875 0.03125
1 0.427734375 0.6796875 0.044921875 0.056640625
1 0.54296875 0.4794921875 0.0234375 0.037109375
1 0.49609375 0.44921875 0.017578125 0.0263671875
1 0.548828125 0.4375 0.0185546875 0.03125
1 0.46875 0.4580078125 0.0283203125 0.037109375
1 0.564453125 0.435546875 0.017578125 0.0234375
1 0.4580078125 0.7802734375 0.037109375 0.064453125
1 0.646484375 0.490234375 0.0234375 0.0361328125
1 0.09765625 0.40234375 0.0205078125 0.0234375
1 0.548828125 0.552734375 0.0546875 0.0576171875
0 0.9287109375 0.568359375 0.1142578125 0.0625
1 0.056640625 0.4814453125 0.021484375 0.03125
0 0.5087890625 0.33203125 0.0263671875 0.0263671875
1 0.0322265625 0.5654296875 0.0419921875 0.068359375
1 0.580078125 0.388671875 0.0234375 0.03125
1 0.4228515625 0.73828125 0.048828125 0.0546875
1 0.029296875 0.78515625 0.0361328125 0.080078125
1 0.5625 0.4658203125 0.0185546875 0.03125
1 0.3759765625 0.4541015625 0.0263671875 0.0390625
1 0.466796875 0.423828125 0.017578125 0.0263671875
1 0.6201171875 0.462890625 0.0185546875 0.029296875
0 0.41796875 0.498046875 0.1171875 0.060546875
1 0.4375 0.3623046875 0.015625 0.021484375
1 0.560546875 0.376953125 0.025390625 0.03125
1 0.4599609375 0.365234375 0.0263671875 0.029296875
1 0.5947265625 0.46875 0.013671875 0.021484375
1 0.0791015625 0.56640625 0.0263671875 0.0419921875
1 0.0654296875 0.5068359375 0.0185546875 0.0361328125
1 0.166015625 0.3642578125 0.013671875 0.0185546875
1 0.177734375 0.326171875 0.0185546875 0.021484375
1 0.3310546875 0.35546875 0.021484375 0.0263671875
0 0.234375 0.3720703125 0.0498046875 0.0283203125
1 0.591796875 0.4287109375 0.013671875 0.0234375
1 0.384765625 0.5927734375 0.033203125 0.064453125
0 0.1953125 0.84765625 0.130859375 0.0732421875
1 0.021484375 0.49609375 0.021484375 0.029296875