0 0.189453125 0.7490234375 0.1298828125 0.1640625
0 0.5126953125 0.4267578125 0.0498046875 0.0595703125
0 0.3388671875 0.7275390625 0.099609375 0.1171875
1 0.837890625 0.6591796875 0.076171875 0.072265625
0 0.537109375 0.3515625 0.0439453125 0.041015625
1 0.8544921875 0.837890625 0.078125 0.0966796875
1 0.6005859375 0.484375 0.029296875 0.037109375
1 0.65625 0.646484375 0.072265625 0.072265625
1 0.544921875 0.5458984375 0.0439453125 0.048828125
1 0.3359375 0.451171875 0.041015625 0.0341796875
1 0.470703125 0.595703125 0.03125 0.044921875
1 0.5791015625 0.58203125 0.029296875 0.0576171875
1 0.599609375 0.8486328125 0.0546875 0.078125
1 0.078125 0.76171875 0.0439453125 0.0830078125
1 0.4306640625 0.6767578125 0.0390625 0.0595703125
0 0.8798828125 0.580078125 0.1845703125 0.072265625
0 0.486328125 0.3603515625 0.0498046875 0.033203125
1 0.4912109375 0.541015625 0.0546875 0.0625
1 0.58203125 0.4658203125 0.0234375 0.037109375
1 0.5615234375 0.44921875 0.0205078125 0.033203125
1 0.7685546875 0.6552734375 0.0498046875 0.064453125
1 0.287109375 0.43359375 0.033203125 0.029296875
1 0.732421875 0.630859375 0.041015625 0.0498046875
1 0.791015625 0.484375 0.0341796875 0.0341796875
1 0.3056640625 0.8330078125 0.0419921875 0.0908203125
0 0.5458984375 0.6533203125 0.123046875 0.150390625
1 0.7646484375 0.73046875 0.044921875 0.064453125
1 0.923828125 0.634765625 0.046875 0.064453125
1 0.54296875 0.421875 0.017578125 0.03125
1 0.357421875 0.5966796875 0.107421875 0.056640625
1 0.7109375 0.775390625 0.0498046875 0.0830078125
1 0.6767578125 0.7099609375 0.0283203125 0.060546875
1 0.685546875 0.861328125 0.0576171875 0.0576171875
1 0.669921875 0.5283203125 0.033203125 0.0341796875
1 0.6123046875 0.556640625 0.0341796875 0.0361328125
1 0.693359375 0.576171875 0.0498046875 0.0517578125
1 0.072265625 0.6923828125 0.041015625 0.0498046875
1 0.732421875 0.587890625 0.041015625 0.0390625
1 0.5947265625 0.521484375 0.0419921875 0.044921875
1 0.7333984375 0.515625 0.029296875 0.03125
1 0.8125 0.611328125 0.052734375 0.0419921875
1 0.63671875 0.515625 0.029296875 0.037109375
1 0.501953125 0.46875 0.0234375 0.03125
1 0.9736328125 0.62890625 0.03125 0.0419921875
1 0.064453125 0.4794921875 0.0283203125 0.0341796875
1 0.65234375 0.564453125 0.0361328125 0.044921875
1 0.974609375 0.5595703125 0.025390625 0.037109375
1 0.0205078125 0.572265625 0.0185546875 0.0341796875
1 0.404296875 0.4814453125 0.046875 0.0439453125
1 0.4521484375 0.373046875 0.017578125 0.025390625
1 0.439453125 0.361328125 0.021484375 0.029296875
0 0.505859375 0.333984375 0.037109375 0.03125
1 0.62890625 0.4404296875 0.0205078125 0.0283203125
1 0.884765625 0.615234375 0.044921875 0.0390625
1 0.890625 0.384765625 0.015625 0.0283203125
1 0.576171875 0.37890625 0.017578125 0.029296875
0 0.2412109375 0.3740234375 0.064453125 0.0361328125
1 0.431640625 0.533203125 0.0283203125 0.0390625
1 0.9130859375 0.50390625 0.0234375 0.0361328125
1 0.1171875 0.4775390625 0.0625 0.0419921875
1 0.701171875 0.48046875 0.0673828125 0.0517578125
0 0.3525390625 0.322265625 0.0361328125 0.0185546875
1 0.029296875 0.767578125 0.0341796875 0.068359375
1 0.966796875 0.513671875 0.0341796875 0.041015625
1 0.5771484375 0.4267578125 0.0234375 0.0341796875
1 0.0390625 0.4736328125 0.03125 0.0341796875
1 0.4365234375 0.4560546875 0.013671875 0.03125
1 0.69140625 0.4619140625 0.017578125 0.0234375
1 0.0615234375 0.65234375 0.017578125 0.0390625
1 0.177734375 0.3271484375 0.0205078125 0.017578125
1 0.1396484375 0.4091796875 0.0234375 0.0185546875
1 0.767578125 0.478515625 0.0234375 0.0361328125
1 0.5107421875 0.4921875 0.208984375 0.1875
1 0.0390625 0.556640625 0.0185546875 0.0283203125
1 0.5546875 0.4921875 0.041015625 0.046875