0 0.568359375 0.6669921875 0.126953125 0.1435546875
0 0.189453125 0.666015625 0.1142578125 0.1328125
0 0.3505859375 0.673828125 0.095703125 0.119140625
1 0.732421875 0.6904296875 0.0419921875 0.072265625
1 0.677734375 0.576171875 0.0439453125 0.0595703125
1 0.267578125 0.5029296875 0.025390625 0.0341796875
1 0.634765625 0.5478515625 0.0283203125 0.0517578125
0 0.544921875 0.4658203125 0.056640625 0.056640625
1 0.080078125 0.7626953125 0.0390625 0.0654296875
0 0.5830078125 0.5478515625 0.103515625 0.1201171875
1 0.8193359375 0.583984375 0.080078125 0.078125
1 0.86328125 0.775390625 0.060546875 0.095703125
1 0.1650390625 0.5654296875 0.0263671875 0.052734375
1 0.3720703125 0.455078125 0.0185546875 0.0263671875
1 0.951171875 0.6708984375 0.0703125 0.0888671875
1 0.73046875 0.541015625 0.044921875 0.048828125
0 0.4775390625 0.52734375 0.064453125 0.0732421875
1 0.494140625 0.451171875 0.021484375 0.0341796875
0 0.322265625 0.458984375 0.056640625 0.052734375
1 0.890625 0.650390625 0.0810546875 0.0830078125
1 0.1494140625 0.498046875 0.0234375 0.0390625
1 0.5888671875 0.4189453125 0.0185546875 0.03125
0 0.1650390625 0.419921875 0.0419921875 0.0361328125
0 0.501953125 0.3662109375 0.0341796875 0.029296875
1 0.4453125 0.4970703125 0.021484375 0.0439453125
0 0.5244140625 0.3310546875 0.033203125 0.025390625
1 0.310546875 0.513671875 0.0263671875 0.041015625
1 0.4345703125 0.7724609375 0.0283203125 0.0546875
1 0.4150390625 0.50390625 0.0205078125 0.0361328125
1 0.53515625 0.404296875 0.0205078125 0.0283203125
0 0.271484375 0.41796875 0.078125 0.0390625
1 0.1591796875 0.53125 0.0185546875 0.025390625
0 0.458984375 0.4638671875 0.056640625 0.052734375
1 0.1982421875 0.490234375 0.021484375 0.048828125
1 0.701171875 0.552734375 0.0263671875 0.0361328125
1 0.451171875 0.3681640625 0.017578125 0.0263671875
1 0.470703125 0.611328125 0.03125 0.0576171875
1 0.2431640625 0.439453125 0.017578125 0.021484375
0 0.931640625 0.580078125 0.109375 0.0888671875
1 0.5166015625 0.443359375 0.017578125 0.0390625
1 0.1572265625 0.7626953125 0.033203125 0.052734375
0 0.6865234375 0.8388671875 0.1640625 0.0966796875
1 0.46484375 0.3935546875 0.0205078125 0.0341796875
0 0.50390625 0.34375 0.0263671875 0.0185546875
1 0.2958984375 0.78515625 0.033203125 0.080078125
1 0.068359375 0.478515625 0.0439453125 0.0390625
1 0.2470703125 0.7880859375 0.0625 0.123046875
1 0.859375 0.7099609375 0.037109375 0.0390625
1 0.498046875 0.412109375 0.0205078125 0.033203125
1 0.111328125 0.6240234375 0.0546875 0.0986328125
1 0.904296875 0.5458984375 0.017578125 0.0234375
1 0.2099609375 0.458984375 0.0263671875 0.0341796875
1 0.0390625 0.5751953125 0.056640625 0.083984375
1 0.2265625 0.4814453125 0.1689453125 0.103515625
0 0.3515625 0.3203125 0.03125 0.0185546875
1 0.0322265625 0.478515625 0.0419921875 0.037109375
1 0.8251953125 0.537109375 0.0185546875 0.0390625