0 0.193359375 0.751953125 0.125 0.166015625
0 0.513671875 0.4375 0.052734375 0.052734375
1 0.4052734375 0.6162109375 0.0390625 0.0673828125
1 0.62890625 0.568359375 0.0263671875 0.0595703125
0 0.3388671875 0.7265625 0.0966796875 0.119140625
1 0.67578125 0.64453125 0.0419921875 0.060546875
1 0.5576171875 0.595703125 0.03125 0.0517578125
0 0.486328125 0.3623046875 0.044921875 0.0341796875
0 0.5380859375 0.349609375 0.0390625 0.0361328125
1 0.10546875 0.6923828125 0.044921875 0.072265625
1 0.564453125 0.4677734375 0.0234375 0.0419921875
1 0.587890625 0.541015625 0.0263671875 0.0546875
1 0.6748046875 0.587890625 0.0283203125 0.0390625
1 0.412109375 0.806640625 0.046875 0.0654296875
1 0.5634765625 0.55078125 0.0263671875 0.0419921875
1 0.3076171875 0.8388671875 0.0498046875 0.0810546875
1 0.8359375 0.580078125 0.052734375 0.0654296875
1 0.4560546875 0.779296875 0.037109375 0.064453125
1 0.5 0.4794921875 0.021484375 0.046875
1 0.3994140625 0.4111328125 0.029296875 0.037109375
1 0.43359375 0.4541015625 0.017578125 0.0390625
1 0.6669921875 0.7646484375 0.056640625 0.095703125
1 0.4150390625 0.392578125 0.013671875 0.0234375
1 0.4541015625 0.373046875 0.0205078125 0.029296875
1 0.068359375 0.53125 0.029296875 0.0439453125
1 0.7265625 0.716796875 0.0439453125 0.0703125
0 0.509765625 0.333984375 0.029296875 0.029296875
1 0.423828125 0.7255859375 0.0390625 0.044921875
1 0.630859375 0.517578125 0.037109375 0.0517578125
1 0.7646484375 0.6513671875 0.033203125 0.056640625
1 0.46875 0.4375 0.0185546875 0.03125
1 0.421875 0.4296875 0.0185546875 0.03125
1 0.568359375 0.388671875 0.015625 0.025390625
1 0.6474609375 0.482421875 0.0205078125 0.0361328125
1 0.5947265625 0.484375 0.017578125 0.041015625
0 0.1748046875 0.416015625 0.0751953125 0.044921875
1 0.0625 0.48046875 0.03125 0.0419921875
1 0.580078125 0.5048828125 0.025390625 0.037109375
1 0.248046875 0.361328125 0.021484375 0.0234375
1 0.5771484375 0.4287109375 0.013671875 0.0263671875
1 0.08984375 0.404296875 0.0234375 0.033203125
1 0.39453125 0.37890625 0.013671875 0.0205078125
1 0.0224609375 0.56640625 0.0234375 0.0546875
1 0.55859375 0.4375 0.017578125 0.0341796875
1 0.625 0.4501953125 0.0185546875 0.03125
1 0.908203125 0.7099609375 0.041015625 0.1015625
1 0.166015625 0.3623046875 0.015625 0.015625
1 0.0263671875 0.7744140625 0.03125 0.0576171875
1 0.021484375 0.830078125 0.0205078125 0.046875
1 0.9755859375 0.591796875 0.0234375 0.033203125
1 0.587890625 0.375 0.0185546875 0.021484375
1 0.375 0.39453125 0.021484375 0.0263671875
1 0.330078125 0.359375 0.013671875 0.0185546875
1 0.0283203125 0.685546875 0.0341796875 0.0732421875
1 0.3662109375 0.3642578125 0.017578125 0.0185546875
1 0.419921875 0.666015625 0.0185546875 0.021484375
1 0.22265625 0.3603515625 0.017578125 0.0205078125
0 0.1953125 0.3251953125 0.046875 0.025390625
1 0.3974609375 0.3603515625 0.017578125 0.0205078125
1 0.537109375 0.3955078125 0.0126953125 0.03125
1 0.681640625 0.4404296875 0.0185546875 0.0283203125
1 0.61328125 0.52734375 0.126953125 0.201171875
0 0.1953125 0.875 0.0966796875 0.0283203125
1 0.025390625 0.373046875 0.0126953125 0.0205078125
1 0.73828125 0.533203125 0.0205078125 0.0576171875
1 0.5625 0.833984375 0.068359375 0.1044921875
1 0.9541015625 0.607421875 0.029296875 0.0654296875