0 0.1923828125 0.75 0.125 0.166015625
0 0.3369140625 0.728515625 0.0986328125 0.119140625
0 0.509765625 0.419921875 0.046875 0.0625
1 0.626953125 0.642578125 0.037109375 0.060546875
1 0.4013671875 0.837890625 0.056640625 0.0673828125
0 0.4921875 0.3603515625 0.041015625 0.0361328125
1 0.0947265625 0.599609375 0.029296875 0.0498046875
1 0.3193359375 0.4501953125 0.029296875 0.0283203125
0 0.5400390625 0.345703125 0.0390625 0.029296875
1 0.6455078125 0.5986328125 0.056640625 0.056640625
1 0.576171875 0.56640625 0.048828125 0.0576171875
1 0.7001953125 0.732421875 0.046875 0.064453125
1 0.529296875 0.373046875 0.015625 0.021484375
1 0.615234375 0.51171875 0.033203125 0.0390625
1 0.537109375 0.5673828125 0.0439453125 0.056640625
1 0.8935546875 0.380859375 0.021484375 0.033203125
1 0.83203125 0.650390625 0.0673828125 0.056640625
1 0.5625 0.4716796875 0.021484375 0.03125
0 0.8271484375 0.5712890625 0.1826171875 0.060546875
1 0.671875 0.509765625 0.037109375 0.0439453125
1 0.544921875 0.43359375 0.0185546875 0.0263671875
1 0.4970703125 0.515625 0.025390625 0.03125
0 0.603515625 0.7275390625 0.125 0.1513671875
1 0.728515625 0.626953125 0.0966796875 0.0703125
1 0.4912109375 0.55078125 0.0517578125 0.0673828125
1 0.59765625 0.478515625 0.0205078125 0.03125
1 0.779296875 0.7470703125 0.068359375 0.0751953125
1 0.423828125 0.4658203125 0.03125 0.03125
1 0.8994140625 0.62890625 0.0576171875 0.0517578125
1 0.3583984375 0.5986328125 0.0859375 0.052734375
1 0.6376953125 0.505859375 0.025390625 0.0390625
0 0.5078125 0.3330078125 0.03125 0.0283203125
1 0.427734375 0.6748046875 0.0390625 0.0625
1 0.548828125 0.373046875 0.0185546875 0.0263671875
1 0.064453125 0.484375 0.0341796875 0.03125
1 0.306640625 0.8447265625 0.0419921875 0.0703125
1 0.9541015625 0.619140625 0.0546875 0.044921875
1 0.673828125 0.572265625 0.029296875 0.037109375
1 0.5791015625 0.4638671875 0.017578125 0.03125
1 0.52734375 0.51953125 0.0263671875 0.044921875
1 0.513671875 0.646484375 0.0390625 0.0439453125
1 0.0791015625 0.755859375 0.048828125 0.0732421875
1 0.181640625 0.412109375 0.0185546875 0.025390625
1 0.845703125 0.498046875 0.0205078125 0.0361328125
1 0.0517578125 0.71875 0.025390625 0.046875
1 0.533203125 0.404296875 0.015625 0.0234375
1 0.775390625 0.4765625 0.0390625 0.03125
1 0.0224609375 0.5615234375 0.0205078125 0.0390625
1 0.8837890625 0.595703125 0.033203125 0.0361328125
1 0.818359375 0.837890625 0.0732421875 0.091796875
1 0.96484375 0.560546875 0.0390625 0.0361328125
1 0.5771484375 0.6474609375 0.0732421875 0.0390625
1 0.474609375 0.595703125 0.0263671875 0.041015625
1 0.912109375 0.5029296875 0.021484375 0.037109375
1 0.041015625 0.556640625 0.015625 0.0283203125
1 0.248046875 0.4521484375 0.033203125 0.0263671875
1 0.8232421875 0.4921875 0.025390625 0.037109375
1 0.640625 0.4765625 0.015625 0.03125
1 0.580078125 0.375 0.021484375 0.0283203125
1 0.08203125 0.412109375 0.0205078125 0.021484375
1 0.107421875 0.486328125 0.03125 0.03125
1 0.9326171875 0.865234375 0.072265625 0.0498046875
1 0.796875 0.59765625 0.0283203125 0.048828125
1 0.5595703125 0.5205078125 0.03125 0.041015625
1 0.45703125 0.3642578125 0.0263671875 0.03125
1 0.599609375 0.470703125 0.095703125 0.080078125
1 0.41015625 0.77734375 0.0390625 0.048828125
1 0.9462890625 0.5146484375 0.017578125 0.0263671875
0 0.197265625 0.8759765625 0.083984375 0.029296875
1 0.2568359375 0.3994140625 0.0263671875 0.0263671875
0 0.240234375 0.373046875 0.060546875 0.037109375
1 0.564453125 0.443359375 0.017578125 0.0283203125
1 0.96875 0.521484375 0.03125 0.0361328125
1 0.234375 0.416015625 0.015625 0.0263671875
1 0.787109375 0.548828125 0.029296875 0.025390625
1 0.8095703125 0.708984375 0.025390625 0.068359375
1 0.025390625 0.373046875 0.0126953125 0.0234375
1 0.056640625 0.6796875 0.0263671875 0.052734375