0 0.158203125 0.673828125 0.1123046875 0.1220703125
0 0.3466796875 0.6669921875 0.09375 0.119140625
0 0.568359375 0.6689453125 0.1044921875 0.1376953125
0 0.5078125 0.451171875 0.0498046875 0.0576171875
0 0.330078125 0.529296875 0.0732421875 0.076171875
1 0.7041015625 0.6474609375 0.0419921875 0.0732421875
1 0.646484375 0.595703125 0.0341796875 0.060546875
1 0.6083984375 0.5302734375 0.029296875 0.0546875
1 0.7548828125 0.755859375 0.087890625 0.0986328125
1 0.5712890625 0.5400390625 0.0419921875 0.0546875
1 0.697265625 0.54296875 0.037109375 0.0546875
0 0.2236328125 0.501953125 0.056640625 0.0625
1 0.9462890625 0.685546875 0.076171875 0.0859375
1 0.8076171875 0.580078125 0.0595703125 0.0673828125
0 0.4873046875 0.357421875 0.037109375 0.0341796875
1 0.876953125 0.662109375 0.0830078125 0.0859375
1 0.50390625 0.5732421875 0.033203125 0.083984375
0 0.8154296875 0.8486328125 0.1689453125 0.078125
1 0.5927734375 0.6005859375 0.0361328125 0.060546875
1 0.548828125 0.580078125 0.0283203125 0.044921875
0 0.4892578125 0.404296875 0.0439453125 0.048828125
1 0.60546875 0.4931640625 0.029296875 0.0390625
1 0.646484375 0.6806640625 0.037109375 0.064453125
1 0.67578125 0.8583984375 0.048828125 0.060546875
0 0.478515625 0.48828125 0.0517578125 0.060546875
1 0.4169921875 0.4736328125 0.0185546875 0.0341796875
1 0.0859375 0.6337890625 0.0341796875 0.0673828125
0 0.5556640625 0.4140625 0.0390625 0.046875
0 0.294921875 0.455078125 0.052734375 0.048828125
1 0.4326171875 0.5166015625 0.025390625 0.0390625
1 0.7294921875 0.541015625 0.041015625 0.0439453125
1 0.5732421875 0.4736328125 0.0283203125 0.0439453125
1 0.22265625 0.552734375 0.0361328125 0.0576171875
1 0.6708984375 0.5654296875 0.0263671875 0.046875
1 0.5908203125 0.78125 0.0439453125 0.083984375
1 0.154296875 0.546875 0.0263671875 0.0439453125
1 0.5908203125 0.4287109375 0.0185546875 0.0263671875
1 0.6025390625 0.458984375 0.0205078125 0.0283203125
1 0.9443359375 0.6142578125 0.080078125 0.0654296875
1 0.8974609375 0.544921875 0.033203125 0.029296875
1 0.849609375 0.5556640625 0.033203125 0.0517578125
1 0.400390625 0.4599609375 0.021484375 0.029296875
1 0.14453125 0.486328125 0.0234375 0.033203125
1 0.052734375 0.798828125 0.046875 0.0576171875
1 0.896484375 0.5849609375 0.0419921875 0.060546875
1 0.63671875 0.443359375 0.0263671875 0.033203125
0 0.263671875 0.40625 0.044921875 0.037109375
1 0.0322265625 0.576171875 0.0390625 0.0703125
1 0.421875 0.4306640625 0.015625 0.0205078125
0 0.53515625 0.3466796875 0.0390625 0.03125
1 0.4306640625 0.41015625 0.017578125 0.0234375
1 0.0712890625 0.48046875 0.0517578125 0.0419921875
0 0.181640625 0.4775390625 0.0263671875 0.0390625
1 0.251953125 0.4541015625 0.0185546875 0.033203125
1 0.8154296875 0.5341796875 0.025390625 0.041015625
1 0.111328125 0.486328125 0.041015625 0.0341796875
0 0.232421875 0.8515625 0.0498046875 0.0625
1 0.6708984375 0.521484375 0.029296875 0.0419921875
1 0.591796875 0.3818359375 0.013671875 0.0205078125
1 0.763671875 0.7041015625 0.033203125 0.0390625