0 0.193359375 0.748046875 0.1220703125 0.162109375
0 0.337890625 0.728515625 0.1015625 0.1201171875
0 0.51171875 0.41796875 0.044921875 0.048828125
1 0.1201171875 0.568359375 0.03125 0.0517578125
0 0.486328125 0.361328125 0.0390625 0.033203125
1 0.2451171875 0.466796875 0.0341796875 0.041015625
1 0.4091796875 0.8076171875 0.046875 0.056640625
0 0.5380859375 0.3544921875 0.0419921875 0.0439453125
1 0.1708984375 0.587890625 0.0361328125 0.0546875
1 0.06640625 0.53125 0.0263671875 0.0439453125
1 0.3056640625 0.85546875 0.0419921875 0.064453125
1 0.078125 0.7578125 0.0498046875 0.078125
0 0.509765625 0.333984375 0.0283203125 0.029296875
0 0.185546875 0.421875 0.0625 0.037109375
1 0.5654296875 0.4501953125 0.021484375 0.0341796875
0 0.435546875 0.5048828125 0.142578125 0.078125
1 0.5947265625 0.4853515625 0.0205078125 0.0390625
1 0.458984375 0.78125 0.037109375 0.0625
1 0.548828125 0.439453125 0.0205078125 0.033203125
1 0.548828125 0.4921875 0.0263671875 0.0498046875
1 0.646484375 0.490234375 0.017578125 0.033203125
1 0.38671875 0.400390625 0.013671875 0.025390625
1 0.4267578125 0.681640625 0.041015625 0.091796875
1 0.5107421875 0.3671875 0.0185546875 0.025390625
1 0.6181640625 0.4853515625 0.033203125 0.0361328125
1 0.638671875 0.455078125 0.029296875 0.029296875
1 0.0615234375 0.4755859375 0.029296875 0.033203125
1 0.5712890625 0.396484375 0.0234375 0.0361328125
1 0.4736328125 0.453125 0.0341796875 0.0341796875
1 0.408203125 0.3857421875 0.017578125 0.021484375
1 0.0283203125 0.783203125 0.037109375 0.078125
1 0.580078125 0.4208984375 0.0185546875 0.0361328125
1 0.021484375 0.5673828125 0.0185546875 0.052734375
1 0.3779296875 0.3662109375 0.015625 0.017578125
1 0.0390625 0.5576171875 0.0185546875 0.037109375
0 0.0673828125 0.5087890625 0.1123046875 0.123046875
1 0.466796875 0.423828125 0.017578125 0.0283203125
1 0.564453125 0.423828125 0.017578125 0.029296875
0 0.185546875 0.3251953125 0.037109375 0.025390625
1 0.1669921875 0.3662109375 0.015625 0.017578125
1 0.45703125 0.361328125 0.0234375 0.0283203125
1 0.2060546875 0.357421875 0.015625 0.015625
1 0.58984375 0.376953125 0.013671875 0.0234375
0 0.1923828125 0.875 0.099609375 0.0283203125
0 0.236328125 0.3701171875 0.056640625 0.0341796875
1 0.025390625 0.373046875 0.0126953125 0.0205078125
1 0.412109375 0.736328125 0.0283203125 0.037109375