0 0.1923828125 0.748046875 0.1220703125 0.162109375
0 0.509765625 0.42578125 0.048828125 0.0576171875
0 0.337890625 0.7275390625 0.0986328125 0.1201171875
1 0.1474609375 0.4970703125 0.0263671875 0.041015625
0 0.5400390625 0.349609375 0.0390625 0.0361328125
1 0.28125 0.466796875 0.037109375 0.041015625
1 0.068359375 0.5390625 0.0283203125 0.0439453125
1 0.236328125 0.5234375 0.037109375 0.0595703125
1 0.2333984375 0.451171875 0.0361328125 0.037109375
1 0.5107421875 0.47265625 0.03125 0.0419921875
1 0.6357421875 0.5029296875 0.025390625 0.046875
0 0.2099609375 0.4189453125 0.080078125 0.041015625
1 0.501953125 0.517578125 0.046875 0.052734375
1 0.3076171875 0.8330078125 0.0498046875 0.0908203125
0 0.1123046875 0.396484375 0.0625 0.0361328125
1 0.60546875 0.5478515625 0.0546875 0.0546875
0 0.4921875 0.3603515625 0.041015625 0.0361328125
1 0.314453125 0.4658203125 0.03125 0.0341796875
1 0.5576171875 0.3740234375 0.0283203125 0.033203125
1 0.193359375 0.451171875 0.033203125 0.0390625
1 0.396484375 0.5263671875 0.0263671875 0.056640625
0 0.509765625 0.3330078125 0.03125 0.0283203125
1 0.45703125 0.7900390625 0.0390625 0.060546875
1 0.4296875 0.669921875 0.0439453125 0.0517578125
1 0.0810546875 0.7568359375 0.0498046875 0.0703125
0 0.943359375 0.572265625 0.0859375 0.0654296875
1 0.576171875 0.4833984375 0.0263671875 0.0390625
1 0.576171875 0.43359375 0.0205078125 0.033203125
1 0.29296875 0.4423828125 0.0234375 0.0283203125
1 0.34375 0.447265625 0.0341796875 0.041015625
1 0.548828125 0.47265625 0.025390625 0.044921875
1 0.4140625 0.8095703125 0.041015625 0.056640625
1 0.13671875 0.431640625 0.0205078125 0.0341796875
1 0.8193359375 0.591796875 0.076171875 0.0517578125
1 0.0673828125 0.4794921875 0.0439453125 0.037109375
1 0.6376953125 0.4755859375 0.015625 0.0263671875
1 0.6201171875 0.455078125 0.015625 0.0234375
1 0.5947265625 0.46484375 0.017578125 0.0263671875
1 0.435546875 0.361328125 0.0185546875 0.0263671875
1 0.4658203125 0.4365234375 0.015625 0.029296875
1 0.107421875 0.62890625 0.041015625 0.064453125
1 0.6083984375 0.5126953125 0.0263671875 0.037109375
1 0.34375 0.5185546875 0.021484375 0.041015625
1 0.8623046875 0.818359375 0.087890625 0.1220703125
1 0.419921875 0.736328125 0.044921875 0.0517578125
1 0.029296875 0.5849609375 0.029296875 0.080078125
1 0.55859375 0.4697265625 0.154296875 0.0888671875
1 0.0458984375 0.677734375 0.0263671875 0.046875
0 0.232421875 0.3701171875 0.0703125 0.0439453125
1 0.109375 0.484375 0.037109375 0.0341796875
1 0.1708984375 0.3349609375 0.0517578125 0.033203125
1 0.37890625 0.5029296875 0.0205078125 0.037109375
0 0.197265625 0.875 0.091796875 0.0283203125
1 0.0244140625 0.4619140625 0.017578125 0.033203125
1 0.125 0.361328125 0.0126953125 0.021484375
1 0.3291015625 0.35546875 0.017578125 0.029296875
1 0.669921875 0.5166015625 0.0234375 0.0390625
0 0.677734375 0.541015625 0.0625 0.0390625
0 0.3037109375 0.3427734375 0.076171875 0.080078125
1 0.392578125 0.490234375 0.017578125 0.03125