0 0.318359375 0.7998046875 0.150390625 0.1748046875
0 0.31640625 0.6484375 0.0888671875 0.1064453125
0 0.564453125 0.529296875 0.078125 0.111328125
1 0.126953125 0.552734375 0.025390625 0.0390625
1 0.4296875 0.4658203125 0.025390625 0.041015625
1 0.2294921875 0.6376953125 0.037109375 0.052734375
0 0.240234375 0.5166015625 0.060546875 0.0732421875
1 0.181640625 0.5595703125 0.0341796875 0.041015625
1 0.4990234375 0.4453125 0.0263671875 0.0341796875
1 0.5634765625 0.3896484375 0.0205078125 0.0263671875
1 0.4765625 0.470703125 0.03125 0.0361328125
1 0.81640625 0.5634765625 0.0830078125 0.080078125
1 0.529296875 0.431640625 0.0234375 0.029296875
1 0.7275390625 0.541015625 0.048828125 0.052734375
0 0.3212890625 0.552734375 0.0703125 0.0888671875
1 0.1767578125 0.6171875 0.025390625 0.041015625
1 0.439453125 0.435546875 0.0283203125 0.0283203125
1 0.943359375 0.6748046875 0.083984375 0.103515625
1 0.3779296875 0.568359375 0.0498046875 0.0546875
1 0.400390625 0.38671875 0.0185546875 0.029296875
1 0.630859375 0.740234375 0.041015625 0.0751953125
0 0.328125 0.4892578125 0.0654296875 0.056640625
1 0.6787109375 0.4638671875 0.0234375 0.0283203125
1 0.0625 0.4765625 0.025390625 0.03125
1 0.111328125 0.501953125 0.0341796875 0.0341796875
0 0.5361328125 0.337890625 0.0439453125 0.033203125
1 0.8896484375 0.65234375 0.0576171875 0.0576171875
1 0.162109375 0.515625 0.025390625 0.0341796875
1 0.6083984375 0.6171875 0.029296875 0.072265625
1 0.1171875 0.591796875 0.0341796875 0.0576171875
0 0.48046875 0.3525390625 0.0361328125 0.0390625
1 0.3828125 0.4912109375 0.03125 0.0419921875
1 0.0390625 0.556640625 0.015625 0.029296875
1 0.5595703125 0.462890625 0.025390625 0.037109375
1 0.6640625 0.4990234375 0.0185546875 0.0419921875
0 0.2119140625 0.330078125 0.0546875 0.0341796875
1 0.40234375 0.435546875 0.017578125 0.0361328125
1 0.5966796875 0.40234375 0.0126953125 0.0263671875
0 0.25390625 0.3984375 0.0546875 0.0595703125
1 0.2841796875 0.3603515625 0.025390625 0.0263671875
1 0.185546875 0.7119140625 0.033203125 0.064453125
1 0.845703125 0.6005859375 0.0361328125 0.0390625
1 0.189453125 0.4248046875 0.041015625 0.037109375
1 0.373046875 0.35546875 0.0263671875 0.033203125
1 0.478515625 0.4091796875 0.0185546875 0.0341796875
1 0.748046875 0.4765625 0.0419921875 0.041015625
0 0.505859375 0.337890625 0.029296875 0.0263671875
0 0.1689453125 0.46875 0.0498046875 0.046875
1 0.8916015625 0.587890625 0.048828125 0.0595703125
1 0.5068359375 0.36328125 0.013671875 0.033203125
1 0.2177734375 0.416015625 0.029296875 0.037109375
1 0.3515625 0.6171875 0.021484375 0.0439453125
1 0.57421875 0.369140625 0.017578125 0.0283203125
0 0.4140625 0.3642578125 0.046875 0.0341796875
1 0.4921875 0.4453125 0.1748046875 0.09375
1 0.451171875 0.494140625 0.0283203125 0.0625
1 0.205078125 0.462890625 0.017578125 0.03125
0 0.3515625 0.322265625 0.0341796875 0.021484375
1 0.271484375 0.63671875 0.029296875 0.060546875
1 0.4677734375 0.4443359375 0.0205078125 0.0361328125
1 0.0234375 0.5205078125 0.025390625 0.021484375
1 0.28125 0.744140625 0.0185546875 0.03125
0 0.0439453125 0.5439453125 0.068359375 0.125
1 0.9453125 0.517578125 0.03125 0.03125