0 0.193359375 0.748046875 0.1220703125 0.162109375
0 0.5068359375 0.423828125 0.060546875 0.0546875
0 0.337890625 0.728515625 0.0986328125 0.1220703125
1 0.283203125 0.46875 0.0234375 0.03125
1 0.6123046875 0.4990234375 0.03125 0.0390625
1 0.5791015625 0.4912109375 0.029296875 0.0390625
0 0.486328125 0.3525390625 0.0703125 0.0546875
1 0.087890625 0.6484375 0.03125 0.052734375
0 0.5458984375 0.35546875 0.0546875 0.0517578125
1 0.634765625 0.5068359375 0.0234375 0.0419921875
1 0.140625 0.53125 0.021484375 0.037109375
0 0.9306640625 0.580078125 0.1142578125 0.0859375
1 0.0673828125 0.5361328125 0.0283203125 0.0439453125
1 0.494140625 0.453125 0.0205078125 0.03125
1 0.642578125 0.5712890625 0.0361328125 0.0546875
1 0.513671875 0.5 0.044921875 0.046875
0 0.3935546875 0.4833984375 0.115234375 0.064453125
1 0.154296875 0.4599609375 0.0185546875 0.033203125
1 0.232421875 0.4375 0.0234375 0.03125
1 0.47265625 0.447265625 0.033203125 0.041015625
1 0.1826171875 0.4208984375 0.0283203125 0.029296875
1 0.541015625 0.462890625 0.025390625 0.0361328125
1 0.515625 0.4638671875 0.0341796875 0.041015625
1 0.4169921875 0.810546875 0.0341796875 0.0576171875
1 0.0751953125 0.7626953125 0.0341796875 0.0654296875
1 0.4580078125 0.783203125 0.0341796875 0.0546875
1 0.4599609375 0.5322265625 0.048828125 0.048828125
1 0.646484375 0.470703125 0.0205078125 0.025390625
1 0.4267578125 0.705078125 0.046875 0.076171875
1 0.3076171875 0.853515625 0.0439453125 0.0625
1 0.123046875 0.4189453125 0.0205078125 0.03125
1 0.1943359375 0.4638671875 0.033203125 0.041015625
1 0.0654296875 0.482421875 0.0283203125 0.0390625
1 0.6845703125 0.5185546875 0.0341796875 0.037109375
1 0.560546875 0.451171875 0.015625 0.025390625
1 0.1533203125 0.421875 0.0283203125 0.025390625
1 0.5849609375 0.3583984375 0.013671875 0.0205078125
1 0.1611328125 0.369140625 0.0126953125 0.0185546875
1 0.080078125 0.400390625 0.0263671875 0.0283203125
1 0.93359375 0.626953125 0.0517578125 0.044921875
1 0.634765625 0.4453125 0.0361328125 0.03125
1 0.6884765625 0.5615234375 0.048828125 0.044921875
0 0.232421875 0.3623046875 0.0546875 0.03125
1 0.3525390625 0.341796875 0.013671875 0.015625
1 0.830078125 0.6533203125 0.0654296875 0.052734375
1 0.0263671875 0.373046875 0.0185546875 0.0234375
1 0.177734375 0.330078125 0.0185546875 0.017578125
1 0.5869140625 0.4501953125 0.017578125 0.025390625
1 0.8916015625 0.3837890625 0.017578125 0.0263671875
1 0.5859375 0.40234375 0.0126953125 0.0205078125
1 0.5947265625 0.46484375 0.013671875 0.0205078125
0 0.201171875 0.875 0.0859375 0.0283203125
1 0.72265625 0.4521484375 0.017578125 0.0390625
1 0.060546875 0.384765625 0.017578125 0.015625
1 0.7353515625 0.53125 0.0390625 0.03125
1 0.5498046875 0.4423828125 0.015625 0.025390625
0 0.248046875 0.3271484375 0.0341796875 0.017578125
1 0.56640625 0.4873046875 0.232421875 0.1904296875
1 0.427734375 0.6455078125 0.03125 0.0498046875