0 0.193359375 0.7490234375 0.123046875 0.1611328125
0 0.5107421875 0.42578125 0.046875 0.0546875
0 0.337890625 0.728515625 0.0986328125 0.119140625
0 0.177734375 0.4130859375 0.0732421875 0.0419921875
1 0.208984375 0.5146484375 0.025390625 0.044921875
1 0.509765625 0.46875 0.0234375 0.0439453125
0 0.8994140625 0.5615234375 0.1669921875 0.076171875
0 0.53515625 0.3544921875 0.0419921875 0.0439453125
1 0.2421875 0.4541015625 0.0341796875 0.0361328125
1 0.5615234375 0.380859375 0.0263671875 0.03125
1 0.1484375 0.47265625 0.025390625 0.0361328125
0 0.0830078125 0.390625 0.056640625 0.0341796875
1 0.3173828125 0.5322265625 0.041015625 0.048828125
1 0.5908203125 0.4482421875 0.0185546875 0.025390625
0 0.490234375 0.361328125 0.041015625 0.037109375
1 0.63671875 0.505859375 0.0234375 0.041015625
1 0.56640625 0.529296875 0.044921875 0.0498046875
1 0.08203125 0.7548828125 0.0517578125 0.0751953125
0 0.5087890625 0.3349609375 0.033203125 0.033203125
1 0.580078125 0.482421875 0.021484375 0.033203125
1 0.1142578125 0.4208984375 0.025390625 0.029296875
1 0.51953125 0.533203125 0.0517578125 0.0517578125
1 0.537109375 0.478515625 0.025390625 0.0419921875
1 0.5625 0.4697265625 0.0185546875 0.0361328125
1 0.33203125 0.494140625 0.029296875 0.0390625
1 0.201171875 0.4443359375 0.0185546875 0.0263671875
1 0.0673828125 0.53515625 0.0283203125 0.048828125
1 0.3076171875 0.826171875 0.046875 0.0830078125
1 0.2998046875 0.4375 0.0283203125 0.025390625
1 0.6044921875 0.4755859375 0.025390625 0.0361328125
1 0.4140625 0.7919921875 0.0498046875 0.083984375
1 0.427734375 0.701171875 0.048828125 0.0830078125
1 0.5654296875 0.4345703125 0.015625 0.025390625
1 0.416015625 0.5048828125 0.046875 0.0595703125
1 0.169921875 0.4462890625 0.0361328125 0.0263671875
1 0.4560546875 0.787109375 0.037109375 0.052734375
1 0.119140625 0.578125 0.029296875 0.046875
1 0.103515625 0.4765625 0.037109375 0.0439453125
1 0.203125 0.330078125 0.021484375 0.0205078125
0 0.669921875 0.591796875 0.076171875 0.0654296875
1 0.46484375 0.431640625 0.013671875 0.033203125
1 0.548828125 0.447265625 0.017578125 0.0234375
1 0.5693359375 0.4658203125 0.138671875 0.0751953125
1 0.9208984375 0.6015625 0.064453125 0.0439453125
1 0.2978515625 0.4013671875 0.0205078125 0.021484375
1 0.025390625 0.3720703125 0.021484375 0.021484375
1 0.4375 0.361328125 0.0185546875 0.0283203125
1 0.587890625 0.3642578125 0.03125 0.0283203125
1 0.8701171875 0.8369140625 0.056640625 0.0830078125
1 0.6376953125 0.4794921875 0.015625 0.0283203125
1 0.767578125 0.7041015625 0.0361328125 0.0732421875
1 0.6396484375 0.443359375 0.029296875 0.025390625
1 0.033203125 0.474609375 0.046875 0.044921875
1 0.1787109375 0.328125 0.0234375 0.025390625
1 0.3828125 0.3271484375 0.021484375 0.0205078125
1 0.041015625 0.5576171875 0.0185546875 0.0341796875
1 0.205078125 0.359375 0.013671875 0.015625
1 0.04296875 0.6875 0.0205078125 0.025390625
0 0.1982421875 0.875 0.09375 0.0283203125
1 0.25 0.326171875 0.021484375 0.0205078125