0 0.193359375 0.748046875 0.1201171875 0.1611328125
0 0.5107421875 0.423828125 0.052734375 0.0576171875
0 0.337890625 0.7275390625 0.0966796875 0.1201171875
0 0.5390625 0.3544921875 0.0498046875 0.046875
1 0.134765625 0.5439453125 0.025390625 0.046875
1 0.2431640625 0.4443359375 0.0263671875 0.033203125
1 0.4990234375 0.533203125 0.0419921875 0.0546875
1 0.6103515625 0.5 0.0361328125 0.041015625
1 0.068359375 0.5361328125 0.0263671875 0.0439453125
1 0.58984375 0.400390625 0.017578125 0.029296875
1 0.298828125 0.478515625 0.025390625 0.0361328125
1 0.634765625 0.5087890625 0.021484375 0.0390625
1 0.564453125 0.375 0.0234375 0.0283203125
0 0.486328125 0.3525390625 0.0703125 0.0546875
0 0.951171875 0.583984375 0.0703125 0.0810546875
0 0.4130859375 0.4892578125 0.1044921875 0.0625
1 0.4951171875 0.455078125 0.0185546875 0.0341796875
1 0.1484375 0.4580078125 0.037109375 0.0439453125
1 0.42578125 0.7060546875 0.048828125 0.078125
1 0.1259765625 0.421875 0.0205078125 0.03125
1 0.306640625 0.8505859375 0.0419921875 0.0576171875
1 0.51171875 0.4814453125 0.033203125 0.0341796875
1 0.548828125 0.525390625 0.046875 0.0419921875
1 0.45703125 0.78125 0.0361328125 0.0625
1 0.2001953125 0.466796875 0.0341796875 0.0439453125
1 0.4697265625 0.451171875 0.0263671875 0.0390625
1 0.646484375 0.474609375 0.017578125 0.03125
1 0.552734375 0.4658203125 0.025390625 0.037109375
1 0.478515625 0.427734375 0.013671875 0.0263671875
1 0.416015625 0.8115234375 0.0361328125 0.0546875
1 0.5087890625 0.3662109375 0.013671875 0.0263671875
1 0.5810546875 0.46484375 0.021484375 0.033203125
1 0.0703125 0.48046875 0.037109375 0.033203125
1 0.1689453125 0.423828125 0.0283203125 0.021484375
1 0.1552734375 0.4072265625 0.0205078125 0.0263671875
1 0.6650390625 0.51171875 0.0234375 0.033203125
1 0.0302734375 0.5810546875 0.0361328125 0.087890625
1 0.080078125 0.4072265625 0.015625 0.0263671875
1 0.080078125 0.7490234375 0.0517578125 0.0830078125
1 0.634765625 0.4462890625 0.0341796875 0.029296875
1 0.0625 0.3427734375 0.021484375 0.0205078125
1 0.69921875 0.5791015625 0.048828125 0.048828125
1 0.7353515625 0.5703125 0.033203125 0.0498046875
1 0.068359375 0.66796875 0.0625 0.076171875
1 0.1982421875 0.419921875 0.0185546875 0.021484375
1 0.345703125 0.341796875 0.0107421875 0.0205078125
1 0.427734375 0.51171875 0.021484375 0.0263671875
1 0.8916015625 0.3837890625 0.017578125 0.0263671875
1 0.0263671875 0.373046875 0.0185546875 0.0234375
1 0.578125 0.4775390625 0.150390625 0.095703125
1 0.587890625 0.3603515625 0.0126953125 0.0205078125
0 0.232421875 0.3603515625 0.052734375 0.0263671875
0 0.1962890625 0.875 0.0830078125 0.0283203125
1 0.41796875 0.76953125 0.0419921875 0.048828125
1 0.1630859375 0.369140625 0.0107421875 0.021484375
1 0.8291015625 0.65625 0.060546875 0.041015625
1 0.5498046875 0.4423828125 0.015625 0.025390625
1 0.728515625 0.455078125 0.0185546875 0.0390625
1 0.197265625 0.32421875 0.0205078125 0.0234375
1 0.6806640625 0.4404296875 0.0234375 0.03125
1 0.427734375 0.646484375 0.0341796875 0.0517578125
1 0.0341796875 0.46875 0.046875 0.041015625