0 0.333984375 0.794921875 0.142578125 0.1796875
0 0.529296875 0.603515625 0.1044921875 0.1279296875
0 0.1767578125 0.76171875 0.125 0.173828125
1 0.7568359375 0.646484375 0.048828125 0.060546875
0 0.6279296875 0.771484375 0.162109375 0.203125
1 0.7080078125 0.732421875 0.0498046875 0.0859375
1 0.625 0.513671875 0.03125 0.0546875
1 0.41015625 0.4677734375 0.0205078125 0.033203125
1 0.77734375 0.7431640625 0.0517578125 0.0830078125
1 0.8544921875 0.759765625 0.0654296875 0.0810546875
1 0.1494140625 0.58203125 0.029296875 0.0419921875
0 0.564453125 0.4228515625 0.044921875 0.0546875
1 0.279296875 0.5498046875 0.029296875 0.041015625
1 0.4267578125 0.541015625 0.0283203125 0.0498046875
1 0.8056640625 0.5869140625 0.0546875 0.064453125
0 0.333984375 0.478515625 0.056640625 0.056640625
1 0.66015625 0.576171875 0.0361328125 0.0517578125
1 0.8896484375 0.646484375 0.080078125 0.087890625
1 0.482421875 0.53125 0.033203125 0.041015625
1 0.6982421875 0.55078125 0.03125 0.0361328125
1 0.732421875 0.533203125 0.033203125 0.0361328125
1 0.140625 0.552734375 0.021484375 0.033203125
0 0.5380859375 0.4638671875 0.0517578125 0.0654296875
1 0.59375 0.5302734375 0.0185546875 0.0419921875
1 0.955078125 0.66796875 0.0595703125 0.0859375
1 0.8447265625 0.603515625 0.0390625 0.0419921875
1 0.376953125 0.50390625 0.0234375 0.033203125
1 0.138671875 0.51953125 0.021484375 0.029296875
0 0.189453125 0.462890625 0.060546875 0.0654296875
0 0.5087890625 0.34765625 0.0361328125 0.0361328125
1 0.435546875 0.470703125 0.015625 0.037109375
1 0.267578125 0.474609375 0.0234375 0.0361328125
1 0.841796875 0.552734375 0.029296875 0.044921875
1 0.5947265625 0.4033203125 0.013671875 0.0283203125
0 0.5458984375 0.353515625 0.0361328125 0.0341796875
1 0.4443359375 0.513671875 0.0205078125 0.03125
1 0.162109375 0.521484375 0.0205078125 0.0234375
0 0.193359375 0.345703125 0.0341796875 0.0283203125
1 0.927734375 0.611328125 0.0439453125 0.0419921875
1 0.201171875 0.537109375 0.021484375 0.041015625
0 0.080078125 0.4697265625 0.080078125 0.0576171875
1 0.0859375 0.7587890625 0.0283203125 0.0419921875
1 0.7890625 0.55078125 0.025390625 0.029296875
1 0.6953125 0.5205078125 0.015625 0.025390625
1 0.5166015625 0.4150390625 0.017578125 0.0263671875
0 0.302734375 0.4345703125 0.0419921875 0.0341796875
1 0.5341796875 0.4013671875 0.021484375 0.0341796875
1 0.748046875 0.5947265625 0.021484375 0.029296875
1 0.8984375 0.578125 0.046875 0.0439453125
1 0.220703125 0.505859375 0.0205078125 0.029296875
1 0.7109375 0.525390625 0.021484375 0.03125
1 0.146484375 0.650390625 0.0263671875 0.0498046875
1 0.904296875 0.544921875 0.017578125 0.025390625
1 0.4326171875 0.8427734375 0.041015625 0.0830078125
0 0.232421875 0.3359375 0.033203125 0.03125
1 0.349609375 0.6083984375 0.0263671875 0.0576171875
1 0.09765625 0.3955078125 0.017578125 0.021484375
1 0.451171875 0.494140625 0.1044921875 0.138671875
1 0.03125 0.576171875 0.037109375 0.0810546875
0 0.322265625 0.400390625 0.076171875 0.037109375
1 0.443359375 0.4404296875 0.0234375 0.0341796875
1 0.9638671875 0.595703125 0.046875 0.056640625