0 0.193359375 0.748046875 0.123046875 0.162109375
0 0.5107421875 0.421875 0.052734375 0.052734375
0 0.3388671875 0.728515625 0.103515625 0.1220703125
0 0.517578125 0.521484375 0.1201171875 0.0810546875
0 0.7568359375 0.541015625 0.158203125 0.0732421875
1 0.5458984375 0.4619140625 0.0419921875 0.048828125
1 0.45703125 0.435546875 0.0234375 0.029296875
1 0.310546875 0.4873046875 0.0361328125 0.0341796875
0 0.541015625 0.3447265625 0.041015625 0.0263671875
0 0.4892578125 0.361328125 0.041015625 0.0341796875
1 0.505859375 0.611328125 0.0419921875 0.0576171875
1 0.193359375 0.4228515625 0.0283203125 0.0263671875
0 0.509765625 0.333984375 0.03125 0.029296875
1 0.607421875 0.48828125 0.0830078125 0.064453125
1 0.5283203125 0.3720703125 0.0185546875 0.025390625
1 0.595703125 0.626953125 0.0439453125 0.0673828125
1 0.4130859375 0.5498046875 0.033203125 0.041015625
1 0.5732421875 0.3740234375 0.015625 0.0234375
1 0.166015625 0.462890625 0.0234375 0.0361328125
1 0.4560546875 0.7802734375 0.041015625 0.060546875
1 0.42578125 0.474609375 0.0419921875 0.0390625
1 0.076171875 0.7685546875 0.037109375 0.0595703125
1 0.28125 0.4658203125 0.03125 0.037109375
1 0.7744140625 0.833984375 0.0576171875 0.0888671875
1 0.71484375 0.841796875 0.0576171875 0.076171875
1 0.55078125 0.373046875 0.017578125 0.025390625
1 0.119140625 0.478515625 0.052734375 0.044921875
1 0.5908203125 0.451171875 0.0185546875 0.0234375
1 0.7568359375 0.609375 0.076171875 0.0595703125
1 0.455078125 0.3642578125 0.0205078125 0.025390625
1 0.837890625 0.6259765625 0.0625 0.0546875
1 0.654296875 0.732421875 0.0546875 0.0810546875
1 0.8779296875 0.6337890625 0.041015625 0.0390625
1 0.3076171875 0.83203125 0.046875 0.091796875
1 0.705078125 0.580078125 0.0439453125 0.048828125
1 0.576171875 0.583984375 0.046875 0.0390625
1 0.15625 0.5087890625 0.021484375 0.0361328125
1 0.97265625 0.564453125 0.033203125 0.0439453125
1 0.4208984375 0.7451171875 0.044921875 0.0498046875
1 0.4287109375 0.673828125 0.0419921875 0.044921875
1 0.15625 0.443359375 0.0185546875 0.0185546875
1 0.54296875 0.568359375 0.029296875 0.0361328125
1 0.05859375 0.4794921875 0.0205078125 0.0341796875
1 0.9091796875 0.595703125 0.025390625 0.037109375
1 0.1787109375 0.3251953125 0.0234375 0.021484375
1 0.791015625 0.580078125 0.0390625 0.041015625
1 0.90625 0.8740234375 0.0439453125 0.033203125
1 0.9130859375 0.564453125 0.142578125 0.115234375
1 0.025390625 0.5595703125 0.025390625 0.0439453125
1 0.462890625 0.71484375 0.0263671875 0.0361328125
0 0.330078125 0.3984375 0.072265625 0.041015625
1 0.90625 0.5068359375 0.025390625 0.029296875
0 0.353515625 0.3203125 0.03125 0.0185546875
1 0.4111328125 0.6005859375 0.0283203125 0.0703125
1 0.2568359375 0.451171875 0.029296875 0.0263671875
1 0.384765625 0.7822265625 0.0419921875 0.0830078125
1 0.0634765625 0.681640625 0.0361328125 0.056640625
1 0.634765625 0.5810546875 0.072265625 0.0439453125
1 0.4697265625 0.6396484375 0.033203125 0.0830078125
1 0.0341796875 0.8271484375 0.0498046875 0.0888671875
0 0.240234375 0.3837890625 0.060546875 0.0390625
1 0.146484375 0.546875 0.0283203125 0.046875
1 0.728515625 0.71484375 0.0263671875 0.060546875
1 0.849609375 0.564453125 0.037109375 0.0439453125
1 0.3828125 0.3251953125 0.015625 0.0185546875
1 0.0302734375 0.6123046875 0.029296875 0.072265625
1 0.4912109375 0.5634765625 0.0390625 0.0517578125
0 0.1123046875 0.4072265625 0.0625 0.033203125
1 0.5498046875 0.43359375 0.0185546875 0.0234375
1 0.6279296875 0.44140625 0.021484375 0.029296875
1 0.759765625 0.5537109375 0.03125 0.029296875
1 0.9306640625 0.380859375 0.0263671875 0.0341796875
1 0.595703125 0.361328125 0.03125 0.025390625