0 0.3251953125 0.80078125 0.1435546875 0.1767578125
0 0.2021484375 0.677734375 0.107421875 0.1201171875
0 0.556640625 0.552734375 0.109375 0.119140625
0 0.240234375 0.505859375 0.0625 0.068359375
1 0.1357421875 0.5751953125 0.03125 0.068359375
0 0.31640625 0.6494140625 0.0888671875 0.107421875
0 0.224609375 0.5791015625 0.0751953125 0.0888671875
1 0.8154296875 0.5849609375 0.0751953125 0.076171875
1 0.689453125 0.544921875 0.048828125 0.060546875
1 0.896484375 0.650390625 0.078125 0.0830078125
1 0.1572265625 0.484375 0.0205078125 0.03125
0 0.3212890625 0.55078125 0.0703125 0.080078125
0 0.50390625 0.3447265625 0.0361328125 0.033203125
1 0.1240234375 0.646484375 0.0361328125 0.0654296875
0 0.419921875 0.3984375 0.0419921875 0.041015625
0 0.3271484375 0.4892578125 0.064453125 0.056640625
1 0.728515625 0.53515625 0.044921875 0.044921875
0 0.478515625 0.357421875 0.033203125 0.03125
1 0.28125 0.732421875 0.03125 0.046875
1 0.126953125 0.4921875 0.0234375 0.037109375
1 0.189453125 0.490234375 0.0205078125 0.0361328125
1 0.0419921875 0.580078125 0.0283203125 0.0517578125
1 0.892578125 0.5751953125 0.0361328125 0.046875
1 0.142578125 0.4638671875 0.017578125 0.03125
1 0.9580078125 0.6943359375 0.0595703125 0.076171875
1 0.5556640625 0.4130859375 0.0107421875 0.0205078125
0 0.53515625 0.330078125 0.044921875 0.03125
1 0.0703125 0.48046875 0.0341796875 0.0361328125
1 0.5107421875 0.587890625 0.0283203125 0.0517578125
1 0.4091796875 0.6162109375 0.025390625 0.0517578125
1 0.1953125 0.42578125 0.0185546875 0.0234375
1 0.173828125 0.4658203125 0.0205078125 0.0283203125
1 0.931640625 0.607421875 0.0595703125 0.044921875
1 0.587890625 0.4169921875 0.0107421875 0.025390625
1 0.419921875 0.365234375 0.0185546875 0.017578125
1 0.0771484375 0.3984375 0.0205078125 0.025390625
1 0.2060546875 0.4638671875 0.021484375 0.041015625
1 0.3056640625 0.705078125 0.0419921875 0.0498046875
0 0.244140625 0.3876953125 0.0625 0.041015625
0 0.1123046875 0.41015625 0.0654296875 0.0390625
1 0.8544921875 0.546875 0.0283203125 0.041015625
1 0.021484375 0.4736328125 0.0205078125 0.025390625
1 0.521484375 0.4189453125 0.015625 0.03125
1 0.443359375 0.419921875 0.015625 0.0341796875
0 0.169921875 0.533203125 0.0283203125 0.048828125
0 0.3505859375 0.3193359375 0.033203125 0.017578125
1 0.1591796875 0.4140625 0.037109375 0.037109375
1 0.0244140625 0.560546875 0.0234375 0.046875
1 0.888671875 0.3857421875 0.013671875 0.0283203125