0 0.193359375 0.748046875 0.123046875 0.1611328125
0 0.51171875 0.421875 0.044921875 0.052734375
0 0.337890625 0.7275390625 0.0986328125 0.1201171875
0 0.4912109375 0.357421875 0.0390625 0.037109375
0 0.1005859375 0.3935546875 0.064453125 0.0341796875
1 0.310546875 0.853515625 0.0517578125 0.068359375
0 0.5380859375 0.3544921875 0.0419921875 0.0439453125
1 0.513671875 0.4736328125 0.033203125 0.046875
1 0.4140625 0.798828125 0.056640625 0.0732421875
1 0.0751953125 0.763671875 0.037109375 0.0625
1 0.06640625 0.5439453125 0.029296875 0.041015625
1 0.6142578125 0.4951171875 0.03125 0.041015625
1 0.1181640625 0.66796875 0.048828125 0.0546875
0 0.509765625 0.333984375 0.0283203125 0.029296875
1 0.5380859375 0.4765625 0.0263671875 0.0439453125
1 0.4677734375 0.4521484375 0.029296875 0.0419921875
1 0.5654296875 0.43359375 0.015625 0.0263671875
1 0.431640625 0.439453125 0.025390625 0.041015625
1 0.49609375 0.4501953125 0.017578125 0.0283203125
1 0.5498046875 0.4375 0.021484375 0.03125
1 0.58984375 0.484375 0.0205078125 0.037109375
1 0.572265625 0.4091796875 0.0126953125 0.025390625
1 0.64453125 0.490234375 0.0234375 0.0390625
1 0.455078125 0.3681640625 0.0205078125 0.0263671875
1 0.45703125 0.78125 0.0390625 0.0625
1 0.560546875 0.466796875 0.0234375 0.041015625
1 0.568359375 0.37890625 0.015625 0.0234375
1 0.4248046875 0.70703125 0.0439453125 0.064453125
1 0.0302734375 0.591796875 0.0390625 0.0546875
1 0.9033203125 0.58203125 0.0341796875 0.0419921875
1 0.1796875 0.4306640625 0.0283203125 0.029296875
1 0.125 0.4208984375 0.0185546875 0.0263671875
1 0.025390625 0.833984375 0.0283203125 0.0732421875
1 0.6201171875 0.466796875 0.0185546875 0.033203125
1 0.0595703125 0.478515625 0.021484375 0.0341796875
0 0.693359375 0.544921875 0.1376953125 0.068359375
1 0.427734375 0.6513671875 0.0361328125 0.0625
1 0.8671875 0.572265625 0.0595703125 0.048828125
1 0.205078125 0.3583984375 0.013671875 0.017578125
1 0.845703125 0.6416015625 0.033203125 0.0673828125
1 0.671875 0.5087890625 0.03125 0.033203125
0 0.130859375 0.2158203125 0.064453125 0.015625
1 0.166015625 0.365234375 0.0126953125 0.013671875
1 0.4658203125 0.4228515625 0.021484375 0.0263671875
1 0.443359375 0.41796875 0.013671875 0.0234375
1 0.0654296875 0.509765625 0.0185546875 0.029296875
1 0.029296875 0.7275390625 0.0361328125 0.029296875
1 0.228515625 0.357421875 0.013671875 0.0205078125
1 0.091796875 0.732421875 0.025390625 0.0419921875
1 0.248046875 0.35546875 0.013671875 0.0234375
1 0.169921875 0.5869140625 0.037109375 0.0576171875
1 0.751953125 0.5244140625 0.029296875 0.0361328125
1 0.177734375 0.326171875 0.021484375 0.0185546875
0 0.318359375 0.3916015625 0.087890625 0.048828125