0 0.1943359375 0.74609375 0.1201171875 0.1611328125
0 0.51171875 0.423828125 0.0517578125 0.056640625
0 0.3388671875 0.7294921875 0.103515625 0.119140625
0 0.4912109375 0.517578125 0.1298828125 0.0859375
0 0.744140625 0.541015625 0.15625 0.072265625
0 0.48828125 0.361328125 0.0390625 0.0341796875
1 0.1513671875 0.5234375 0.0341796875 0.0654296875
1 0.1806640625 0.419921875 0.0263671875 0.0263671875
1 0.2958984375 0.482421875 0.0361328125 0.0390625
0 0.5400390625 0.345703125 0.0390625 0.0263671875
0 0.509765625 0.333984375 0.03125 0.029296875
1 0.458984375 0.4384765625 0.0263671875 0.029296875
1 0.5283203125 0.3720703125 0.0185546875 0.021484375
1 0.875 0.6298828125 0.0341796875 0.046875
1 0.076171875 0.763671875 0.037109375 0.056640625
1 0.544921875 0.466796875 0.0439453125 0.044921875
1 0.78125 0.5986328125 0.0439453125 0.0654296875
1 0.458984375 0.7841796875 0.037109375 0.056640625
1 0.4287109375 0.673828125 0.0419921875 0.0498046875
1 0.166015625 0.462890625 0.017578125 0.0263671875
1 0.5673828125 0.625 0.037109375 0.056640625
1 0.3095703125 0.84765625 0.0439453125 0.064453125
1 0.57421875 0.494140625 0.029296875 0.041015625
1 0.3974609375 0.544921875 0.033203125 0.0390625
1 0.6357421875 0.4990234375 0.0283203125 0.044921875
1 0.548828125 0.373046875 0.017578125 0.025390625
1 0.1181640625 0.48046875 0.0517578125 0.0419921875
1 0.5068359375 0.611328125 0.0703125 0.0751953125
1 0.5341796875 0.556640625 0.0498046875 0.0361328125
1 0.572265625 0.3740234375 0.013671875 0.0234375
1 0.248046875 0.4482421875 0.029296875 0.025390625
1 0.455078125 0.3642578125 0.0205078125 0.025390625
1 0.6748046875 0.5849609375 0.037109375 0.0419921875
1 0.4091796875 0.4716796875 0.0439453125 0.037109375
1 0.26953125 0.4638671875 0.033203125 0.0341796875
1 0.03125 0.806640625 0.0439453125 0.083984375
1 0.4228515625 0.7470703125 0.0419921875 0.056640625
1 0.8232421875 0.6044921875 0.056640625 0.056640625
1 0.724609375 0.5908203125 0.037109375 0.041015625
1 0.0693359375 0.724609375 0.033203125 0.046875
1 0.66796875 0.736328125 0.0390625 0.0888671875
1 0.486328125 0.576171875 0.0283203125 0.021484375
1 0.025390625 0.5595703125 0.025390625 0.0439453125
1 0.75 0.5693359375 0.037109375 0.044921875
1 0.05859375 0.4794921875 0.0205078125 0.0341796875
1 0.7294921875 0.853515625 0.0595703125 0.064453125
1 0.966796875 0.544921875 0.0390625 0.046875
1 0.4140625 0.6123046875 0.025390625 0.052734375
1 0.177734375 0.3251953125 0.021484375 0.021484375
1 0.802734375 0.8623046875 0.0576171875 0.056640625
0 0.240234375 0.3818359375 0.064453125 0.0361328125
1 0.345703125 0.3505859375 0.013671875 0.0205078125
1 0.59375 0.4677734375 0.0185546875 0.0234375
0 0.353515625 0.3203125 0.03125 0.0185546875
1 0.076171875 0.4052734375 0.025390625 0.0205078125
1 0.6142578125 0.580078125 0.103515625 0.0517578125
1 0.595703125 0.361328125 0.0283203125 0.0234375
1 0.72265625 0.7177734375 0.0263671875 0.076171875
1 0.595703125 0.5576171875 0.03125 0.03125
1 0.03125 0.6123046875 0.03125 0.068359375
1 0.068359375 0.669921875 0.037109375 0.0595703125
1 0.3828125 0.3251953125 0.015625 0.0185546875
1 0.931640625 0.384765625 0.0205078125 0.0263671875
1 0.9091796875 0.583984375 0.0625 0.0517578125
0 0.900390625 0.509765625 0.052734375 0.048828125
1 0.0390625 0.4716796875 0.03125 0.0341796875