0 0.193359375 0.748046875 0.123046875 0.1611328125
1 0.513671875 0.4765625 0.0283203125 0.0498046875
1 0.541015625 0.478515625 0.0263671875 0.046875
0 0.515625 0.4228515625 0.0498046875 0.0517578125
1 0.6103515625 0.4931640625 0.0361328125 0.0517578125
0 0.490234375 0.359375 0.0390625 0.0341796875
0 0.537109375 0.3525390625 0.041015625 0.0419921875
0 0.3388671875 0.728515625 0.0966796875 0.119140625
1 0.4111328125 0.7998046875 0.052734375 0.072265625
1 0.080078125 0.759765625 0.046875 0.0732421875
1 0.123046875 0.654296875 0.0439453125 0.060546875
1 0.3076171875 0.8525390625 0.0439453125 0.0576171875
1 0.548828125 0.439453125 0.0205078125 0.03125
1 0.439453125 0.439453125 0.015625 0.0263671875
1 0.646484375 0.4853515625 0.021484375 0.0419921875
1 0.47265625 0.451171875 0.0263671875 0.037109375
1 0.45703125 0.78125 0.0361328125 0.0625
0 0.783203125 0.5537109375 0.1748046875 0.0732421875
1 0.431640625 0.5126953125 0.0439453125 0.0595703125
1 0.029296875 0.7138671875 0.041015625 0.0625
1 0.0302734375 0.5634765625 0.0390625 0.0576171875
1 0.4267578125 0.6787109375 0.0498046875 0.0546875
1 0.576171875 0.4052734375 0.0185546875 0.033203125
1 0.5849609375 0.4677734375 0.017578125 0.033203125
1 0.349609375 0.357421875 0.029296875 0.0263671875
1 0.5615234375 0.466796875 0.0205078125 0.0361328125
1 0.3056640625 0.42578125 0.0234375 0.0263671875
0 0.509765625 0.33203125 0.0283203125 0.0263671875
1 0.056640625 0.486328125 0.021484375 0.0234375
0 0.3359375 0.478515625 0.0966796875 0.056640625
1 0.46484375 0.423828125 0.0205078125 0.033203125
1 0.4228515625 0.7373046875 0.048828125 0.056640625
1 0.619140625 0.462890625 0.017578125 0.03125
1 0.4375 0.3623046875 0.015625 0.021484375
1 0.5673828125 0.376953125 0.0185546875 0.0234375
1 0.017578125 0.662109375 0.013671875 0.03125
0 0.318359375 0.392578125 0.0986328125 0.0390625
1 0.390625 0.359375 0.0126953125 0.021484375
1 0.025390625 0.8349609375 0.03125 0.0673828125
1 0.0654296875 0.5068359375 0.0185546875 0.0361328125
1 0.177734375 0.3271484375 0.0185546875 0.0205078125
0 0.2353515625 0.373046875 0.0546875 0.029296875
1 0.5634765625 0.427734375 0.017578125 0.0263671875
1 0.5478515625 0.4169921875 0.013671875 0.021484375
1 0.2060546875 0.357421875 0.015625 0.015625
1 0.2861328125 0.361328125 0.025390625 0.025390625
1 0.771484375 0.521484375 0.0341796875 0.033203125
1 0.07421875 0.546875 0.0390625 0.0654296875
1 0.0234375 0.373046875 0.0185546875 0.0234375
0 0.1943359375 0.8759765625 0.1015625 0.029296875