1 0.8115234375 0.796875 0.0732421875 0.099609375
1 0.6552734375 0.728515625 0.048828125 0.0654296875
0 0.66796875 0.5712890625 0.1044921875 0.1298828125
0 0.37109375 0.6279296875 0.080078125 0.099609375
1 0.615234375 0.478515625 0.0263671875 0.0517578125
1 0.509765625 0.501953125 0.0361328125 0.046875
1 0.580078125 0.4482421875 0.025390625 0.03125
0 0.44140625 0.439453125 0.0390625 0.0498046875
0 0.1796875 0.431640625 0.0439453125 0.0419921875
0 0.5283203125 0.576171875 0.087890625 0.1044921875
1 0.126953125 0.599609375 0.029296875 0.0517578125
1 0.8017578125 0.591796875 0.041015625 0.060546875
1 0.45703125 0.513671875 0.044921875 0.044921875
1 0.5771484375 0.759765625 0.044921875 0.0654296875
0 0.1572265625 0.501953125 0.0546875 0.0595703125
1 0.1640625 0.689453125 0.03125 0.052734375
0 0.5595703125 0.494140625 0.078125 0.091796875
0 0.2431640625 0.576171875 0.1044921875 0.140625
1 0.212890625 0.517578125 0.0234375 0.0419921875
0 0.134765625 0.818359375 0.1455078125 0.123046875
0 0.25390625 0.4052734375 0.0419921875 0.0390625
1 0.5732421875 0.416015625 0.021484375 0.0341796875
1 0.845703125 0.6025390625 0.0439453125 0.048828125
1 0.728515625 0.5361328125 0.0439453125 0.0498046875
1 0.212890625 0.7353515625 0.03125 0.048828125
1 0.896484375 0.654296875 0.0810546875 0.087890625
1 0.09375 0.697265625 0.0283203125 0.046875
0 0.287109375 0.4326171875 0.044921875 0.041015625
1 0.5458984375 0.431640625 0.017578125 0.03125
1 0.541015625 0.6455078125 0.0498046875 0.0595703125
1 0.232421875 0.482421875 0.0185546875 0.029296875
0 0.181640625 0.388671875 0.0341796875 0.029296875
1 0.947265625 0.693359375 0.0673828125 0.0751953125
1 0.595703125 0.4345703125 0.0185546875 0.03125
1 0.6953125 0.5224609375 0.0185546875 0.029296875
0 0.3671875 0.84765625 0.119140625 0.0859375
1 0.83203125 0.55859375 0.0263671875 0.0361328125
1 0.056640625 0.748046875 0.0283203125 0.072265625
1 0.4990234375 0.470703125 0.0234375 0.033203125
0 0.17578125 0.3642578125 0.029296875 0.025390625
0 0.3359375 0.455078125 0.0654296875 0.0810546875
1 0.1865234375 0.470703125 0.0234375 0.029296875
1 0.9013671875 0.54296875 0.041015625 0.0390625
1 0.89453125 0.5849609375 0.0419921875 0.064453125
1 0.02734375 0.478515625 0.033203125 0.041015625
1 0.9326171875 0.6103515625 0.041015625 0.0390625
1 0.626953125 0.4443359375 0.0283203125 0.044921875
1 0.05859375 0.478515625 0.0263671875 0.0390625
1 0.53515625 0.396484375 0.029296875 0.046875
1 0.076171875 0.3427734375 0.017578125 0.017578125
1 0.240234375 0.4501953125 0.021484375 0.0341796875
1 0.478515625 0.744140625 0.0546875 0.1015625
1 0.462890625 0.3876953125 0.017578125 0.03125
0 0.505859375 0.4140625 0.044921875 0.0595703125
1 0.65234375 0.677734375 0.033203125 0.0498046875
1 0.439453125 0.36328125 0.0185546875 0.0234375
1 0.4306640625 0.4736328125 0.0234375 0.0439453125
1 0.974609375 0.6337890625 0.0283203125 0.064453125
0 0.541015625 0.345703125 0.041015625 0.044921875
1 0.0234375 0.5732421875 0.021484375 0.072265625
1 0.935546875 0.65625 0.025390625 0.041015625
0 0.1923828125 0.345703125 0.0283203125 0.0234375