0 0.19140625 0.7509765625 0.123046875 0.1640625
0 0.509765625 0.4130859375 0.046875 0.0546875
0 0.7080078125 0.806640625 0.171875 0.158203125
0 0.48828125 0.361328125 0.0361328125 0.033203125
0 0.337890625 0.7255859375 0.0986328125 0.1142578125
0 0.5556640625 0.6142578125 0.1142578125 0.1220703125
1 0.427734375 0.685546875 0.03125 0.0595703125
1 0.7177734375 0.5830078125 0.0576171875 0.0595703125
1 0.677734375 0.5888671875 0.0439453125 0.041015625
0 0.697265625 0.666015625 0.1376953125 0.1279296875
1 0.3916015625 0.501953125 0.0234375 0.0341796875
0 0.541015625 0.3427734375 0.03125 0.0234375
1 0.482421875 0.5771484375 0.0263671875 0.048828125
1 0.7724609375 0.59765625 0.044921875 0.044921875
1 0.6201171875 0.546875 0.0341796875 0.0498046875
1 0.080078125 0.7509765625 0.048828125 0.076171875
0 0.9326171875 0.5751953125 0.109375 0.0751953125
1 0.5419921875 0.5419921875 0.041015625 0.037109375
0 0.5078125 0.3349609375 0.03125 0.029296875
1 0.41796875 0.474609375 0.0205078125 0.037109375
0 0.46484375 0.5185546875 0.0673828125 0.1279296875
1 0.5673828125 0.5234375 0.0283203125 0.037109375
1 0.6748046875 0.525390625 0.025390625 0.029296875
1 0.5166015625 0.5205078125 0.029296875 0.046875
1 0.876953125 0.66015625 0.0654296875 0.064453125
1 0.5810546875 0.4375 0.0341796875 0.041015625
1 0.6533203125 0.4658203125 0.021484375 0.03125
1 0.78125 0.640625 0.041015625 0.056640625
1 0.41015625 0.5498046875 0.029296875 0.046875
1 0.5546875 0.4375 0.021484375 0.03125
1 0.7646484375 0.546875 0.0390625 0.041015625
1 0.0751953125 0.478515625 0.056640625 0.0390625
1 0.521484375 0.478515625 0.03125 0.041015625
1 0.12890625 0.5986328125 0.0263671875 0.0341796875
1 0.57421875 0.470703125 0.0361328125 0.0390625
1 0.2080078125 0.6044921875 0.037109375 0.056640625
1 0.634765625 0.5908203125 0.033203125 0.046875
1 0.05078125 0.654296875 0.0361328125 0.0703125
1 0.947265625 0.6396484375 0.0751953125 0.076171875
1 0.4990234375 0.4482421875 0.0234375 0.0283203125
1 0.041015625 0.556640625 0.0205078125 0.03125
1 0.619140625 0.4404296875 0.052734375 0.0439453125
1 0.4404296875 0.435546875 0.021484375 0.0361328125
1 0.5390625 0.5048828125 0.025390625 0.0341796875
0 0.458984375 0.35546875 0.0341796875 0.033203125
0 0.3515625 0.3212890625 0.03125 0.017578125
1 0.8837890625 0.619140625 0.0419921875 0.03125
1 0.6396484375 0.5205078125 0.017578125 0.0341796875
1 0.4345703125 0.466796875 0.0185546875 0.033203125
1 0.466796875 0.671875 0.029296875 0.072265625
1 0.599609375 0.5166015625 0.0234375 0.029296875
1 0.037109375 0.849609375 0.0390625 0.0654296875
1 0.0244140625 0.5625 0.0234375 0.0498046875
0 0.205078125 0.8759765625 0.087890625 0.0263671875
1 0.7109375 0.4736328125 0.0283203125 0.041015625
1 0.46484375 0.42578125 0.017578125 0.029296875
1 0.83984375 0.568359375 0.0546875 0.0546875