0 0.1943359375 0.7451171875 0.123046875 0.15625
0 0.51171875 0.42578125 0.0517578125 0.060546875
0 0.337890625 0.728515625 0.099609375 0.119140625
1 0.576171875 0.4853515625 0.029296875 0.044921875
1 0.5546875 0.466796875 0.0283203125 0.044921875
1 0.1318359375 0.552734375 0.0234375 0.0390625
0 0.4892578125 0.36328125 0.041015625 0.0361328125
1 0.564453125 0.6318359375 0.044921875 0.0830078125
1 0.814453125 0.607421875 0.072265625 0.0703125
1 0.6376953125 0.501953125 0.021484375 0.0390625
1 0.712890625 0.6181640625 0.083984375 0.0703125
1 0.529296875 0.37109375 0.0185546875 0.0263671875
1 0.60546875 0.4951171875 0.029296875 0.046875
1 0.451171875 0.51953125 0.033203125 0.044921875
1 0.3974609375 0.490234375 0.044921875 0.0498046875
1 0.2412109375 0.44921875 0.033203125 0.033203125
1 0.884765625 0.603515625 0.0439453125 0.0546875
1 0.283203125 0.4345703125 0.0361328125 0.0341796875
1 0.498046875 0.5458984375 0.060546875 0.0576171875
0 0.6923828125 0.5498046875 0.1748046875 0.078125
1 0.5498046875 0.3740234375 0.015625 0.0263671875
0 0.509765625 0.333984375 0.03125 0.029296875
1 0.8017578125 0.8232421875 0.0966796875 0.1279296875
1 0.306640625 0.8291015625 0.044921875 0.0859375
0 0.935546875 0.5703125 0.0966796875 0.0654296875
1 0.435546875 0.6591796875 0.056640625 0.087890625
1 0.9423828125 0.625 0.046875 0.0654296875
1 0.080078125 0.7490234375 0.048828125 0.080078125
1 0.6298828125 0.599609375 0.052734375 0.056640625
1 0.138671875 0.494140625 0.025390625 0.03125
1 0.5419921875 0.671875 0.025390625 0.056640625
1 0.435546875 0.6005859375 0.037109375 0.060546875
1 0.6396484375 0.7041015625 0.091796875 0.1455078125
1 0.0322265625 0.5595703125 0.0390625 0.0498046875
1 0.396484375 0.591796875 0.0517578125 0.056640625
1 0.654296875 0.8134765625 0.0625 0.060546875
0 0.33203125 0.41015625 0.060546875 0.0517578125
1 0.142578125 0.791015625 0.03125 0.0703125
1 0.1220703125 0.4443359375 0.0185546875 0.0205078125
1 0.177734375 0.326171875 0.0205078125 0.0205078125
1 0.638671875 0.4765625 0.013671875 0.0283203125
1 0.400390625 0.455078125 0.0341796875 0.0361328125
1 0.5009765625 0.490234375 0.017578125 0.03125
1 0.0576171875 0.478515625 0.0185546875 0.03125
1 0.146484375 0.4052734375 0.0185546875 0.0263671875
1 0.5751953125 0.421875 0.0126953125 0.0283203125
1 0.5556640625 0.423828125 0.013671875 0.0234375
0 0.0322265625 0.740234375 0.0390625 0.080078125
1 0.419921875 0.7490234375 0.0439453125 0.048828125
1 0.4306640625 0.4033203125 0.0234375 0.0283203125
0 0.205078125 0.876953125 0.1064453125 0.0283203125
1 0.970703125 0.51171875 0.0263671875 0.033203125
1 0.7705078125 0.5400390625 0.021484375 0.0263671875
1 0.0625 0.6142578125 0.021484375 0.0185546875
0 0.306640625 0.3671875 0.0546875 0.041015625
1 0.3603515625 0.6083984375 0.0234375 0.044921875
1 0.482421875 0.8759765625 0.0390625 0.029296875
1 0.568359375 0.580078125 0.0283203125 0.0341796875
1 0.1962890625 0.322265625 0.017578125 0.0185546875
1 0.6201171875 0.4677734375 0.0185546875 0.029296875
1 0.4541015625 0.3603515625 0.0234375 0.0234375
1 0.068359375 0.6455078125 0.033203125 0.03125
1 0.748046875 0.583984375 0.0234375 0.0439453125
1 0.501953125 0.630859375 0.060546875 0.0732421875
1 0.5849609375 0.453125 0.013671875 0.025390625
1 0.48046875 0.818359375 0.0234375 0.03125
1 0.685546875 0.7158203125 0.015625 0.0283203125
0 0.2392578125 0.380859375 0.0654296875 0.033203125