0 0.345703125 0.59375 0.0810546875 0.0966796875
1 0.5703125 0.5283203125 0.03125 0.046875
0 0.67578125 0.673828125 0.142578125 0.1689453125
0 0.5009765625 0.5498046875 0.076171875 0.0966796875
0 0.505859375 0.42578125 0.046875 0.0517578125
0 0.1259765625 0.7734375 0.138671875 0.166015625
1 0.7021484375 0.546875 0.0361328125 0.046875
0 0.4931640625 0.349609375 0.033203125 0.033203125
1 0.2744140625 0.521484375 0.0234375 0.037109375
0 0.22265625 0.5498046875 0.0673828125 0.078125
1 0.80078125 0.5791015625 0.044921875 0.064453125
1 0.640625 0.56640625 0.03125 0.044921875
0 0.224609375 0.474609375 0.056640625 0.0576171875
1 0.123046875 0.6005859375 0.0263671875 0.048828125
1 0.5625 0.75390625 0.0341796875 0.076171875
1 0.248046875 0.443359375 0.021484375 0.03125
0 0.310546875 0.4912109375 0.0595703125 0.060546875
1 0.595703125 0.48828125 0.025390625 0.048828125
1 0.568359375 0.6357421875 0.0361328125 0.056640625
1 0.6611328125 0.46484375 0.03125 0.0361328125
1 0.861328125 0.5927734375 0.078125 0.0673828125
1 0.9462890625 0.689453125 0.076171875 0.080078125
1 0.1669921875 0.4873046875 0.0185546875 0.0341796875
1 0.25 0.6572265625 0.037109375 0.0576171875
1 0.349609375 0.466796875 0.0234375 0.0341796875
1 0.5576171875 0.423828125 0.0185546875 0.029296875
1 0.888671875 0.65234375 0.0673828125 0.064453125
1 0.5400390625 0.4765625 0.0234375 0.037109375
1 0.732421875 0.5390625 0.0390625 0.0498046875
1 0.806640625 0.708984375 0.056640625 0.0830078125
0 0.044921875 0.380859375 0.0439453125 0.021484375
1 0.5830078125 0.419921875 0.021484375 0.037109375
1 0.404296875 0.451171875 0.0185546875 0.037109375
0 0.318359375 0.8271484375 0.158203125 0.123046875
1 0.16015625 0.556640625 0.029296875 0.0341796875
1 0.5712890625 0.4765625 0.0263671875 0.0341796875
1 0.470703125 0.373046875 0.017578125 0.025390625
1 0.53515625 0.533203125 0.017578125 0.03125
1 0.728515625 0.6318359375 0.0283203125 0.060546875
1 0.453125 0.482421875 0.037109375 0.0732421875
0 0.1904296875 0.3505859375 0.03125 0.0234375
0 0.748046875 0.857421875 0.1484375 0.060546875
1 0.9013671875 0.8125 0.0625 0.09375
1 0.083984375 0.6708984375 0.0390625 0.0703125
1 0.1318359375 0.5341796875 0.033203125 0.0439453125
1 0.0712890625 0.48046875 0.0419921875 0.0419921875
1 0.5380859375 0.451171875 0.017578125 0.0263671875
1 0.4970703125 0.6005859375 0.0283203125 0.0546875
1 0.5888671875 0.5634765625 0.025390625 0.060546875
1 0.029296875 0.5615234375 0.0341796875 0.044921875
1 0.9375 0.607421875 0.0654296875 0.052734375
1 0.50390625 0.48828125 0.0234375 0.0234375
1 0.123046875 0.42578125 0.015625 0.0205078125
1 0.619140625 0.7958984375 0.046875 0.091796875
1 0.6376953125 0.458984375 0.021484375 0.033203125
1 0.896484375 0.548828125 0.0361328125 0.0419921875
1 0.615234375 0.548828125 0.0263671875 0.0625
1 0.39453125 0.4931640625 0.017578125 0.0390625
1 0.5791015625 0.69140625 0.0673828125 0.0888671875
0 0.3515625 0.3193359375 0.03125 0.017578125
1 0.44140625 0.3955078125 0.017578125 0.021484375
1 0.021484375 0.490234375 0.021484375 0.044921875
1 0.3935546875 0.4189453125 0.0185546875 0.025390625
1 0.673828125 0.5185546875 0.0263671875 0.041015625
1 0.158203125 0.392578125 0.015625 0.0234375
1 0.400390625 0.396484375 0.017578125 0.0205078125
0 0.4443359375 0.4345703125 0.033203125 0.046875
1 0.255859375 0.408203125 0.0234375 0.033203125
1 0.57421875 0.365234375 0.013671875 0.0205078125
1 0.076171875 0.3994140625 0.0185546875 0.0263671875
1 0.9716796875 0.634765625 0.0341796875 0.0654296875
1 0.0263671875 0.794921875 0.03125 0.0751953125
1 0.078125 0.869140625 0.0595703125 0.0419921875
1 0.541015625 0.376953125 0.0263671875 0.03125
1 0.57421875 0.466796875 0.080078125 0.1953125
1 0.171875 0.4228515625 0.025390625 0.0361328125
1 0.8154296875 0.537109375 0.025390625 0.037109375
1 0.3291015625 0.357421875 0.017578125 0.0234375
1 0.10546875 0.48828125 0.029296875 0.033203125
0 0.28125 0.4189453125 0.041015625 0.0439453125
1 0.021484375 0.517578125 0.021484375 0.0234375