2 0.42109375 0.59765625 0.02890625 0.12265625
2 0.45078125 0.57421875 0.01875 0.121875
2 0.49921875 0.578125 0.02890625 0.13671875
2 0.478125 0.57109375 0.02109375 0.10625
2 0.53203125 0.571875 0.0234375 0.12734375
3 0.30625 0.48671875 0.01015625 0.03046875
5 0.303125 0.44765625 0.00859375 0.0203125
3 0.2453125 0.40859375 0.01015625 0.0171875
3 0.0734375 0.4015625 0.015625 0.015625
1 0.1046875 0.51953125 0.01953125 0.028125
1 0.02890625 0.5171875 0.02109375 0.02265625
1 0.01015625 0.5203125 0.01328125 0.02265625
3 0.43828125 0.33359375 0.0375 0.0375
2 0.29453125 0.54296875 0.0109375 0.05390625