1 0.9936615005055011 0.5667706852172925 0.012676998988997924 0.03410289627652787
2 0.6290321241842782 0.6034640661075006 0.02608698741809832 0.10759494766329851
1 0.1330026038917387 0.6403366721120834 0.15581144358660848 0.15747027393569457
1 0.2764798685022353 0.6280574905006946 0.1397909772718286 0.134450348023889
2 0.7862855166357962 0.5751059428167368 0.013331842937985349 0.0479471907294446
2 0.76900255924947 0.5692371493137507 0.011905710632737154 0.05572332313826393
2 0.7526099460189452 0.5696365396063549 0.01179661647693564 0.049473323138263935
5 0.785467310467286 0.5282309428167368 0.008112508928453721 0.017369337955902786
4 0.8151451278377262 0.4836276108447576 0.01271818831160303 0.012790940729444422
4 0.9173934204513999 0.4805409380670841 0.008003414772652206 0.011119337955902786
4 0.9656224147693571 0.5144626495980911 0.007194891233702094 0.009538654160312632
1 0.9812843709378672 0.5616831417143063 0.018514220779006507 0.03166822729857639
1 0.9140423238599666 0.5569943352935425 0.021584673701106283 0.02861596248093754