2 0.7500476458160182 0.6619920977581911 0.0634244659310614 0.23579026136870648
2 0.29059970855386874 0.5828947771488563 0.022746433307816716 0.07970208745242999
2 0.3128421230786052 0.5718153557040375 0.018681015817330858 0.07563666996194396
2 0.3286262905690912 0.5750849357420936 0.01899935079830275 0.08344916996194378
2 0.3432153725843136 0.568230099278247 0.01246284931542796 0.07616325197716627
2 0.3551887905690912 0.574002596806789 0.01665560079830275 0.0833536694676523
5 0.2611721937251211 0.5136646160841609 0.010393671939110227 0.02538200197716627
4 0.2173147643716371 0.4551955414833123 0.015480419961943959 0.01622983646384668
4 0.07877884638685952 0.4545800706465159 0.015480419961943914 0.01622983646384668
1 0.09372736714710618 0.5525719016731552 0.02067725593149905 0.028920837452429994
3 0.3248752549800969 0.4062076017497048 0.030706171939110228 0.026209672927693363