2 0.3547968935042968 0.5611978725105203 0.025132740694375145 0.08745535998146643
2 0.380740809343897 0.5469890395708956 0.02446065260503385 0.08977182813030105
2 0.40681315777232036 0.5523387384824365 0.024006888337010323 0.09677579627913566
2 0.42296469664744996 0.5462970696079626 0.01973676530148083 0.08882688702330857
2 0.4355374712545557 0.5474230599893157 0.018501751033457303 0.09580357332097762
5 0.29863247663123926 0.480994506538604 0.009794531017246654 0.026081350362819757
3 0.24237816852568733 0.4156621724178531 0.010029971463952769 0.014389882213985138
3 0.09290470740081684 0.41540425599044983 0.014644696856846861 0.01299107332097762
3 0.03147920988201621 0.45745783593484945 0.010774834160399793 0.0136359140651507
1 0.028159464844414943 0.5373908725953382 0.008287688998964005 0.043968254809323426
1 0.05076005686269758 0.5186036670603754 0.019696069892376135 0.020967264427970277
1 0.12050963068401517 0.5208630823066523 0.02091396753501131 0.030369546279135663
5 0.2940155971855692 0.44907238394326565 0.007123295285270359 0.018968254809323425
3 0.3851799445805353 0.3566814981010834 0.028580918320799585 0.027517364790790033