2 0.32636833940423887 0.63023256533855 0.06862093401923311 0.26512616801906325
2 0.23421794332344711 0.6004847897710047 0.04798417359439178 0.19995513555165925
2 0.18907292788404093 0.6208012439109201 0.049325364739760943 0.24604888555165907
2 0.15363553305689043 0.6029864525150622 0.040876367247043396 0.22403751785690745
2 0.2858713715366925 0.598259816556366 0.03797267610167428 0.17791649431795697
1 0.4383792237400411 0.2460542086008469 0.03470762061225567 0.0388676310874323
3 0.40360941864633393 0.23215930397446422 0.03381271034569888 0.03494774431795715
3 0.6530625347062431 0.47022591436232003 0.013432014185764984 0.03224943831160267
5 0.6607446540648576 0.42111625851812134 0.013318353919208192 0.028343188311602673
3 0.7349466836900287 0.36925947807931214 0.01780126543940632 0.021393758928453722
3 0.9626314144896988 0.36150902799658663 0.02322455133278325 0.019926716314779915
1 0.9151617179340533 0.5154465056754522 0.023451871865896833 0.027739216314779824
2 0.6673774358015997 0.5423872865212985 0.01622204506457727 0.07446421185055314