2 0.33773567204034405 0.5676638392712249 0.025132740694375055 0.08733251543940615
2 0.3628619505763913 0.5543514970304992 0.02449703990858678 0.09043478338609497
2 0.3889706863083677 0.5621329047897733 0.024006888337010146 0.0966620513327836
2 0.4059034751834972 0.5571642599626229 0.01977315260503385 0.08951714106622681
2 0.41847624979060305 0.5590904728156043 0.019283001033457304 0.09574440901291545
5 0.2807536178637336 0.48330555964605376 0.009794531017246654 0.02603130258642459
3 0.22449930975818172 0.41457228002088253 0.010066358767505612 0.015116534639736123
3 0.0742445986333112 0.4047389757851052 0.014644696856846861 0.012909176959604095
1 0.03213633539874487 0.5057188025864248 0.018133569892376144 0.02081260517284953
1 0.10188590922006244 0.512429455331134 0.02091396753501127 0.030255801332783605
5 0.27613673841806347 0.45118338143280834 0.007123295285270359 0.01893185642649069
3 0.3673010858130296 0.36489419193679196 0.029362168320799586 0.027380853919208192