2 0.48585075791695836 0.5858833525565632 0.04068972935231727 0.14189092887824373
2 0.2365052859245944 0.5427352973773235 0.017060778007635946 0.05710981512886235
2 0.2568996019255489 0.5346395143606368 0.013227253341817758 0.06315509724103804
2 0.26860926125877616 0.5348066106971636 0.010901684675363298 0.06459476650834332
2 0.2803552832590943 0.5318487070336906 0.014762481341499623 0.060893234396167804
5 0.2293473139322304 0.4868947331529723 0.007249426002545345 0.019118492198083814
4 0.19482741060632094 0.43404969414339173 0.012654541335136304 0.013936347241038049
4 0.07534161394018457 0.4364078115108178 0.00794886000159083 0.012128185775648604
4 0.020999011935093896 0.47673291836279413 0.010319882001909003 0.014594766508343326
1 0.0071449666315357065 0.5338427334916567 0.014289933263071413 0.03465828301668665
1 0.08214504992841239 0.522717125735169 0.020685217337681628 0.033095783016686656