2 0.6984375 0.65 0.04921875 0.2125
2 0.2828125 0.56015625 0.0171875 0.071875
2 0.30390625 0.5515625 0.01484375 0.06796875
2 0.31875 0.55546875 0.0140625 0.07578125
2 0.33125 0.54921875 0.00859375 0.06875
2 0.3421875 0.55546875 0.0125 0.07578125
5 0.25859375 0.496875 0.00859375 0.02265625
4 0.22109375 0.4421875 0.01328125 0.0140625
4 0.0953125 0.4359375 0.01328125 0.0140625
1 0.10546875 0.52578125 0.01796875 0.02578125
4 0.0375 0.4765625 0.00859375 0.0140625
1 0.01875 0.5359375 0.0265625 0.0375
1 0.00546875 0.540625 0.009375 0.03828125
3 0.32109375 0.4015625 0.0265625 0.02265625