1 0.615234375 0.5126953125 0.0283203125 0.0439453125
1 0.689453125 0.5458984375 0.048828125 0.0517578125
1 0.7978515625 0.6962890625 0.060546875 0.0732421875
1 0.806640625 0.5869140625 0.056640625 0.064453125
0 0.517578125 0.5810546875 0.099609375 0.1220703125
1 0.732421875 0.669921875 0.0439453125 0.0673828125
1 0.662109375 0.6591796875 0.048828125 0.072265625
0 0.330078125 0.81640625 0.1484375 0.138671875
1 0.283203125 0.576171875 0.03125 0.0419921875
1 0.6357421875 0.54296875 0.0283203125 0.0517578125
0 0.6015625 0.7275390625 0.150390625 0.173828125
1 0.6123046875 0.478515625 0.021484375 0.029296875
0 0.5634765625 0.421875 0.0419921875 0.052734375
0 0.513671875 0.357421875 0.044921875 0.0419921875
1 0.8837890625 0.66796875 0.0732421875 0.0732421875
1 0.419921875 0.517578125 0.025390625 0.044921875
0 0.3388671875 0.4873046875 0.056640625 0.0625
1 0.12890625 0.5712890625 0.0234375 0.0390625
1 0.3701171875 0.662109375 0.037109375 0.0517578125
1 0.41015625 0.4541015625 0.017578125 0.029296875
1 0.7294921875 0.5361328125 0.037109375 0.041015625
1 0.375 0.5458984375 0.025390625 0.048828125
1 0.9453125 0.685546875 0.078125 0.0859375
1 0.16015625 0.541015625 0.0234375 0.03125
1 0.2021484375 0.5576171875 0.0263671875 0.052734375
0 0.3076171875 0.4384765625 0.046875 0.0390625
0 0.177734375 0.7744140625 0.123046875 0.111328125
1 0.4814453125 0.5263671875 0.0283203125 0.037109375
1 0.5595703125 0.6494140625 0.037109375 0.0390625
1 0.8056640625 0.8408203125 0.060546875 0.087890625
1 0.8447265625 0.603515625 0.0390625 0.0419921875
0 0.224609375 0.3447265625 0.029296875 0.029296875
1 0.224609375 0.521484375 0.025390625 0.0361328125
1 0.134765625 0.6240234375 0.029296875 0.048828125
1 0.2763671875 0.4951171875 0.025390625 0.037109375
1 0.724609375 0.607421875 0.0361328125 0.0546875
1 0.44140625 0.505859375 0.0263671875 0.0390625
0 0.5546875 0.388671875 0.0341796875 0.03125
1 0.517578125 0.4111328125 0.0185546875 0.025390625
1 0.4970703125 0.453125 0.0283203125 0.037109375
0 0.1123046875 0.412109375 0.0595703125 0.048828125
1 0.841796875 0.5537109375 0.029296875 0.044921875
1 0.068359375 0.478515625 0.0419921875 0.0390625
1 0.1298828125 0.541015625 0.0185546875 0.029296875
1 0.4541015625 0.6826171875 0.0361328125 0.087890625
1 0.7890625 0.552734375 0.025390625 0.033203125
1 0.927734375 0.611328125 0.0419921875 0.037109375
1 0.4404296875 0.3642578125 0.0185546875 0.025390625
1 0.03125 0.580078125 0.037109375 0.068359375
0 0.4560546875 0.4384765625 0.0595703125 0.060546875
0 0.193359375 0.3505859375 0.029296875 0.029296875
1 0.427734375 0.8740234375 0.0283203125 0.029296875
0 0.94140625 0.845703125 0.076171875 0.083984375
1 0.861328125 0.5576171875 0.015625 0.021484375
1 0.896484375 0.5771484375 0.0439453125 0.0419921875
1 0.576171875 0.4892578125 0.021484375 0.0341796875
1 0.240234375 0.416015625 0.0263671875 0.03125
1 0.904296875 0.544921875 0.017578125 0.0234375
1 0.1279296875 0.6904296875 0.041015625 0.0751953125
0 0.5322265625 0.4462890625 0.0419921875 0.0390625
1 0.587890625 0.3955078125 0.029296875 0.037109375
1 0.154296875 0.509765625 0.017578125 0.0234375
0 0.3251953125 0.4013671875 0.0751953125 0.037109375
1 0.1865234375 0.8642578125 0.044921875 0.0498046875
1 0.958984375 0.7373046875 0.025390625 0.068359375
1 0.6953125 0.521484375 0.015625 0.0263671875
1 0.9677734375 0.626953125 0.0361328125 0.0576171875
1 0.2685546875 0.857421875 0.03125 0.0439453125
0 0.55078125 0.3583984375 0.0390625 0.033203125
0 0.1943359375 0.4921875 0.0576171875 0.037109375
1 0.224609375 0.494140625 0.0205078125 0.025390625
1 0.134765625 0.443359375 0.0283203125 0.03125
1 0.28125 0.5419921875 0.015625 0.021484375