0 0.5712890625 0.4326171875 0.0517578125 0.0595703125
1 0.697265625 0.609375 0.0498046875 0.078125
0 0.5888671875 0.6650390625 0.1435546875 0.1611328125
1 0.17578125 0.5205078125 0.0205078125 0.03125
1 0.2490234375 0.5244140625 0.0263671875 0.0546875
1 0.138671875 0.5341796875 0.025390625 0.041015625
0 0.529296875 0.4580078125 0.056640625 0.078125
1 0.830078125 0.6416015625 0.068359375 0.0703125
1 0.68359375 0.544921875 0.048828125 0.052734375
1 0.791015625 0.5634765625 0.0341796875 0.0517578125
0 0.5830078125 0.5517578125 0.083984375 0.087890625
1 0.220703125 0.3916015625 0.0205078125 0.0263671875
1 0.744140625 0.724609375 0.044921875 0.068359375
1 0.259765625 0.4599609375 0.0263671875 0.0361328125
1 0.607421875 0.484375 0.0185546875 0.0341796875
1 0.166015625 0.384765625 0.025390625 0.033203125
1 0.431640625 0.50390625 0.0234375 0.0419921875
1 0.2421875 0.4814453125 0.025390625 0.037109375
1 0.154296875 0.4658203125 0.025390625 0.037109375
1 0.203125 0.384765625 0.025390625 0.029296875
0 0.1904296875 0.435546875 0.052734375 0.0419921875
1 0.650390625 0.5546875 0.029296875 0.0498046875
1 0.2001953125 0.5966796875 0.025390625 0.041015625
1 0.93359375 0.630859375 0.0390625 0.052734375
1 0.484375 0.41796875 0.0185546875 0.0361328125
1 0.3681640625 0.423828125 0.0263671875 0.029296875
1 0.744140625 0.6494140625 0.0361328125 0.0517578125
1 0.1728515625 0.681640625 0.029296875 0.060546875
0 0.4912109375 0.359375 0.033203125 0.03125
1 0.7958984375 0.8271484375 0.0703125 0.095703125
0 0.47265625 0.5341796875 0.0703125 0.09375
1 0.7275390625 0.533203125 0.044921875 0.048828125
1 0.955078125 0.70703125 0.0673828125 0.1044921875
1 0.8291015625 0.564453125 0.029296875 0.037109375
1 0.0732421875 0.4013671875 0.0185546875 0.025390625
1 0.107421875 0.416015625 0.015625 0.021484375
1 0.12109375 0.642578125 0.0419921875 0.076171875
1 0.41796875 0.474609375 0.0263671875 0.044921875
1 0.1337890625 0.4267578125 0.013671875 0.021484375
1 0.9716796875 0.6357421875 0.0283203125 0.041015625
1 0.6240234375 0.509765625 0.0234375 0.048828125
1 0.1044921875 0.400390625 0.015625 0.0185546875
0 0.3271484375 0.404296875 0.1015625 0.0595703125
1 0.80078125 0.8759765625 0.0517578125 0.029296875
0 0.45703125 0.470703125 0.048828125 0.0546875
1 0.1640625 0.814453125 0.025390625 0.0576171875
1 0.021484375 0.4755859375 0.021484375 0.029296875
1 0.3798828125 0.451171875 0.025390625 0.033203125
1 0.8935546875 0.583984375 0.037109375 0.0517578125
1 0.0576171875 0.478515625 0.021484375 0.0361328125
1 0.462890625 0.4140625 0.0205078125 0.0341796875
1 0.0283203125 0.56640625 0.03125 0.0546875
1 0.591796875 0.396484375 0.025390625 0.0283203125
1 0.849609375 0.6005859375 0.0390625 0.033203125
1 0.451171875 0.6796875 0.037109375 0.0654296875
1 0.10546875 0.484375 0.029296875 0.0283203125
1 0.8955078125 0.5380859375 0.0283203125 0.044921875
1 0.17578125 0.36328125 0.0107421875 0.017578125
1 0.8623046875 0.556640625 0.0283203125 0.0498046875
1 0.5341796875 0.408203125 0.025390625 0.03125
1 0.501953125 0.4326171875 0.0205078125 0.0341796875
1 0.0263671875 0.3740234375 0.015625 0.0234375
1 0.078125 0.779296875 0.041015625 0.044921875
1 0.443359375 0.4296875 0.0234375 0.0341796875