0 0.169921875 0.6162109375 0.09375 0.1015625
0 0.642578125 0.802734375 0.158203125 0.166015625
0 0.3486328125 0.578125 0.072265625 0.087890625
1 0.607421875 0.58984375 0.037109375 0.0546875
0 0.3134765625 0.490234375 0.0673828125 0.068359375
1 0.666015625 0.576171875 0.0595703125 0.068359375
1 0.556640625 0.6748046875 0.041015625 0.0751953125
0 0.5146484375 0.4775390625 0.0546875 0.064453125
1 0.8017578125 0.5888671875 0.046875 0.0625
1 0.1259765625 0.556640625 0.0263671875 0.048828125
1 0.7490234375 0.68359375 0.0732421875 0.0888671875
0 0.5107421875 0.5419921875 0.0654296875 0.078125
0 0.2216796875 0.4755859375 0.052734375 0.0576171875
1 0.591796875 0.494140625 0.025390625 0.0390625
1 0.427734375 0.505859375 0.025390625 0.046875
1 0.62109375 0.50390625 0.0263671875 0.048828125
1 0.8134765625 0.837890625 0.091796875 0.099609375
1 0.478515625 0.62890625 0.037109375 0.0546875
0 0.4892578125 0.3623046875 0.046875 0.041015625
0 0.478515625 0.416015625 0.044921875 0.0498046875
1 0.6142578125 0.689453125 0.037109375 0.0654296875
1 0.5947265625 0.5439453125 0.0234375 0.037109375
0 0.283203125 0.4375 0.0498046875 0.0439453125
1 0.943359375 0.6865234375 0.080078125 0.0888671875
1 0.185546875 0.513671875 0.025390625 0.0361328125
0 0.2021484375 0.4228515625 0.044921875 0.0390625
1 0.845703125 0.6025390625 0.037109375 0.044921875
0 0.251953125 0.3935546875 0.0419921875 0.041015625
1 0.09765625 0.64453125 0.029296875 0.0546875
1 0.0263671875 0.580078125 0.03125 0.060546875
1 0.267578125 0.5810546875 0.0283203125 0.0625
1 0.8369140625 0.55859375 0.0576171875 0.060546875
1 0.1591796875 0.4755859375 0.0185546875 0.033203125
1 0.064453125 0.48046875 0.0390625 0.0390625
1 0.72265625 0.537109375 0.0546875 0.0498046875
0 0.521484375 0.3623046875 0.0341796875 0.037109375
1 0.052734375 0.734375 0.0517578125 0.0595703125
1 0.5517578125 0.427734375 0.021484375 0.03125
1 0.888671875 0.5966796875 0.052734375 0.052734375
1 0.5771484375 0.423828125 0.0234375 0.0341796875
1 0.431640625 0.423828125 0.0126953125 0.0263671875
0 0.3525390625 0.3212890625 0.033203125 0.017578125
1 0.638671875 0.6201171875 0.029296875 0.0595703125
1 0.1826171875 0.451171875 0.0283203125 0.03125
0 0.9462890625 0.580078125 0.080078125 0.0673828125
1 0.654296875 0.537109375 0.025390625 0.037109375
1 0.5830078125 0.466796875 0.015625 0.0283203125
1 0.701171875 0.728515625 0.033203125 0.0576171875
1 0.443359375 0.400390625 0.029296875 0.052734375
1 0.4755859375 0.5185546875 0.0263671875 0.052734375
1 0.595703125 0.4541015625 0.021484375 0.029296875
1 0.6171875 0.4697265625 0.0185546875 0.029296875
1 0.955078125 0.6279296875 0.048828125 0.056640625
1 0.53125 0.416015625 0.03125 0.0361328125
0 0.2021484375 0.34375 0.0234375 0.021484375
1 0.509765625 0.3994140625 0.021484375 0.033203125
0 0.041015625 0.21484375 0.056640625 0.017578125
0 0.341796875 0.7939453125 0.1923828125 0.193359375
1 0.7490234375 0.6220703125 0.0263671875 0.0439453125
1 0.423828125 0.4619140625 0.0205078125 0.0390625
1 0.169921875 0.4970703125 0.015625 0.0283203125
1 0.55859375 0.607421875 0.0263671875 0.048828125
1 0.8994140625 0.552734375 0.029296875 0.048828125
1 0.9716796875 0.740234375 0.025390625 0.080078125