0 0.626953125 0.763671875 0.1611328125 0.185546875
0 0.34765625 0.595703125 0.076171875 0.095703125
0 0.19921875 0.595703125 0.0888671875 0.099609375
0 0.623046875 0.58203125 0.126953125 0.1298828125
0 0.5615234375 0.447265625 0.0576171875 0.0576171875
1 0.6962890625 0.5908203125 0.0390625 0.052734375
1 0.111328125 0.658203125 0.0341796875 0.056640625
0 0.490234375 0.5576171875 0.0830078125 0.099609375
1 0.8193359375 0.5849609375 0.076171875 0.0732421875
1 0.8388671875 0.845703125 0.0595703125 0.083984375
1 0.427734375 0.5322265625 0.029296875 0.048828125
1 0.8896484375 0.6552734375 0.076171875 0.076171875
1 0.1728515625 0.4951171875 0.033203125 0.0439453125
1 0.958984375 0.6669921875 0.0546875 0.0751953125
1 0.53515625 0.6396484375 0.0419921875 0.076171875
0 0.1494140625 0.4130859375 0.060546875 0.044921875
1 0.759765625 0.66015625 0.044921875 0.076171875
1 0.724609375 0.537109375 0.0498046875 0.044921875
1 0.2587890625 0.689453125 0.029296875 0.064453125
1 0.251953125 0.4638671875 0.021484375 0.0341796875
1 0.171875 0.6796875 0.0341796875 0.072265625
0 0.310546875 0.4423828125 0.0546875 0.046875
0 0.541015625 0.3798828125 0.037109375 0.0283203125
1 0.1396484375 0.5478515625 0.0234375 0.048828125
1 0.5146484375 0.4462890625 0.017578125 0.033203125
0 0.4697265625 0.4755859375 0.064453125 0.0576171875
1 0.1962890625 0.783203125 0.0361328125 0.0517578125
1 0.15234375 0.4755859375 0.0234375 0.0390625
1 0.298828125 0.673828125 0.025390625 0.0390625
1 0.0283203125 0.583984375 0.0341796875 0.064453125
0 0.2578125 0.4130859375 0.0810546875 0.0390625
1 0.5859375 0.41015625 0.0283203125 0.048828125
0 0.5380859375 0.333984375 0.0390625 0.029296875
1 0.673828125 0.5439453125 0.025390625 0.041015625
1 0.427734375 0.6923828125 0.029296875 0.046875
1 0.2861328125 0.466796875 0.03125 0.037109375
1 0.5673828125 0.5078125 0.046875 0.0498046875
0 0.49609375 0.3486328125 0.033203125 0.0283203125
1 0.193359375 0.4580078125 0.0205078125 0.041015625
1 0.9267578125 0.609375 0.0439453125 0.037109375
1 0.2548828125 0.7783203125 0.0283203125 0.052734375
1 0.2109375 0.728515625 0.021484375 0.0498046875
0 0.326171875 0.400390625 0.0732421875 0.0341796875
1 0.060546875 0.4794921875 0.0263671875 0.037109375
0 0.494140625 0.390625 0.041015625 0.037109375
1 0.8955078125 0.5751953125 0.037109375 0.041015625
1 0.0869140625 0.7421875 0.076171875 0.109375
0 0.955078125 0.57421875 0.0654296875 0.0546875
1 0.44921875 0.369140625 0.017578125 0.03125
0 0.240234375 0.365234375 0.068359375 0.0546875
1 0.6396484375 0.439453125 0.0419921875 0.033203125
1 0.5322265625 0.412109375 0.0234375 0.044921875