0 0.19140625 0.7490234375 0.126953125 0.1611328125
0 0.3388671875 0.7275390625 0.099609375 0.1201171875
1 0.5927734375 0.833984375 0.0517578125 0.09375
0 0.509765625 0.4267578125 0.048828125 0.0595703125
1 0.810546875 0.83984375 0.064453125 0.091796875
1 0.6416015625 0.7587890625 0.0517578125 0.0732421875
1 0.552734375 0.740234375 0.0498046875 0.076171875
1 0.587890625 0.623046875 0.0419921875 0.0654296875
1 0.556640625 0.435546875 0.0185546875 0.029296875
1 0.74609375 0.7265625 0.0390625 0.072265625
1 0.5810546875 0.4482421875 0.025390625 0.041015625
0 0.5380859375 0.3486328125 0.0419921875 0.0341796875
1 0.078125 0.767578125 0.041015625 0.0732421875
0 0.4892578125 0.3603515625 0.041015625 0.033203125
0 0.9248046875 0.5791015625 0.1220703125 0.076171875
1 0.4287109375 0.6806640625 0.0390625 0.0576171875
1 0.40234375 0.44921875 0.0361328125 0.0390625
1 0.7236328125 0.470703125 0.0341796875 0.033203125
1 0.634765625 0.6416015625 0.0390625 0.048828125
1 0.484375 0.513671875 0.0341796875 0.048828125
1 0.880859375 0.662109375 0.064453125 0.0751953125
1 0.6220703125 0.5146484375 0.0341796875 0.0390625
1 0.5849609375 0.482421875 0.0234375 0.041015625
1 0.78125 0.6376953125 0.068359375 0.072265625
1 0.4150390625 0.5439453125 0.033203125 0.0498046875
1 0.6923828125 0.6591796875 0.037109375 0.068359375
1 0.6669921875 0.8388671875 0.056640625 0.0966796875
1 0.966796875 0.626953125 0.0390625 0.056640625
1 0.6201171875 0.4716796875 0.0439453125 0.0341796875
0 0.5078125 0.333984375 0.0341796875 0.029296875
1 0.626953125 0.5537109375 0.0390625 0.0546875
1 0.306640625 0.857421875 0.0361328125 0.060546875
1 0.9365234375 0.861328125 0.0888671875 0.0595703125
1 0.716796875 0.5419921875 0.0419921875 0.0439453125
1 0.7041015625 0.7587890625 0.060546875 0.0576171875
1 0.556640625 0.6103515625 0.0263671875 0.044921875
1 0.7392578125 0.587890625 0.056640625 0.064453125
1 0.810546875 0.5615234375 0.0498046875 0.0517578125
1 0.6474609375 0.6875 0.044921875 0.0595703125
1 0.451171875 0.373046875 0.017578125 0.029296875
1 0.560546875 0.5419921875 0.052734375 0.0625
1 0.033203125 0.818359375 0.0439453125 0.0703125
1 0.3212890625 0.599609375 0.064453125 0.0439453125
1 0.5419921875 0.408203125 0.021484375 0.041015625
1 0.833984375 0.720703125 0.03125 0.080078125
1 0.8427734375 0.53515625 0.0263671875 0.0263671875
1 0.6884765625 0.662109375 0.158203125 0.240234375
1 0.0361328125 0.7626953125 0.03125 0.041015625
1 0.44140625 0.591796875 0.0234375 0.0498046875
0 0.353515625 0.3212890625 0.0341796875 0.0205078125
1 0.5771484375 0.375 0.017578125 0.03125
1 0.111328125 0.537109375 0.0263671875 0.041015625
1 0.6787109375 0.5712890625 0.060546875 0.0517578125
1 0.8154296875 0.490234375 0.0283203125 0.025390625
1 0.677734375 0.4658203125 0.0361328125 0.0341796875
1 0.5966796875 0.5595703125 0.021484375 0.0341796875
1 0.90625 0.5244140625 0.0341796875 0.0419921875
1 0.0302734375 0.564453125 0.0361328125 0.060546875
1 0.888671875 0.384765625 0.013671875 0.0283203125
1 0.03515625 0.71484375 0.0234375 0.0546875
1 0.4599609375 0.716796875 0.0390625 0.109375
1 0.0615234375 0.478515625 0.0263671875 0.037109375
1 0.935546875 0.6025390625 0.021484375 0.0390625
1 0.7705078125 0.5693359375 0.025390625 0.0361328125
1 0.244140625 0.6103515625 0.0263671875 0.0703125
1 0.9169921875 0.361328125 0.0341796875 0.0283203125
1 0.873046875 0.3564453125 0.0234375 0.025390625
0 0.244140625 0.3779296875 0.068359375 0.037109375
1 0.5205078125 0.392578125 0.009765625 0.017578125
1 0.4541015625 0.501953125 0.0390625 0.056640625
1 0.0244140625 0.3740234375 0.013671875 0.0234375