0 0.1923828125 0.748046875 0.125 0.1611328125
0 0.513671875 0.423828125 0.0517578125 0.0546875
0 0.337890625 0.7275390625 0.0986328125 0.1201171875
0 0.451171875 0.515625 0.1484375 0.0751953125
0 0.5380859375 0.35546875 0.044921875 0.044921875
1 0.513671875 0.46875 0.041015625 0.052734375
1 0.416015625 0.810546875 0.037109375 0.0517578125
1 0.611328125 0.494140625 0.033203125 0.046875
1 0.2763671875 0.498046875 0.0283203125 0.0341796875
1 0.0673828125 0.53515625 0.03125 0.048828125
0 0.16796875 0.4111328125 0.064453125 0.037109375
1 0.4697265625 0.4541015625 0.033203125 0.044921875
0 0.486328125 0.361328125 0.0419921875 0.033203125
1 0.228515625 0.4580078125 0.025390625 0.0283203125
1 0.5791015625 0.48828125 0.0234375 0.0419921875
1 0.306640625 0.833984375 0.046875 0.0908203125
0 0.509765625 0.333984375 0.033203125 0.029296875
1 0.55859375 0.4013671875 0.0205078125 0.037109375
1 0.638671875 0.505859375 0.029296875 0.0517578125
1 0.541015625 0.470703125 0.0263671875 0.046875
1 0.1337890625 0.4267578125 0.0234375 0.021484375
1 0.1435546875 0.4560546875 0.021484375 0.03125
1 0.0791015625 0.7587890625 0.0419921875 0.0732421875
1 0.1953125 0.43359375 0.0185546875 0.029296875
1 0.458984375 0.783203125 0.0361328125 0.0576171875
1 0.564453125 0.451171875 0.017578125 0.0263671875
1 0.068359375 0.478515625 0.0390625 0.0341796875
1 0.5751953125 0.376953125 0.015625 0.029296875
1 0.646484375 0.470703125 0.017578125 0.021484375
1 0.6201171875 0.462890625 0.0185546875 0.029296875
1 0.716796875 0.564453125 0.064453125 0.0517578125
1 0.435546875 0.380859375 0.017578125 0.029296875
1 0.7744140625 0.5732421875 0.060546875 0.052734375
1 0.2578125 0.39453125 0.021484375 0.033203125
1 0.0205078125 0.4951171875 0.0185546875 0.037109375
1 0.1640625 0.365234375 0.0126953125 0.017578125
1 0.59375 0.466796875 0.015625 0.025390625
1 0.421875 0.744140625 0.0498046875 0.076171875
1 0.091796875 0.388671875 0.013671875 0.015625
1 0.42578125 0.6806640625 0.033203125 0.0361328125
1 0.8955078125 0.5498046875 0.03125 0.0498046875
1 0.6376953125 0.4443359375 0.041015625 0.029296875
1 0.4560546875 0.3623046875 0.021484375 0.0283203125
1 0.513671875 0.369140625 0.0205078125 0.0205078125
1 0.6640625 0.5078125 0.021484375 0.041015625
1 0.5498046875 0.443359375 0.015625 0.029296875
1 0.248046875 0.357421875 0.013671875 0.0185546875
1 0.03125 0.5830078125 0.03125 0.0810546875
1 0.177734375 0.3271484375 0.0205078125 0.0205078125
1 0.025390625 0.826171875 0.033203125 0.0810546875
1 0.1083984375 0.4853515625 0.0361328125 0.033203125
1 0.025390625 0.375 0.0126953125 0.0185546875
1 0.455078125 0.7158203125 0.0205078125 0.0283203125
0 0.1923828125 0.875 0.0966796875 0.0283203125
1 0.849609375 0.654296875 0.044921875 0.048828125
1 0.20703125 0.357421875 0.0107421875 0.0205078125
1 0.466796875 0.4208984375 0.017578125 0.0234375
1 0.90234375 0.494140625 0.033203125 0.0361328125
1 0.1953125 0.322265625 0.015625 0.017578125