0 0.1923828125 0.7490234375 0.1220703125 0.1640625
0 0.5107421875 0.41796875 0.0439453125 0.048828125
0 0.3369140625 0.7275390625 0.0986328125 0.1201171875
1 0.4111328125 0.810546875 0.0439453125 0.052734375
1 0.1474609375 0.626953125 0.0419921875 0.0654296875
1 0.306640625 0.8349609375 0.048828125 0.091796875
0 0.5390625 0.3505859375 0.037109375 0.0361328125
0 0.486328125 0.361328125 0.037109375 0.029296875
1 0.4990234375 0.4482421875 0.0234375 0.03125
1 0.306640625 0.4755859375 0.044921875 0.0576171875
0 0.548828125 0.525390625 0.1513671875 0.068359375
1 0.6171875 0.4853515625 0.037109375 0.0390625
1 0.0732421875 0.765625 0.041015625 0.068359375
1 0.06640625 0.5341796875 0.0263671875 0.046875
1 0.47265625 0.4794921875 0.033203125 0.0439453125
1 0.5615234375 0.44921875 0.0205078125 0.029296875
1 0.4580078125 0.783203125 0.037109375 0.0576171875
1 0.51953125 0.4697265625 0.0234375 0.044921875
0 0.509765625 0.333984375 0.0283203125 0.029296875
1 0.6474609375 0.4873046875 0.0205078125 0.0341796875
1 0.0205078125 0.5712890625 0.0185546875 0.044921875
1 0.427734375 0.6748046875 0.044921875 0.052734375
1 0.5703125 0.4072265625 0.0185546875 0.029296875
1 0.419921875 0.7373046875 0.044921875 0.056640625
1 0.548828125 0.435546875 0.0185546875 0.0263671875
1 0.060546875 0.4765625 0.0263671875 0.03125
1 0.587890625 0.4765625 0.0263671875 0.0341796875
1 0.095703125 0.642578125 0.037109375 0.064453125
1 0.5673828125 0.3798828125 0.03125 0.0341796875
1 0.4638671875 0.4453125 0.03125 0.0283203125
1 0.0400390625 0.55859375 0.0205078125 0.0390625
1 0.466796875 0.421875 0.017578125 0.025390625
1 0.380859375 0.388671875 0.0341796875 0.0361328125
1 0.0244140625 0.810546875 0.029296875 0.0703125
1 0.357421875 0.353515625 0.0234375 0.0283203125
1 0.576171875 0.5654296875 0.0234375 0.0439453125
1 0.4443359375 0.4404296875 0.013671875 0.025390625
1 0.6748046875 0.5146484375 0.0498046875 0.044921875
1 0.45703125 0.3603515625 0.0263671875 0.029296875
1 0.6318359375 0.4423828125 0.033203125 0.03125
0 0.6943359375 0.568359375 0.0703125 0.0498046875
0 0.158203125 0.298828125 0.0341796875 0.0341796875
1 0.177734375 0.326171875 0.0205078125 0.021484375
0 0.193359375 0.8740234375 0.099609375 0.029296875
1 0.2158203125 0.3359375 0.015625 0.015625
1 0.4033203125 0.37109375 0.0126953125 0.0263671875
1 0.2353515625 0.357421875 0.013671875 0.017578125
1 0.0244140625 0.76171875 0.0263671875 0.033203125