1 0.306640625 0.6591796875 0.0283203125 0.0654296875
0 0.5693359375 0.4755859375 0.060546875 0.060546875
0 0.5673828125 0.673828125 0.1220703125 0.1455078125
1 0.2490234375 0.65625 0.033203125 0.0654296875
0 0.796875 0.771484375 0.208984375 0.2216796875
1 0.408203125 0.673828125 0.037109375 0.076171875
0 0.205078125 0.490234375 0.060546875 0.060546875
1 0.3759765625 0.63671875 0.029296875 0.044921875
0 0.3251953125 0.4775390625 0.0595703125 0.0576171875
1 0.2734375 0.5830078125 0.03125 0.052734375
1 0.376953125 0.521484375 0.0234375 0.0390625
1 0.1669921875 0.638671875 0.0341796875 0.0625
1 0.154296875 0.57421875 0.025390625 0.0419921875
1 0.1083984375 0.6220703125 0.033203125 0.0439453125
1 0.2197265625 0.603515625 0.033203125 0.048828125
1 0.1875 0.5439453125 0.0185546875 0.037109375
1 0.2373046875 0.560546875 0.025390625 0.0390625
1 0.7333984375 0.5419921875 0.033203125 0.041015625
1 0.51953125 0.4775390625 0.0205078125 0.0361328125
1 0.8154296875 0.568359375 0.0810546875 0.076171875
1 0.494140625 0.470703125 0.0234375 0.033203125
1 0.158203125 0.458984375 0.017578125 0.0283203125
1 0.2763671875 0.5439453125 0.0283203125 0.037109375
1 0.2265625 0.5341796875 0.025390625 0.0341796875
1 0.2294921875 0.798828125 0.046875 0.0546875
1 0.162109375 0.427734375 0.0263671875 0.025390625
1 0.689453125 0.546875 0.0439453125 0.0439453125
1 0.1455078125 0.5107421875 0.021484375 0.03125
1 0.265625 0.486328125 0.025390625 0.041015625
1 0.1005859375 0.6669921875 0.029296875 0.0439453125
1 0.9462890625 0.689453125 0.076171875 0.0830078125
0 0.5078125 0.341796875 0.0341796875 0.03125
1 0.1904296875 0.73046875 0.03125 0.0546875
1 0.16015625 0.40234375 0.017578125 0.0205078125
0 0.283203125 0.41015625 0.056640625 0.0390625
1 0.1376953125 0.5517578125 0.021484375 0.041015625
0 0.53515625 0.38671875 0.0390625 0.0263671875
1 0.5478515625 0.54296875 0.033203125 0.0546875
1 0.8525390625 0.658203125 0.029296875 0.0439453125
1 0.029296875 0.564453125 0.0341796875 0.052734375
1 0.2060546875 0.4140625 0.015625 0.021484375
0 0.5634765625 0.373046875 0.033203125 0.0283203125
1 0.0595703125 0.478515625 0.025390625 0.033203125
1 0.185546875 0.6728515625 0.021484375 0.033203125
0 0.099609375 0.4072265625 0.052734375 0.0361328125
0 0.486328125 0.318359375 0.0341796875 0.017578125
1 0.302734375 0.810546875 0.0361328125 0.1044921875
1 0.8701171875 0.857421875 0.0654296875 0.0673828125
0 0.4892578125 0.439453125 0.0810546875 0.107421875
1 0.46484375 0.677734375 0.0263671875 0.0673828125
1 0.9287109375 0.611328125 0.0419921875 0.037109375
0 0.4912109375 0.361328125 0.033203125 0.0263671875
1 0.490234375 0.5703125 0.0234375 0.03125
1 0.6787109375 0.5869140625 0.0263671875 0.0419921875
1 0.580078125 0.423828125 0.0234375 0.03125
1 0.490234375 0.6259765625 0.0361328125 0.0576171875
1 0.5517578125 0.80078125 0.037109375 0.0361328125
1 0.1455078125 0.5986328125 0.130859375 0.1875
1 0.896484375 0.580078125 0.041015625 0.0498046875
1 0.681640625 0.5126953125 0.0283203125 0.03125
1 0.1767578125 0.365234375 0.0185546875 0.017578125
1 0.4931640625 0.4453125 0.017578125 0.021484375
1 0.3017578125 0.7607421875 0.0185546875 0.0341796875
1 0.6416015625 0.443359375 0.0390625 0.0263671875
1 0.974609375 0.6328125 0.029296875 0.0595703125
1 0.0556640625 0.8056640625 0.048828125 0.044921875
0 0.505859375 0.5419921875 0.0830078125 0.103515625
0 0.4375 0.4345703125 0.041015625 0.0625
1 0.08984375 0.7607421875 0.0419921875 0.0654296875
1 0.1455078125 0.486328125 0.021484375 0.0263671875
1 0.515625 0.44921875 0.015625 0.0263671875
0 0.546875 0.4150390625 0.0498046875 0.048828125