0 0.130859375 0.7490234375 0.138671875 0.158203125
0 0.3203125 0.8046875 0.140625 0.1689453125
0 0.34375 0.5771484375 0.078125 0.091796875
0 0.705078125 0.716796875 0.166015625 0.1923828125
1 0.5830078125 0.541015625 0.0341796875 0.0546875
0 0.5087890625 0.5888671875 0.0888671875 0.1376953125
0 0.505859375 0.431640625 0.0498046875 0.048828125
1 0.6640625 0.6015625 0.03125 0.0439453125
1 0.7734375 0.68359375 0.046875 0.0673828125
1 0.8173828125 0.572265625 0.0751953125 0.080078125
0 0.224609375 0.537109375 0.0625 0.072265625
0 0.4912109375 0.3515625 0.0361328125 0.037109375
1 0.61328125 0.591796875 0.033203125 0.060546875
1 0.5869140625 0.826171875 0.0546875 0.0703125
1 0.541015625 0.5380859375 0.029296875 0.0517578125
0 0.306640625 0.4833984375 0.060546875 0.0576171875
1 0.623046875 0.5439453125 0.0361328125 0.0625
1 0.9443359375 0.685546875 0.076171875 0.087890625
1 0.7060546875 0.546875 0.0283203125 0.046875
1 0.2646484375 0.5166015625 0.029296875 0.0390625
1 0.1044921875 0.642578125 0.037109375 0.0625
1 0.5830078125 0.484375 0.037109375 0.041015625
1 0.2431640625 0.6396484375 0.033203125 0.0546875
1 0.1328125 0.5771484375 0.0283203125 0.048828125
1 0.8896484375 0.658203125 0.0703125 0.0654296875
1 0.05859375 0.484375 0.0263671875 0.03125
0 0.275390625 0.416015625 0.0439453125 0.0361328125
1 0.587890625 0.658203125 0.0419921875 0.0654296875
1 0.23828125 0.4345703125 0.033203125 0.03125
1 0.439453125 0.4521484375 0.0205078125 0.0361328125
1 0.4609375 0.4677734375 0.037109375 0.0361328125
1 0.546875 0.4833984375 0.021484375 0.033203125
1 0.33984375 0.45703125 0.0205078125 0.029296875
1 0.166015625 0.4140625 0.025390625 0.0341796875
1 0.5146484375 0.5078125 0.0263671875 0.0283203125
1 0.6875 0.4658203125 0.0341796875 0.025390625
0 0.22265625 0.4677734375 0.0517578125 0.0546875
1 0.58203125 0.4228515625 0.0263671875 0.0390625
1 0.40625 0.4599609375 0.0185546875 0.0361328125
1 0.552734375 0.423828125 0.029296875 0.0341796875
1 0.6572265625 0.8515625 0.0517578125 0.068359375
1 0.552734375 0.650390625 0.0419921875 0.0625
1 0.671875 0.529296875 0.025390625 0.0390625
1 0.603515625 0.7373046875 0.0595703125 0.103515625
1 0.111328125 0.8671875 0.0625 0.046875
1 0.9306640625 0.6064453125 0.0546875 0.0498046875
1 0.03125 0.56640625 0.037109375 0.0546875
1 0.6103515625 0.50390625 0.0205078125 0.0361328125
1 0.1357421875 0.517578125 0.03125 0.0390625
1 0.896484375 0.5458984375 0.0341796875 0.0390625
1 0.8603515625 0.798828125 0.064453125 0.1064453125
1 0.8916015625 0.5859375 0.0390625 0.0595703125
1 0.3916015625 0.4267578125 0.0234375 0.03125
1 0.0205078125 0.498046875 0.0185546875 0.0361328125
1 0.1650390625 0.533203125 0.029296875 0.0390625
1 0.166015625 0.470703125 0.017578125 0.029296875
1 0.96484375 0.869140625 0.0361328125 0.0439453125
0 0.2294921875 0.3408203125 0.025390625 0.021484375
1 0.97265625 0.634765625 0.033203125 0.064453125
1 0.458984375 0.5029296875 0.03125 0.037109375
1 0.2431640625 0.6025390625 0.0234375 0.0234375
1 0.4384765625 0.404296875 0.013671875 0.015625
1 0.240234375 0.3994140625 0.0283203125 0.029296875
1 0.033203125 0.755859375 0.0439453125 0.087890625
0 0.0888671875 0.4267578125 0.0654296875 0.0341796875
1 0.2216796875 0.412109375 0.025390625 0.029296875
0 0.1884765625 0.345703125 0.0205078125 0.017578125
0 0.0322265625 0.373046875 0.0234375 0.0205078125
1 0.537109375 0.3837890625 0.0283203125 0.0361328125
1 0.525390625 0.8310546875 0.033203125 0.052734375
1 0.6328125 0.4423828125 0.03125 0.0341796875
1 0.447265625 0.388671875 0.015625 0.021484375