0 0.193359375 0.748046875 0.123046875 0.162109375
0 0.5107421875 0.4248046875 0.046875 0.0498046875
0 0.337890625 0.7275390625 0.0986328125 0.1201171875
0 0.5400390625 0.349609375 0.0419921875 0.0361328125
0 0.6669921875 0.5380859375 0.1533203125 0.0732421875
0 0.0986328125 0.392578125 0.0625 0.037109375
1 0.3466796875 0.4697265625 0.025390625 0.033203125
1 0.154296875 0.5107421875 0.021484375 0.0283203125
1 0.2763671875 0.4658203125 0.03125 0.03125
1 0.2177734375 0.4541015625 0.0234375 0.029296875
1 0.3876953125 0.5048828125 0.041015625 0.037109375
1 0.1201171875 0.42578125 0.0341796875 0.0361328125
1 0.306640625 0.8466796875 0.0419921875 0.0654296875
1 0.5322265625 0.54296875 0.0419921875 0.0673828125
1 0.5107421875 0.470703125 0.0283203125 0.046875
1 0.240234375 0.505859375 0.0263671875 0.0390625
1 0.6357421875 0.4990234375 0.025390625 0.0361328125
1 0.068359375 0.5341796875 0.0283203125 0.037109375
0 0.4931640625 0.361328125 0.0419921875 0.0341796875
1 0.5302734375 0.3876953125 0.0234375 0.0283203125
1 0.5791015625 0.490234375 0.033203125 0.041015625
1 0.166015625 0.419921875 0.0283203125 0.03125
1 0.0791015625 0.748046875 0.0517578125 0.091796875
1 0.185546875 0.4072265625 0.025390625 0.0234375
1 0.560546875 0.3740234375 0.0263671875 0.0263671875
1 0.45703125 0.779296875 0.0390625 0.0625
1 0.1708984375 0.4736328125 0.017578125 0.025390625
1 0.32421875 0.4775390625 0.0234375 0.029296875
0 0.509765625 0.3330078125 0.0283203125 0.0283203125
1 0.5634765625 0.451171875 0.0205078125 0.0283203125
1 0.466796875 0.4384765625 0.0234375 0.033203125
1 0.416015625 0.791015625 0.048828125 0.0830078125
1 0.0615234375 0.6806640625 0.0517578125 0.0576171875
1 0.638671875 0.4677734375 0.0185546875 0.029296875
1 0.5361328125 0.4765625 0.025390625 0.041015625
1 0.421875 0.7333984375 0.046875 0.0576171875
1 0.4248046875 0.6796875 0.0341796875 0.037109375
1 0.455078125 0.361328125 0.0205078125 0.0234375
1 0.03125 0.580078125 0.0341796875 0.0810546875
1 0.107421875 0.4853515625 0.033203125 0.033203125
1 0.060546875 0.4814453125 0.0234375 0.041015625
0 0.2236328125 0.359375 0.0654296875 0.0341796875
1 0.623046875 0.4833984375 0.0205078125 0.0234375
1 0.810546875 0.572265625 0.037109375 0.033203125
1 0.8466796875 0.58203125 0.0341796875 0.033203125
1 0.5927734375 0.466796875 0.013671875 0.0205078125
1 0.86328125 0.685546875 0.0390625 0.068359375
0 0.04296875 0.3408203125 0.0517578125 0.0283203125
0 0.19140625 0.875 0.095703125 0.0283203125
1 0.44921875 0.6669921875 0.0263671875 0.046875
0 0.4716796875 0.3203125 0.056640625 0.03125
1 0.5859375 0.3583984375 0.0126953125 0.017578125
1 0.5517578125 0.763671875 0.037109375 0.072265625
1 0.322265625 0.474609375 0.169921875 0.087890625
1 0.5712890625 0.466796875 0.154296875 0.087890625
1 0.427734375 0.359375 0.009765625 0.0185546875