1 0.1806640625 0.533203125 0.029296875 0.0546875
0 0.560546875 0.501953125 0.076171875 0.0966796875
0 0.693359375 0.6826171875 0.146484375 0.1533203125
0 0.6181640625 0.4501953125 0.0859375 0.0625
0 0.3369140625 0.7529296875 0.111328125 0.1279296875
1 0.814453125 0.580078125 0.0703125 0.068359375
1 0.658203125 0.56640625 0.056640625 0.076171875
0 0.48828125 0.361328125 0.0361328125 0.033203125
1 0.8369140625 0.755859375 0.060546875 0.0986328125
1 0.865234375 0.65625 0.056640625 0.056640625
1 0.705078125 0.513671875 0.0185546875 0.0283203125
1 0.564453125 0.4375 0.013671875 0.0283203125
1 0.1845703125 0.3603515625 0.015625 0.0234375
1 0.611328125 0.498046875 0.025390625 0.0576171875
1 0.728515625 0.537109375 0.0390625 0.0439453125
0 0.0966796875 0.408203125 0.0810546875 0.060546875
1 0.9638671875 0.7001953125 0.0439453125 0.0751953125
1 0.19140625 0.4794921875 0.017578125 0.0283203125
1 0.220703125 0.505859375 0.021484375 0.0390625
1 0.111328125 0.4814453125 0.0341796875 0.037109375
1 0.37890625 0.447265625 0.0263671875 0.0419921875
0 0.453125 0.453125 0.056640625 0.0751953125
1 0.357421875 0.42578125 0.0283203125 0.029296875
1 0.0615234375 0.478515625 0.0263671875 0.0361328125
1 0.1474609375 0.4521484375 0.0205078125 0.0390625
1 0.15234375 0.486328125 0.033203125 0.0390625
1 0.845703125 0.5537109375 0.0263671875 0.044921875
1 0.1962890625 0.40234375 0.0205078125 0.033203125
1 0.2353515625 0.4169921875 0.0205078125 0.03125
1 0.9150390625 0.6044921875 0.0361328125 0.046875
0 0.3525390625 0.322265625 0.033203125 0.0185546875
1 0.671875 0.494140625 0.0185546875 0.03125
0 0.732421875 0.83984375 0.1669921875 0.0986328125
1 0.02734375 0.470703125 0.033203125 0.041015625
1 0.025390625 0.564453125 0.025390625 0.0498046875
0 0.2294921875 0.3603515625 0.078125 0.0517578125
1 0.185546875 0.4541015625 0.0185546875 0.0390625
1 0.42578125 0.416015625 0.0263671875 0.0341796875
1 0.455078125 0.5166015625 0.0283203125 0.0576171875
1 0.509765625 0.455078125 0.033203125 0.037109375
1 0.751953125 0.58203125 0.025390625 0.0576171875
1 0.3798828125 0.4052734375 0.025390625 0.0390625
1 0.962890625 0.6298828125 0.03125 0.056640625
1 0.931640625 0.736328125 0.033203125 0.0859375
1 0.453125 0.37109375 0.015625 0.033203125
0 0.5400390625 0.34375 0.044921875 0.03125
1 0.4716796875 0.4091796875 0.021484375 0.041015625
1 0.197265625 0.353515625 0.0107421875 0.0263671875
1 0.9052734375 0.6591796875 0.154296875 0.208984375
1 0.5859375 0.462890625 0.0126953125 0.03125
1 0.6455078125 0.5224609375 0.021484375 0.0390625
1 0.4794921875 0.60546875 0.0341796875 0.0888671875
1 0.59765625 0.40234375 0.013671875 0.0234375