0 0.3662109375 0.732421875 0.0986328125 0.150390625
0 0.7744140625 0.697265625 0.154296875 0.189453125
0 0.55859375 0.638671875 0.111328125 0.123046875
0 0.6015625 0.533203125 0.099609375 0.099609375
0 0.185546875 0.6953125 0.111328125 0.099609375
1 0.8984375 0.6533203125 0.072265625 0.0751953125
1 0.8212890625 0.583984375 0.080078125 0.0751953125
0 0.158203125 0.4677734375 0.046875 0.0419921875
0 0.365234375 0.5556640625 0.068359375 0.0732421875
0 0.251953125 0.525390625 0.0751953125 0.087890625
1 0.689453125 0.544921875 0.048828125 0.0546875
1 0.548828125 0.466796875 0.0205078125 0.044921875
1 0.9599609375 0.65234375 0.0517578125 0.080078125
0 0.162109375 0.4150390625 0.0390625 0.029296875
0 0.5078125 0.4345703125 0.046875 0.0654296875
1 0.587890625 0.4736328125 0.017578125 0.021484375
1 0.65234375 0.462890625 0.033203125 0.0341796875
0 0.4609375 0.5234375 0.078125 0.087890625
0 0.443359375 0.419921875 0.044921875 0.0517578125
1 0.177734375 0.5615234375 0.0234375 0.0361328125
1 0.5341796875 0.5283203125 0.03125 0.078125
1 0.9375 0.7001953125 0.0498046875 0.052734375
0 0.1796875 0.376953125 0.0283203125 0.029296875
1 0.216796875 0.4580078125 0.015625 0.0283203125
1 0.189453125 0.6044921875 0.0341796875 0.0654296875
1 0.9287109375 0.611328125 0.0419921875 0.0439453125
1 0.130859375 0.576171875 0.021484375 0.056640625
0 0.275390625 0.4091796875 0.044921875 0.0341796875
1 0.265625 0.47265625 0.0185546875 0.029296875
0 0.5400390625 0.337890625 0.033203125 0.0234375
1 0.8896484375 0.5947265625 0.0576171875 0.0576171875
1 0.7275390625 0.5400390625 0.0419921875 0.048828125
1 0.619140625 0.4599609375 0.0205078125 0.0205078125
1 0.064453125 0.478515625 0.0361328125 0.0390625
0 0.3193359375 0.4306640625 0.0673828125 0.0859375
1 0.091796875 0.63671875 0.03125 0.060546875
0 0.142578125 0.517578125 0.025390625 0.044921875
0 0.955078125 0.578125 0.060546875 0.056640625
1 0.0322265625 0.5771484375 0.0419921875 0.076171875
1 0.5009765625 0.384765625 0.0263671875 0.0439453125
0 0.564453125 0.39453125 0.033203125 0.044921875
0 0.2412109375 0.419921875 0.0361328125 0.0283203125
1 0.75 0.474609375 0.025390625 0.033203125
1 0.212890625 0.4130859375 0.0234375 0.0263671875
1 0.248046875 0.4794921875 0.0263671875 0.0283203125
1 0.5361328125 0.369140625 0.025390625 0.0341796875
1 0.44140625 0.38671875 0.0205078125 0.0234375
0 0.4931640625 0.345703125 0.0263671875 0.029296875
1 0.1318359375 0.416015625 0.017578125 0.0234375
0 0.4501953125 0.4599609375 0.041015625 0.0419921875
1 0.9052734375 0.544921875 0.017578125 0.0263671875
0 0.1064453125 0.8046875 0.052734375 0.072265625
0 0.251953125 0.3818359375 0.0517578125 0.029296875
1 0.595703125 0.400390625 0.015625 0.037109375