0 0.193359375 0.748046875 0.1201171875 0.162109375
0 0.51171875 0.421875 0.0517578125 0.052734375
0 0.337890625 0.7275390625 0.0986328125 0.1201171875
0 0.5400390625 0.3515625 0.0419921875 0.041015625
0 0.638671875 0.5556640625 0.171875 0.0830078125
1 0.0673828125 0.537109375 0.0283203125 0.0419921875
1 0.5146484375 0.47265625 0.0419921875 0.044921875
1 0.158203125 0.462890625 0.0205078125 0.03125
1 0.3251953125 0.5 0.037109375 0.0439453125
1 0.583984375 0.388671875 0.013671875 0.0205078125
1 0.306640625 0.8359375 0.048828125 0.09375
1 0.142578125 0.5107421875 0.025390625 0.052734375
1 0.259765625 0.4736328125 0.0283203125 0.0283203125
1 0.4150390625 0.80859375 0.0390625 0.060546875
1 0.08203125 0.7548828125 0.048828125 0.083984375
0 0.490234375 0.3603515625 0.037109375 0.033203125
1 0.580078125 0.4873046875 0.0263671875 0.037109375
1 0.109375 0.412109375 0.0185546875 0.021484375
1 0.46875 0.4560546875 0.0341796875 0.046875
0 0.244140625 0.4345703125 0.0732421875 0.046875
1 0.623046875 0.490234375 0.033203125 0.0439453125
0 0.509765625 0.333984375 0.033203125 0.0283203125
1 0.427734375 0.6826171875 0.0439453125 0.052734375
1 0.5634765625 0.3974609375 0.013671875 0.0263671875
1 0.49609375 0.453125 0.0205078125 0.03125
1 0.458984375 0.7822265625 0.0361328125 0.060546875
1 0.5166015625 0.3720703125 0.017578125 0.0185546875
1 0.9111328125 0.5830078125 0.072265625 0.0498046875
1 0.552734375 0.470703125 0.0205078125 0.0419921875
1 0.318359375 0.4287109375 0.015625 0.0234375
1 0.845703125 0.6337890625 0.0361328125 0.080078125
1 0.0654296875 0.474609375 0.041015625 0.0341796875
1 0.40625 0.361328125 0.0126953125 0.0185546875
1 0.169921875 0.4150390625 0.0185546875 0.0205078125
1 0.15234375 0.443359375 0.017578125 0.021484375
1 0.5693359375 0.435546875 0.013671875 0.021484375
1 0.455078125 0.36328125 0.017578125 0.0205078125
1 0.419921875 0.740234375 0.048828125 0.0595703125
1 0.1171875 0.3955078125 0.025390625 0.025390625
1 0.619140625 0.4521484375 0.017578125 0.0234375
1 0.314453125 0.408203125 0.017578125 0.0185546875
1 0.564453125 0.37109375 0.025390625 0.0263671875
0 0.2353515625 0.3681640625 0.0576171875 0.0361328125
1 0.6455078125 0.4697265625 0.0185546875 0.0263671875
1 0.01953125 0.4599609375 0.017578125 0.029296875
0 0.1884765625 0.3623046875 0.0419921875 0.021484375
1 0.5888671875 0.4482421875 0.015625 0.025390625
1 0.4560546875 0.7158203125 0.021484375 0.0283203125
1 0.1767578125 0.3271484375 0.0185546875 0.0205078125
1 0.548828125 0.44140625 0.017578125 0.0234375
1 0.595703125 0.466796875 0.015625 0.021484375
1 0.1416015625 0.7939453125 0.029296875 0.0654296875
1 0.162109375 0.36328125 0.0185546875 0.0234375
1 0.03125 0.583984375 0.0341796875 0.0830078125
1 0.4697265625 0.419921875 0.017578125 0.0263671875
1 0.060546875 0.384765625 0.0234375 0.0185546875
1 0.58203125 0.3583984375 0.0107421875 0.013671875
1 0.083984375 0.40625 0.017578125 0.025390625
1 0.890625 0.384765625 0.015625 0.0234375
0 0.1884765625 0.8759765625 0.1044921875 0.029296875
1 0.068359375 0.3408203125 0.017578125 0.0185546875
1 0.1943359375 0.322265625 0.017578125 0.0205078125