0 0.322265625 0.798828125 0.1513671875 0.1767578125
0 0.1767578125 0.748046875 0.1376953125 0.1533203125
1 0.6875 0.77734375 0.0498046875 0.076171875
1 0.7470703125 0.6904296875 0.052734375 0.0595703125
0 0.31640625 0.6474609375 0.091796875 0.111328125
1 0.41015625 0.435546875 0.0234375 0.044921875
1 0.091796875 0.7080078125 0.041015625 0.0654296875
1 0.564453125 0.439453125 0.029296875 0.041015625
0 0.5576171875 0.5146484375 0.083984375 0.1142578125
1 0.8212890625 0.5830078125 0.0830078125 0.078125
1 0.5634765625 0.390625 0.017578125 0.025390625
1 0.693359375 0.546875 0.052734375 0.056640625
0 0.240234375 0.5146484375 0.064453125 0.080078125
1 0.41796875 0.615234375 0.0517578125 0.0625
1 0.482421875 0.435546875 0.0205078125 0.041015625
1 0.802734375 0.8125 0.0654296875 0.0810546875
1 0.892578125 0.662109375 0.083984375 0.076171875
1 0.6015625 0.4541015625 0.0341796875 0.0390625
1 0.59375 0.396484375 0.0185546875 0.0263671875
0 0.4794921875 0.357421875 0.0341796875 0.0390625
1 0.44921875 0.435546875 0.0205078125 0.03125
1 0.4267578125 0.392578125 0.0185546875 0.025390625
1 0.484375 0.4892578125 0.021484375 0.037109375
1 0.130859375 0.529296875 0.0263671875 0.03125
0 0.3271484375 0.490234375 0.0673828125 0.0595703125
1 0.162109375 0.5751953125 0.029296875 0.0498046875
1 0.947265625 0.693359375 0.072265625 0.0732421875
1 0.9033203125 0.544921875 0.0283203125 0.029296875
1 0.5068359375 0.3662109375 0.017578125 0.0263671875
1 0.1201171875 0.595703125 0.0283203125 0.0419921875
1 0.689453125 0.6865234375 0.0341796875 0.064453125
0 0.505859375 0.341796875 0.0263671875 0.0283203125
0 0.1279296875 0.4150390625 0.0341796875 0.033203125
1 0.5478515625 0.595703125 0.0263671875 0.056640625
0 0.3203125 0.548828125 0.072265625 0.0830078125
0 0.25390625 0.3955078125 0.0517578125 0.056640625
1 0.58203125 0.435546875 0.013671875 0.0263671875
1 0.4267578125 0.3642578125 0.015625 0.0185546875
1 0.712890625 0.5166015625 0.041015625 0.033203125
1 0.0966796875 0.6240234375 0.0341796875 0.048828125
1 0.0595703125 0.4814453125 0.025390625 0.037109375
1 0.4765625 0.4052734375 0.025390625 0.033203125
1 0.0458984375 0.576171875 0.0263671875 0.056640625
1 0.9658203125 0.5205078125 0.041015625 0.03125
0 0.5322265625 0.3486328125 0.029296875 0.0341796875
1 0.1806640625 0.5458984375 0.0234375 0.0390625
1 0.1787109375 0.4990234375 0.0263671875 0.0361328125
1 0.537109375 0.421875 0.017578125 0.0283203125
1 0.9345703125 0.6083984375 0.041015625 0.0390625
1 0.181640625 0.4677734375 0.044921875 0.048828125
1 0.365234375 0.357421875 0.013671875 0.025390625
1 0.189453125 0.4208984375 0.033203125 0.033203125
1 0.7353515625 0.865234375 0.044921875 0.046875
0 0.525390625 0.3232421875 0.029296875 0.015625
1 0.70703125 0.470703125 0.0263671875 0.0283203125
1 0.345703125 0.353515625 0.015625 0.025390625
0 0.3681640625 0.326171875 0.0546875 0.0234375
1 0.892578125 0.5849609375 0.0439453125 0.0517578125
1 0.0244140625 0.560546875 0.0234375 0.046875
1 0.17578125 0.8525390625 0.1015625 0.076171875
1 0.0419921875 0.841796875 0.041015625 0.083984375
1 0.1435546875 0.4970703125 0.03125 0.0341796875
1 0.4462890625 0.416015625 0.091796875 0.1201171875
0 0.9580078125 0.576171875 0.0595703125 0.056640625
1 0.2802734375 0.361328125 0.017578125 0.0234375
1 0.8427734375 0.5390625 0.0234375 0.0341796875
1 0.958984375 0.6298828125 0.0341796875 0.046875