1 0.7041015625 0.6083984375 0.0419921875 0.0517578125
1 0.796875 0.6845703125 0.052734375 0.068359375
0 0.5517578125 0.646484375 0.130859375 0.1513671875
0 0.1142578125 0.41015625 0.0654296875 0.0390625
1 0.103515625 0.6318359375 0.0283203125 0.0517578125
1 0.849609375 0.8359375 0.0673828125 0.078125
0 0.3447265625 0.5146484375 0.0673828125 0.0703125
0 0.5400390625 0.484375 0.0703125 0.083984375
1 0.740234375 0.818359375 0.0576171875 0.0830078125
1 0.3857421875 0.66796875 0.03125 0.0576171875
1 0.6494140625 0.5732421875 0.033203125 0.052734375
1 0.60546875 0.4921875 0.029296875 0.0439453125
1 0.2919921875 0.6376953125 0.037109375 0.068359375
0 0.5634765625 0.416015625 0.0419921875 0.048828125
0 0.201171875 0.5078125 0.0673828125 0.083984375
1 0.7919921875 0.5771484375 0.0341796875 0.060546875
1 0.603515625 0.564453125 0.021484375 0.0419921875
1 0.677734375 0.677734375 0.0419921875 0.064453125
0 0.498046875 0.5390625 0.0673828125 0.078125
1 0.4951171875 0.4375 0.0283203125 0.0439453125
1 0.2919921875 0.5380859375 0.03125 0.044921875
1 0.40625 0.478515625 0.025390625 0.0439453125
0 0.318359375 0.4560546875 0.0576171875 0.046875
1 0.865234375 0.595703125 0.0732421875 0.0654296875
1 0.087890625 0.7294921875 0.037109375 0.0625
0 0.455078125 0.4736328125 0.052734375 0.0595703125
1 0.6923828125 0.548828125 0.0439453125 0.0439453125
1 0.939453125 0.6787109375 0.0908203125 0.0986328125
1 0.43359375 0.435546875 0.033203125 0.0390625
0 0.517578125 0.345703125 0.0234375 0.0205078125
1 0.18359375 0.6123046875 0.029296875 0.0625
1 0.732421875 0.5380859375 0.0361328125 0.0419921875
0 0.185546875 0.3564453125 0.0263671875 0.025390625
1 0.154296875 0.5947265625 0.0263671875 0.033203125
1 0.80078125 0.8603515625 0.060546875 0.0576171875
1 0.041015625 0.587890625 0.0263671875 0.0625
1 0.521484375 0.40234375 0.0205078125 0.0234375
1 0.927734375 0.611328125 0.0390625 0.0390625
1 0.64453125 0.5322265625 0.0263671875 0.0517578125
1 0.439453125 0.6826171875 0.0361328125 0.072265625
0 0.53125 0.4345703125 0.046875 0.0439453125
1 0.830078125 0.5615234375 0.0263671875 0.033203125
0 0.2216796875 0.3447265625 0.025390625 0.0205078125
1 0.2314453125 0.57421875 0.025390625 0.0361328125
1 0.05859375 0.482421875 0.0205078125 0.0361328125
1 0.40625 0.865234375 0.0439453125 0.0517578125
0 0.2216796875 0.37109375 0.0283203125 0.029296875
1 0.44921875 0.3720703125 0.0107421875 0.025390625
1 0.1728515625 0.84765625 0.0546875 0.080078125
1 0.638671875 0.439453125 0.037109375 0.0361328125
1 0.158203125 0.373046875 0.017578125 0.0205078125
0 0.24609375 0.388671875 0.044921875 0.0419921875
1 0.974609375 0.6337890625 0.0283203125 0.060546875
1 0.6708984375 0.6337890625 0.0263671875 0.0419921875
0 0.482421875 0.3603515625 0.025390625 0.0205078125
1 0.861328125 0.5595703125 0.015625 0.0185546875
1 0.603515625 0.4541015625 0.017578125 0.0234375
1 0.9345703125 0.6533203125 0.021484375 0.0341796875
1 0.146484375 0.556640625 0.0185546875 0.0263671875
1 0.7109375 0.5234375 0.021484375 0.0341796875