0 0.318359375 0.7998046875 0.150390625 0.1748046875
0 0.5712890625 0.544921875 0.0830078125 0.1015625
1 0.509765625 0.44921875 0.025390625 0.0361328125
0 0.31640625 0.6484375 0.091796875 0.109375
1 0.181640625 0.5478515625 0.037109375 0.048828125
1 0.81640625 0.568359375 0.076171875 0.0751953125
1 0.4326171875 0.4697265625 0.021484375 0.0419921875
1 0.6943359375 0.5517578125 0.044921875 0.056640625
1 0.5419921875 0.4365234375 0.025390625 0.033203125
1 0.2294921875 0.626953125 0.0341796875 0.056640625
1 0.380859375 0.5625 0.041015625 0.056640625
0 0.240234375 0.513671875 0.060546875 0.078125
1 0.5625 0.3896484375 0.0185546875 0.0263671875
1 0.5068359375 0.365234375 0.0205078125 0.029296875
1 0.1279296875 0.544921875 0.025390625 0.0419921875
1 0.1787109375 0.6044921875 0.0263671875 0.041015625
0 0.4794921875 0.35546875 0.0341796875 0.0361328125
1 0.486328125 0.4716796875 0.025390625 0.041015625
1 0.57421875 0.46875 0.0263671875 0.041015625
1 0.109375 0.5009765625 0.0341796875 0.033203125
1 0.3828125 0.484375 0.03125 0.037109375
1 0.646484375 0.787109375 0.0439453125 0.060546875
1 0.1162109375 0.5869140625 0.033203125 0.048828125
0 0.328125 0.490234375 0.0654296875 0.0576171875
1 0.9443359375 0.6884765625 0.080078125 0.0859375
1 0.173828125 0.48828125 0.03125 0.0390625
0 0.216796875 0.330078125 0.046875 0.03125
0 0.3212890625 0.5517578125 0.0703125 0.0810546875
1 0.392578125 0.384765625 0.0185546875 0.0234375
1 0.041015625 0.587890625 0.037109375 0.072265625
1 0.412109375 0.4091796875 0.013671875 0.0283203125
1 0.189453125 0.4248046875 0.037109375 0.037109375
1 0.408203125 0.4462890625 0.0205078125 0.029296875
1 0.0654296875 0.482421875 0.0341796875 0.037109375
1 0.3408203125 0.3544921875 0.0283203125 0.0283203125
1 0.412109375 0.3798828125 0.0205078125 0.0283203125
1 0.595703125 0.40234375 0.0126953125 0.0263671875
1 0.4375 0.3779296875 0.015625 0.025390625
0 0.2568359375 0.4033203125 0.048828125 0.046875
0 0.9169921875 0.5234375 0.109375 0.068359375
1 0.28515625 0.3603515625 0.0263671875 0.0234375
1 0.490234375 0.412109375 0.017578125 0.03125
1 0.216796875 0.416015625 0.03125 0.0361328125
1 0.4384765625 0.4384765625 0.0205078125 0.033203125
1 0.89453125 0.5849609375 0.044921875 0.0546875
1 0.4619140625 0.4482421875 0.126953125 0.0908203125
1 0.2060546875 0.462890625 0.0185546875 0.03125
1 0.376953125 0.3583984375 0.03125 0.029296875
1 0.587890625 0.396484375 0.009765625 0.0185546875
1 0.5439453125 0.787109375 0.046875 0.0830078125
0 0.193359375 0.703125 0.0439453125 0.078125
1 0.6181640625 0.634765625 0.044921875 0.0830078125
1 0.689453125 0.462890625 0.0361328125 0.037109375
1 0.15234375 0.392578125 0.0234375 0.025390625
1 0.4638671875 0.4248046875 0.015625 0.021484375
1 0.0234375 0.51953125 0.025390625 0.0205078125
0 0.5263671875 0.3251953125 0.025390625 0.0185546875
1 0.7666015625 0.486328125 0.060546875 0.0341796875
1 0.6357421875 0.4404296875 0.041015625 0.0341796875
1 0.01953125 0.6357421875 0.017578125 0.0810546875
0 0.171875 0.3291015625 0.0498046875 0.029296875