0 0.3203125 0.798828125 0.146484375 0.1767578125
0 0.119140625 0.6044921875 0.0830078125 0.09375
0 0.203125 0.673828125 0.099609375 0.1201171875
0 0.5654296875 0.5634765625 0.109375 0.111328125
0 0.240234375 0.509765625 0.0625 0.072265625
1 0.126953125 0.7099609375 0.0419921875 0.0703125
0 0.3212890625 0.548828125 0.0703125 0.0810546875
0 0.3154296875 0.6494140625 0.0908203125 0.111328125
0 0.22265625 0.5771484375 0.0732421875 0.0888671875
1 0.4716796875 0.431640625 0.0185546875 0.0283203125
1 0.533203125 0.4912109375 0.0234375 0.0361328125
1 0.9482421875 0.689453125 0.072265625 0.0810546875
0 0.322265625 0.48046875 0.0654296875 0.060546875
1 0.611328125 0.515625 0.025390625 0.0498046875
1 0.8193359375 0.587890625 0.076171875 0.0751953125
1 0.892578125 0.66015625 0.080078125 0.0732421875
0 0.251953125 0.40234375 0.044921875 0.033203125
1 0.564453125 0.5029296875 0.03125 0.037109375
1 0.5283203125 0.462890625 0.021484375 0.033203125
0 0.474609375 0.369140625 0.033203125 0.0283203125
1 0.431640625 0.4658203125 0.017578125 0.03125
1 0.0703125 0.6865234375 0.041015625 0.0703125
1 0.5107421875 0.4345703125 0.021484375 0.0341796875
1 0.697265625 0.544921875 0.0498046875 0.0498046875
1 0.4560546875 0.505859375 0.025390625 0.0390625
1 0.03125 0.5888671875 0.037109375 0.083984375
0 0.521484375 0.3935546875 0.033203125 0.0283203125
1 0.107421875 0.751953125 0.0361328125 0.0517578125
1 0.380859375 0.568359375 0.025390625 0.044921875
1 0.1474609375 0.3935546875 0.013671875 0.0185546875
1 0.1865234375 0.7568359375 0.0546875 0.0732421875
1 0.4345703125 0.380859375 0.0126953125 0.0205078125
1 0.490234375 0.5009765625 0.021484375 0.0390625
1 0.427734375 0.4013671875 0.017578125 0.025390625
1 0.5712890625 0.451171875 0.029296875 0.0419921875
1 0.1748046875 0.412109375 0.0185546875 0.03125
0 0.2373046875 0.3466796875 0.0283203125 0.0283203125
1 0.41796875 0.6298828125 0.029296875 0.046875
1 0.212890625 0.408203125 0.013671875 0.0263671875
1 0.60546875 0.470703125 0.029296875 0.0361328125
1 0.1875 0.5048828125 0.025390625 0.037109375
1 0.8974609375 0.5439453125 0.0361328125 0.0341796875
1 0.931640625 0.6142578125 0.041015625 0.0439453125
0 0.49609375 0.3515625 0.033203125 0.0283203125
1 0.166015625 0.4775390625 0.0283203125 0.064453125
1 0.197265625 0.3818359375 0.017578125 0.029296875
1 0.529296875 0.4716796875 0.1845703125 0.1279296875
1 0.732421875 0.666015625 0.0439453125 0.080078125
1 0.095703125 0.4794921875 0.060546875 0.0439453125
1 0.9736328125 0.634765625 0.03125 0.0595703125
1 0.126953125 0.431640625 0.0205078125 0.013671875
0 0.95703125 0.5771484375 0.0576171875 0.0576171875
1 0.384765625 0.5341796875 0.017578125 0.0283203125
1 0.162109375 0.3837890625 0.0205078125 0.0263671875
1 0.205078125 0.4794921875 0.0185546875 0.0498046875
1 0.025390625 0.373046875 0.0126953125 0.021484375
1 0.0595703125 0.48046875 0.025390625 0.0390625
1 0.080078125 0.341796875 0.0185546875 0.0205078125
0 0.353515625 0.3193359375 0.0283203125 0.013671875
1 0.076171875 0.7939453125 0.0234375 0.0439453125