0 0.1826171875 0.697265625 0.115234375 0.1357421875
1 0.171875 0.5771484375 0.03125 0.048828125
1 0.130859375 0.578125 0.0283203125 0.046875
0 0.5966796875 0.6826171875 0.150390625 0.1845703125
1 0.537109375 0.55078125 0.0283203125 0.048828125
0 0.619140625 0.552734375 0.0810546875 0.0888671875
0 0.896484375 0.814453125 0.173828125 0.146484375
1 0.8212890625 0.576171875 0.0830078125 0.083984375
1 0.37109375 0.505859375 0.0234375 0.0361328125
1 0.33203125 0.5966796875 0.0263671875 0.046875
1 0.302734375 0.5283203125 0.0234375 0.037109375
1 0.744140625 0.767578125 0.0517578125 0.0966796875
1 0.0927734375 0.6796875 0.029296875 0.046875
1 0.283203125 0.5634765625 0.0283203125 0.044921875
1 0.5048828125 0.572265625 0.025390625 0.046875
1 0.943359375 0.685546875 0.0830078125 0.0830078125
1 0.26171875 0.619140625 0.033203125 0.0576171875
1 0.15625 0.501953125 0.021484375 0.037109375
1 0.556640625 0.5712890625 0.021484375 0.044921875
1 0.1943359375 0.533203125 0.0234375 0.0390625
1 0.287109375 0.484375 0.021484375 0.03125
1 0.517578125 0.51171875 0.025390625 0.044921875
1 0.6962890625 0.5537109375 0.029296875 0.0419921875
1 0.259765625 0.474609375 0.0205078125 0.0341796875
1 0.5146484375 0.43359375 0.0205078125 0.029296875
1 0.177734375 0.4873046875 0.0234375 0.03125
1 0.7294921875 0.5400390625 0.041015625 0.048828125
1 0.3154296875 0.4609375 0.0185546875 0.0283203125
1 0.2314453125 0.4697265625 0.0185546875 0.029296875
1 0.228515625 0.5048828125 0.0185546875 0.0341796875
1 0.658203125 0.669921875 0.029296875 0.0498046875
1 0.2587890625 0.5146484375 0.0263671875 0.0390625
0 0.525390625 0.39453125 0.0439453125 0.044921875
1 0.6923828125 0.826171875 0.056640625 0.078125
1 0.1435546875 0.466796875 0.03125 0.044921875
1 0.8779296875 0.662109375 0.0751953125 0.0703125
1 0.224609375 0.623046875 0.03125 0.0517578125
1 0.896484375 0.5419921875 0.033203125 0.041015625
1 0.0419921875 0.5888671875 0.0283203125 0.0625
1 0.45703125 0.3623046875 0.013671875 0.025390625
0 0.177734375 0.41796875 0.048828125 0.0361328125
1 0.0595703125 0.48046875 0.021484375 0.0361328125
1 0.603515625 0.482421875 0.021484375 0.0263671875
0 0.55859375 0.3828125 0.0361328125 0.041015625
1 0.244140625 0.7822265625 0.0341796875 0.048828125
1 0.4521484375 0.5263671875 0.029296875 0.041015625
1 0.4306640625 0.51953125 0.0263671875 0.0390625
1 0.3779296875 0.5703125 0.0283203125 0.052734375
0 0.482421875 0.3544921875 0.033203125 0.0341796875
1 0.4697265625 0.42578125 0.0263671875 0.0361328125
1 0.9501953125 0.5302734375 0.021484375 0.0205078125
1 0.19140625 0.3837890625 0.0234375 0.0234375
1 0.2548828125 0.48046875 0.087890625 0.091796875
0 0.4501953125 0.4814453125 0.052734375 0.072265625
1 0.181640625 0.8037109375 0.048828125 0.0546875
1 0.0400390625 0.8173828125 0.0263671875 0.056640625
1 0.271484375 0.576171875 0.2216796875 0.158203125
1 0.021484375 0.4794921875 0.021484375 0.037109375
0 0.251953125 0.388671875 0.078125 0.0517578125
1 0.6025390625 0.4521484375 0.017578125 0.033203125
1 0.173828125 0.3564453125 0.013671875 0.0185546875
1 0.962890625 0.5927734375 0.044921875 0.0546875
1 0.896484375 0.5869140625 0.041015625 0.0576171875
1 0.1123046875 0.4873046875 0.0439453125 0.037109375
1 0.6923828125 0.521484375 0.021484375 0.0341796875
1 0.3291015625 0.5595703125 0.017578125 0.025390625
0 0.5439453125 0.3486328125 0.03125 0.03125
1 0.369140625 0.4794921875 0.013671875 0.021484375
1 0.958984375 0.630859375 0.0283203125 0.0419921875
0 0.5205078125 0.3642578125 0.0283203125 0.03125
1 0.896484375 0.7119140625 0.03125 0.0673828125
1 0.4404296875 0.4345703125 0.0283203125 0.0283203125
1 0.4931640625 0.388671875 0.0263671875 0.03125