0 0.1484375 0.63671875 0.083984375 0.095703125
0 0.6259765625 0.7275390625 0.158203125 0.185546875
1 0.677734375 0.658203125 0.0390625 0.0654296875
0 0.568359375 0.5830078125 0.0986328125 0.1123046875
1 0.5927734375 0.517578125 0.0234375 0.0625
1 0.537109375 0.443359375 0.021484375 0.0341796875
1 0.822265625 0.5859375 0.0673828125 0.072265625
0 0.185546875 0.5078125 0.080078125 0.0751953125
0 0.4853515625 0.4765625 0.0673828125 0.068359375
1 0.412109375 0.447265625 0.025390625 0.037109375
1 0.681640625 0.578125 0.037109375 0.0439453125
1 0.2666015625 0.6513671875 0.0390625 0.0595703125
1 0.8447265625 0.8251953125 0.076171875 0.1220703125
1 0.904296875 0.669921875 0.0908203125 0.091796875
1 0.75390625 0.732421875 0.048828125 0.080078125
1 0.75 0.6572265625 0.0498046875 0.0576171875
0 0.28515625 0.439453125 0.0546875 0.044921875
1 0.5576171875 0.4814453125 0.021484375 0.0439453125
0 0.314453125 0.478515625 0.0576171875 0.0595703125
1 0.5263671875 0.6572265625 0.041015625 0.0576171875
1 0.3017578125 0.744140625 0.041015625 0.0966796875
1 0.5908203125 0.44140625 0.025390625 0.0361328125
0 0.708984375 0.4716796875 0.0966796875 0.052734375
1 0.4853515625 0.544921875 0.0234375 0.0419921875
0 0.1826171875 0.359375 0.0341796875 0.021484375
1 0.064453125 0.478515625 0.0341796875 0.0361328125
1 0.2373046875 0.4404296875 0.015625 0.0283203125
0 0.92578125 0.5869140625 0.1201171875 0.1015625
0 0.2041015625 0.421875 0.044921875 0.041015625
1 0.9619140625 0.6875 0.048828125 0.0654296875
1 0.7275390625 0.5380859375 0.044921875 0.048828125
1 0.2431640625 0.4873046875 0.0205078125 0.037109375
0 0.2275390625 0.3544921875 0.0263671875 0.0185546875
1 0.470703125 0.4326171875 0.0263671875 0.0341796875
0 0.2529296875 0.4013671875 0.041015625 0.0341796875
1 0.44140625 0.419921875 0.017578125 0.03125
0 0.1826171875 0.3896484375 0.0439453125 0.0361328125
1 0.8173828125 0.771484375 0.03125 0.0498046875
1 0.1376953125 0.4970703125 0.0283203125 0.046875
1 0.4853515625 0.61328125 0.0390625 0.0673828125
1 0.5419921875 0.4150390625 0.021484375 0.033203125
1 0.8984375 0.544921875 0.0341796875 0.0361328125
1 0.591796875 0.40234375 0.013671875 0.0263671875
1 0.029296875 0.56640625 0.0341796875 0.0517578125
1 0.955078125 0.630859375 0.0341796875 0.0498046875
1 0.8125 0.5400390625 0.0283203125 0.044921875
1 0.041015625 0.4755859375 0.0205078125 0.0419921875
1 0.1650390625 0.416015625 0.017578125 0.0263671875
0 0.376953125 0.587890625 0.09375 0.1298828125
1 0.1337890625 0.447265625 0.0263671875 0.03125
0 0.318359375 0.3974609375 0.087890625 0.0419921875
1 0.2451171875 0.693359375 0.03125 0.0703125
1 0.5087890625 0.3984375 0.0234375 0.037109375
1 0.13671875 0.7197265625 0.0205078125 0.029296875
1 0.455078125 0.501953125 0.0185546875 0.037109375