0 0.193359375 0.751953125 0.123046875 0.166015625
0 0.51171875 0.4130859375 0.048828125 0.0517578125
0 0.666015625 0.7685546875 0.15625 0.1845703125
1 0.685546875 0.5263671875 0.046875 0.041015625
0 0.6669921875 0.6357421875 0.119140625 0.109375
0 0.3388671875 0.7255859375 0.0966796875 0.1142578125
1 0.5859375 0.5537109375 0.037109375 0.048828125
1 0.720703125 0.587890625 0.0625 0.0625
1 0.572265625 0.443359375 0.0263671875 0.0361328125
0 0.5361328125 0.58984375 0.0966796875 0.107421875
1 0.4267578125 0.697265625 0.03125 0.0625
1 0.0751953125 0.759765625 0.0341796875 0.072265625
1 0.380859375 0.521484375 0.0341796875 0.046875
0 0.541015625 0.3427734375 0.03125 0.0234375
1 0.41796875 0.48828125 0.0205078125 0.0390625
1 0.595703125 0.505859375 0.0263671875 0.03125
1 0.9560546875 0.6474609375 0.0595703125 0.064453125
0 0.4892578125 0.3623046875 0.0341796875 0.03125
1 0.7861328125 0.5830078125 0.052734375 0.0498046875
0 0.5087890625 0.333984375 0.029296875 0.03125
0 0.9423828125 0.580078125 0.083984375 0.0654296875
1 0.638671875 0.5234375 0.037109375 0.052734375
1 0.513671875 0.513671875 0.0263671875 0.0439453125
1 0.873046875 0.6689453125 0.060546875 0.068359375
0 0.9580078125 0.5185546875 0.056640625 0.052734375
1 0.625 0.5732421875 0.0341796875 0.046875
1 0.3876953125 0.478515625 0.025390625 0.03125
1 0.5634765625 0.505859375 0.0263671875 0.03125
1 0.443359375 0.4287109375 0.021484375 0.029296875
1 0.55078125 0.4345703125 0.0205078125 0.037109375
1 0.2724609375 0.4970703125 0.0205078125 0.0283203125
1 0.66015625 0.5654296875 0.0263671875 0.03125
1 0.6376953125 0.4560546875 0.037109375 0.0341796875
1 0.6865234375 0.466796875 0.029296875 0.037109375
1 0.787109375 0.6533203125 0.0498046875 0.052734375
1 0.0751953125 0.4765625 0.056640625 0.041015625
1 0.4521484375 0.509765625 0.0263671875 0.044921875
1 0.189453125 0.615234375 0.0546875 0.0576171875
1 0.482421875 0.4619140625 0.03125 0.044921875
1 0.0400390625 0.552734375 0.017578125 0.025390625
1 0.845703125 0.5498046875 0.0498046875 0.0341796875
1 0.61328125 0.439453125 0.017578125 0.0234375
1 0.908203125 0.64453125 0.03125 0.060546875
1 0.548828125 0.478515625 0.044921875 0.044921875
1 0.5341796875 0.3798828125 0.015625 0.0283203125
1 0.4873046875 0.5087890625 0.021484375 0.029296875
0 0.2412109375 0.37890625 0.064453125 0.029296875
1 0.5498046875 0.37109375 0.015625 0.029296875
1 0.837890625 0.5029296875 0.037109375 0.0283203125
1 0.5166015625 0.484375 0.017578125 0.03125
1 0.427734375 0.44921875 0.017578125 0.033203125
0 0.353515625 0.3193359375 0.0341796875 0.0205078125
1 0.025390625 0.6455078125 0.0283203125 0.046875
1 0.5947265625 0.4248046875 0.029296875 0.03125
1 0.439453125 0.484375 0.134765625 0.1279296875
1 0.2421875 0.6044921875 0.052734375 0.046875
1 0.103515625 0.5869140625 0.03125 0.0546875
1 0.529296875 0.451171875 0.013671875 0.0263671875
1 0.615234375 0.5458984375 0.017578125 0.0234375
1 0.884765625 0.5888671875 0.025390625 0.037109375
1 0.455078125 0.359375 0.025390625 0.03125
1 0.328125 0.357421875 0.025390625 0.025390625
0 0.19921875 0.875 0.107421875 0.03125