0 0.1875 0.69140625 0.119140625 0.138671875
0 0.55859375 0.6474609375 0.1201171875 0.142578125
0 0.34765625 0.701171875 0.0986328125 0.125
1 0.7109375 0.654296875 0.0439453125 0.072265625
1 0.3173828125 0.5361328125 0.0283203125 0.0439453125
1 0.6591796875 0.5595703125 0.0341796875 0.052734375
1 0.435546875 0.79296875 0.033203125 0.0732421875
0 0.5732421875 0.53515625 0.0966796875 0.107421875
1 0.4130859375 0.4912109375 0.0205078125 0.0361328125
1 0.8232421875 0.7275390625 0.052734375 0.0703125
1 0.572265625 0.455078125 0.025390625 0.037109375
0 0.4697265625 0.51953125 0.0703125 0.095703125
1 0.271484375 0.513671875 0.0263671875 0.0341796875
1 0.1611328125 0.5771484375 0.0283203125 0.0732421875
1 0.494140625 0.451171875 0.021484375 0.0361328125
1 0.728515625 0.541015625 0.046875 0.0498046875
1 0.15625 0.517578125 0.0341796875 0.0390625
1 0.798828125 0.583984375 0.0419921875 0.0673828125
0 0.326171875 0.462890625 0.052734375 0.052734375
1 0.6259765625 0.53125 0.0263671875 0.0439453125
1 0.951171875 0.673828125 0.068359375 0.0908203125
1 0.697265625 0.552734375 0.029296875 0.0390625
0 0.169921875 0.4208984375 0.0439453125 0.0263671875
1 0.515625 0.44140625 0.0185546875 0.0361328125
0 0.50390625 0.365234375 0.0361328125 0.0283203125
1 0.591796875 0.412109375 0.017578125 0.03125
1 0.8447265625 0.6044921875 0.0390625 0.0439453125
1 0.376953125 0.462890625 0.025390625 0.0390625
1 0.892578125 0.6474609375 0.0751953125 0.0830078125
1 0.4541015625 0.5927734375 0.0234375 0.044921875
1 0.1611328125 0.4638671875 0.015625 0.025390625
1 0.19921875 0.5009765625 0.0234375 0.0517578125
1 0.8232421875 0.865234375 0.052734375 0.0498046875
1 0.89453125 0.869140625 0.0546875 0.0439453125
1 0.841796875 0.5537109375 0.029296875 0.048828125
1 0.53515625 0.404296875 0.0205078125 0.0263671875
1 0.068359375 0.478515625 0.0439453125 0.0390625
1 0.2138671875 0.4677734375 0.025390625 0.0390625
0 0.224609375 0.3505859375 0.03125 0.0205078125
1 0.7763671875 0.87890625 0.041015625 0.0263671875
0 0.318359375 0.4033203125 0.0908203125 0.0439453125
0 0.544921875 0.3701171875 0.033203125 0.025390625
0 0.673828125 0.818359375 0.1689453125 0.1376953125
1 0.25 0.4462890625 0.025390625 0.029296875
1 0.927734375 0.6123046875 0.0390625 0.041015625
0 0.3515625 0.3212890625 0.03125 0.017578125
1 0.033203125 0.576171875 0.044921875 0.0830078125
1 0.8203125 0.669921875 0.0341796875 0.0390625
1 0.111328125 0.6572265625 0.0263671875 0.0419921875
1 0.455078125 0.4697265625 0.03125 0.0390625
0 0.521484375 0.333984375 0.033203125 0.0234375
1 0.1630859375 0.4892578125 0.0263671875 0.03125
1 0.8974609375 0.578125 0.044921875 0.0439453125
1 0.693359375 0.5205078125 0.021484375 0.03125
1 0.861328125 0.5595703125 0.015625 0.021484375
1 0.9033203125 0.544921875 0.0185546875 0.025390625
1 0.486328125 0.3388671875 0.0126953125 0.021484375
0 0.107421875 0.412109375 0.060546875 0.0439453125