0 0.322265625 0.798828125 0.1435546875 0.1748046875
0 0.2021484375 0.6767578125 0.107421875 0.119140625
0 0.240234375 0.505859375 0.0625 0.068359375
0 0.560546875 0.5546875 0.1064453125 0.119140625
0 0.31640625 0.650390625 0.0888671875 0.111328125
0 0.224609375 0.5771484375 0.0751953125 0.0888671875
1 0.1357421875 0.5751953125 0.03125 0.068359375
1 0.689453125 0.544921875 0.048828125 0.0576171875
1 0.8203125 0.583984375 0.083984375 0.0830078125
1 0.896484375 0.650390625 0.078125 0.080078125
0 0.3212890625 0.55078125 0.0703125 0.080078125
0 0.50390625 0.345703125 0.0361328125 0.0341796875
1 0.1572265625 0.4833984375 0.0205078125 0.033203125
1 0.513671875 0.599609375 0.0341796875 0.044921875
0 0.3271484375 0.490234375 0.064453125 0.0576171875
1 0.7275390625 0.53515625 0.044921875 0.044921875
1 0.1240234375 0.6455078125 0.0361328125 0.0625
1 0.896484375 0.5478515625 0.041015625 0.0419921875
1 0.04296875 0.580078125 0.0263671875 0.0517578125
1 0.1279296875 0.490234375 0.021484375 0.037109375
1 0.4091796875 0.619140625 0.025390625 0.0673828125
1 0.1904296875 0.490234375 0.0185546875 0.0361328125
0 0.4189453125 0.3994140625 0.0439453125 0.0419921875
0 0.5341796875 0.330078125 0.0439453125 0.03125
1 0.5546875 0.412109375 0.0126953125 0.025390625
1 0.0703125 0.4794921875 0.03125 0.0341796875
1 0.142578125 0.462890625 0.017578125 0.0263671875
0 0.474609375 0.43359375 0.0654296875 0.0546875
1 0.9189453125 0.591796875 0.0595703125 0.046875
1 0.587890625 0.416015625 0.0107421875 0.0234375
1 0.173828125 0.4658203125 0.0205078125 0.0283203125
1 0.1953125 0.4267578125 0.0185546875 0.021484375
1 0.9619140625 0.7001953125 0.0517578125 0.0751953125
0 0.3525390625 0.3203125 0.033203125 0.015625
1 0.853515625 0.546875 0.0283203125 0.041015625
1 0.462890625 0.365234375 0.021484375 0.0283203125
1 0.953125 0.517578125 0.025390625 0.033203125
1 0.9560546875 0.626953125 0.0341796875 0.0517578125
1 0.0771484375 0.400390625 0.0263671875 0.029296875
1 0.419921875 0.365234375 0.0205078125 0.017578125
1 0.5234375 0.41796875 0.015625 0.033203125
1 0.443359375 0.421875 0.015625 0.037109375
1 0.021484375 0.4736328125 0.0205078125 0.025390625
1 0.220703125 0.4169921875 0.03125 0.0283203125
0 0.244140625 0.3876953125 0.060546875 0.041015625
0 0.115234375 0.41015625 0.056640625 0.0390625
1 0.888671875 0.384765625 0.013671875 0.0263671875
1 0.2060546875 0.4658203125 0.021484375 0.0439453125
1 0.1591796875 0.4140625 0.037109375 0.037109375
1 0.0224609375 0.560546875 0.0205078125 0.0439453125
1 0.3857421875 0.3623046875 0.009765625 0.0185546875