0 0.5400390625 0.4755859375 0.0732421875 0.095703125
0 0.587890625 0.439453125 0.0625 0.0595703125
1 0.77734375 0.611328125 0.044921875 0.0576171875
0 0.3271484375 0.806640625 0.126953125 0.1484375
1 0.228515625 0.5966796875 0.0263671875 0.056640625
1 0.7734375 0.75 0.046875 0.0751953125
1 0.248046875 0.451171875 0.0234375 0.0439453125
1 0.1533203125 0.474609375 0.0283203125 0.0439453125
0 0.48828125 0.3623046875 0.0361328125 0.037109375
1 0.6796875 0.5517578125 0.0498046875 0.0654296875
1 0.724609375 0.638671875 0.0419921875 0.0625
1 0.822265625 0.5751953125 0.0595703125 0.056640625
0 0.630859375 0.6123046875 0.111328125 0.119140625
0 0.669921875 0.779296875 0.1875 0.2109375
1 0.8701171875 0.78515625 0.083984375 0.1044921875
1 0.146484375 0.548828125 0.0283203125 0.0419921875
1 0.859375 0.6474609375 0.046875 0.0546875
1 0.732421875 0.533203125 0.0341796875 0.0390625
1 0.6005859375 0.4736328125 0.0205078125 0.0341796875
1 0.62109375 0.513671875 0.0390625 0.072265625
1 0.177734375 0.630859375 0.0234375 0.041015625
1 0.708984375 0.5126953125 0.029296875 0.0341796875
1 0.216796875 0.431640625 0.021484375 0.033203125
1 0.443359375 0.52734375 0.0283203125 0.0419921875
1 0.193359375 0.51953125 0.0263671875 0.060546875
1 0.0625 0.478515625 0.0283203125 0.0341796875
1 0.19921875 0.376953125 0.017578125 0.0283203125
1 0.943359375 0.861328125 0.0595703125 0.0576171875
1 0.443359375 0.45703125 0.0283203125 0.044921875
1 0.365234375 0.419921875 0.0361328125 0.037109375
1 0.958984375 0.7021484375 0.060546875 0.0830078125
1 0.478515625 0.423828125 0.0185546875 0.03125
1 0.4775390625 0.498046875 0.0234375 0.044921875
1 0.7890625 0.556640625 0.0283203125 0.041015625
0 0.142578125 0.412109375 0.0517578125 0.046875
1 0.935546875 0.626953125 0.0419921875 0.056640625
1 0.43359375 0.4033203125 0.0205078125 0.0283203125
1 0.466796875 0.40625 0.017578125 0.03125
1 0.84765625 0.6025390625 0.033203125 0.0361328125
0 0.2236328125 0.361328125 0.0283203125 0.033203125
0 0.95703125 0.5791015625 0.0576171875 0.0576171875
1 0.37890625 0.455078125 0.0234375 0.029296875
1 0.1689453125 0.365234375 0.0126953125 0.0205078125
1 0.470703125 0.6025390625 0.048828125 0.0673828125
1 0.5498046875 0.396484375 0.021484375 0.03125
1 0.455078125 0.361328125 0.0205078125 0.021484375
1 0.181640625 0.591796875 0.107421875 0.130859375
1 0.025390625 0.5625 0.025390625 0.046875
0 0.576171875 0.390625 0.041015625 0.037109375
1 0.8955078125 0.5859375 0.041015625 0.0498046875
0 0.541015625 0.3388671875 0.0439453125 0.03125
1 0.677734375 0.5048828125 0.033203125 0.046875
1 0.5966796875 0.4013671875 0.015625 0.021484375
1 0.50390625 0.443359375 0.029296875 0.0498046875
1 0.646484375 0.4404296875 0.0419921875 0.0341796875
1 0.07421875 0.404296875 0.013671875 0.0185546875
1 0.873046875 0.630859375 0.220703125 0.2109375
1 0.201171875 0.3525390625 0.021484375 0.0234375