1 0.603515625 0.5859375 0.0341796875 0.072265625
1 0.646484375 0.5576171875 0.044921875 0.0654296875
0 0.357421875 0.55078125 0.0673828125 0.0830078125
1 0.708984375 0.5927734375 0.037109375 0.0673828125
0 0.8623046875 0.787109375 0.212890625 0.1953125
0 0.515625 0.59765625 0.1123046875 0.1328125
1 0.5927734375 0.5166015625 0.029296875 0.048828125
1 0.6884765625 0.763671875 0.048828125 0.083984375
1 0.595703125 0.478515625 0.0205078125 0.033203125
0 0.203125 0.552734375 0.0751953125 0.1044921875
1 0.8173828125 0.5908203125 0.068359375 0.068359375
1 0.7099609375 0.6865234375 0.0517578125 0.064453125
0 0.130859375 0.4189453125 0.048828125 0.037109375
0 0.5341796875 0.474609375 0.0625 0.0830078125
1 0.3037109375 0.5986328125 0.033203125 0.052734375
0 0.478515625 0.509765625 0.056640625 0.0703125
1 0.9423828125 0.6826171875 0.083984375 0.0966796875
1 0.2880859375 0.7431640625 0.0419921875 0.0673828125
1 0.494140625 0.4150390625 0.0283203125 0.0419921875
1 0.4052734375 0.8564453125 0.033203125 0.0625
0 0.3330078125 0.474609375 0.0595703125 0.0498046875
0 0.677734375 0.8486328125 0.15625 0.0810546875
1 0.0576171875 0.740234375 0.041015625 0.0625
1 0.1328125 0.6591796875 0.0283203125 0.041015625
0 0.5615234375 0.4111328125 0.0419921875 0.0498046875
1 0.666015625 0.7001953125 0.0576171875 0.0654296875
1 0.0400390625 0.59375 0.029296875 0.0595703125
0 0.0478515625 0.380859375 0.0517578125 0.0234375
1 0.6875 0.529296875 0.037109375 0.0361328125
0 0.2255859375 0.453125 0.0576171875 0.0439453125
1 0.732421875 0.537109375 0.03125 0.037109375
1 0.880859375 0.669921875 0.072265625 0.064453125
1 0.521484375 0.390625 0.03125 0.0341796875
0 0.443359375 0.421875 0.0263671875 0.0439453125
1 0.9580078125 0.525390625 0.021484375 0.025390625
1 0.4541015625 0.470703125 0.0234375 0.037109375
1 0.630859375 0.505859375 0.021484375 0.037109375
1 0.927734375 0.6123046875 0.037109375 0.041015625
1 0.162109375 0.6748046875 0.03125 0.072265625
1 0.2353515625 0.638671875 0.0263671875 0.0498046875
1 0.060546875 0.4814453125 0.0234375 0.037109375
1 0.63671875 0.4404296875 0.0361328125 0.03125
1 0.8955078125 0.5869140625 0.0439453125 0.0576171875
1 0.0244140625 0.55859375 0.0234375 0.0419921875
1 0.10546875 0.6416015625 0.044921875 0.0673828125
1 0.5947265625 0.443359375 0.013671875 0.0263671875
0 0.2890625 0.40625 0.0595703125 0.0595703125
1 0.5869140625 0.3857421875 0.0361328125 0.041015625
0 0.3994140625 0.4462890625 0.0234375 0.0390625
0 0.525390625 0.423828125 0.041015625 0.0419921875
1 0.2841796875 0.6923828125 0.025390625 0.037109375
0 0.173828125 0.3671875 0.0361328125 0.037109375
1 0.09375 0.4765625 0.041015625 0.041015625
0 0.337890625 0.3984375 0.048828125 0.041015625
1 0.8447265625 0.5576171875 0.0234375 0.0498046875
0 0.2119140625 0.333984375 0.033203125 0.025390625
1 0.974609375 0.6337890625 0.0283203125 0.064453125
1 0.7109375 0.5224609375 0.0185546875 0.033203125
1 0.162109375 0.455078125 0.0205078125 0.0263671875
1 0.4501953125 0.369140625 0.0126953125 0.0283203125
0 0.525390625 0.3447265625 0.0283203125 0.0234375
1 0.142578125 0.498046875 0.0185546875 0.037109375
1 0.1767578125 0.4716796875 0.025390625 0.037109375
1 0.4736328125 0.4287109375 0.021484375 0.0263671875
1 0.1494140625 0.474609375 0.0107421875 0.017578125