0 0.32421875 0.798828125 0.142578125 0.1767578125
0 0.111328125 0.626953125 0.0830078125 0.099609375
0 0.541015625 0.5361328125 0.099609375 0.1064453125
0 0.197265625 0.6748046875 0.103515625 0.115234375
0 0.318359375 0.6484375 0.09375 0.109375
0 0.240234375 0.5087890625 0.0625 0.0703125
1 0.595703125 0.498046875 0.0234375 0.0439453125
1 0.8212890625 0.5810546875 0.0830078125 0.083984375
0 0.224609375 0.5791015625 0.076171875 0.0859375
1 0.4755859375 0.478515625 0.0234375 0.0390625
0 0.32421875 0.484375 0.064453125 0.0625
1 0.548828125 0.4775390625 0.029296875 0.0361328125
0 0.3212890625 0.5498046875 0.0703125 0.0810546875
1 0.4267578125 0.451171875 0.0185546875 0.0341796875
1 0.6748046875 0.611328125 0.0439453125 0.0673828125
1 0.9482421875 0.6865234375 0.0751953125 0.0830078125
0 0.2568359375 0.404296875 0.044921875 0.0361328125
1 0.2109375 0.810546875 0.037109375 0.060546875
0 0.4765625 0.3681640625 0.03125 0.033203125
1 0.130859375 0.720703125 0.0498046875 0.0625
1 0.525390625 0.4677734375 0.029296875 0.0390625
1 0.41796875 0.6484375 0.029296875 0.056640625
1 0.46875 0.4267578125 0.0185546875 0.03125
1 0.689453125 0.5380859375 0.0439453125 0.0517578125
0 0.234375 0.34765625 0.03125 0.033203125
1 0.611328125 0.498046875 0.015625 0.033203125
1 0.5 0.4296875 0.021484375 0.0341796875
1 0.103515625 0.7578125 0.025390625 0.0498046875
1 0.896484375 0.650390625 0.080078125 0.072265625
1 0.1767578125 0.4189453125 0.0185546875 0.03125
1 0.4423828125 0.48828125 0.015625 0.0390625
0 0.3505859375 0.3203125 0.033203125 0.015625
1 0.1484375 0.3955078125 0.015625 0.021484375
1 0.0693359375 0.7109375 0.0419921875 0.087890625
1 0.240234375 0.640625 0.029296875 0.0439453125
1 0.595703125 0.4580078125 0.029296875 0.041015625
1 0.6630859375 0.50390625 0.017578125 0.033203125
1 0.033203125 0.6083984375 0.044921875 0.0673828125
1 0.4365234375 0.392578125 0.0234375 0.0283203125
0 0.3037109375 0.3974609375 0.0576171875 0.0419921875
0 0.5224609375 0.380859375 0.033203125 0.029296875
1 0.216796875 0.41015625 0.013671875 0.029296875
1 0.541015625 0.822265625 0.052734375 0.0859375
1 0.130859375 0.677734375 0.017578125 0.025390625
1 0.1884765625 0.5048828125 0.0234375 0.037109375
1 0.9599609375 0.6259765625 0.0419921875 0.060546875
0 0.525390625 0.3310546875 0.0419921875 0.03125
1 0.060546875 0.478515625 0.025390625 0.0361328125
1 0.384765625 0.568359375 0.0263671875 0.052734375
1 0.4912109375 0.392578125 0.029296875 0.0419921875
1 0.03125 0.5615234375 0.037109375 0.048828125
1 0.1337890625 0.443359375 0.0234375 0.021484375
1 0.955078125 0.533203125 0.0185546875 0.025390625
1 0.8115234375 0.5341796875 0.033203125 0.0439453125
1 0.0791015625 0.337890625 0.017578125 0.017578125