0 0.1923828125 0.7490234375 0.125 0.1640625
0 0.5107421875 0.4189453125 0.046875 0.0498046875
0 0.7236328125 0.8271484375 0.162109375 0.126953125
1 0.3935546875 0.5078125 0.025390625 0.041015625
0 0.5390625 0.345703125 0.037109375 0.0283203125
0 0.7236328125 0.697265625 0.150390625 0.1435546875
0 0.3388671875 0.7275390625 0.099609375 0.1142578125
0 0.5693359375 0.626953125 0.1171875 0.1298828125
1 0.486328125 0.595703125 0.03125 0.064453125
0 0.49609375 0.3466796875 0.0546875 0.056640625
1 0.5966796875 0.455078125 0.021484375 0.0390625
0 0.9296875 0.587890625 0.109375 0.083984375
1 0.86328125 0.65625 0.0517578125 0.0595703125
1 0.6005859375 0.5751953125 0.033203125 0.041015625
1 0.626953125 0.447265625 0.0341796875 0.0439453125
1 0.4345703125 0.6748046875 0.046875 0.072265625
1 0.421875 0.5673828125 0.0283203125 0.052734375
1 0.646484375 0.615234375 0.046875 0.064453125
1 0.548828125 0.4306640625 0.033203125 0.0517578125
1 0.5283203125 0.595703125 0.03125 0.044921875
1 0.5185546875 0.517578125 0.03125 0.060546875
1 0.6689453125 0.560546875 0.0439453125 0.0517578125
1 0.7197265625 0.580078125 0.076171875 0.0703125
1 0.771484375 0.59765625 0.0419921875 0.0419921875
1 0.9541015625 0.6474609375 0.064453125 0.0703125
1 0.580078125 0.4462890625 0.021484375 0.033203125
1 0.650390625 0.515625 0.03125 0.037109375
1 0.568359375 0.4970703125 0.0283203125 0.041015625
1 0.0791015625 0.7607421875 0.0419921875 0.0810546875
1 0.5634765625 0.552734375 0.029296875 0.0361328125
1 0.4423828125 0.431640625 0.0185546875 0.0341796875
1 0.552734375 0.3994140625 0.015625 0.0263671875
1 0.6162109375 0.5244140625 0.048828125 0.0546875
1 0.224609375 0.5927734375 0.025390625 0.048828125
1 0.505859375 0.470703125 0.0234375 0.0361328125
1 0.427734375 0.490234375 0.025390625 0.0419921875
0 0.3525390625 0.3212890625 0.033203125 0.017578125
1 0.546875 0.37109375 0.0185546875 0.029296875
1 0.5400390625 0.4853515625 0.0205078125 0.0390625
1 0.5322265625 0.3916015625 0.013671875 0.029296875
1 0.142578125 0.6083984375 0.029296875 0.048828125
1 0.416015625 0.462890625 0.017578125 0.03125
1 0.1064453125 0.486328125 0.0283203125 0.03125
1 0.0234375 0.564453125 0.021484375 0.0498046875
1 0.0625 0.4794921875 0.025390625 0.037109375
1 0.46484375 0.423828125 0.017578125 0.029296875
0 0.462890625 0.5283203125 0.087890625 0.162109375
1 0.734375 0.53125 0.052734375 0.0439453125
1 0.3291015625 0.3583984375 0.0205078125 0.0263671875
1 0.6708984375 0.4814453125 0.0263671875 0.037109375
1 0.037109375 0.8564453125 0.0283203125 0.068359375
1 0.7392578125 0.4775390625 0.041015625 0.0361328125
0 0.4599609375 0.3564453125 0.033203125 0.0341796875
0 0.1923828125 0.8740234375 0.103515625 0.029296875
0 0.455078125 0.46484375 0.03125 0.0361328125
1 0.1767578125 0.3251953125 0.021484375 0.021484375
1 0.072265625 0.337890625 0.013671875 0.017578125