0 0.3232421875 0.7998046875 0.1435546875 0.1748046875
0 0.111328125 0.625 0.0830078125 0.099609375
0 0.5439453125 0.5390625 0.099609375 0.1064453125
0 0.197265625 0.673828125 0.1064453125 0.1142578125
0 0.240234375 0.5087890625 0.0625 0.0703125
0 0.318359375 0.650390625 0.095703125 0.111328125
0 0.4755859375 0.369140625 0.029296875 0.0341796875
0 0.224609375 0.5791015625 0.076171875 0.0859375
1 0.603515625 0.5009765625 0.033203125 0.044921875
0 0.3212890625 0.548828125 0.0703125 0.080078125
1 0.7998046875 0.5869140625 0.046875 0.064453125
1 0.560546875 0.4736328125 0.029296875 0.0439453125
1 0.462890625 0.470703125 0.0498046875 0.0576171875
0 0.3251953125 0.4833984375 0.0654296875 0.060546875
0 0.2568359375 0.404296875 0.044921875 0.037109375
1 0.9482421875 0.6865234375 0.0751953125 0.0830078125
1 0.4697265625 0.42578125 0.0205078125 0.033203125
1 0.521484375 0.4462890625 0.03125 0.0390625
1 0.689453125 0.5380859375 0.0419921875 0.0517578125
1 0.2099609375 0.806640625 0.0419921875 0.060546875
1 0.4990234375 0.431640625 0.0205078125 0.0341796875
1 0.8447265625 0.6025390625 0.0361328125 0.0419921875
0 0.4990234375 0.3505859375 0.029296875 0.029296875
1 0.0458984375 0.6083984375 0.0234375 0.044921875
1 0.5966796875 0.45703125 0.03125 0.0419921875
0 0.3505859375 0.3203125 0.033203125 0.015625
1 0.427734375 0.447265625 0.0185546875 0.0439453125
0 0.234375 0.345703125 0.0283203125 0.029296875
1 0.1337890625 0.7255859375 0.0419921875 0.048828125
1 0.8388671875 0.5595703125 0.041015625 0.052734375
1 0.068359375 0.7236328125 0.033203125 0.052734375
1 0.103515625 0.763671875 0.0263671875 0.046875
1 0.677734375 0.609375 0.044921875 0.068359375
1 0.17578125 0.41796875 0.017578125 0.029296875
0 0.3037109375 0.3994140625 0.0576171875 0.044921875
1 0.662109375 0.5048828125 0.0185546875 0.03125
0 0.5224609375 0.380859375 0.033203125 0.029296875
1 0.8974609375 0.6494140625 0.0732421875 0.0673828125
1 0.4365234375 0.392578125 0.0234375 0.029296875
1 0.2392578125 0.642578125 0.0283203125 0.0439453125
0 0.189453125 0.478515625 0.0498046875 0.076171875
1 0.2158203125 0.4111328125 0.015625 0.0283203125
1 0.41796875 0.6474609375 0.029296875 0.0517578125
1 0.490234375 0.39453125 0.0283203125 0.044921875
1 0.5380859375 0.822265625 0.0546875 0.0888671875
1 0.3857421875 0.5517578125 0.0185546875 0.0283203125
1 0.1552734375 0.47265625 0.029296875 0.044921875
1 0.931640625 0.6162109375 0.0439453125 0.048828125
1 0.060546875 0.478515625 0.025390625 0.0361328125
1 0.03125 0.5615234375 0.037109375 0.048828125
0 0.5380859375 0.337890625 0.029296875 0.029296875
1 0.572265625 0.396484375 0.0673828125 0.076171875
1 0.1318359375 0.4423828125 0.0234375 0.025390625
1 0.0791015625 0.337890625 0.017578125 0.017578125
1 0.8115234375 0.5361328125 0.033203125 0.0439453125