0 0.1728515625 0.6064453125 0.0888671875 0.0966796875
1 0.12890625 0.544921875 0.0234375 0.0439453125
0 0.3486328125 0.5654296875 0.068359375 0.083984375
1 0.681640625 0.6005859375 0.064453125 0.0859375
0 0.515625 0.5458984375 0.0751953125 0.091796875
0 0.5166015625 0.48046875 0.0546875 0.064453125
0 0.6552734375 0.8203125 0.1640625 0.1376953125
1 0.6171875 0.6044921875 0.046875 0.0654296875
1 0.626953125 0.5068359375 0.03125 0.0517578125
1 0.5673828125 0.7109375 0.041015625 0.078125
1 0.63671875 0.7177734375 0.044921875 0.0673828125
1 0.591796875 0.498046875 0.033203125 0.046875
1 0.4287109375 0.5087890625 0.0263671875 0.044921875
0 0.310546875 0.4833984375 0.0654296875 0.064453125
1 0.796875 0.5771484375 0.0439453125 0.0673828125
1 0.2666015625 0.5732421875 0.0234375 0.056640625
1 0.765625 0.724609375 0.0810546875 0.1044921875
1 0.767578125 0.6328125 0.0263671875 0.03125
1 0.943359375 0.685546875 0.080078125 0.0810546875
0 0.4814453125 0.3662109375 0.0341796875 0.033203125
1 0.8544921875 0.8525390625 0.083984375 0.080078125
0 0.21875 0.4716796875 0.056640625 0.056640625
1 0.6083984375 0.544921875 0.048828125 0.0595703125
0 0.2802734375 0.43359375 0.048828125 0.044921875
1 0.6962890625 0.5439453125 0.044921875 0.046875
1 0.845703125 0.6005859375 0.037109375 0.044921875
0 0.201171875 0.4208984375 0.048828125 0.044921875
1 0.1015625 0.634765625 0.03125 0.0419921875
1 0.59765625 0.462890625 0.0234375 0.0341796875
1 0.0283203125 0.580078125 0.0341796875 0.060546875
1 0.1767578125 0.5 0.0283203125 0.046875
1 0.060546875 0.716796875 0.0263671875 0.0390625
1 0.875 0.6708984375 0.078125 0.080078125
1 0.837890625 0.55859375 0.0546875 0.0576171875
1 0.064453125 0.4794921875 0.0361328125 0.037109375
1 0.888671875 0.595703125 0.052734375 0.0546875
1 0.5703125 0.654296875 0.03125 0.041015625
0 0.478515625 0.4228515625 0.0439453125 0.0517578125
1 0.240234375 0.8486328125 0.0439453125 0.056640625
1 0.4951171875 0.630859375 0.0341796875 0.0673828125
1 0.5888671875 0.4375 0.015625 0.0283203125
0 0.525390625 0.3623046875 0.0341796875 0.041015625
0 0.251953125 0.3935546875 0.041015625 0.037109375
1 0.748046875 0.810546875 0.0361328125 0.0830078125
0 0.564453125 0.4287109375 0.046875 0.0517578125
1 0.1455078125 0.458984375 0.0283203125 0.0263671875
0 0.947265625 0.580078125 0.0751953125 0.0673828125
1 0.654296875 0.630859375 0.029296875 0.0439453125
1 0.439453125 0.421875 0.03125 0.0439453125
1 0.666015625 0.5458984375 0.025390625 0.0419921875
1 0.1611328125 0.4755859375 0.015625 0.033203125
0 0.49609375 0.3447265625 0.029296875 0.0234375
0 0.203125 0.34375 0.021484375 0.021484375
1 0.5087890625 0.4013671875 0.0234375 0.0341796875
0 0.3515625 0.3212890625 0.0341796875 0.017578125
1 0.623046875 0.4765625 0.017578125 0.03125
1 0.974609375 0.634765625 0.0283203125 0.056640625
1 0.53515625 0.41796875 0.029296875 0.033203125
0 0.080078125 0.82421875 0.126953125 0.1298828125
1 0.4453125 0.6689453125 0.0341796875 0.0654296875
1 0.462890625 0.3974609375 0.017578125 0.0234375
1 0.0322265625 0.486328125 0.0419921875 0.044921875
1 0.9716796875 0.740234375 0.025390625 0.0830078125