0 0.322265625 0.80078125 0.138671875 0.1767578125
0 0.4912109375 0.494140625 0.0673828125 0.0751953125
0 0.5341796875 0.455078125 0.056640625 0.0654296875
1 0.787109375 0.7978515625 0.0576171875 0.0830078125
1 0.1572265625 0.48828125 0.0205078125 0.033203125
0 0.228515625 0.568359375 0.080078125 0.0888671875
0 0.2041015625 0.66796875 0.0986328125 0.1142578125
0 0.322265625 0.5947265625 0.078125 0.091796875
0 0.240234375 0.49609375 0.0576171875 0.064453125
1 0.701171875 0.5458984375 0.037109375 0.048828125
1 0.7275390625 0.6552734375 0.0390625 0.0703125
1 0.6904296875 0.7890625 0.052734375 0.1123046875
1 0.7998046875 0.5849609375 0.046875 0.0703125
1 0.662109375 0.5693359375 0.0341796875 0.060546875
1 0.609375 0.470703125 0.0185546875 0.041015625
1 0.947265625 0.6806640625 0.0751953125 0.095703125
1 0.4404296875 0.7880859375 0.046875 0.0859375
1 0.1455078125 0.59375 0.037109375 0.0595703125
1 0.134765625 0.75 0.0439453125 0.0625
1 0.8408203125 0.740234375 0.046875 0.095703125
1 0.5859375 0.4794921875 0.021484375 0.0498046875
0 0.3095703125 0.47265625 0.0498046875 0.0576171875
1 0.173828125 0.3837890625 0.017578125 0.0234375
1 0.546875 0.6064453125 0.0283203125 0.068359375
1 0.640625 0.5458984375 0.025390625 0.044921875
1 0.849609375 0.591796875 0.0576171875 0.0654296875
1 0.1875 0.529296875 0.021484375 0.0341796875
1 0.056640625 0.4833984375 0.0263671875 0.029296875
1 0.6923828125 0.71484375 0.0341796875 0.048828125
1 0.0302734375 0.595703125 0.0390625 0.0625
0 0.51953125 0.384765625 0.029296875 0.0283203125
0 0.349609375 0.3212890625 0.03125 0.017578125
1 0.126953125 0.552734375 0.0263671875 0.0361328125
0 0.4541015625 0.4208984375 0.0576171875 0.0576171875
1 0.17578125 0.421875 0.017578125 0.03125
1 0.216796875 0.837890625 0.0263671875 0.0439453125
1 0.9306640625 0.609375 0.0546875 0.0439453125
1 0.4970703125 0.4375 0.0185546875 0.0341796875
0 0.513671875 0.333984375 0.033203125 0.0263671875
1 0.564453125 0.412109375 0.0234375 0.0341796875
1 0.125 0.486328125 0.0185546875 0.029296875
1 0.556640625 0.7529296875 0.0361328125 0.078125
1 0.892578125 0.6484375 0.0732421875 0.0751953125
1 0.3369140625 0.4267578125 0.017578125 0.025390625
1 0.900390625 0.5615234375 0.03125 0.080078125
1 0.0517578125 0.3427734375 0.0126953125 0.017578125
0 0.4853515625 0.361328125 0.0263671875 0.0234375
1 0.4130859375 0.423828125 0.013671875 0.0283203125
1 0.189453125 0.373046875 0.017578125 0.0283203125
0 0.9462890625 0.5654296875 0.0830078125 0.0625
1 0.548828125 0.4072265625 0.017578125 0.0263671875
1 0.4453125 0.3779296875 0.0185546875 0.0341796875
1 0.0859375 0.7099609375 0.0283203125 0.048828125
1 0.279296875 0.744140625 0.015625 0.0263671875
1 0.568359375 0.439453125 0.0205078125 0.0263671875
0 0.2275390625 0.33984375 0.0390625 0.0263671875
1 0.080078125 0.3408203125 0.013671875 0.021484375
1 0.021484375 0.474609375 0.0205078125 0.0234375
1 0.2666015625 0.8642578125 0.033203125 0.0498046875
1 0.818359375 0.537109375 0.0234375 0.044921875