0 0.19140625 0.75 0.123046875 0.162109375
0 0.51171875 0.4228515625 0.0517578125 0.0546875
0 0.337890625 0.7265625 0.0966796875 0.119140625
0 0.541015625 0.353515625 0.046875 0.044921875
0 0.2890625 0.451171875 0.083984375 0.0498046875
1 0.0830078125 0.7529296875 0.046875 0.083984375
1 0.416015625 0.810546875 0.037109375 0.0498046875
0 0.7509765625 0.5673828125 0.189453125 0.083984375
1 0.365234375 0.447265625 0.025390625 0.0341796875
1 0.130859375 0.533203125 0.0283203125 0.0498046875
1 0.470703125 0.455078125 0.0341796875 0.0439453125
1 0.31640625 0.4951171875 0.0361328125 0.0341796875
1 0.580078125 0.48828125 0.0283203125 0.0390625
1 0.458984375 0.7841796875 0.0390625 0.0595703125
1 0.51953125 0.47265625 0.048828125 0.048828125
1 0.427734375 0.681640625 0.0439453125 0.052734375
1 0.634765625 0.5078125 0.0263671875 0.0439453125
1 0.306640625 0.8359375 0.048828125 0.083984375
1 0.390625 0.3603515625 0.015625 0.0205078125
0 0.509765625 0.333984375 0.033203125 0.029296875
1 0.154296875 0.486328125 0.017578125 0.025390625
0 0.4921875 0.361328125 0.0439453125 0.0341796875
1 0.599609375 0.580078125 0.0546875 0.060546875
1 0.5751953125 0.380859375 0.015625 0.0283203125
1 0.412109375 0.5234375 0.052734375 0.0498046875
1 0.607421875 0.494140625 0.037109375 0.0439453125
1 0.5537109375 0.4716796875 0.0234375 0.041015625
1 0.158203125 0.404296875 0.017578125 0.0185546875
1 0.49609375 0.451171875 0.017578125 0.0283203125
1 0.033203125 0.580078125 0.0419921875 0.083984375
1 0.1298828125 0.427734375 0.015625 0.021484375
1 0.0673828125 0.53515625 0.0283203125 0.0419921875
1 0.6435546875 0.470703125 0.021484375 0.029296875
1 0.173828125 0.45703125 0.025390625 0.0263671875
1 0.05859375 0.4775390625 0.0234375 0.029296875
1 0.8544921875 0.658203125 0.037109375 0.056640625
1 0.4404296875 0.3603515625 0.0185546875 0.029296875
1 0.419921875 0.740234375 0.044921875 0.052734375
1 0.212890625 0.419921875 0.017578125 0.021484375
1 0.0615234375 0.341796875 0.0234375 0.0205078125
1 0.587890625 0.4482421875 0.017578125 0.025390625
1 0.4716796875 0.423828125 0.021484375 0.0234375
1 0.1767578125 0.3271484375 0.0185546875 0.0205078125
1 0.1611328125 0.3623046875 0.021484375 0.021484375
1 0.1962890625 0.806640625 0.0390625 0.0517578125
1 0.10546875 0.484375 0.029296875 0.025390625
1 0.6181640625 0.4609375 0.0205078125 0.0283203125
1 0.1953125 0.322265625 0.0185546875 0.0205078125
1 0.4560546875 0.716796875 0.0185546875 0.025390625
0 0.0693359375 0.5048828125 0.123046875 0.109375
0 0.2353515625 0.365234375 0.0546875 0.0341796875
1 0.595703125 0.4658203125 0.015625 0.021484375
1 0.3291015625 0.3583984375 0.017578125 0.0234375
0 0.1982421875 0.875 0.0966796875 0.0283203125
1 0.0244140625 0.373046875 0.0234375 0.025390625
1 0.548828125 0.44140625 0.017578125 0.0234375
1 0.8916015625 0.384765625 0.017578125 0.025390625
1 0.58203125 0.359375 0.0107421875 0.015625
1 0.5166015625 0.4482421875 0.017578125 0.021484375
1 0.017578125 0.49609375 0.013671875 0.029296875
1 0.640625 0.4453125 0.025390625 0.025390625