0 0.322265625 0.798828125 0.1435546875 0.1767578125
0 0.1396484375 0.53515625 0.0673828125 0.0703125
0 0.203125 0.677734375 0.099609375 0.119140625
0 0.3154296875 0.6435546875 0.0908203125 0.109375
1 0.541015625 0.6357421875 0.0361328125 0.056640625
1 0.716796875 0.62109375 0.0390625 0.0703125
0 0.240234375 0.5078125 0.060546875 0.068359375
0 0.2275390625 0.5791015625 0.080078125 0.0888671875
1 0.5537109375 0.5087890625 0.0234375 0.0390625
1 0.6396484375 0.6474609375 0.0390625 0.0673828125
0 0.3173828125 0.5146484375 0.0595703125 0.0673828125
1 0.390625 0.5302734375 0.021484375 0.0419921875
1 0.689453125 0.5625 0.044921875 0.0654296875
1 0.5185546875 0.490234375 0.0185546875 0.0341796875
1 0.62890625 0.568359375 0.0361328125 0.0498046875
1 0.1220703125 0.646484375 0.03125 0.0517578125
1 0.8203125 0.583984375 0.0810546875 0.078125
1 0.9482421875 0.6904296875 0.072265625 0.0751953125
1 0.150390625 0.591796875 0.0283203125 0.052734375
1 0.5068359375 0.556640625 0.029296875 0.0439453125
1 0.5830078125 0.564453125 0.021484375 0.037109375
1 0.080078125 0.7451171875 0.03125 0.0439453125
1 0.6064453125 0.466796875 0.021484375 0.03125
0 0.3154296875 0.4599609375 0.0595703125 0.0517578125
1 0.0947265625 0.5771484375 0.033203125 0.060546875
0 0.7353515625 0.80859375 0.1982421875 0.1611328125
1 0.603515625 0.5107421875 0.025390625 0.037109375
1 0.58203125 0.4736328125 0.0234375 0.0341796875
1 0.517578125 0.4443359375 0.0341796875 0.029296875
1 0.732421875 0.5400390625 0.0390625 0.044921875
0 0.49609375 0.361328125 0.033203125 0.0341796875
1 0.8916015625 0.65625 0.080078125 0.072265625
1 0.0458984375 0.591796875 0.0263671875 0.0546875
0 0.5234375 0.4091796875 0.037109375 0.041015625
1 0.369140625 0.4658203125 0.0185546875 0.03125
1 0.638671875 0.521484375 0.0234375 0.0341796875
1 0.5791015625 0.6279296875 0.033203125 0.056640625
1 0.5625 0.4677734375 0.025390625 0.033203125
1 0.498046875 0.4208984375 0.0205078125 0.033203125
1 0.431640625 0.44140625 0.017578125 0.0390625
1 0.19140625 0.4853515625 0.0205078125 0.033203125
1 0.49609375 0.3916015625 0.017578125 0.029296875
1 0.134765625 0.708984375 0.0390625 0.0517578125
1 0.193359375 0.427734375 0.017578125 0.0283203125
0 0.462890625 0.423828125 0.044921875 0.0595703125
1 0.58203125 0.53125 0.0234375 0.037109375
1 0.0673828125 0.66796875 0.037109375 0.0703125
0 0.212890625 0.408203125 0.033203125 0.03125
1 0.150390625 0.376953125 0.0205078125 0.0234375
1 0.240234375 0.640625 0.025390625 0.0341796875
1 0.564453125 0.470703125 0.115234375 0.111328125
1 0.1904296875 0.4521484375 0.0185546875 0.0234375
1 0.150390625 0.423828125 0.0185546875 0.025390625
1 0.02734375 0.560546875 0.029296875 0.046875
1 0.0615234375 0.478515625 0.029296875 0.0390625
1 0.9296875 0.609375 0.046875 0.0439453125
1 0.455078125 0.365234375 0.017578125 0.0283203125
0 0.201171875 0.34765625 0.0234375 0.0234375
1 0.501953125 0.52734375 0.0185546875 0.029296875
1 0.1728515625 0.388671875 0.013671875 0.0205078125
1 0.603515625 0.5986328125 0.1640625 0.1591796875
1 0.55859375 0.443359375 0.0205078125 0.029296875
0 0.3017578125 0.412109375 0.056640625 0.064453125
1 0.654296875 0.5986328125 0.029296875 0.046875
1 0.8193359375 0.53515625 0.0234375 0.0390625
1 0.9599609375 0.630859375 0.0263671875 0.0390625
1 0.1875 0.3837890625 0.025390625 0.0234375
1 0.5576171875 0.751953125 0.041015625 0.087890625
1 0.0244140625 0.373046875 0.013671875 0.021484375
1 0.642578125 0.44140625 0.025390625 0.0263671875
0 0.21875 0.35546875 0.025390625 0.0205078125
1 0.1728515625 0.4169921875 0.017578125 0.0283203125
0 0.3525390625 0.3203125 0.033203125 0.0185546875
1 0.9052734375 0.54296875 0.017578125 0.0263671875
1 0.107421875 0.4775390625 0.044921875 0.0419921875
1 0.5390625 0.5966796875 0.021484375 0.0341796875