1 0.11328125 0.66796875 0.029296875 0.048828125
0 0.552734375 0.5048828125 0.0673828125 0.0810546875
1 0.15625 0.474609375 0.021484375 0.033203125
1 0.146484375 0.423828125 0.0185546875 0.029296875
0 0.216796875 0.486328125 0.0595703125 0.064453125
1 0.681640625 0.5458984375 0.0517578125 0.0576171875
1 0.6376953125 0.603515625 0.0439453125 0.076171875
1 0.818359375 0.5732421875 0.076171875 0.0810546875
0 0.8212890625 0.7822265625 0.1982421875 0.201171875
1 0.7236328125 0.537109375 0.0498046875 0.0517578125
1 0.3544921875 0.4306640625 0.021484375 0.029296875
1 0.603515625 0.498046875 0.0234375 0.0419921875
1 0.416015625 0.4619140625 0.025390625 0.0390625
0 0.5224609375 0.587890625 0.1171875 0.130859375
1 0.2197265625 0.705078125 0.033203125 0.048828125
1 0.677734375 0.783203125 0.046875 0.099609375
0 0.2265625 0.353515625 0.0341796875 0.0419921875
1 0.638671875 0.8349609375 0.044921875 0.080078125
1 0.6728515625 0.658203125 0.0419921875 0.0810546875
1 0.177734375 0.6259765625 0.0263671875 0.044921875
1 0.66796875 0.7158203125 0.048828125 0.0595703125
0 0.5244140625 0.423828125 0.044921875 0.044921875
1 0.18359375 0.376953125 0.013671875 0.025390625
1 0.25 0.599609375 0.03125 0.0517578125
0 0.560546875 0.4072265625 0.03125 0.0390625
1 0.953125 0.6611328125 0.0625 0.0654296875
1 0.279296875 0.4951171875 0.0283203125 0.037109375
1 0.5732421875 0.4658203125 0.021484375 0.037109375
1 0.20703125 0.4189453125 0.0205078125 0.03125
1 0.123046875 0.4140625 0.0263671875 0.0283203125
1 0.390625 0.486328125 0.025390625 0.0517578125
1 0.060546875 0.4794921875 0.0283203125 0.037109375
1 0.455078125 0.521484375 0.03125 0.056640625
1 0.2587890625 0.439453125 0.017578125 0.0283203125
1 0.62890625 0.51953125 0.033203125 0.048828125
1 0.3642578125 0.404296875 0.0185546875 0.0361328125
1 0.7890625 0.673828125 0.046875 0.0361328125
1 0.189453125 0.408203125 0.0205078125 0.0341796875
1 0.138671875 0.5263671875 0.025390625 0.041015625
1 0.0859375 0.4033203125 0.0185546875 0.025390625
1 0.884765625 0.650390625 0.0810546875 0.0703125
0 0.46484375 0.4150390625 0.0419921875 0.0517578125
1 0.896484375 0.541015625 0.03125 0.037109375
1 0.673828125 0.5048828125 0.033203125 0.0439453125
1 0.59765625 0.451171875 0.0263671875 0.0419921875
0 0.490234375 0.3564453125 0.029296875 0.0283203125
1 0.4560546875 0.361328125 0.021484375 0.025390625
1 0.2255859375 0.4150390625 0.017578125 0.0234375
1 0.4091796875 0.427734375 0.0185546875 0.03125
1 0.1552734375 0.5673828125 0.033203125 0.046875
0 0.064453125 0.37890625 0.0498046875 0.0234375
1 0.185546875 0.4423828125 0.03125 0.025390625
1 0.896484375 0.57421875 0.041015625 0.0419921875
0 0.521484375 0.458984375 0.0341796875 0.037109375
1 0.4521484375 0.716796875 0.0390625 0.0517578125
1 0.021484375 0.484375 0.0205078125 0.0439453125
1 0.1787109375 0.330078125 0.017578125 0.017578125
1 0.2578125 0.3994140625 0.021484375 0.0390625
1 0.6357421875 0.4404296875 0.041015625 0.0341796875
1 0.732421875 0.861328125 0.046875 0.0546875
1 0.0234375 0.373046875 0.015625 0.0234375
1 0.212890625 0.400390625 0.013671875 0.021484375
1 0.4228515625 0.51171875 0.0361328125 0.060546875
1 0.265625 0.541015625 0.03125 0.0498046875
0 0.533203125 0.3525390625 0.025390625 0.0234375
1 0.1103515625 0.484375 0.0361328125 0.0341796875
1 0.11328125 0.3955078125 0.017578125 0.0185546875
1 0.0771484375 0.337890625 0.0205078125 0.0185546875
1 0.591796875 0.419921875 0.015625 0.021484375
1 0.140625 0.6201171875 0.1064453125 0.140625
0 0.3505859375 0.3193359375 0.029296875 0.017578125
1 0.955078125 0.591796875 0.037109375 0.041015625
1 0.732421875 0.7333984375 0.0283203125 0.0673828125
1 0.5810546875 0.3916015625 0.021484375 0.029296875
0 0.251953125 0.318359375 0.0263671875 0.0185546875
0 0.5166015625 0.333984375 0.0234375 0.025390625
1 0.81640625 0.5302734375 0.0205078125 0.029296875
1 0.201171875 0.34375 0.0234375 0.03125
1 0.890625 0.3857421875 0.015625 0.025390625