0 0.1435546875 0.7138671875 0.1279296875 0.1435546875
0 0.76171875 0.787109375 0.1953125 0.197265625
0 0.3330078125 0.744140625 0.1220703125 0.1513671875
0 0.33984375 0.5546875 0.0732421875 0.083984375
0 0.529296875 0.609375 0.0830078125 0.115234375
0 0.5068359375 0.4384765625 0.048828125 0.0517578125
0 0.4912109375 0.353515625 0.033203125 0.0341796875
1 0.6025390625 0.591796875 0.0361328125 0.0625
1 0.6494140625 0.5771484375 0.0263671875 0.0576171875
1 0.5888671875 0.498046875 0.0283203125 0.044921875
0 0.224609375 0.521484375 0.0576171875 0.0673828125
1 0.7001953125 0.5478515625 0.041015625 0.048828125
1 0.6513671875 0.666015625 0.037109375 0.056640625
1 0.798828125 0.5732421875 0.048828125 0.0654296875
1 0.4140625 0.4814453125 0.0185546875 0.0341796875
0 0.26953125 0.4111328125 0.044921875 0.0341796875
1 0.6279296875 0.5400390625 0.025390625 0.044921875
1 0.130859375 0.6015625 0.029296875 0.0498046875
1 0.560546875 0.4453125 0.0185546875 0.03125
1 0.8896484375 0.6533203125 0.0830078125 0.083984375
1 0.5673828125 0.470703125 0.021484375 0.033203125
1 0.61328125 0.7392578125 0.0361328125 0.056640625
1 0.69921875 0.640625 0.044921875 0.078125
0 0.302734375 0.4716796875 0.0546875 0.052734375
1 0.947265625 0.6875 0.076171875 0.083984375
1 0.53125 0.537109375 0.025390625 0.0361328125
1 0.857421875 0.779296875 0.064453125 0.087890625
1 0.236328125 0.5986328125 0.0361328125 0.0498046875
1 0.14453125 0.548828125 0.0263671875 0.0419921875
1 0.845703125 0.6015625 0.046875 0.0498046875
0 0.220703125 0.466796875 0.056640625 0.0546875
1 0.0615234375 0.6904296875 0.044921875 0.078125
1 0.6708984375 0.5380859375 0.0263671875 0.048828125
1 0.5927734375 0.4443359375 0.0205078125 0.033203125
1 0.466796875 0.373046875 0.017578125 0.021484375
1 0.1494140625 0.513671875 0.0205078125 0.0234375
1 0.744140625 0.4755859375 0.0361328125 0.0263671875
1 0.48046875 0.556640625 0.0234375 0.03125
0 0.4921875 0.400390625 0.041015625 0.048828125
0 0.9306640625 0.58203125 0.107421875 0.0859375
1 0.8974609375 0.5439453125 0.033203125 0.03125
0 0.4580078125 0.4599609375 0.0439453125 0.044921875
1 0.849609375 0.556640625 0.033203125 0.0498046875
1 0.275390625 0.4833984375 0.021484375 0.029296875
1 0.529296875 0.3994140625 0.017578125 0.0263671875
0 0.189453125 0.33984375 0.0234375 0.0205078125
1 0.1728515625 0.509765625 0.0263671875 0.03125
0 0.080078125 0.474609375 0.0732421875 0.052734375
1 0.408203125 0.4482421875 0.0205078125 0.025390625
1 0.0302734375 0.5625 0.0361328125 0.046875
1 0.392578125 0.421875 0.0205078125 0.0283203125
1 0.6455078125 0.837890625 0.0595703125 0.09375
0 0.3505859375 0.3193359375 0.029296875 0.017578125
1 0.2587890625 0.4775390625 0.017578125 0.0390625
0 0.552734375 0.4208984375 0.0341796875 0.033203125
1 0.4384765625 0.404296875 0.0234375 0.037109375
1 0.6240234375 0.501953125 0.0234375 0.0341796875
1 0.818359375 0.53515625 0.0263671875 0.0419921875
1 0.5498046875 0.5498046875 0.021484375 0.0498046875
0 0.3193359375 0.404296875 0.0859375 0.044921875
1 0.2265625 0.4208984375 0.03125 0.0234375
0 0.2294921875 0.341796875 0.025390625 0.0234375
1 0.634765625 0.443359375 0.0283203125 0.03125
1 0.521484375 0.826171875 0.03125 0.0673828125
1 0.326171875 0.447265625 0.017578125 0.0361328125
0 0.53125 0.3486328125 0.0283203125 0.03125
1 0.154296875 0.404296875 0.0205078125 0.0263671875
1 0.955078125 0.6279296875 0.0361328125 0.0498046875