0 0.19140625 0.751953125 0.126953125 0.1640625
0 0.5107421875 0.421875 0.046875 0.0498046875
0 0.337890625 0.7255859375 0.0986328125 0.1201171875
0 0.5380859375 0.353515625 0.0419921875 0.044921875
1 0.513671875 0.47265625 0.03125 0.044921875
1 0.0673828125 0.5380859375 0.0283203125 0.048828125
1 0.412109375 0.8076171875 0.0439453125 0.0595703125
1 0.55859375 0.5673828125 0.0263671875 0.052734375
0 0.490234375 0.361328125 0.0390625 0.0341796875
1 0.5712890625 0.3828125 0.017578125 0.0283203125
1 0.8037109375 0.740234375 0.044921875 0.0751953125
1 0.3134765625 0.484375 0.033203125 0.041015625
0 0.212890625 0.4287109375 0.072265625 0.048828125
1 0.232421875 0.482421875 0.0341796875 0.041015625
1 0.61328125 0.486328125 0.0390625 0.046875
1 0.2763671875 0.4384765625 0.0283203125 0.0263671875
0 0.509765625 0.333984375 0.029296875 0.029296875
1 0.306640625 0.837890625 0.046875 0.0966796875
1 0.49609375 0.4521484375 0.017578125 0.033203125
1 0.646484375 0.4892578125 0.021484375 0.037109375
1 0.5634765625 0.4375 0.0205078125 0.025390625
1 0.458984375 0.783203125 0.037109375 0.0576171875
1 0.4541015625 0.369140625 0.017578125 0.029296875
1 0.4677734375 0.4501953125 0.0263671875 0.041015625
1 0.845703125 0.63671875 0.033203125 0.0673828125
1 0.5498046875 0.474609375 0.021484375 0.0419921875
1 0.39453125 0.408203125 0.0205078125 0.0283203125
1 0.427734375 0.6982421875 0.0439453125 0.0654296875
1 0.166015625 0.3662109375 0.013671875 0.013671875
1 0.1298828125 0.40625 0.015625 0.021484375
1 0.4658203125 0.404296875 0.0185546875 0.03125
1 0.083984375 0.4013671875 0.0185546875 0.0185546875
1 0.5947265625 0.392578125 0.0107421875 0.0234375
1 0.580078125 0.4658203125 0.0263671875 0.037109375
1 0.4375 0.365234375 0.0185546875 0.021484375
1 0.0927734375 0.685546875 0.064453125 0.064453125
0 0.9482421875 0.5732421875 0.0751953125 0.0654296875
1 0.0771484375 0.7509765625 0.044921875 0.0673828125
1 0.0380859375 0.376953125 0.013671875 0.017578125
1 0.5478515625 0.4189453125 0.013671875 0.0185546875
1 0.283203125 0.3623046875 0.017578125 0.025390625
1 0.228515625 0.36328125 0.0107421875 0.0205078125
1 0.0263671875 0.5849609375 0.0283203125 0.0673828125
1 0.205078125 0.357421875 0.013671875 0.0185546875
1 0.357421875 0.396484375 0.013671875 0.0283203125
1 0.0263671875 0.373046875 0.015625 0.0205078125
1 0.4375 0.7646484375 0.021484375 0.0361328125
0 0.0634765625 0.4765625 0.1015625 0.056640625
1 0.177734375 0.326171875 0.0205078125 0.021484375
0 0.189453125 0.875 0.1220703125 0.0283203125
1 0.9052734375 0.49609375 0.0263671875 0.029296875
1 0.634765625 0.44140625 0.0361328125 0.0361328125
1 0.24609375 0.353515625 0.0107421875 0.0234375
1 0.07421875 0.3388671875 0.017578125 0.015625