0 0.322265625 0.7998046875 0.1455078125 0.1748046875
0 0.1123046875 0.623046875 0.083984375 0.0986328125
0 0.1982421875 0.6748046875 0.1064453125 0.119140625
0 0.5458984375 0.54296875 0.1015625 0.107421875
0 0.240234375 0.5087890625 0.0625 0.0703125
1 0.5556640625 0.478515625 0.0361328125 0.041015625
0 0.318359375 0.650390625 0.095703125 0.111328125
0 0.3212890625 0.548828125 0.0703125 0.0810546875
0 0.224609375 0.5791015625 0.076171875 0.0859375
0 0.474609375 0.3681640625 0.03125 0.0361328125
1 0.822265625 0.5771484375 0.083984375 0.095703125
1 0.470703125 0.42578125 0.021484375 0.0361328125
1 0.884765625 0.6552734375 0.0888671875 0.0830078125
1 0.947265625 0.6865234375 0.0732421875 0.0859375
1 0.4765625 0.478515625 0.0283203125 0.0390625
0 0.3232421875 0.484375 0.0654296875 0.0625
0 0.2578125 0.404296875 0.0498046875 0.037109375
1 0.5126953125 0.4521484375 0.03125 0.0419921875
1 0.6044921875 0.501953125 0.0341796875 0.048828125
1 0.208984375 0.8076171875 0.044921875 0.0654296875
1 0.1328125 0.728515625 0.0439453125 0.0517578125
1 0.4189453125 0.646484375 0.0283203125 0.0546875
1 0.6865234375 0.5361328125 0.0390625 0.046875
1 0.564453125 0.447265625 0.025390625 0.033203125
1 0.59765625 0.4560546875 0.033203125 0.041015625
1 0.443359375 0.486328125 0.017578125 0.0390625
1 0.130859375 0.44140625 0.025390625 0.0234375
1 0.1748046875 0.4169921875 0.021484375 0.03125
1 0.0673828125 0.720703125 0.0341796875 0.052734375
0 0.234375 0.34765625 0.03125 0.033203125
0 0.498046875 0.349609375 0.0283203125 0.0283203125
1 0.4521484375 0.37109375 0.0205078125 0.0234375
0 0.3505859375 0.3203125 0.033203125 0.015625
1 0.1044921875 0.755859375 0.0283203125 0.0576171875
1 0.1484375 0.396484375 0.015625 0.021484375
1 0.4365234375 0.3935546875 0.0205078125 0.0283203125
1 0.12890625 0.6767578125 0.0234375 0.0283203125
1 0.427734375 0.447265625 0.017578125 0.0439453125
1 0.03125 0.587890625 0.037109375 0.083984375
0 0.5224609375 0.380859375 0.033203125 0.0283203125
1 0.1025390625 0.6982421875 0.0419921875 0.0625
1 0.6845703125 0.607421875 0.052734375 0.0810546875
1 0.1875 0.50390625 0.025390625 0.0390625
1 0.9306640625 0.615234375 0.044921875 0.048828125
1 0.1552734375 0.46875 0.029296875 0.041015625
1 0.2392578125 0.642578125 0.0283203125 0.0439453125
1 0.490234375 0.396484375 0.0283203125 0.046875
1 0.095703125 0.478515625 0.0654296875 0.044921875
1 0.384765625 0.5654296875 0.025390625 0.0595703125
1 0.5400390625 0.8251953125 0.060546875 0.099609375
1 0.5732421875 0.3974609375 0.0654296875 0.076171875
1 0.63671875 0.439453125 0.0390625 0.0361328125
1 0.060546875 0.48046875 0.0234375 0.0390625
1 0.8134765625 0.5361328125 0.029296875 0.041015625
0 0.5390625 0.3359375 0.0283203125 0.025390625
0 0.302734375 0.400390625 0.056640625 0.041015625
1 0.0322265625 0.49609375 0.0419921875 0.044921875
0 0.0673828125 0.3232421875 0.041015625 0.021484375
1 0.078125 0.337890625 0.0185546875 0.017578125