1 0.732421875 0.705078125 0.0595703125 0.076171875
0 0.3720703125 0.662109375 0.083984375 0.1142578125
0 0.6923828125 0.802734375 0.171875 0.1689453125
1 0.548828125 0.7177734375 0.0419921875 0.0703125
1 0.1171875 0.638671875 0.0341796875 0.0546875
0 0.154296875 0.517578125 0.056640625 0.0625
1 0.810546875 0.580078125 0.0703125 0.0751953125
0 0.646484375 0.546875 0.0888671875 0.0908203125
1 0.576171875 0.451171875 0.025390625 0.041015625
0 0.51953125 0.5576171875 0.0830078125 0.103515625
1 0.6044921875 0.6787109375 0.037109375 0.064453125
1 0.4970703125 0.4580078125 0.021484375 0.037109375
1 0.607421875 0.46875 0.025390625 0.0498046875
1 0.943359375 0.685546875 0.0810546875 0.0888671875
1 0.884765625 0.859375 0.0673828125 0.0595703125
1 0.6962890625 0.548828125 0.0361328125 0.044921875
0 0.234375 0.615234375 0.125 0.1376953125
1 0.728515625 0.5341796875 0.046875 0.052734375
0 0.291015625 0.43359375 0.052734375 0.044921875
0 0.44140625 0.4296875 0.033203125 0.041015625
1 0.2265625 0.5 0.03125 0.0498046875
0 0.2568359375 0.4052734375 0.044921875 0.0390625
1 0.572265625 0.494140625 0.0234375 0.0361328125
1 0.19921875 0.54296875 0.029296875 0.0546875
1 0.1630859375 0.73828125 0.033203125 0.048828125
1 0.853515625 0.654296875 0.033203125 0.0419921875
1 0.4287109375 0.4951171875 0.044921875 0.052734375
1 0.0732421875 0.7548828125 0.0283203125 0.041015625
1 0.216796875 0.798828125 0.0419921875 0.0703125
0 0.171875 0.3701171875 0.041015625 0.0341796875
1 0.5458984375 0.4169921875 0.017578125 0.0341796875
0 0.3388671875 0.4599609375 0.068359375 0.091796875
1 0.2568359375 0.4765625 0.017578125 0.03125
1 0.158203125 0.7021484375 0.0283203125 0.0390625
1 0.025390625 0.5634765625 0.0263671875 0.0517578125
0 0.5078125 0.4072265625 0.0498046875 0.0576171875
1 0.888671875 0.59375 0.0625 0.0595703125
1 0.2021484375 0.4873046875 0.033203125 0.037109375
1 0.029296875 0.4765625 0.041015625 0.0439453125
1 0.0625 0.478515625 0.037109375 0.041015625
1 0.1201171875 0.408203125 0.03125 0.0341796875
1 0.4501953125 0.3642578125 0.0185546875 0.025390625
0 0.9375 0.53515625 0.09375 0.0673828125
1 0.615234375 0.865234375 0.0498046875 0.0517578125
1 0.033203125 0.8125 0.0439453125 0.068359375
1 0.212890625 0.7392578125 0.029296875 0.046875
1 0.5966796875 0.384765625 0.015625 0.0263671875
1 0.2705078125 0.560546875 0.025390625 0.0341796875
1 0.458984375 0.5087890625 0.0263671875 0.0517578125
1 0.9736328125 0.6337890625 0.03125 0.0673828125
1 0.0830078125 0.7119140625 0.03125 0.044921875
1 0.685546875 0.513671875 0.0205078125 0.029296875
1 0.470703125 0.396484375 0.0263671875 0.0390625
1 0.482421875 0.36328125 0.037109375 0.0390625
1 0.0791015625 0.3388671875 0.0205078125 0.0185546875
1 0.82421875 0.5380859375 0.0205078125 0.0361328125