0 0.322265625 0.798828125 0.1533203125 0.177734375
0 0.173828125 0.751953125 0.140625 0.1533203125
1 0.740234375 0.685546875 0.052734375 0.0576171875
1 0.677734375 0.724609375 0.056640625 0.1328125
0 0.31640625 0.6474609375 0.091796875 0.111328125
1 0.48046875 0.435546875 0.017578125 0.037109375
1 0.0908203125 0.712890625 0.0439453125 0.0625
1 0.5634765625 0.439453125 0.029296875 0.041015625
0 0.556640625 0.5107421875 0.0830078125 0.109375
1 0.822265625 0.5849609375 0.0830078125 0.080078125
1 0.5634765625 0.3916015625 0.017578125 0.0234375
1 0.48046875 0.4892578125 0.0263671875 0.0439453125
0 0.240234375 0.5146484375 0.064453125 0.080078125
1 0.6943359375 0.5478515625 0.044921875 0.0517578125
1 0.7978515625 0.8115234375 0.0703125 0.0830078125
1 0.599609375 0.4501953125 0.0361328125 0.041015625
1 0.416015625 0.6171875 0.0517578125 0.0625
1 0.408203125 0.4345703125 0.021484375 0.046875
1 0.447265625 0.423828125 0.0185546875 0.037109375
0 0.478515625 0.357421875 0.0361328125 0.041015625
1 0.130859375 0.5244140625 0.025390625 0.0361328125
1 0.427734375 0.3916015625 0.0205078125 0.0234375
1 0.892578125 0.6630859375 0.083984375 0.076171875
0 0.3271484375 0.490234375 0.0673828125 0.0595703125
1 0.59375 0.396484375 0.0185546875 0.0263671875
1 0.9033203125 0.544921875 0.025390625 0.029296875
1 0.7294921875 0.5400390625 0.046875 0.048828125
1 0.119140625 0.599609375 0.029296875 0.046875
0 0.505859375 0.3447265625 0.029296875 0.033203125
1 0.044921875 0.5751953125 0.0283203125 0.0498046875
1 0.5361328125 0.4248046875 0.0185546875 0.025390625
1 0.580078125 0.4326171875 0.015625 0.0283203125
0 0.3203125 0.548828125 0.072265625 0.0830078125
1 0.1640625 0.572265625 0.0283203125 0.046875
1 0.947265625 0.6943359375 0.0703125 0.0703125
0 0.25390625 0.3955078125 0.0517578125 0.056640625
1 0.4765625 0.4072265625 0.021484375 0.029296875
1 0.06640625 0.4814453125 0.0390625 0.041015625
0 0.1298828125 0.4169921875 0.037109375 0.0341796875
1 0.09765625 0.6240234375 0.0361328125 0.048828125
1 0.427734375 0.3623046875 0.013671875 0.021484375
0 0.5322265625 0.3515625 0.029296875 0.037109375
1 0.9658203125 0.5205078125 0.041015625 0.03125
0 0.3251953125 0.3466796875 0.1064453125 0.046875
1 0.181640625 0.544921875 0.0234375 0.037109375
1 0.5478515625 0.576171875 0.0263671875 0.0576171875
1 0.4150390625 0.380859375 0.017578125 0.0283203125
1 0.9345703125 0.6083984375 0.041015625 0.0390625
1 0.1611328125 0.4833984375 0.03125 0.0390625
1 0.189453125 0.419921875 0.0390625 0.037109375
1 0.36328125 0.3583984375 0.013671875 0.0263671875
0 0.525390625 0.3232421875 0.029296875 0.015625
1 0.1640625 0.4248046875 0.0185546875 0.025390625
0 0.95703125 0.576171875 0.060546875 0.056640625
1 0.7060546875 0.46875 0.0283203125 0.0283203125
1 0.8974609375 0.5791015625 0.044921875 0.044921875
1 0.0244140625 0.560546875 0.0234375 0.044921875
1 0.0380859375 0.857421875 0.0419921875 0.060546875
1 0.9111328125 0.5146484375 0.041015625 0.033203125
0 0.369140625 0.326171875 0.052734375 0.0234375
1 0.03515625 0.4736328125 0.0390625 0.041015625
1 0.4462890625 0.404296875 0.0859375 0.091796875
1 0.84375 0.5390625 0.025390625 0.0341796875
1 0.9365234375 0.654296875 0.0263671875 0.046875