0 0.32421875 0.7998046875 0.1357421875 0.177734375
0 0.49609375 0.5 0.0673828125 0.078125
1 0.58984375 0.486328125 0.0234375 0.0419921875
0 0.203125 0.6640625 0.0966796875 0.109375
0 0.322265625 0.5888671875 0.078125 0.0908203125
0 0.240234375 0.4970703125 0.056640625 0.0654296875
0 0.5361328125 0.4580078125 0.056640625 0.072265625
1 0.4404296875 0.748046875 0.037109375 0.0810546875
0 0.228515625 0.568359375 0.080078125 0.0830078125
1 0.6767578125 0.5810546875 0.0341796875 0.056640625
1 0.8154296875 0.576171875 0.0751953125 0.078125
0 0.1640625 0.4580078125 0.0439453125 0.046875
1 0.8125 0.8359375 0.0595703125 0.083984375
1 0.6474609375 0.552734375 0.029296875 0.052734375
0 0.30859375 0.470703125 0.048828125 0.056640625
1 0.5693359375 0.4443359375 0.0205078125 0.033203125
1 0.73828125 0.6650390625 0.044921875 0.0830078125
1 0.158203125 0.490234375 0.021484375 0.0341796875
1 0.609375 0.470703125 0.025390625 0.0498046875
1 0.5556640625 0.646484375 0.029296875 0.060546875
1 0.947265625 0.6875 0.0732421875 0.087890625
1 0.1279296875 0.484375 0.021484375 0.03125
1 0.705078125 0.55078125 0.0283203125 0.0390625
1 0.7138671875 0.7373046875 0.03125 0.052734375
1 0.0595703125 0.4833984375 0.025390625 0.029296875
1 0.1298828125 0.54296875 0.0283203125 0.0361328125
0 0.6318359375 0.44140625 0.048828125 0.0419921875
1 0.146484375 0.5947265625 0.0283203125 0.0419921875
1 0.892578125 0.65234375 0.078125 0.076171875
1 0.5078125 0.439453125 0.021484375 0.0283203125
1 0.7109375 0.822265625 0.052734375 0.0751953125
1 0.1337890625 0.7392578125 0.0390625 0.0595703125
0 0.3037109375 0.431640625 0.060546875 0.0419921875
1 0.865234375 0.765625 0.0546875 0.103515625
1 0.234375 0.79296875 0.046875 0.1044921875
1 0.189453125 0.5205078125 0.0205078125 0.037109375
1 0.470703125 0.443359375 0.0390625 0.0361328125
1 0.064453125 0.716796875 0.0341796875 0.056640625
1 0.4150390625 0.4296875 0.013671875 0.0283203125
1 0.564453125 0.416015625 0.0234375 0.03125
1 0.8955078125 0.578125 0.037109375 0.0439453125
1 0.9287109375 0.6083984375 0.0546875 0.0419921875
1 0.029296875 0.5625 0.033203125 0.046875
1 0.2783203125 0.7451171875 0.0185546875 0.0341796875
1 0.1669921875 0.404296875 0.0126953125 0.0205078125
0 0.5185546875 0.3876953125 0.03125 0.03125
0 0.333984375 0.3994140625 0.0576171875 0.0390625
0 0.482421875 0.369140625 0.0234375 0.021484375
1 0.115234375 0.509765625 0.021484375 0.0283203125
1 0.970703125 0.642578125 0.029296875 0.046875
0 0.0302734375 0.8369140625 0.0390625 0.091796875
1 0.0927734375 0.7021484375 0.0205078125 0.0390625
1 0.6689453125 0.5078125 0.021484375 0.0283203125
0 0.5126953125 0.337890625 0.0439453125 0.0341796875
1 0.49609375 0.416015625 0.0205078125 0.03125
1 0.263671875 0.859375 0.037109375 0.052734375
1 0.693359375 0.458984375 0.033203125 0.0361328125
1 0.1748046875 0.421875 0.015625 0.025390625
0 0.1962890625 0.392578125 0.0390625 0.0341796875
1 0.4423828125 0.3896484375 0.015625 0.0205078125
1 0.044921875 0.3447265625 0.009765625 0.013671875