0 0.193359375 0.7490234375 0.1201171875 0.1611328125
0 0.51171875 0.423828125 0.0517578125 0.056640625
0 0.337890625 0.7265625 0.0966796875 0.119140625
0 0.5400390625 0.353515625 0.044921875 0.044921875
1 0.08203125 0.75390625 0.044921875 0.0830078125
0 0.69140625 0.560546875 0.1767578125 0.0830078125
1 0.3623046875 0.5009765625 0.0341796875 0.0517578125
1 0.2861328125 0.482421875 0.03125 0.0341796875
1 0.337890625 0.439453125 0.0234375 0.0263671875
1 0.5146484375 0.47265625 0.0419921875 0.044921875
1 0.306640625 0.8349609375 0.048828125 0.091796875
1 0.427734375 0.69140625 0.0439453125 0.0576171875
1 0.580078125 0.4873046875 0.029296875 0.041015625
1 0.517578125 0.572265625 0.052734375 0.0732421875
0 0.4921875 0.3603515625 0.041015625 0.033203125
1 0.470703125 0.455078125 0.0341796875 0.044921875
1 0.416015625 0.810546875 0.0361328125 0.060546875
1 0.4580078125 0.783203125 0.037109375 0.064453125
1 0.15625 0.4736328125 0.021484375 0.03125
1 0.1318359375 0.4013671875 0.0263671875 0.0283203125
1 0.8447265625 0.6357421875 0.0390625 0.0810546875
1 0.140625 0.5205078125 0.025390625 0.041015625
1 0.64453125 0.498046875 0.0234375 0.0439453125
1 0.62109375 0.486328125 0.029296875 0.0390625
0 0.263671875 0.4462890625 0.076171875 0.0419921875
0 0.509765625 0.333984375 0.033203125 0.0283203125
1 0.4970703125 0.4521484375 0.0185546875 0.029296875
1 0.1103515625 0.4150390625 0.0361328125 0.0263671875
1 0.068359375 0.5341796875 0.029296875 0.046875
1 0.515625 0.3720703125 0.015625 0.0185546875
1 0.0322265625 0.5810546875 0.0390625 0.083984375
1 0.193359375 0.419921875 0.017578125 0.021484375
1 0.3994140625 0.3623046875 0.0107421875 0.0185546875
1 0.5625 0.470703125 0.021484375 0.033203125
1 0.6455078125 0.46875 0.021484375 0.03125
1 0.5673828125 0.392578125 0.0126953125 0.0205078125
1 0.05859375 0.478515625 0.0234375 0.03125
1 0.1669921875 0.4521484375 0.025390625 0.0263671875
1 0.419921875 0.740234375 0.046875 0.056640625
1 0.552734375 0.4482421875 0.0234375 0.0283203125
1 0.1572265625 0.3662109375 0.0263671875 0.0263671875
1 0.47265625 0.423828125 0.017578125 0.0263671875
1 0.4560546875 0.36328125 0.0185546875 0.0234375
0 0.236328125 0.3671875 0.0595703125 0.037109375
1 0.599609375 0.498046875 0.0205078125 0.041015625
1 0.1767578125 0.326171875 0.0185546875 0.021484375
1 0.1953125 0.3232421875 0.0185546875 0.0185546875
0 0.9560546875 0.580078125 0.0595703125 0.056640625
1 0.6181640625 0.4541015625 0.017578125 0.0234375
1 0.595703125 0.466796875 0.015625 0.0205078125
1 0.455078125 0.716796875 0.0205078125 0.025390625
1 0.5888671875 0.4482421875 0.015625 0.025390625
0 0.1962890625 0.875 0.0986328125 0.0283203125
1 0.669921875 0.505859375 0.0341796875 0.0361328125
1 0.3291015625 0.359375 0.017578125 0.021484375
1 0.5166015625 0.44921875 0.017578125 0.0234375
1 0.072265625 0.3955078125 0.03125 0.0283203125