0 0.322265625 0.7998046875 0.146484375 0.1748046875
0 0.6259765625 0.58984375 0.1142578125 0.1298828125
0 0.20703125 0.65234375 0.091796875 0.1142578125
1 0.5576171875 0.443359375 0.021484375 0.0341796875
1 0.6923828125 0.5458984375 0.046875 0.0546875
0 0.31640625 0.6494140625 0.0888671875 0.111328125
1 0.544921875 0.494140625 0.021484375 0.0361328125
1 0.5947265625 0.447265625 0.0263671875 0.033203125
1 0.529296875 0.6005859375 0.03125 0.0517578125
1 0.5634765625 0.390625 0.017578125 0.025390625
1 0.822265625 0.58203125 0.083984375 0.080078125
1 0.1396484375 0.611328125 0.029296875 0.0546875
1 0.44140625 0.439453125 0.0205078125 0.0283203125
1 0.5380859375 0.419921875 0.0205078125 0.0263671875
1 0.099609375 0.57421875 0.0234375 0.0419921875
1 0.59375 0.396484375 0.0185546875 0.0263671875
1 0.666015625 0.4931640625 0.037109375 0.044921875
1 0.947265625 0.6875 0.0751953125 0.0810546875
1 0.4794921875 0.43359375 0.021484375 0.029296875
1 0.5009765625 0.4912109375 0.0263671875 0.0361328125
0 0.3271484375 0.490234375 0.0673828125 0.0595703125
1 0.4130859375 0.439453125 0.0205078125 0.033203125
1 0.177734375 0.5224609375 0.0283203125 0.0419921875
1 0.06640625 0.4755859375 0.033203125 0.033203125
0 0.4794921875 0.3564453125 0.0341796875 0.037109375
0 0.3203125 0.5478515625 0.072265625 0.0830078125
1 0.111328125 0.5458984375 0.0234375 0.0361328125
1 0.408203125 0.388671875 0.013671875 0.0205078125
1 0.443359375 0.404296875 0.013671875 0.021484375
1 0.154296875 0.5400390625 0.0283203125 0.044921875
1 0.650390625 0.462890625 0.0234375 0.029296875
0 0.240234375 0.5126953125 0.0625 0.078125
1 0.4443359375 0.4892578125 0.0234375 0.0439453125
1 0.5068359375 0.365234375 0.017578125 0.0263671875
0 0.25390625 0.3955078125 0.048828125 0.056640625
1 0.732421875 0.541015625 0.0419921875 0.046875
1 0.0966796875 0.681640625 0.037109375 0.076171875
1 0.61328125 0.4296875 0.033203125 0.0341796875
0 0.505859375 0.3369140625 0.025390625 0.0234375
1 0.4189453125 0.587890625 0.0283203125 0.0498046875
1 0.919921875 0.5283203125 0.052734375 0.037109375
1 0.1220703125 0.42578125 0.0283203125 0.033203125
1 0.6796875 0.798828125 0.041015625 0.1015625
1 0.458984375 0.361328125 0.017578125 0.029296875
1 0.376953125 0.3623046875 0.013671875 0.025390625
1 0.037109375 0.5947265625 0.048828125 0.0703125
0 0.5322265625 0.34765625 0.029296875 0.033203125
1 0.1806640625 0.482421875 0.0390625 0.0419921875
1 0.447265625 0.4287109375 0.0810546875 0.076171875
1 0.423828125 0.359375 0.0283203125 0.025390625
1 0.7099609375 0.5029296875 0.044921875 0.037109375
1 0.115234375 0.861328125 0.048828125 0.056640625
1 0.46484375 0.400390625 0.013671875 0.0263671875
1 0.892578125 0.5830078125 0.044921875 0.056640625
1 0.568359375 0.447265625 0.0830078125 0.1064453125
1 0.130859375 0.5341796875 0.1044921875 0.1220703125
1 0.1396484375 0.490234375 0.033203125 0.041015625
1 0.443359375 0.775390625 0.0341796875 0.1015625
1 0.962890625 0.611328125 0.044921875 0.078125
1 0.560546875 0.755859375 0.0283203125 0.080078125
1 0.1943359375 0.41796875 0.0517578125 0.044921875
1 0.0361328125 0.47265625 0.037109375 0.0390625
1 0.841796875 0.5419921875 0.0263671875 0.0341796875