0 0.322265625 0.80078125 0.1435546875 0.1767578125
1 0.7001953125 0.650390625 0.0439453125 0.068359375
0 0.201171875 0.677734375 0.095703125 0.119140625
0 0.15234375 0.5048828125 0.0576171875 0.0595703125
0 0.3154296875 0.62890625 0.083984375 0.1044921875
1 0.685546875 0.580078125 0.033203125 0.048828125
1 0.5732421875 0.5654296875 0.0341796875 0.072265625
1 0.634765625 0.640625 0.0341796875 0.0751953125
1 0.564453125 0.439453125 0.0263671875 0.044921875
0 0.521484375 0.4306640625 0.052734375 0.0673828125
1 0.794921875 0.5712890625 0.041015625 0.060546875
1 0.6318359375 0.5654296875 0.0361328125 0.056640625
0 0.2275390625 0.578125 0.080078125 0.087890625
0 0.240234375 0.5068359375 0.060546875 0.064453125
1 0.576171875 0.6669921875 0.0361328125 0.056640625
1 0.599609375 0.462890625 0.0283203125 0.041015625
1 0.6240234375 0.5224609375 0.029296875 0.0546875
1 0.107421875 0.54296875 0.0263671875 0.0390625
1 0.1552734375 0.5732421875 0.029296875 0.0751953125
1 0.947265625 0.6865234375 0.0732421875 0.0859375
1 0.7080078125 0.7041015625 0.025390625 0.0546875
1 0.751953125 0.775390625 0.052734375 0.0732421875
0 0.3125 0.4921875 0.056640625 0.0625
1 0.853515625 0.5908203125 0.064453125 0.072265625
1 0.380859375 0.482421875 0.029296875 0.041015625
1 0.615234375 0.771484375 0.0419921875 0.0654296875
1 0.09765625 0.640625 0.0390625 0.0625
1 0.8837890625 0.669921875 0.064453125 0.0673828125
1 0.669921875 0.7568359375 0.0576171875 0.0830078125
0 0.205078125 0.41015625 0.0390625 0.0390625
1 0.6005859375 0.498046875 0.0263671875 0.0419921875
1 0.126953125 0.7216796875 0.037109375 0.0498046875
1 0.826171875 0.755859375 0.064453125 0.0908203125
0 0.470703125 0.4287109375 0.0576171875 0.076171875
0 0.5166015625 0.3330078125 0.0390625 0.0283203125
1 0.7080078125 0.5546875 0.021484375 0.037109375
1 0.0244140625 0.5615234375 0.0234375 0.044921875
1 0.0771484375 0.3427734375 0.0205078125 0.017578125
1 0.240234375 0.642578125 0.0263671875 0.048828125
1 0.8798828125 0.740234375 0.0498046875 0.076171875
1 0.5556640625 0.5380859375 0.0205078125 0.0361328125
1 0.076171875 0.4765625 0.0419921875 0.0341796875
1 0.73046875 0.541015625 0.0390625 0.046875
0 0.4931640625 0.3642578125 0.0361328125 0.03125
1 0.462890625 0.501953125 0.03125 0.052734375
1 0.6103515625 0.720703125 0.0205078125 0.03125
1 0.462890625 0.3623046875 0.0263671875 0.03125
1 0.3544921875 0.4296875 0.0185546875 0.0283203125
1 0.54296875 0.396484375 0.033203125 0.0419921875
0 0.3505859375 0.3212890625 0.033203125 0.017578125
1 0.9326171875 0.6103515625 0.0595703125 0.0517578125
0 0.21875 0.349609375 0.0283203125 0.021484375
1 0.564453125 0.615234375 0.021484375 0.037109375
1 0.79296875 0.8623046875 0.0546875 0.052734375
1 0.1875 0.458984375 0.0185546875 0.029296875
1 0.8955078125 0.583984375 0.037109375 0.064453125
1 0.021484375 0.4716796875 0.0205078125 0.025390625
1 0.9765625 0.521484375 0.0185546875 0.0234375
1 0.177734375 0.404296875 0.0234375 0.029296875
1 0.0888671875 0.5810546875 0.0283203125 0.046875
1 0.974609375 0.6279296875 0.0283203125 0.0595703125
1 0.107421875 0.4853515625 0.033203125 0.033203125
1 0.1875 0.3798828125 0.025390625 0.0341796875
1 0.6455078125 0.607421875 0.140625 0.2080078125
1 0.634765625 0.439453125 0.0361328125 0.037109375
1 0.818359375 0.537109375 0.0263671875 0.0517578125
0 0.2421875 0.388671875 0.0751953125 0.044921875