0 0.3212890625 0.798828125 0.142578125 0.1767578125
0 0.197265625 0.6875 0.1064453125 0.119140625
1 0.166015625 0.5390625 0.025390625 0.0439453125
0 0.240234375 0.5078125 0.0625 0.068359375
1 0.103515625 0.716796875 0.044921875 0.0576171875
0 0.2255859375 0.5771484375 0.080078125 0.091796875
1 0.689453125 0.544921875 0.048828125 0.0576171875
1 0.5439453125 0.716796875 0.037109375 0.0654296875
0 0.3173828125 0.650390625 0.0908203125 0.109375
1 0.8212890625 0.5751953125 0.0859375 0.083984375
1 0.416015625 0.4462890625 0.0185546875 0.033203125
1 0.11328125 0.572265625 0.0234375 0.0361328125
1 0.0439453125 0.583984375 0.03125 0.0498046875
0 0.3212890625 0.546875 0.0703125 0.0810546875
1 0.068359375 0.478515625 0.0390625 0.037109375
1 0.5927734375 0.3916015625 0.0234375 0.033203125
1 0.7158203125 0.7568359375 0.0498046875 0.0830078125
1 0.1845703125 0.5107421875 0.0185546875 0.0283203125
1 0.12109375 0.5185546875 0.0234375 0.0341796875
1 0.896484375 0.548828125 0.0390625 0.0419921875
0 0.505859375 0.349609375 0.033203125 0.0439453125
1 0.560546875 0.3916015625 0.015625 0.0234375
0 0.4794921875 0.3583984375 0.03125 0.0390625
1 0.8974609375 0.654296875 0.0859375 0.087890625
1 0.958984375 0.69921875 0.056640625 0.076171875
1 0.1416015625 0.623046875 0.0361328125 0.0595703125
1 0.173828125 0.4677734375 0.021484375 0.0263671875
1 0.4287109375 0.4140625 0.044921875 0.046875
1 0.1904296875 0.4716796875 0.0185546875 0.0341796875
1 0.146484375 0.466796875 0.025390625 0.033203125
1 0.373046875 0.4716796875 0.017578125 0.03125
1 0.021484375 0.4755859375 0.021484375 0.029296875
1 0.8115234375 0.517578125 0.029296875 0.0439453125
0 0.4775390625 0.470703125 0.080078125 0.078125
0 0.533203125 0.330078125 0.044921875 0.03125
1 0.0244140625 0.5615234375 0.0234375 0.048828125
1 0.857421875 0.5556640625 0.025390625 0.029296875
1 0.4580078125 0.3603515625 0.0185546875 0.033203125
0 0.248046875 0.3955078125 0.056640625 0.056640625
1 0.560546875 0.369140625 0.0234375 0.029296875
1 0.4697265625 0.5380859375 0.033203125 0.060546875
1 0.0576171875 0.7822265625 0.0341796875 0.060546875
1 0.970703125 0.630859375 0.0361328125 0.0673828125
0 0.03125 0.3359375 0.021484375 0.0185546875
1 0.7265625 0.49609375 0.0185546875 0.0205078125
1 0.9677734375 0.525390625 0.0205078125 0.0205078125
1 0.150390625 0.521484375 0.091796875 0.123046875
1 0.6328125 0.443359375 0.041015625 0.0341796875
0 0.9501953125 0.5771484375 0.072265625 0.060546875
1 0.1728515625 0.421875 0.0205078125 0.025390625
1 0.904296875 0.5869140625 0.0361328125 0.048828125
1 0.126953125 0.427734375 0.0185546875 0.0185546875
0 0.400390625 0.3720703125 0.0361328125 0.041015625
1 0.701171875 0.46484375 0.0263671875 0.0361328125
1 0.212890625 0.8515625 0.0703125 0.0751953125
1 0.935546875 0.5224609375 0.021484375 0.0234375