0 0.32421875 0.7998046875 0.142578125 0.1748046875
0 0.57421875 0.5771484375 0.111328125 0.138671875
0 0.240234375 0.5068359375 0.0625 0.0703125
0 0.2021484375 0.6748046875 0.107421875 0.115234375
0 0.3154296875 0.6513671875 0.0908203125 0.1123046875
0 0.224609375 0.5771484375 0.078125 0.0888671875
1 0.134765625 0.5771484375 0.0341796875 0.0517578125
1 0.8193359375 0.5849609375 0.0830078125 0.080078125
1 0.130859375 0.6328125 0.037109375 0.0595703125
1 0.689453125 0.5439453125 0.046875 0.056640625
0 0.5048828125 0.3447265625 0.037109375 0.033203125
1 0.19140625 0.490234375 0.0205078125 0.0361328125
0 0.322265625 0.55078125 0.068359375 0.080078125
1 0.154296875 0.4736328125 0.0205078125 0.0341796875
0 0.326171875 0.4892578125 0.0654296875 0.056640625
1 0.1279296875 0.4892578125 0.0185546875 0.03125
1 0.728515625 0.53515625 0.0439453125 0.0419921875
1 0.0615234375 0.4853515625 0.0234375 0.0263671875
0 0.419921875 0.3994140625 0.0439453125 0.044921875
1 0.94921875 0.685546875 0.0703125 0.0859375
0 0.478515625 0.35546875 0.033203125 0.029296875
1 0.5400390625 0.4287109375 0.017578125 0.0263671875
1 0.931640625 0.6044921875 0.0595703125 0.046875
1 0.8955078125 0.6484375 0.072265625 0.0751953125
1 0.033203125 0.5849609375 0.0341796875 0.0517578125
1 0.4033203125 0.609375 0.025390625 0.0498046875
1 0.1953125 0.4267578125 0.021484375 0.025390625
1 0.20703125 0.4833984375 0.017578125 0.0390625
0 0.5341796875 0.330078125 0.0439453125 0.03125
1 0.896484375 0.5458984375 0.0390625 0.0390625
1 0.173828125 0.4658203125 0.0205078125 0.03125
1 0.142578125 0.4501953125 0.0185546875 0.041015625
1 0.021484375 0.4736328125 0.0205078125 0.025390625
0 0.3515625 0.3203125 0.03125 0.015625
0 0.240234375 0.388671875 0.072265625 0.0419921875
0 0.1748046875 0.5283203125 0.025390625 0.046875
1 0.2197265625 0.4228515625 0.029296875 0.0263671875
1 0.552734375 0.416015625 0.0107421875 0.025390625
1 0.849609375 0.548828125 0.0283203125 0.044921875
0 0.19140625 0.392578125 0.033203125 0.021484375
1 0.1591796875 0.416015625 0.041015625 0.0419921875
1 0.1845703125 0.86328125 0.0751953125 0.0546875
0 0.494140625 0.3203125 0.0439453125 0.025390625
1 0.896484375 0.587890625 0.033203125 0.0546875
0 0.0673828125 0.83203125 0.103515625 0.1142578125
1 0.955078125 0.5244140625 0.041015625 0.029296875
1 0.1015625 0.48046875 0.0341796875 0.0361328125
1 0.591796875 0.404296875 0.015625 0.0361328125
1 0.5439453125 0.818359375 0.056640625 0.064453125
0 0.099609375 0.40625 0.056640625 0.0341796875
1 0.888671875 0.3857421875 0.013671875 0.0283203125
0 0.5244140625 0.3896484375 0.1767578125 0.142578125