0 0.1923828125 0.7490234375 0.1220703125 0.1611328125
0 0.5107421875 0.423828125 0.0498046875 0.052734375
0 0.5380859375 0.353515625 0.044921875 0.044921875
0 0.337890625 0.7265625 0.0986328125 0.119140625
1 0.306640625 0.849609375 0.044921875 0.0732421875
1 0.4140625 0.810546875 0.041015625 0.0498046875
0 0.490234375 0.3603515625 0.0390625 0.033203125
1 0.6943359375 0.599609375 0.029296875 0.0498046875
1 0.5400390625 0.4775390625 0.0263671875 0.0419921875
1 0.076171875 0.7431640625 0.056640625 0.107421875
1 0.0673828125 0.5380859375 0.0283203125 0.048828125
0 0.255859375 0.451171875 0.0830078125 0.0517578125
1 0.6083984375 0.494140625 0.0390625 0.046875
1 0.646484375 0.4892578125 0.0205078125 0.037109375
1 0.513671875 0.470703125 0.0341796875 0.044921875
1 0.34375 0.462890625 0.0341796875 0.0341796875
0 0.5107421875 0.333984375 0.03125 0.029296875
1 0.4677734375 0.4482421875 0.0263671875 0.037109375
1 0.458984375 0.783203125 0.0361328125 0.0546875
1 0.57421875 0.3837890625 0.017578125 0.0263671875
1 0.38671875 0.494140625 0.0390625 0.048828125
1 0.5634765625 0.4365234375 0.0205078125 0.0263671875
1 0.455078125 0.369140625 0.0185546875 0.029296875
1 0.560546875 0.513671875 0.0263671875 0.044921875
0 0.0546875 0.3828125 0.0498046875 0.025390625
1 0.109375 0.40625 0.03125 0.025390625
1 0.546875 0.4169921875 0.015625 0.0185546875
1 0.314453125 0.5107421875 0.044921875 0.046875
1 0.4658203125 0.421875 0.015625 0.0283203125
1 0.421875 0.7412109375 0.0498046875 0.0576171875
1 0.1630859375 0.423828125 0.0205078125 0.0234375
1 0.4892578125 0.4736328125 0.025390625 0.046875
1 0.4287109375 0.6689453125 0.0419921875 0.0439453125
1 0.166015625 0.365234375 0.0107421875 0.015625
0 0.068359375 0.478515625 0.1142578125 0.056640625
1 0.6201171875 0.462890625 0.0185546875 0.03125
1 0.5625 0.466796875 0.021484375 0.0341796875
1 0.583984375 0.46484375 0.0283203125 0.0361328125
1 0.1376953125 0.404296875 0.0185546875 0.025390625
1 0.458984375 0.3984375 0.015625 0.025390625
1 0.509765625 0.521484375 0.025390625 0.0498046875
1 0.072265625 0.3984375 0.013671875 0.025390625
0 0.228515625 0.3642578125 0.052734375 0.0341796875
1 0.17578125 0.326171875 0.017578125 0.021484375
1 0.2841796875 0.3623046875 0.0185546875 0.0283203125
0 0.3525390625 0.318359375 0.0361328125 0.0205078125
1 0.029296875 0.5771484375 0.033203125 0.0673828125
1 0.634765625 0.4423828125 0.0234375 0.03125
1 0.025390625 0.373046875 0.0126953125 0.0205078125
1 0.064453125 0.673828125 0.0703125 0.052734375
0 0.181640625 0.875 0.138671875 0.0283203125
1 0.328125 0.35546875 0.025390625 0.029296875
1 0.0712890625 0.33984375 0.013671875 0.013671875