0 0.3349609375 0.728515625 0.1142578125 0.1513671875
0 0.5673828125 0.5087890625 0.068359375 0.0859375
0 0.568359375 0.591796875 0.0810546875 0.1064453125
0 0.2138671875 0.6318359375 0.0908203125 0.1044921875
1 0.8193359375 0.771484375 0.064453125 0.0986328125
1 0.669921875 0.5908203125 0.0419921875 0.056640625
1 0.814453125 0.572265625 0.072265625 0.0751953125
1 0.6259765625 0.5068359375 0.0263671875 0.0361328125
0 0.322265625 0.548828125 0.072265625 0.078125
1 0.646484375 0.5458984375 0.025390625 0.044921875
0 0.142578125 0.419921875 0.044921875 0.0390625
0 0.2294921875 0.533203125 0.068359375 0.076171875
0 0.240234375 0.4755859375 0.0517578125 0.0546875
1 0.7685546875 0.6591796875 0.0498046875 0.068359375
1 0.619140625 0.4755859375 0.025390625 0.0361328125
1 0.689453125 0.5400390625 0.0361328125 0.048828125
1 0.498046875 0.5986328125 0.029296875 0.052734375
1 0.4912109375 0.533203125 0.0205078125 0.0341796875
1 0.142578125 0.6171875 0.0419921875 0.072265625
0 0.513671875 0.404296875 0.0390625 0.0419921875
0 0.5107421875 0.341796875 0.046875 0.0361328125
0 0.1875 0.376953125 0.03125 0.0341796875
0 0.298828125 0.447265625 0.044921875 0.0498046875
1 0.2626953125 0.673828125 0.037109375 0.0576171875
1 0.5791015625 0.462890625 0.0263671875 0.0341796875
1 0.9482421875 0.6806640625 0.072265625 0.0888671875
1 0.732421875 0.544921875 0.041015625 0.044921875
1 0.3974609375 0.595703125 0.0263671875 0.041015625
1 0.892578125 0.6474609375 0.0732421875 0.080078125
1 0.4130859375 0.447265625 0.017578125 0.0361328125
1 0.087890625 0.71484375 0.046875 0.0703125
0 0.470703125 0.3974609375 0.0390625 0.0546875
1 0.189453125 0.4638671875 0.017578125 0.037109375
0 0.552734375 0.3759765625 0.033203125 0.029296875
1 0.060546875 0.482421875 0.0234375 0.03125
1 0.1123046875 0.623046875 0.021484375 0.044921875
1 0.029296875 0.560546875 0.033203125 0.044921875
1 0.59375 0.4228515625 0.015625 0.0361328125
1 0.51171875 0.4814453125 0.0205078125 0.03125
1 0.892578125 0.5771484375 0.0361328125 0.0419921875
0 0.9501953125 0.5751953125 0.0751953125 0.056640625
1 0.8974609375 0.544921875 0.029296875 0.0361328125
1 0.095703125 0.650390625 0.025390625 0.0498046875
1 0.44140625 0.498046875 0.0234375 0.046875
1 0.5498046875 0.435546875 0.025390625 0.0361328125
1 0.162109375 0.49609375 0.03125 0.044921875
0 0.162109375 0.341796875 0.0263671875 0.025390625
0 0.2861328125 0.4130859375 0.0498046875 0.033203125
0 0.2275390625 0.353515625 0.0263671875 0.0283203125
1 0.142578125 0.4677734375 0.0263671875 0.029296875
1 0.4423828125 0.396484375 0.0185546875 0.03125
1 0.5224609375 0.595703125 0.013671875 0.0390625
1 0.203125 0.8095703125 0.0439453125 0.0595703125
1 0.5341796875 0.5732421875 0.0185546875 0.046875
1 0.9736328125 0.634765625 0.0283203125 0.0625
1 0.0224609375 0.822265625 0.0263671875 0.0546875
1 0.03515625 0.7744140625 0.0390625 0.064453125
1 0.4775390625 0.3603515625 0.0234375 0.0234375
1 0.63671875 0.4423828125 0.0390625 0.0341796875