0 0.193359375 0.748046875 0.123046875 0.162109375
0 0.5126953125 0.4228515625 0.052734375 0.0546875
0 0.337890625 0.7275390625 0.0986328125 0.1201171875
1 0.12890625 0.552734375 0.0263671875 0.0498046875
0 0.5400390625 0.353515625 0.044921875 0.0439453125
1 0.3134765625 0.48046875 0.0263671875 0.0419921875
1 0.5634765625 0.3740234375 0.0263671875 0.029296875
1 0.5263671875 0.5693359375 0.052734375 0.060546875
1 0.0625 0.67578125 0.056640625 0.0546875
1 0.1376953125 0.4248046875 0.021484375 0.03125
1 0.068359375 0.53515625 0.0283203125 0.0419921875
0 0.4873046875 0.3515625 0.0751953125 0.056640625
1 0.634765625 0.5068359375 0.021484375 0.0390625
1 0.306640625 0.8330078125 0.048828125 0.087890625
1 0.255859375 0.453125 0.0283203125 0.0283203125
1 0.5908203125 0.396484375 0.015625 0.029296875
1 0.080078125 0.7509765625 0.0498046875 0.0859375
1 0.16796875 0.412109375 0.0205078125 0.0263671875
0 0.4462890625 0.494140625 0.123046875 0.0625
1 0.4150390625 0.794921875 0.048828125 0.0732421875
1 0.755859375 0.583984375 0.0419921875 0.037109375
1 0.5537109375 0.470703125 0.0205078125 0.037109375
1 0.21875 0.4482421875 0.021484375 0.025390625
1 0.525390625 0.47265625 0.0498046875 0.044921875
1 0.4580078125 0.7822265625 0.0341796875 0.0576171875
1 0.646484375 0.46875 0.0205078125 0.0283203125
1 0.087890625 0.4130859375 0.0263671875 0.0234375
1 0.166015625 0.4736328125 0.0205078125 0.03125
1 0.591796875 0.529296875 0.025390625 0.0361328125
1 0.5078125 0.3662109375 0.015625 0.0263671875
1 0.49609375 0.455078125 0.0205078125 0.037109375
1 0.4677734375 0.4443359375 0.0263671875 0.033203125
1 0.0693359375 0.48046875 0.0390625 0.0361328125
1 0.205078125 0.4697265625 0.0341796875 0.0419921875
1 0.4267578125 0.6787109375 0.037109375 0.0419921875
0 0.970703125 0.591796875 0.0341796875 0.060546875
1 0.5341796875 0.5302734375 0.037109375 0.0390625
1 0.5810546875 0.4658203125 0.0185546875 0.03125
1 0.205078125 0.4169921875 0.025390625 0.03125
1 0.634765625 0.4443359375 0.0283203125 0.0263671875
1 0.791015625 0.5830078125 0.0361328125 0.041015625
1 0.1630859375 0.376953125 0.013671875 0.0234375
1 0.4228515625 0.7392578125 0.0517578125 0.056640625
1 0.5166015625 0.4501953125 0.0205078125 0.025390625
0 0.2333984375 0.3623046875 0.0576171875 0.0283203125
1 0.5947265625 0.4658203125 0.013671875 0.021484375
1 0.6650390625 0.509765625 0.0234375 0.0341796875
1 0.6162109375 0.474609375 0.0390625 0.041015625
1 0.587890625 0.3603515625 0.0126953125 0.0234375
1 0.458984375 0.732421875 0.033203125 0.0625
1 0.33984375 0.3408203125 0.0107421875 0.021484375
1 0.4638671875 0.423828125 0.0126953125 0.0185546875
0 0.111328125 0.3994140625 0.046875 0.0263671875
0 0.1943359375 0.875 0.091796875 0.0283203125
1 0.681640625 0.4404296875 0.0205078125 0.03125
1 0.5498046875 0.4423828125 0.015625 0.025390625
1 0.0380859375 0.376953125 0.0107421875 0.021484375
1 0.734375 0.4541015625 0.015625 0.0390625
1 0.041015625 0.4658203125 0.03125 0.0341796875
1 0.1083984375 0.4853515625 0.0361328125 0.033203125
1 0.03125 0.58203125 0.0283203125 0.0830078125
1 0.8486328125 0.66015625 0.041015625 0.0361328125
1 0.185546875 0.326171875 0.0361328125 0.0263671875