0 0.1494140625 0.693359375 0.1201171875 0.1328125
0 0.7861328125 0.814453125 0.193359375 0.15625
0 0.337890625 0.7041015625 0.103515625 0.1357421875
0 0.3369140625 0.5419921875 0.0732421875 0.083984375
0 0.5419921875 0.6328125 0.0966796875 0.125
1 0.59765625 0.505859375 0.029296875 0.048828125
0 0.5078125 0.443359375 0.0498046875 0.056640625
1 0.669921875 0.615234375 0.0341796875 0.068359375
0 0.48828125 0.357421875 0.033203125 0.0361328125
1 0.6962890625 0.5458984375 0.048828125 0.0517578125
1 0.568359375 0.5576171875 0.037109375 0.0625
1 0.626953125 0.55859375 0.0361328125 0.044921875
1 0.736328125 0.693359375 0.0390625 0.060546875
1 0.6904296875 0.6982421875 0.046875 0.0654296875
1 0.48828125 0.5439453125 0.033203125 0.0751953125
1 0.9453125 0.6826171875 0.078125 0.087890625
1 0.875 0.6630859375 0.0810546875 0.0859375
1 0.826171875 0.5732421875 0.091796875 0.09375
1 0.564453125 0.73046875 0.037109375 0.064453125
0 0.2236328125 0.5126953125 0.056640625 0.0654296875
0 0.267578125 0.40625 0.048828125 0.0341796875
1 0.419921875 0.4921875 0.025390625 0.0595703125
1 0.5390625 0.5556640625 0.0283203125 0.0361328125
1 0.6396484375 0.791015625 0.0419921875 0.0595703125
1 0.5673828125 0.44921875 0.021484375 0.044921875
0 0.298828125 0.462890625 0.0546875 0.0517578125
1 0.431640625 0.4423828125 0.0234375 0.037109375
1 0.412109375 0.4599609375 0.0185546875 0.029296875
1 0.6201171875 0.6376953125 0.03125 0.056640625
1 0.3935546875 0.4423828125 0.0185546875 0.0341796875
0 0.4873046875 0.400390625 0.037109375 0.0439453125
1 0.5966796875 0.4482421875 0.021484375 0.0341796875
1 0.529296875 0.40234375 0.0185546875 0.0263671875
0 0.55078125 0.4130859375 0.0361328125 0.044921875
1 0.2578125 0.4755859375 0.0185546875 0.029296875
1 0.4697265625 0.478515625 0.029296875 0.0439453125
1 0.9306640625 0.8466796875 0.064453125 0.083984375
1 0.4365234375 0.408203125 0.013671875 0.0234375
1 0.0712890625 0.68359375 0.0263671875 0.0419921875
1 0.939453125 0.6123046875 0.0908203125 0.083984375
1 0.8974609375 0.5439453125 0.033203125 0.03125
1 0.572265625 0.3916015625 0.017578125 0.0234375
1 0.55078125 0.5107421875 0.017578125 0.0283203125
1 0.58984375 0.419921875 0.0205078125 0.0263671875
1 0.150390625 0.537109375 0.0185546875 0.03125
1 0.71875 0.650390625 0.03125 0.037109375
1 0.2294921875 0.5732421875 0.037109375 0.056640625
1 0.0302734375 0.5625 0.0361328125 0.046875
1 0.1474609375 0.4970703125 0.029296875 0.037109375
1 0.2294921875 0.41796875 0.0283203125 0.0263671875
1 0.6357421875 0.443359375 0.0283203125 0.033203125
1 0.072265625 0.4794921875 0.048828125 0.0439453125
1 0.5712890625 0.412109375 0.0205078125 0.025390625
1 0.8935546875 0.5751953125 0.037109375 0.037109375
1 0.1435546875 0.5712890625 0.0283203125 0.0517578125
1 0.0244140625 0.8359375 0.0263671875 0.0625
1 0.8173828125 0.5341796875 0.025390625 0.0439453125
1 0.671875 0.603515625 0.140625 0.2060546875
0 0.529296875 0.349609375 0.0283203125 0.0283203125
1 0.78515625 0.486328125 0.033203125 0.0263671875
1 0.67578125 0.8583984375 0.0234375 0.033203125
1 0.9765625 0.7294921875 0.021484375 0.068359375
1 0.1513671875 0.3974609375 0.021484375 0.0263671875
0 0.21875 0.4619140625 0.0595703125 0.0517578125
1 0.638671875 0.5224609375 0.025390625 0.0419921875
1 0.177734375 0.490234375 0.029296875 0.037109375
1 0.455078125 0.5068359375 0.021484375 0.044921875