0 0.3203125 0.798828125 0.1435546875 0.1767578125
1 0.689453125 0.5478515625 0.046875 0.0546875
1 0.16796875 0.5556640625 0.0263671875 0.044921875
0 0.193359375 0.697265625 0.1064453125 0.1220703125
1 0.5224609375 0.66796875 0.029296875 0.044921875
0 0.240234375 0.5068359375 0.0625 0.0673828125
1 0.8203125 0.5771484375 0.083984375 0.080078125
1 0.1103515625 0.587890625 0.029296875 0.052734375
1 0.8076171875 0.494140625 0.0341796875 0.029296875
1 0.654296875 0.482421875 0.03125 0.037109375
0 0.4677734375 0.455078125 0.0703125 0.072265625
0 0.224609375 0.5751953125 0.078125 0.087890625
0 0.3173828125 0.6494140625 0.0908203125 0.111328125
0 0.505859375 0.349609375 0.0341796875 0.0390625
0 0.3212890625 0.5458984375 0.0703125 0.080078125
1 0.0908203125 0.7548828125 0.0498046875 0.072265625
1 0.380859375 0.490234375 0.0234375 0.0361328125
1 0.11328125 0.5390625 0.0234375 0.037109375
1 0.4033203125 0.427734375 0.015625 0.0283203125
1 0.0693359375 0.4794921875 0.0390625 0.037109375
1 0.1748046875 0.47265625 0.021484375 0.0361328125
1 0.896484375 0.55078125 0.041015625 0.044921875
1 0.8984375 0.6533203125 0.0810546875 0.0810546875
1 0.181640625 0.521484375 0.0205078125 0.0341796875
0 0.478515625 0.359375 0.033203125 0.037109375
1 0.126953125 0.654296875 0.037109375 0.060546875
0 0.419921875 0.3974609375 0.041015625 0.0419921875
1 0.560546875 0.3916015625 0.015625 0.0205078125
1 0.0400390625 0.6103515625 0.0517578125 0.0546875
1 0.9609375 0.7001953125 0.052734375 0.0751953125
1 0.6298828125 0.443359375 0.0341796875 0.033203125
1 0.96875 0.517578125 0.03125 0.033203125
1 0.1484375 0.4736328125 0.025390625 0.0341796875
1 0.744140625 0.5078125 0.0546875 0.046875
1 0.587890625 0.39453125 0.0126953125 0.0205078125
1 0.6435546875 0.6650390625 0.046875 0.0576171875
0 0.2412109375 0.3955078125 0.0703125 0.0595703125
1 0.1943359375 0.4228515625 0.0234375 0.0263671875
1 0.171875 0.421875 0.025390625 0.025390625
1 0.44140625 0.494140625 0.0205078125 0.0419921875
1 0.35546875 0.361328125 0.017578125 0.021484375
0 0.3955078125 0.3681640625 0.0341796875 0.029296875
1 0.025390625 0.5654296875 0.025390625 0.052734375
0 0.5322265625 0.34375 0.0263671875 0.025390625
1 0.021484375 0.4765625 0.021484375 0.03125
1 0.919921875 0.5166015625 0.0205078125 0.0263671875
1 0.3759765625 0.35546875 0.017578125 0.0234375
1 0.8310546875 0.498046875 0.015625 0.0185546875
1 0.1318359375 0.427734375 0.0234375 0.029296875
1 0.5615234375 0.3701171875 0.0263671875 0.03125
1 0.7646484375 0.4931640625 0.017578125 0.017578125
1 0.4521484375 0.3681640625 0.0234375 0.0361328125
1 0.7705078125 0.849609375 0.0439453125 0.044921875
1 0.23828125 0.4072265625 0.013671875 0.0263671875
1 0.9716796875 0.630859375 0.0341796875 0.064453125
1 0.203125 0.4619140625 0.0283203125 0.0419921875
1 0.837890625 0.5390625 0.0234375 0.0341796875
0 0.9501953125 0.576171875 0.068359375 0.0595703125
1 0.904296875 0.587890625 0.0341796875 0.0439453125
0 0.3115234375 0.4453125 0.0703125 0.087890625
1 0.7138671875 0.521484375 0.025390625 0.033203125