0 0.1943359375 0.748046875 0.123046875 0.162109375
0 0.337890625 0.728515625 0.0986328125 0.119140625
0 0.2744140625 0.455078125 0.095703125 0.060546875
0 0.5400390625 0.349609375 0.0419921875 0.0361328125
1 0.634765625 0.576171875 0.041015625 0.0419921875
1 0.13671875 0.5556640625 0.0263671875 0.044921875
0 0.509765625 0.412109375 0.044921875 0.041015625
0 0.4560546875 0.4951171875 0.1279296875 0.083984375
1 0.083984375 0.7578125 0.046875 0.068359375
0 0.4912109375 0.359375 0.0390625 0.03125
1 0.45703125 0.78515625 0.0390625 0.064453125
1 0.568359375 0.568359375 0.0498046875 0.0546875
1 0.1484375 0.4384765625 0.0185546875 0.0263671875
1 0.3173828125 0.4853515625 0.03125 0.0361328125
1 0.4189453125 0.830078125 0.0439453125 0.072265625
1 0.7431640625 0.6015625 0.0517578125 0.056640625
1 0.2880859375 0.4931640625 0.0361328125 0.0361328125
1 0.3115234375 0.84375 0.048828125 0.0751953125
1 0.677734375 0.537109375 0.0576171875 0.0517578125
1 0.0751953125 0.4033203125 0.021484375 0.025390625
1 0.5927734375 0.3857421875 0.017578125 0.0283203125
1 0.4326171875 0.669921875 0.0498046875 0.068359375
1 0.515625 0.5908203125 0.0283203125 0.046875
1 0.140625 0.5146484375 0.025390625 0.033203125
0 0.5087890625 0.333984375 0.0361328125 0.0283203125
1 0.2294921875 0.482421875 0.025390625 0.029296875
1 0.81640625 0.5712890625 0.0263671875 0.0390625
1 0.427734375 0.3994140625 0.0205078125 0.033203125
1 0.55859375 0.4697265625 0.0234375 0.029296875
1 0.0673828125 0.51953125 0.025390625 0.0390625
0 0.2314453125 0.365234375 0.0595703125 0.033203125
1 0.23046875 0.4169921875 0.0234375 0.025390625
1 0.18359375 0.416015625 0.0234375 0.021484375
1 0.1103515625 0.419921875 0.0205078125 0.029296875
1 0.546875 0.408203125 0.015625 0.03125
1 0.5087890625 0.560546875 0.033203125 0.029296875
1 0.1875 0.46875 0.025390625 0.025390625
1 0.4970703125 0.451171875 0.015625 0.025390625
1 0.419921875 0.74609375 0.0439453125 0.0576171875
1 0.5234375 0.3701171875 0.025390625 0.025390625
1 0.2685546875 0.5146484375 0.03125 0.033203125
1 0.6357421875 0.498046875 0.0185546875 0.029296875
1 0.6474609375 0.669921875 0.060546875 0.0625
1 0.5087890625 0.46484375 0.017578125 0.033203125
1 0.6201171875 0.462890625 0.0185546875 0.0263671875
1 0.478515625 0.3935546875 0.0126953125 0.0283203125
1 0.5966796875 0.5068359375 0.0439453125 0.0390625
1 0.607421875 0.5400390625 0.0673828125 0.044921875
1 0.455078125 0.3642578125 0.0205078125 0.0283203125
1 0.59375 0.4658203125 0.015625 0.025390625
1 0.84375 0.578125 0.03125 0.0498046875
1 0.548828125 0.380859375 0.013671875 0.0283203125
1 0.5966796875 0.5234375 0.2060546875 0.15625
1 0.9765625 0.6865234375 0.021484375 0.064453125
1 0.5869140625 0.36328125 0.013671875 0.0234375
1 0.580078125 0.486328125 0.021484375 0.029296875
1 0.177734375 0.326171875 0.0234375 0.021484375
1 0.4775390625 0.6201171875 0.0390625 0.0751953125
1 0.5458984375 0.630859375 0.048828125 0.078125
1 0.08203125 0.3857421875 0.013671875 0.0185546875
1 0.1416015625 0.408203125 0.013671875 0.017578125
1 0.5498046875 0.4970703125 0.046875 0.041015625
1 0.6806640625 0.4482421875 0.017578125 0.0185546875
1 0.638671875 0.443359375 0.044921875 0.0283203125
1 0.5537109375 0.44140625 0.017578125 0.0234375
0 0.19140625 0.875 0.095703125 0.0283203125
1 0.4609375 0.7216796875 0.03125 0.0498046875
1 0.853515625 0.6572265625 0.0361328125 0.0390625
1 0.029296875 0.583984375 0.0341796875 0.0830078125
1 0.888671875 0.384765625 0.015625 0.025390625
1 0.3974609375 0.3232421875 0.0263671875 0.021484375
1 0.521484375 0.748046875 0.0361328125 0.0830078125