0 0.3232421875 0.8017578125 0.146484375 0.1748046875
0 0.494140625 0.43359375 0.0595703125 0.060546875
0 0.314453125 0.6484375 0.091796875 0.109375
1 0.6923828125 0.5478515625 0.046875 0.0517578125
0 0.6064453125 0.6455078125 0.134765625 0.15625
1 0.5224609375 0.5791015625 0.033203125 0.0576171875
1 0.71484375 0.6669921875 0.060546875 0.0810546875
0 0.2412109375 0.5107421875 0.064453125 0.078125
0 0.505859375 0.34375 0.0283203125 0.0341796875
1 0.130859375 0.587890625 0.033203125 0.046875
1 0.505859375 0.525390625 0.025390625 0.046875
1 0.9453125 0.6884765625 0.078125 0.080078125
1 0.822265625 0.5869140625 0.080078125 0.0703125
0 0.48046875 0.359375 0.033203125 0.037109375
0 0.154296875 0.443359375 0.0546875 0.056640625
1 0.4326171875 0.421875 0.0185546875 0.037109375
1 0.5634765625 0.3896484375 0.017578125 0.0234375
1 0.580078125 0.5654296875 0.0419921875 0.046875
1 0.658203125 0.599609375 0.03125 0.044921875
1 0.552734375 0.51171875 0.033203125 0.0390625
0 0.326171875 0.4912109375 0.0673828125 0.060546875
1 0.1875 0.54296875 0.0341796875 0.048828125
1 0.7294921875 0.537109375 0.0439453125 0.048828125
1 0.8935546875 0.6494140625 0.0810546875 0.0703125
1 0.05859375 0.482421875 0.0263671875 0.033203125
1 0.13671875 0.5078125 0.0234375 0.0283203125
1 0.505859375 0.369140625 0.015625 0.0263671875
1 0.541015625 0.4267578125 0.021484375 0.0283203125
0 0.25390625 0.396484375 0.048828125 0.052734375
1 0.3740234375 0.45703125 0.0263671875 0.033203125
0 0.5322265625 0.3427734375 0.0263671875 0.0263671875
1 0.400390625 0.412109375 0.015625 0.0283203125
1 0.8515625 0.8427734375 0.078125 0.091796875
1 0.931640625 0.6103515625 0.052734375 0.044921875
0 0.93359375 0.51953125 0.095703125 0.0703125
1 0.591796875 0.396484375 0.017578125 0.0234375
1 0.1748046875 0.60546875 0.0283203125 0.044921875
1 0.841796875 0.541015625 0.0390625 0.041015625
1 0.2138671875 0.412109375 0.03125 0.0341796875
1 0.4169921875 0.6904296875 0.0341796875 0.087890625
1 0.15234375 0.5341796875 0.033203125 0.0439453125
0 0.177734375 0.322265625 0.0595703125 0.0283203125
0 0.3505859375 0.3876953125 0.1015625 0.0498046875
1 0.1025390625 0.6904296875 0.0390625 0.0625
1 0.8896484375 0.5869140625 0.0419921875 0.0517578125
1 0.435546875 0.3828125 0.0341796875 0.03125
1 0.865234375 0.517578125 0.0263671875 0.0498046875
1 0.5 0.390625 0.0126953125 0.0283203125
1 0.189453125 0.4716796875 0.0419921875 0.046875
1 0.6376953125 0.443359375 0.0439453125 0.0341796875
1 0.4033203125 0.38671875 0.0283203125 0.033203125
1 0.2138671875 0.5947265625 0.03125 0.0517578125