1 0.376953125 0.6513671875 0.029296875 0.052734375
0 0.5615234375 0.6630859375 0.1201171875 0.142578125
0 0.568359375 0.4736328125 0.0595703125 0.0625
1 0.3046875 0.701171875 0.0283203125 0.0439453125
0 0.623046875 0.556640625 0.099609375 0.09375
0 0.783203125 0.759765625 0.203125 0.2314453125
1 0.408203125 0.6982421875 0.041015625 0.072265625
1 0.1884765625 0.546875 0.0263671875 0.0439453125
0 0.2041015625 0.494140625 0.060546875 0.064453125
1 0.279296875 0.5556640625 0.03125 0.0419921875
1 0.4931640625 0.4677734375 0.0234375 0.033203125
1 0.1640625 0.66015625 0.037109375 0.0576171875
1 0.2158203125 0.59765625 0.03125 0.0576171875
1 0.2451171875 0.673828125 0.03125 0.0546875
1 0.2685546875 0.5029296875 0.021484375 0.0341796875
1 0.2294921875 0.537109375 0.0283203125 0.044921875
0 0.326171875 0.4814453125 0.060546875 0.0595703125
1 0.1875 0.7275390625 0.0341796875 0.076171875
1 0.09765625 0.62890625 0.0419921875 0.048828125
1 0.81640625 0.568359375 0.080078125 0.080078125
1 0.732421875 0.541015625 0.0361328125 0.0419921875
1 0.15625 0.5830078125 0.0283203125 0.046875
1 0.51953125 0.478515625 0.0205078125 0.0341796875
1 0.1376953125 0.5615234375 0.025390625 0.044921875
1 0.162109375 0.4267578125 0.021484375 0.0283203125
1 0.1435546875 0.517578125 0.021484375 0.03125
1 0.6904296875 0.5458984375 0.041015625 0.044921875
1 0.53515625 0.5595703125 0.0234375 0.0498046875
1 0.2265625 0.8037109375 0.046875 0.0859375
1 0.095703125 0.681640625 0.0283203125 0.046875
1 0.8935546875 0.65625 0.087890625 0.083984375
1 0.271484375 0.6015625 0.0263671875 0.0439453125
1 0.3798828125 0.53125 0.021484375 0.037109375
0 0.509765625 0.341796875 0.0341796875 0.033203125
1 0.9638671875 0.677734375 0.041015625 0.056640625
0 0.5009765625 0.5400390625 0.0732421875 0.095703125
1 0.158203125 0.4619140625 0.015625 0.0263671875
1 0.029296875 0.5634765625 0.0341796875 0.0517578125
0 0.2880859375 0.412109375 0.0546875 0.0439453125
0 0.5634765625 0.373046875 0.029296875 0.0283203125
0 0.478515625 0.4140625 0.0576171875 0.068359375
1 0.375 0.6123046875 0.03125 0.037109375
0 0.0673828125 0.3837890625 0.072265625 0.0390625
0 0.5439453125 0.4111328125 0.046875 0.046875
0 0.486328125 0.3662109375 0.0498046875 0.0419921875
1 0.93359375 0.7001953125 0.0390625 0.056640625
0 0.4384765625 0.4404296875 0.0419921875 0.0654296875
1 0.544921875 0.5283203125 0.021484375 0.037109375
1 0.05859375 0.478515625 0.0263671875 0.0361328125
1 0.0458984375 0.822265625 0.0546875 0.078125
1 0.298828125 0.833984375 0.037109375 0.103515625
1 0.927734375 0.609375 0.0419921875 0.037109375
1 0.2080078125 0.4150390625 0.015625 0.0263671875
1 0.546875 0.802734375 0.0498046875 0.041015625
0 0.486328125 0.318359375 0.029296875 0.017578125
1 0.4736328125 0.673828125 0.0283203125 0.0625
1 0.2109375 0.6201171875 0.1875 0.181640625
1 0.580078125 0.423828125 0.0234375 0.0283203125
1 0.681640625 0.513671875 0.029296875 0.033203125
1 0.896484375 0.580078125 0.0439453125 0.048828125
1 0.189453125 0.373046875 0.0185546875 0.025390625
1 0.6416015625 0.443359375 0.0390625 0.0263671875
1 0.974609375 0.6328125 0.029296875 0.0595703125
1 0.9619140625 0.7353515625 0.033203125 0.0859375
1 0.515625 0.447265625 0.015625 0.021484375
1 0.107421875 0.4833984375 0.033203125 0.029296875
1 0.599609375 0.392578125 0.017578125 0.0283203125
1 0.03125 0.4814453125 0.0439453125 0.0439453125