0 0.1923828125 0.751953125 0.125 0.166015625
0 0.509765625 0.4111328125 0.0517578125 0.056640625
0 0.802734375 0.779296875 0.201171875 0.2109375
0 0.5771484375 0.6455078125 0.1201171875 0.130859375
0 0.4873046875 0.3623046875 0.0341796875 0.03125
0 0.337890625 0.7236328125 0.0986328125 0.115234375
1 0.666015625 0.560546875 0.0341796875 0.0439453125
1 0.7060546875 0.5947265625 0.046875 0.0576171875
1 0.357421875 0.587890625 0.029296875 0.072265625
0 0.9375 0.5185546875 0.09375 0.068359375
1 0.849609375 0.666015625 0.0908203125 0.0751953125
1 0.076171875 0.763671875 0.0517578125 0.0830078125
0 0.509765625 0.3330078125 0.03125 0.0283203125
0 0.4990234375 0.5439453125 0.080078125 0.09375
1 0.5888671875 0.443359375 0.0185546875 0.029296875
1 0.587890625 0.412109375 0.029296875 0.0341796875
1 0.546875 0.521484375 0.046875 0.052734375
0 0.4521484375 0.46875 0.044921875 0.0625
1 0.935546875 0.8447265625 0.0888671875 0.091796875
1 0.74609375 0.5458984375 0.0361328125 0.0419921875
1 0.802734375 0.583984375 0.041015625 0.044921875
1 0.6259765625 0.5185546875 0.033203125 0.041015625
1 0.4326171875 0.5078125 0.03125 0.052734375
0 0.5400390625 0.341796875 0.0263671875 0.0234375
1 0.623046875 0.4697265625 0.0419921875 0.0390625
1 0.408203125 0.4541015625 0.021484375 0.0390625
1 0.548828125 0.4375 0.013671875 0.025390625
1 0.4189453125 0.771484375 0.0439453125 0.0859375
1 0.123046875 0.646484375 0.064453125 0.0576171875
1 0.888671875 0.78125 0.037109375 0.0908203125
1 0.453125 0.3623046875 0.0185546875 0.025390625
1 0.552734375 0.412109375 0.033203125 0.0517578125
1 0.0224609375 0.490234375 0.0234375 0.0390625
1 0.4638671875 0.4267578125 0.021484375 0.0283203125
0 0.93359375 0.5986328125 0.111328125 0.109375
1 0.0361328125 0.5869140625 0.0498046875 0.0673828125
1 0.654296875 0.529296875 0.0283203125 0.0390625
1 0.509765625 0.4765625 0.025390625 0.0341796875
1 0.529296875 0.447265625 0.015625 0.029296875
1 0.7451171875 0.6025390625 0.0498046875 0.048828125
1 0.53125 0.376953125 0.015625 0.029296875
1 0.251953125 0.4384765625 0.0205078125 0.0263671875
1 0.482421875 0.462890625 0.0234375 0.0341796875
1 0.5517578125 0.369140625 0.015625 0.0263671875
1 0.72265625 0.5302734375 0.0263671875 0.0390625
1 0.0595703125 0.48046875 0.025390625 0.0390625
1 0.470703125 0.341796875 0.0107421875 0.0185546875
1 0.392578125 0.4970703125 0.013671875 0.021484375
0 0.69921875 0.4482421875 0.0419921875 0.021484375
1 0.552734375 0.4697265625 0.0205078125 0.029296875
1 0.595703125 0.4912109375 0.017578125 0.0263671875
1 0.771484375 0.486328125 0.037109375 0.029296875
1 0.783203125 0.5712890625 0.220703125 0.138671875
1 0.8076171875 0.5458984375 0.0341796875 0.0419921875
0 0.3134765625 0.392578125 0.095703125 0.048828125