0 0.19140625 0.7490234375 0.123046875 0.1640625
0 0.5107421875 0.423828125 0.046875 0.0546875
0 0.337890625 0.7275390625 0.0966796875 0.1201171875
0 0.189453125 0.4140625 0.0751953125 0.041015625
1 0.1484375 0.478515625 0.025390625 0.0361328125
1 0.5107421875 0.474609375 0.021484375 0.0390625
1 0.216796875 0.5234375 0.029296875 0.041015625
1 0.62109375 0.490234375 0.033203125 0.0439453125
0 0.537109375 0.35546875 0.046875 0.048828125
1 0.255859375 0.4580078125 0.0361328125 0.041015625
1 0.57421875 0.490234375 0.033203125 0.0390625
1 0.541015625 0.478515625 0.0234375 0.0390625
1 0.4150390625 0.7939453125 0.0517578125 0.083984375
1 0.3408203125 0.537109375 0.0498046875 0.0517578125
0 0.9140625 0.56640625 0.1435546875 0.0703125
1 0.3095703125 0.8466796875 0.0439453125 0.068359375
1 0.3525390625 0.4921875 0.029296875 0.0439453125
1 0.208984375 0.4462890625 0.03125 0.029296875
1 0.28125 0.453125 0.0283203125 0.0341796875
1 0.068359375 0.5380859375 0.0283203125 0.044921875
1 0.1796875 0.4482421875 0.025390625 0.03125
0 0.4921875 0.361328125 0.041015625 0.037109375
1 0.4345703125 0.51953125 0.025390625 0.0419921875
1 0.08203125 0.748046875 0.0517578125 0.0859375
1 0.31640625 0.4404296875 0.029296875 0.0283203125
1 0.3134765625 0.4091796875 0.0205078125 0.025390625
0 0.09375 0.39453125 0.0595703125 0.0361328125
0 0.5087890625 0.333984375 0.029296875 0.029296875
1 0.07421875 0.4833984375 0.0263671875 0.033203125
1 0.5830078125 0.43359375 0.015625 0.029296875
1 0.1259765625 0.423828125 0.013671875 0.0283203125
1 0.5478515625 0.541015625 0.0517578125 0.048828125
1 0.4931640625 0.451171875 0.0205078125 0.041015625
0 0.353515625 0.3232421875 0.03125 0.0185546875
1 0.5634765625 0.373046875 0.029296875 0.0341796875
1 0.4560546875 0.78515625 0.0439453125 0.064453125
1 0.5947265625 0.466796875 0.017578125 0.0283203125
1 0.607421875 0.53515625 0.0517578125 0.048828125
1 0.4287109375 0.6943359375 0.048828125 0.0888671875
1 0.548828125 0.443359375 0.017578125 0.0263671875
1 0.115234375 0.5810546875 0.029296875 0.0595703125
1 0.568359375 0.431640625 0.013671875 0.0263671875
1 0.7236328125 0.568359375 0.046875 0.052734375
1 0.033203125 0.474609375 0.046875 0.044921875
1 0.4638671875 0.431640625 0.015625 0.033203125
1 0.203125 0.3583984375 0.0185546875 0.017578125
1 0.4375 0.361328125 0.0185546875 0.0283203125
1 0.560546875 0.451171875 0.015625 0.0234375
1 0.6162109375 0.451171875 0.017578125 0.0205078125
1 0.212890625 0.33203125 0.03125 0.0205078125
0 0.2333984375 0.3671875 0.0576171875 0.037109375
1 0.1083984375 0.484375 0.0361328125 0.037109375
1 0.564453125 0.462890625 0.1484375 0.0830078125
1 0.587890625 0.3623046875 0.0263671875 0.025390625
1 0.8896484375 0.8603515625 0.080078125 0.060546875
1 0.453125 0.521484375 0.021484375 0.041015625
1 0.3837890625 0.3291015625 0.0263671875 0.0205078125
1 0.875 0.806640625 0.0498046875 0.060546875
1 0.0283203125 0.5849609375 0.03125 0.0859375
1 0.216796875 0.49609375 0.017578125 0.0263671875
1 0.6865234375 0.6259765625 0.033203125 0.1015625
1 0.3271484375 0.5068359375 0.017578125 0.0361328125
0 0.197265625 0.875 0.095703125 0.0283203125
1 0.1796875 0.3251953125 0.0283203125 0.021484375