0 0.19140625 0.7451171875 0.123046875 0.15625
0 0.5146484375 0.421875 0.0517578125 0.052734375
0 0.3388671875 0.7275390625 0.0966796875 0.1171875
0 0.5380859375 0.3505859375 0.0390625 0.0390625
1 0.306640625 0.8544921875 0.0439453125 0.068359375
1 0.515625 0.4765625 0.037109375 0.0439453125
1 0.6103515625 0.494140625 0.0390625 0.044921875
1 0.0771484375 0.7568359375 0.044921875 0.0703125
0 0.052734375 0.3798828125 0.0576171875 0.0283203125
0 0.4912109375 0.361328125 0.0390625 0.033203125
1 0.404296875 0.8037109375 0.064453125 0.0673828125
1 0.55078125 0.458984375 0.0234375 0.037109375
1 0.46875 0.4501953125 0.0283203125 0.041015625
1 0.427734375 0.681640625 0.0390625 0.046875
1 0.587890625 0.390625 0.017578125 0.0283203125
1 0.4951171875 0.453125 0.021484375 0.0341796875
1 0.119140625 0.66796875 0.046875 0.064453125
1 0.677734375 0.5595703125 0.046875 0.052734375
0 0.533203125 0.525390625 0.126953125 0.0732421875
1 0.4580078125 0.779296875 0.037109375 0.0654296875
1 0.642578125 0.4931640625 0.0234375 0.0361328125
1 0.5712890625 0.388671875 0.017578125 0.0263671875
0 0.5087890625 0.330078125 0.0263671875 0.0234375
1 0.619140625 0.46484375 0.0205078125 0.033203125
1 0.439453125 0.4326171875 0.0185546875 0.037109375
1 0.421875 0.73828125 0.046875 0.0546875
1 0.716796875 0.5625 0.041015625 0.0498046875
1 0.8427734375 0.6376953125 0.0419921875 0.078125
1 0.568359375 0.451171875 0.0185546875 0.0283203125
1 0.0224609375 0.8232421875 0.0234375 0.0498046875
1 0.021484375 0.572265625 0.0205078125 0.046875
1 0.4619140625 0.365234375 0.017578125 0.0283203125
0 0.1875 0.3251953125 0.041015625 0.025390625
1 0.080078125 0.400390625 0.017578125 0.0263671875
1 0.0673828125 0.541015625 0.0283203125 0.0908203125
0 0.2314453125 0.3671875 0.052734375 0.0341796875
1 0.166015625 0.365234375 0.0126953125 0.0126953125
1 0.068359375 0.478515625 0.0361328125 0.0341796875
1 0.1337890625 0.4150390625 0.013671875 0.0234375
1 0.330078125 0.357421875 0.015625 0.021484375
1 0.025390625 0.7626953125 0.025390625 0.03125
1 0.4716796875 0.3408203125 0.015625 0.0185546875
1 0.56640625 0.4287109375 0.048828125 0.0390625
1 0.7119140625 0.5283203125 0.0234375 0.03125
1 0.0263671875 0.3720703125 0.0126953125 0.021484375
1 0.611328125 0.431640625 0.0234375 0.029296875
0 0.4287109375 0.212890625 0.0390625 0.013671875
1 0.0703125 0.875 0.0625 0.0341796875