0 0.2099609375 0.7265625 0.1171875 0.140625
0 0.2265625 0.486328125 0.0595703125 0.0654296875
0 0.595703125 0.564453125 0.1044921875 0.1123046875
1 0.248046875 0.560546875 0.0283203125 0.0390625
1 0.9638671875 0.6279296875 0.046875 0.0625
1 0.49609375 0.470703125 0.0205078125 0.0341796875
1 0.544921875 0.4404296875 0.017578125 0.041015625
1 0.603515625 0.478515625 0.041015625 0.0361328125
0 0.322265625 0.544921875 0.068359375 0.0703125
0 0.5390625 0.3525390625 0.0439453125 0.0419921875
1 0.287109375 0.4501953125 0.017578125 0.021484375
1 0.80078125 0.5615234375 0.0673828125 0.0673828125
1 0.8701171875 0.619140625 0.083984375 0.083984375
0 0.498046875 0.349609375 0.0517578125 0.0517578125
1 0.17578125 0.48046875 0.029296875 0.0390625
1 0.5888671875 0.4453125 0.015625 0.0283203125
1 0.09375 0.716796875 0.0341796875 0.060546875
0 0.1923828125 0.3271484375 0.03125 0.0234375
1 0.5537109375 0.6494140625 0.033203125 0.0546875
1 0.138671875 0.62890625 0.029296875 0.0576171875
1 0.515625 0.5517578125 0.0341796875 0.0595703125
1 0.568359375 0.3828125 0.0234375 0.025390625
1 0.2265625 0.4130859375 0.021484375 0.0263671875
1 0.4892578125 0.5751953125 0.025390625 0.046875
1 0.65625 0.8447265625 0.046875 0.076171875
1 0.0673828125 0.53125 0.025390625 0.041015625
1 0.0244140625 0.5615234375 0.0234375 0.044921875
1 0.19921875 0.41015625 0.017578125 0.029296875
0 0.369140625 0.35546875 0.044921875 0.029296875
1 0.1328125 0.5830078125 0.025390625 0.03125
1 0.6845703125 0.5400390625 0.0439453125 0.0546875
1 0.041015625 0.5546875 0.015625 0.0283203125
1 0.1689453125 0.3623046875 0.015625 0.015625
1 0.1435546875 0.529296875 0.0283203125 0.0283203125
1 0.197265625 0.5654296875 0.0263671875 0.0341796875
1 0.873046875 0.8134765625 0.060546875 0.1201171875
0 0.2373046875 0.384765625 0.068359375 0.0419921875
0 0.0712890625 0.318359375 0.0419921875 0.0283203125
1 0.2109375 0.3583984375 0.0126953125 0.017578125
1 0.1396484375 0.4677734375 0.0205078125 0.033203125
1 0.396484375 0.8505859375 0.0595703125 0.076171875
1 0.4267578125 0.388671875 0.015625 0.0185546875
1 0.166015625 0.55078125 0.0234375 0.029296875
1 0.0908203125 0.67578125 0.0283203125 0.0234375
1 0.0439453125 0.685546875 0.0185546875 0.0283203125
1 0.3564453125 0.396484375 0.0185546875 0.0283203125
1 0.1630859375 0.572265625 0.091796875 0.1123046875
1 0.228515625 0.357421875 0.0126953125 0.0185546875
1 0.865234375 0.763671875 0.0234375 0.0341796875
1 0.0888671875 0.3994140625 0.0185546875 0.0234375
1 0.5244140625 0.5068359375 0.0263671875 0.048828125
1 0.3916015625 0.36328125 0.0107421875 0.017578125
1 0.24609375 0.35546875 0.013671875 0.0205078125
1 0.05859375 0.482421875 0.0205078125 0.0390625
1 0.9306640625 0.5888671875 0.029296875 0.056640625
1 0.2939453125 0.5400390625 0.0126953125 0.029296875