0 0.322265625 0.798828125 0.146484375 0.1767578125
1 0.5146484375 0.5185546875 0.0263671875 0.0439453125
1 0.6806640625 0.62109375 0.0361328125 0.0546875
1 0.5830078125 0.673828125 0.037109375 0.0703125
1 0.5830078125 0.54296875 0.0283203125 0.0576171875
1 0.12109375 0.6865234375 0.033203125 0.0673828125
0 0.220703125 0.595703125 0.0810546875 0.091796875
1 0.51171875 0.611328125 0.033203125 0.0576171875
0 0.314453125 0.6494140625 0.0888671875 0.111328125
1 0.6923828125 0.546875 0.046875 0.052734375
1 0.626953125 0.4580078125 0.0185546875 0.03125
1 0.5634765625 0.3896484375 0.017578125 0.0263671875
1 0.591796875 0.3916015625 0.0185546875 0.033203125
1 0.9482421875 0.6904296875 0.0751953125 0.0751953125
1 0.8232421875 0.583984375 0.083984375 0.0830078125
0 0.7978515625 0.798828125 0.1982421875 0.173828125
1 0.162109375 0.65234375 0.033203125 0.048828125
1 0.123046875 0.501953125 0.029296875 0.041015625
1 0.470703125 0.4423828125 0.017578125 0.0283203125
1 0.166015625 0.5322265625 0.03125 0.0546875
0 0.322265625 0.55078125 0.072265625 0.080078125
0 0.2392578125 0.509765625 0.0654296875 0.076171875
1 0.1005859375 0.51171875 0.0205078125 0.0390625
1 0.5166015625 0.4833984375 0.017578125 0.029296875
1 0.1650390625 0.4609375 0.0263671875 0.03125
0 0.328125 0.490234375 0.068359375 0.0595703125
1 0.416015625 0.6201171875 0.048828125 0.0625
1 0.5078125 0.365234375 0.0185546875 0.029296875
1 0.1796875 0.4912109375 0.0283203125 0.0419921875
1 0.6845703125 0.462890625 0.025390625 0.029296875
1 0.6240234375 0.6328125 0.0361328125 0.0498046875
1 0.4755859375 0.525390625 0.0234375 0.041015625
1 0.8994140625 0.541015625 0.0390625 0.0419921875
1 0.533203125 0.470703125 0.017578125 0.029296875
1 0.892578125 0.642578125 0.0751953125 0.072265625
0 0.4794921875 0.3603515625 0.0341796875 0.0361328125
1 0.533203125 0.537109375 0.0234375 0.052734375
1 0.3681640625 0.3876953125 0.0205078125 0.03125
1 0.1103515625 0.5595703125 0.0263671875 0.0498046875
1 0.11328125 0.611328125 0.0361328125 0.0625
1 0.38671875 0.3837890625 0.0205078125 0.029296875
0 0.5322265625 0.357421875 0.0361328125 0.0390625
1 0.060546875 0.478515625 0.0263671875 0.0361328125
1 0.2177734375 0.4130859375 0.029296875 0.0361328125
1 0.1748046875 0.4248046875 0.0341796875 0.037109375
0 0.05078125 0.5146484375 0.080078125 0.0888671875
1 0.185546875 0.462890625 0.025390625 0.033203125
1 0.923828125 0.515625 0.0205078125 0.025390625
1 0.6103515625 0.443359375 0.0234375 0.046875
0 0.255859375 0.3994140625 0.0517578125 0.0517578125
1 0.3994140625 0.6748046875 0.029296875 0.046875
1 0.7294921875 0.5390625 0.041015625 0.0439453125
1 0.044921875 0.5830078125 0.0283203125 0.0654296875
1 0.4541015625 0.5 0.0205078125 0.041015625
1 0.048828125 0.802734375 0.0498046875 0.1533203125
1 0.462890625 0.4052734375 0.021484375 0.0390625
1 0.150390625 0.4150390625 0.0234375 0.033203125
1 0.052734375 0.3818359375 0.021484375 0.0205078125
1 0.9697265625 0.521484375 0.033203125 0.029296875
1 0.8447265625 0.5341796875 0.033203125 0.041015625
1 0.408203125 0.3828125 0.0126953125 0.025390625
1 0.181640625 0.8486328125 0.048828125 0.072265625
1 0.8916015625 0.3837890625 0.017578125 0.029296875
1 0.8935546875 0.587890625 0.0498046875 0.0576171875
1 0.5419921875 0.544921875 0.115234375 0.2109375
1 0.5849609375 0.4970703125 0.0205078125 0.0341796875
1 0.9609375 0.625 0.0439453125 0.0595703125
1 0.8154296875 0.529296875 0.025390625 0.029296875
1 0.2060546875 0.4560546875 0.025390625 0.037109375
1 0.513671875 0.5712890625 0.0234375 0.0390625
1 0.0908203125 0.404296875 0.0185546875 0.0234375
1 0.3681640625 0.365234375 0.0263671875 0.0263671875
1 0.025390625 0.373046875 0.013671875 0.021484375