0 0.193359375 0.748046875 0.123046875 0.162109375
0 0.509765625 0.421875 0.0576171875 0.052734375
1 0.2900390625 0.474609375 0.0234375 0.0341796875
0 0.337890625 0.728515625 0.0986328125 0.1220703125
1 0.5263671875 0.5126953125 0.041015625 0.052734375
0 0.939453125 0.5859375 0.09375 0.087890625
1 0.138671875 0.5341796875 0.0234375 0.041015625
1 0.580078125 0.494140625 0.0283203125 0.0361328125
0 0.400390625 0.4853515625 0.1064453125 0.060546875
0 0.5439453125 0.3544921875 0.052734375 0.0498046875
1 0.611328125 0.501953125 0.0341796875 0.037109375
1 0.0673828125 0.537109375 0.0283203125 0.0419921875
0 0.486328125 0.353515625 0.068359375 0.052734375
1 0.634765625 0.5087890625 0.0234375 0.0390625
1 0.2373046875 0.4404296875 0.021484375 0.0283203125
1 0.4150390625 0.79296875 0.044921875 0.076171875
1 0.587890625 0.40234375 0.015625 0.0263671875
1 0.66796875 0.568359375 0.0390625 0.0390625
1 0.45703125 0.783203125 0.0361328125 0.0595703125
1 0.494140625 0.4560546875 0.0205078125 0.03125
1 0.1875 0.41796875 0.025390625 0.0234375
1 0.55859375 0.478515625 0.0234375 0.03125
1 0.158203125 0.4619140625 0.0205078125 0.029296875
1 0.4267578125 0.708984375 0.0498046875 0.080078125
1 0.162109375 0.4208984375 0.029296875 0.0234375
1 0.306640625 0.849609375 0.052734375 0.0673828125
1 0.470703125 0.451171875 0.03125 0.0390625
1 0.5390625 0.466796875 0.025390625 0.0341796875
1 0.5810546875 0.4658203125 0.021484375 0.03125
1 0.080078125 0.638671875 0.0361328125 0.0576171875
1 0.076171875 0.76171875 0.0361328125 0.064453125
1 0.701171875 0.5673828125 0.0361328125 0.046875
1 0.0302734375 0.580078125 0.0361328125 0.0859375
1 0.646484375 0.470703125 0.017578125 0.025390625
1 0.125 0.416015625 0.0185546875 0.0283203125
1 0.560546875 0.4521484375 0.015625 0.0234375
1 0.0693359375 0.4794921875 0.0390625 0.0341796875
1 0.4755859375 0.537109375 0.0517578125 0.0390625
1 0.0830078125 0.4013671875 0.03125 0.0283203125
1 0.5166015625 0.46875 0.029296875 0.03125
1 0.197265625 0.4658203125 0.0341796875 0.041015625
1 0.5869140625 0.359375 0.013671875 0.021484375
1 0.474609375 0.4228515625 0.017578125 0.029296875
1 0.6640625 0.51171875 0.021484375 0.033203125
1 0.634765625 0.4453125 0.0361328125 0.03125
1 0.6845703125 0.5166015625 0.0283203125 0.033203125
1 0.162109375 0.3681640625 0.0126953125 0.0205078125
1 0.8232421875 0.6533203125 0.0498046875 0.0439453125
0 0.23046875 0.3623046875 0.0546875 0.03125
1 0.0263671875 0.3720703125 0.015625 0.021484375
1 0.5615234375 0.4755859375 0.1826171875 0.0986328125
1 0.8916015625 0.3837890625 0.017578125 0.0263671875
0 0.197265625 0.875 0.0888671875 0.0283203125
1 0.349609375 0.341796875 0.0126953125 0.0185546875
1 0.41015625 0.505859375 0.017578125 0.0263671875
1 0.068359375 0.388671875 0.015625 0.017578125
1 0.427734375 0.646484375 0.033203125 0.0517578125
1 0.59375 0.4658203125 0.0126953125 0.0185546875
1 0.5498046875 0.4423828125 0.015625 0.025390625
1 0.724609375 0.4541015625 0.015625 0.0390625