0 0.1923828125 0.748046875 0.125 0.162109375
0 0.509765625 0.4228515625 0.046875 0.048828125
1 0.205078125 0.453125 0.03125 0.0341796875
0 0.3388671875 0.724609375 0.0966796875 0.119140625
1 0.189453125 0.55859375 0.03125 0.048828125
1 0.4140625 0.8115234375 0.041015625 0.048828125
1 0.3095703125 0.8515625 0.0439453125 0.0625
1 0.607421875 0.4970703125 0.029296875 0.0498046875
1 0.1396484375 0.5322265625 0.0234375 0.0390625
0 0.5380859375 0.3505859375 0.0390625 0.0361328125
1 0.068359375 0.533203125 0.0283203125 0.0390625
1 0.537109375 0.51171875 0.0263671875 0.044921875
1 0.6435546875 0.494140625 0.025390625 0.0439453125
0 0.4853515625 0.361328125 0.044921875 0.033203125
1 0.494140625 0.498046875 0.021484375 0.0390625
1 0.5576171875 0.50390625 0.021484375 0.048828125
1 0.390625 0.4052734375 0.0283203125 0.0390625
1 0.4287109375 0.654296875 0.0361328125 0.068359375
1 0.587890625 0.484375 0.0185546875 0.037109375
1 0.0771484375 0.7568359375 0.044921875 0.076171875
1 0.4716796875 0.462890625 0.037109375 0.048828125
1 0.45703125 0.7890625 0.029296875 0.046875
1 0.5302734375 0.3720703125 0.017578125 0.021484375
0 0.353515625 0.4814453125 0.1123046875 0.068359375
0 0.505859375 0.3349609375 0.03125 0.029296875
1 0.548828125 0.4375 0.0185546875 0.03125
1 0.412109375 0.3955078125 0.015625 0.025390625
1 0.380859375 0.376953125 0.013671875 0.0185546875
1 0.5654296875 0.453125 0.0185546875 0.0283203125
1 0.46484375 0.423828125 0.017578125 0.029296875
1 0.166015625 0.365234375 0.013671875 0.017578125
1 0.0224609375 0.568359375 0.0205078125 0.0419921875
1 0.2470703125 0.359375 0.0185546875 0.0185546875
1 0.576171875 0.416015625 0.015625 0.0283203125
1 0.4208984375 0.740234375 0.044921875 0.0517578125
1 0.4375 0.36328125 0.0185546875 0.0234375
0 0.1474609375 0.4111328125 0.0576171875 0.0341796875
1 0.3525390625 0.349609375 0.0234375 0.021484375
1 0.197265625 0.4267578125 0.017578125 0.025390625
1 0.541015625 0.462890625 0.0205078125 0.0283203125
1 0.4111328125 0.375 0.0126953125 0.025390625
1 0.2060546875 0.3583984375 0.0126953125 0.017578125
0 0.1865234375 0.3251953125 0.0390625 0.025390625
1 0.564453125 0.427734375 0.0185546875 0.029296875
1 0.453125 0.3642578125 0.0185546875 0.025390625
1 0.330078125 0.3564453125 0.0185546875 0.021484375
1 0.529296875 0.474609375 0.1357421875 0.1044921875
1 0.49609375 0.4599609375 0.017578125 0.033203125
1 0.5166015625 0.37109375 0.017578125 0.0205078125
1 0.060546875 0.482421875 0.0205078125 0.0361328125
1 0.6201171875 0.46875 0.0185546875 0.0341796875
1 0.5234375 0.822265625 0.021484375 0.0439453125
1 0.025390625 0.763671875 0.0263671875 0.0361328125
1 0.6357421875 0.447265625 0.037109375 0.0361328125
1 0.392578125 0.3681640625 0.015625 0.0234375
1 0.5654296875 0.37890625 0.025390625 0.0263671875
1 0.109375 0.4833984375 0.037109375 0.033203125
0 0.1953125 0.875 0.0966796875 0.0283203125
1 0.666015625 0.5078125 0.021484375 0.0439453125
0 0.353515625 0.318359375 0.0361328125 0.0185546875
1 0.2275390625 0.3564453125 0.0107421875 0.021484375
1 0.041015625 0.5537109375 0.017578125 0.029296875
1 0.279296875 0.345703125 0.0185546875 0.0234375
1 0.095703125 0.5234375 0.0205078125 0.056640625