0 0.1904296875 0.748046875 0.125 0.1611328125
0 0.51171875 0.423828125 0.044921875 0.0498046875
0 0.33984375 0.7275390625 0.0986328125 0.1171875
0 0.5380859375 0.3505859375 0.0390625 0.0390625
1 0.306640625 0.8544921875 0.0439453125 0.068359375
0 0.490234375 0.3603515625 0.0390625 0.033203125
1 0.076171875 0.755859375 0.0439453125 0.0732421875
1 0.5498046875 0.4619140625 0.025390625 0.0390625
1 0.609375 0.494140625 0.041015625 0.044921875
1 0.4990234375 0.4755859375 0.0263671875 0.0361328125
1 0.4677734375 0.44921875 0.029296875 0.0390625
0 0.048828125 0.3779296875 0.0595703125 0.0283203125
1 0.681640625 0.560546875 0.0732421875 0.060546875
1 0.3994140625 0.8037109375 0.0673828125 0.0703125
1 0.119140625 0.666015625 0.046875 0.064453125
1 0.587890625 0.388671875 0.0185546875 0.0283203125
1 0.4580078125 0.779296875 0.037109375 0.0654296875
0 0.525390625 0.525390625 0.126953125 0.0732421875
0 0.5087890625 0.3310546875 0.0263671875 0.025390625
1 0.619140625 0.46484375 0.0205078125 0.033203125
1 0.4267578125 0.681640625 0.046875 0.0517578125
1 0.4208984375 0.7373046875 0.044921875 0.052734375
1 0.03125 0.564453125 0.037109375 0.0576171875
1 0.0673828125 0.5498046875 0.0283203125 0.0810546875
1 0.4384765625 0.43359375 0.017578125 0.0361328125
1 0.646484375 0.4892578125 0.0234375 0.037109375
1 0.5693359375 0.3779296875 0.017578125 0.025390625
1 0.078125 0.40234375 0.015625 0.0205078125
1 0.568359375 0.4521484375 0.0205078125 0.029296875
1 0.0537109375 0.4873046875 0.017578125 0.025390625
1 0.462890625 0.365234375 0.015625 0.0263671875
1 0.0283203125 0.7802734375 0.0341796875 0.0703125
0 0.1875 0.32421875 0.041015625 0.0234375
1 0.166015625 0.365234375 0.0126953125 0.015625
0 0.2314453125 0.369140625 0.0498046875 0.0341796875
1 0.5185546875 0.453125 0.0185546875 0.021484375
1 0.1328125 0.4130859375 0.0126953125 0.017578125
1 0.47265625 0.3408203125 0.013671875 0.0185546875
1 0.560546875 0.4267578125 0.0439453125 0.0341796875
1 0.01953125 0.4931640625 0.017578125 0.029296875
1 0.330078125 0.3583984375 0.015625 0.0205078125
1 0.8408203125 0.6416015625 0.046875 0.0703125
1 0.205078125 0.357421875 0.013671875 0.015625