0 0.3212890625 0.798828125 0.1484375 0.1748046875
0 0.1298828125 0.5732421875 0.0751953125 0.083984375
0 0.619140625 0.646484375 0.1357421875 0.1484375
0 0.201171875 0.6728515625 0.103515625 0.1142578125
1 0.486328125 0.45703125 0.017578125 0.029296875
1 0.560546875 0.529296875 0.0234375 0.0498046875
0 0.240234375 0.509765625 0.0625 0.0732421875
1 0.818359375 0.5869140625 0.076171875 0.0703125
1 0.591796875 0.51953125 0.0234375 0.0361328125
1 0.376953125 0.517578125 0.021484375 0.0419921875
0 0.3154296875 0.6494140625 0.0908203125 0.111328125
0 0.3193359375 0.5439453125 0.0673828125 0.078125
1 0.1337890625 0.662109375 0.029296875 0.052734375
1 0.693359375 0.5419921875 0.041015625 0.0498046875
0 0.22265625 0.5810546875 0.0732421875 0.083984375
1 0.6103515625 0.5 0.0205078125 0.0283203125
0 0.3203125 0.4736328125 0.0625 0.0595703125
1 0.5126953125 0.541015625 0.0341796875 0.048828125
1 0.037109375 0.6103515625 0.0419921875 0.060546875
1 0.896484375 0.65234375 0.0751953125 0.076171875
1 0.1640625 0.7265625 0.0439453125 0.056640625
1 0.546875 0.484375 0.0185546875 0.0341796875
1 0.7314453125 0.541015625 0.041015625 0.046875
1 0.5244140625 0.4345703125 0.017578125 0.03125
1 0.6484375 0.583984375 0.037109375 0.0595703125
1 0.482421875 0.556640625 0.037109375 0.0498046875
1 0.9091796875 0.5341796875 0.052734375 0.0498046875
1 0.9599609375 0.6962890625 0.0546875 0.076171875
1 0.091796875 0.7470703125 0.037109375 0.0654296875
1 0.578125 0.4765625 0.025390625 0.0341796875
0 0.3017578125 0.396484375 0.0595703125 0.048828125
0 0.517578125 0.416015625 0.0751953125 0.080078125
1 0.6474609375 0.54296875 0.0234375 0.0419921875
1 0.1728515625 0.40234375 0.017578125 0.0234375
1 0.1494140625 0.3837890625 0.013671875 0.0234375
1 0.0810546875 0.6513671875 0.0283203125 0.0439453125
1 0.1865234375 0.388671875 0.017578125 0.0234375
0 0.5107421875 0.337890625 0.083984375 0.044921875
0 0.1357421875 0.416015625 0.0751953125 0.048828125
1 0.0302734375 0.564453125 0.0361328125 0.0498046875
1 0.2080078125 0.40234375 0.0126953125 0.0234375
1 0.958984375 0.623046875 0.0498046875 0.0625
1 0.0751953125 0.48046875 0.052734375 0.0419921875
1 0.15234375 0.4482421875 0.0205078125 0.0283203125
1 0.4111328125 0.5908203125 0.025390625 0.046875
1 0.63671875 0.5078125 0.0234375 0.041015625
1 0.1884765625 0.5009765625 0.0234375 0.033203125
0 0.509765625 0.6181640625 0.0986328125 0.0859375
1 0.455078125 0.5009765625 0.0205078125 0.0361328125
1 0.099609375 0.6650390625 0.115234375 0.1669921875
1 0.4208984375 0.419921875 0.017578125 0.0234375
1 0.380859375 0.490234375 0.017578125 0.025390625
1 0.8623046875 0.865234375 0.046875 0.0498046875
1 0.185546875 0.779296875 0.0390625 0.0673828125
1 0.2412109375 0.40625 0.0419921875 0.0283203125
0 0.1923828125 0.458984375 0.03125 0.037109375