0 0.193359375 0.7490234375 0.123046875 0.1611328125
0 0.33984375 0.7265625 0.1015625 0.119140625
1 0.576171875 0.796875 0.052734375 0.083984375
0 0.5107421875 0.4248046875 0.0498046875 0.056640625
0 0.537109375 0.3515625 0.046875 0.041015625
1 0.783203125 0.7734375 0.052734375 0.0751953125
1 0.712890625 0.6787109375 0.0390625 0.0673828125
0 0.48828125 0.34765625 0.0673828125 0.0546875
1 0.6640625 0.8369140625 0.0625 0.095703125
1 0.5625 0.556640625 0.0341796875 0.0517578125
1 0.4287109375 0.6748046875 0.0390625 0.0625
1 0.58203125 0.4541015625 0.0234375 0.0390625
0 0.912109375 0.57421875 0.140625 0.0673828125
1 0.6044921875 0.6259765625 0.0439453125 0.064453125
1 0.611328125 0.8642578125 0.052734375 0.056640625
1 0.802734375 0.6552734375 0.123046875 0.091796875
1 0.669921875 0.7314453125 0.044921875 0.0595703125
1 0.646484375 0.478515625 0.03125 0.0341796875
1 0.5576171875 0.4521484375 0.021484375 0.033203125
1 0.96875 0.62890625 0.041015625 0.0546875
1 0.5908203125 0.505859375 0.025390625 0.0361328125
1 0.400390625 0.4599609375 0.041015625 0.0419921875
1 0.3076171875 0.857421875 0.037109375 0.060546875
1 0.35546875 0.4462890625 0.0390625 0.033203125
1 0.4873046875 0.529296875 0.03125 0.0419921875
1 0.7509765625 0.48046875 0.0419921875 0.033203125
1 0.0712890625 0.7470703125 0.076171875 0.1064453125
1 0.5478515625 0.4189453125 0.029296875 0.0341796875
1 0.541015625 0.505859375 0.0341796875 0.0390625
1 0.6650390625 0.6181640625 0.029296875 0.0546875
1 0.736328125 0.7919921875 0.0673828125 0.0654296875
1 0.6083984375 0.5390625 0.0419921875 0.046875
1 0.333984375 0.5947265625 0.0419921875 0.044921875
1 0.716796875 0.5888671875 0.0625 0.0595703125
1 0.419921875 0.5458984375 0.03125 0.048828125
0 0.52734375 0.611328125 0.1044921875 0.142578125
1 0.9091796875 0.6591796875 0.09375 0.056640625
1 0.677734375 0.5361328125 0.068359375 0.046875
1 0.5771484375 0.37890625 0.017578125 0.029296875
1 0.88671875 0.609375 0.048828125 0.037109375
1 0.8662109375 0.8681640625 0.064453125 0.044921875
1 0.451171875 0.3740234375 0.0185546875 0.029296875
0 0.072265625 0.513671875 0.1220703125 0.138671875
1 0.029296875 0.8017578125 0.037109375 0.078125
1 0.0615234375 0.478515625 0.0263671875 0.037109375
1 0.5009765625 0.50390625 0.1484375 0.1015625
1 0.794921875 0.5615234375 0.0390625 0.060546875
1 0.892578125 0.37890625 0.0205078125 0.0361328125
1 0.4365234375 0.4609375 0.0419921875 0.0341796875
1 0.59765625 0.466796875 0.017578125 0.0283203125
1 0.2666015625 0.611328125 0.033203125 0.083984375
0 0.9208984375 0.498046875 0.0576171875 0.041015625
1 0.9375 0.6025390625 0.025390625 0.0419921875
0 0.3544921875 0.3203125 0.0341796875 0.0185546875
1 0.7041015625 0.62109375 0.0263671875 0.033203125
0 0.2734375 0.35546875 0.1220703125 0.0732421875
1 0.6845703125 0.5087890625 0.0185546875 0.029296875
1 0.8310546875 0.4892578125 0.021484375 0.03125
1 0.0458984375 0.685546875 0.0205078125 0.037109375
1 0.8330078125 0.720703125 0.0283203125 0.083984375
1 0.35546875 0.4267578125 0.013671875 0.021484375
1 0.5185546875 0.392578125 0.009765625 0.0126953125
1 0.7412109375 0.75390625 0.029296875 0.0419921875
1 0.6884765625 0.462890625 0.0419921875 0.029296875
1 0.638671875 0.443359375 0.041015625 0.03125
1 0.5869140625 0.3583984375 0.013671875 0.0205078125
1 0.9169921875 0.361328125 0.0341796875 0.0283203125