0 0.3310546875 0.7626953125 0.1220703125 0.1748046875
0 0.552734375 0.4912109375 0.068359375 0.0830078125
1 0.6923828125 0.5400390625 0.046875 0.0546875
1 0.630859375 0.5537109375 0.03125 0.0517578125
0 0.208984375 0.6484375 0.095703125 0.1123046875
1 0.72265625 0.623046875 0.048828125 0.087890625
0 0.3212890625 0.5615234375 0.0732421875 0.0830078125
0 0.228515625 0.546875 0.0703125 0.0810546875
1 0.7685546875 0.681640625 0.0498046875 0.0732421875
0 0.30078125 0.453125 0.048828125 0.056640625
1 0.814453125 0.576171875 0.0703125 0.0732421875
0 0.240234375 0.4814453125 0.0546875 0.0595703125
1 0.5859375 0.466796875 0.03125 0.0341796875
0 0.154296875 0.427734375 0.0419921875 0.0419921875
1 0.947265625 0.6904296875 0.076171875 0.087890625
1 0.623046875 0.490234375 0.0361328125 0.0498046875
1 0.0595703125 0.4833984375 0.025390625 0.029296875
0 0.462890625 0.52734375 0.044921875 0.0830078125
1 0.669921875 0.8359375 0.041015625 0.09375
1 0.412109375 0.638671875 0.0283203125 0.048828125
1 0.4306640625 0.474609375 0.017578125 0.0341796875
1 0.244140625 0.7255859375 0.033203125 0.064453125
1 0.7314453125 0.541015625 0.0439453125 0.048828125
1 0.478515625 0.482421875 0.0263671875 0.0439453125
0 0.458984375 0.4453125 0.044921875 0.0498046875
1 0.896484375 0.5810546875 0.0439453125 0.052734375
1 0.0888671875 0.66015625 0.0498046875 0.076171875
1 0.029296875 0.5634765625 0.033203125 0.048828125
1 0.544921875 0.796875 0.0498046875 0.041015625
1 0.083984375 0.7490234375 0.033203125 0.064453125
1 0.8935546875 0.646484375 0.072265625 0.0751953125
0 0.1904296875 0.37890625 0.03125 0.033203125
1 0.8994140625 0.544921875 0.029296875 0.0361328125
1 0.1650390625 0.3876953125 0.0205078125 0.025390625
0 0.5146484375 0.4013671875 0.0361328125 0.041015625
0 0.509765625 0.3349609375 0.0283203125 0.0263671875
1 0.56640625 0.5263671875 0.0234375 0.03125
1 0.099609375 0.474609375 0.0390625 0.0419921875
1 0.927734375 0.607421875 0.048828125 0.0390625
1 0.1572265625 0.5263671875 0.0263671875 0.037109375
0 0.5556640625 0.3740234375 0.033203125 0.0361328125
1 0.140625 0.4873046875 0.0283203125 0.046875
0 0.478515625 0.3681640625 0.041015625 0.0390625
1 0.12890625 0.6640625 0.0361328125 0.068359375
0 0.2294921875 0.3525390625 0.0341796875 0.0263671875
1 0.890625 0.873046875 0.046875 0.0361328125
0 0.6396484375 0.4443359375 0.029296875 0.0263671875
0 0.525390625 0.466796875 0.212890625 0.291015625
1 0.9736328125 0.634765625 0.0283203125 0.0625
1 0.06640625 0.716796875 0.033203125 0.029296875
1 0.7919921875 0.4794921875 0.0341796875 0.041015625