0 0.177734375 0.7275390625 0.1279296875 0.1611328125
0 0.3447265625 0.740234375 0.1142578125 0.142578125
0 0.5419921875 0.625 0.1123046875 0.1376953125
1 0.6396484375 0.5458984375 0.029296875 0.048828125
1 0.689453125 0.5478515625 0.048828125 0.044921875
1 0.685546875 0.6171875 0.0390625 0.052734375
0 0.564453125 0.5283203125 0.0888671875 0.115234375
1 0.275390625 0.529296875 0.03125 0.0361328125
1 0.6240234375 0.509765625 0.0205078125 0.0361328125
1 0.787109375 0.6845703125 0.046875 0.0625
0 0.5625 0.4296875 0.0439453125 0.0498046875
1 0.412109375 0.48046875 0.021484375 0.0361328125
1 0.3740234375 0.48828125 0.0234375 0.0390625
1 0.435546875 0.8291015625 0.03125 0.0703125
1 0.7978515625 0.5830078125 0.0419921875 0.056640625
1 0.763671875 0.830078125 0.0625 0.091796875
1 0.9208984375 0.8447265625 0.076171875 0.0888671875
0 0.330078125 0.46875 0.056640625 0.056640625
1 0.1552734375 0.560546875 0.0234375 0.041015625
0 0.65625 0.8017578125 0.171875 0.1748046875
1 0.3310546875 0.548828125 0.0283203125 0.0595703125
1 0.732421875 0.541015625 0.041015625 0.0439453125
1 0.8994140625 0.6572265625 0.076171875 0.080078125
1 0.8349609375 0.806640625 0.0546875 0.103515625
1 0.2587890625 0.455078125 0.0234375 0.0390625
1 0.8447265625 0.603515625 0.0390625 0.0439453125
0 0.5517578125 0.392578125 0.041015625 0.037109375
1 0.1435546875 0.529296875 0.0185546875 0.03125
0 0.5087890625 0.3525390625 0.0419921875 0.044921875
1 0.2001953125 0.517578125 0.021484375 0.044921875
1 0.1630859375 0.505859375 0.0205078125 0.025390625
1 0.6044921875 0.55078125 0.021484375 0.0546875
0 0.46875 0.5126953125 0.0654296875 0.083984375
1 0.1015625 0.6982421875 0.0283203125 0.0439453125
1 0.45703125 0.6689453125 0.0361328125 0.068359375
1 0.5927734375 0.408203125 0.013671875 0.03125
1 0.841796875 0.552734375 0.0263671875 0.0439453125
1 0.1552734375 0.6083984375 0.0263671875 0.060546875
1 0.9619140625 0.6943359375 0.0576171875 0.076171875
1 0.88671875 0.5927734375 0.0673828125 0.0673828125
1 0.515625 0.4208984375 0.015625 0.033203125
1 0.216796875 0.4853515625 0.0234375 0.0361328125
1 0.927734375 0.61328125 0.0419921875 0.0419921875
1 0.068359375 0.478515625 0.0439453125 0.0390625
1 0.4404296875 0.482421875 0.0185546875 0.0498046875
1 0.1591796875 0.474609375 0.015625 0.0205078125
1 0.7099609375 0.525390625 0.0205078125 0.03125
0 0.17578125 0.427734375 0.044921875 0.0263671875
0 0.3203125 0.400390625 0.083984375 0.0419921875
0 0.1171875 0.4150390625 0.046875 0.0419921875
1 0.03515625 0.853515625 0.048828125 0.0703125
1 0.443359375 0.4443359375 0.0205078125 0.0361328125
1 0.826171875 0.5361328125 0.0205078125 0.037109375
1 0.0732421875 0.388671875 0.025390625 0.0205078125
1 0.0322265625 0.576171875 0.0419921875 0.0830078125
1 0.9736328125 0.634765625 0.03125 0.0654296875
1 0.904296875 0.5458984375 0.017578125 0.0234375