0 0.150390625 0.615234375 0.076171875 0.0908203125
0 0.6591796875 0.76953125 0.162109375 0.216796875
0 0.576171875 0.6005859375 0.1015625 0.1171875
1 0.6162109375 0.5576171875 0.029296875 0.052734375
1 0.716796875 0.6201171875 0.037109375 0.056640625
1 0.8212890625 0.5830078125 0.0732421875 0.0751953125
0 0.1845703125 0.7216796875 0.162109375 0.197265625
1 0.796875 0.7998046875 0.0595703125 0.115234375
1 0.2568359375 0.6328125 0.0361328125 0.068359375
1 0.546875 0.6884765625 0.0439453125 0.0517578125
0 0.1875 0.4951171875 0.0625 0.068359375
1 0.865234375 0.662109375 0.0576171875 0.0673828125
1 0.568359375 0.4970703125 0.025390625 0.0439453125
1 0.716796875 0.703125 0.0419921875 0.0595703125
1 0.7958984375 0.69140625 0.0517578125 0.0859375
1 0.9443359375 0.69140625 0.076171875 0.080078125
1 0.306640625 0.6748046875 0.0361328125 0.0751953125
1 0.689453125 0.544921875 0.048828125 0.0517578125
0 0.310546875 0.470703125 0.052734375 0.056640625
0 0.4912109375 0.490234375 0.064453125 0.080078125
1 0.494140625 0.5439453125 0.029296875 0.0498046875
1 0.9072265625 0.857421875 0.076171875 0.0654296875
1 0.4931640625 0.64453125 0.0361328125 0.0546875
1 0.728515625 0.537109375 0.0439453125 0.048828125
1 0.140625 0.482421875 0.0341796875 0.044921875
0 0.2392578125 0.3896484375 0.068359375 0.0517578125
1 0.095703125 0.744140625 0.0439453125 0.060546875
1 0.0283203125 0.5634765625 0.0341796875 0.044921875
0 0.203125 0.41796875 0.056640625 0.044921875
0 0.9228515625 0.5888671875 0.126953125 0.1064453125
0 0.3603515625 0.85546875 0.1201171875 0.0703125
0 0.181640625 0.384765625 0.046875 0.0390625
1 0.0625 0.478515625 0.03125 0.037109375
1 0.662109375 0.50390625 0.0185546875 0.0361328125
1 0.4716796875 0.578125 0.0283203125 0.046875
1 0.23046875 0.470703125 0.0205078125 0.0341796875
0 0.3671875 0.537109375 0.087890625 0.1376953125
0 0.427734375 0.443359375 0.052734375 0.0546875
0 0.4765625 0.3701171875 0.0283203125 0.0283203125
1 0.5439453125 0.419921875 0.021484375 0.033203125
0 0.5849609375 0.4541015625 0.0517578125 0.0673828125
1 0.46875 0.6328125 0.025390625 0.068359375
1 0.814453125 0.5390625 0.03125 0.046875
0 0.734375 0.4873046875 0.134765625 0.078125
1 0.8994140625 0.544921875 0.033203125 0.0361328125
0 0.279296875 0.4375 0.056640625 0.0439453125
1 0.123046875 0.419921875 0.021484375 0.0361328125
1 0.5234375 0.443359375 0.0439453125 0.0595703125
1 0.02734375 0.861328125 0.0361328125 0.056640625
1 0.0859375 0.408203125 0.0185546875 0.0234375
1 0.439453125 0.365234375 0.017578125 0.0263671875
1 0.0263671875 0.4833984375 0.03125 0.0419921875
0 0.185546875 0.3583984375 0.03125 0.0234375
1 0.1494140625 0.404296875 0.013671875 0.0234375
1 0.4541015625 0.50390625 0.0205078125 0.0419921875
0 0.2275390625 0.353515625 0.029296875 0.021484375
1 0.974609375 0.634765625 0.0263671875 0.056640625
1 0.9013671875 0.7216796875 0.0341796875 0.083984375
1 0.2490234375 0.8701171875 0.060546875 0.041015625
1 0.328125 0.3603515625 0.015625 0.0234375