0 0.193359375 0.748046875 0.123046875 0.162109375
0 0.5107421875 0.4228515625 0.046875 0.0517578125
0 0.337890625 0.728515625 0.0966796875 0.119140625
0 0.5400390625 0.3515625 0.0390625 0.037109375
0 0.6240234375 0.5400390625 0.1611328125 0.0830078125
1 0.306640625 0.83203125 0.048828125 0.0888671875
1 0.13671875 0.6357421875 0.0419921875 0.0595703125
1 0.4140625 0.791015625 0.056640625 0.0888671875
1 0.3486328125 0.486328125 0.052734375 0.064453125
0 0.4892578125 0.361328125 0.0341796875 0.03125
1 0.0732421875 0.7666015625 0.041015625 0.0703125
1 0.548828125 0.470703125 0.025390625 0.0498046875
1 0.646484375 0.486328125 0.021484375 0.033203125
1 0.466796875 0.46484375 0.041015625 0.0517578125
0 0.509765625 0.333984375 0.029296875 0.0283203125
1 0.572265625 0.4091796875 0.017578125 0.03125
1 0.607421875 0.4873046875 0.0234375 0.0341796875
1 0.4580078125 0.7841796875 0.037109375 0.056640625
1 0.5146484375 0.486328125 0.0234375 0.0439453125
0 0.2685546875 0.455078125 0.078125 0.046875
1 0.548828125 0.4365234375 0.0185546875 0.029296875
1 0.369140625 0.361328125 0.017578125 0.021484375
1 0.06640625 0.5361328125 0.0263671875 0.052734375
1 0.060546875 0.4765625 0.0234375 0.03125
1 0.4267578125 0.673828125 0.0439453125 0.052734375
1 0.0205078125 0.572265625 0.0185546875 0.041015625
1 0.0673828125 0.658203125 0.0341796875 0.041015625
1 0.466796875 0.4228515625 0.017578125 0.0263671875
1 0.564453125 0.435546875 0.017578125 0.021484375
1 0.5693359375 0.37890625 0.017578125 0.0263671875
1 0.4560546875 0.3642578125 0.021484375 0.0283203125
1 0.677734375 0.4970703125 0.03125 0.025390625
1 0.353515625 0.357421875 0.013671875 0.0205078125
1 0.287109375 0.3623046875 0.015625 0.021484375
1 0.0791015625 0.6298828125 0.0205078125 0.037109375
1 0.400390625 0.3642578125 0.013671875 0.021484375
1 0.021484375 0.4765625 0.021484375 0.0283203125
1 0.6220703125 0.4619140625 0.021484375 0.033203125
1 0.2080078125 0.3544921875 0.015625 0.021484375
1 0.0263671875 0.796875 0.0341796875 0.087890625
1 0.443359375 0.4375 0.017578125 0.0283203125
1 0.583984375 0.466796875 0.015625 0.033203125
1 0.3798828125 0.3935546875 0.0283203125 0.03125
0 0.236328125 0.373046875 0.056640625 0.0283203125
1 0.248046875 0.3544921875 0.015625 0.021484375
1 0.228515625 0.35546875 0.0126953125 0.0205078125
1 0.630859375 0.4404296875 0.025390625 0.0283203125
1 0.3583984375 0.462890625 0.017578125 0.0205078125
0 0.818359375 0.572265625 0.0576171875 0.0498046875
1 0.1767578125 0.3291015625 0.015625 0.0205078125
0 0.1923828125 0.875 0.103515625 0.0283203125