0 0.3193359375 0.798828125 0.1484375 0.177734375
1 0.6884765625 0.5498046875 0.048828125 0.052734375
0 0.193359375 0.705078125 0.1171875 0.125
1 0.1630859375 0.5712890625 0.0263671875 0.048828125
1 0.41796875 0.478515625 0.0234375 0.0361328125
1 0.3955078125 0.4140625 0.015625 0.025390625
0 0.240234375 0.5087890625 0.064453125 0.0703125
1 0.822265625 0.58203125 0.083984375 0.0859375
0 0.3173828125 0.6494140625 0.0908203125 0.111328125
1 0.3837890625 0.5107421875 0.0205078125 0.0341796875
1 0.515625 0.6572265625 0.03125 0.0517578125
1 0.5615234375 0.392578125 0.013671875 0.021484375
1 0.896484375 0.650390625 0.078125 0.080078125
0 0.2255859375 0.5771484375 0.080078125 0.0888671875
1 0.1083984375 0.5556640625 0.0205078125 0.033203125
0 0.3212890625 0.548828125 0.0703125 0.080078125
0 0.505859375 0.3466796875 0.033203125 0.037109375
0 0.3271484375 0.4912109375 0.0673828125 0.060546875
1 0.732421875 0.541015625 0.0341796875 0.037109375
0 0.4794921875 0.3583984375 0.03125 0.033203125
1 0.1513671875 0.4853515625 0.021484375 0.029296875
1 0.591796875 0.3955078125 0.0185546875 0.025390625
1 0.048828125 0.58984375 0.0390625 0.0576171875
0 0.2529296875 0.3955078125 0.052734375 0.056640625
1 0.958984375 0.697265625 0.0595703125 0.078125
1 0.7265625 0.740234375 0.03125 0.060546875
1 0.19140625 0.486328125 0.0205078125 0.0361328125
1 0.060546875 0.4814453125 0.0263671875 0.037109375
1 0.71875 0.490234375 0.0341796875 0.0361328125
1 0.1083984375 0.708984375 0.033203125 0.0546875
1 0.6171875 0.46484375 0.041015625 0.048828125
1 0.4853515625 0.4619140625 0.013671875 0.029296875
1 0.40625 0.400390625 0.015625 0.0234375
1 0.1376953125 0.470703125 0.015625 0.0263671875
1 0.443359375 0.4013671875 0.0263671875 0.0341796875
1 0.58984375 0.6064453125 0.0419921875 0.0498046875
1 0.89453125 0.86328125 0.0576171875 0.0546875
1 0.1044921875 0.625 0.0341796875 0.078125
0 0.392578125 0.361328125 0.052734375 0.03125
1 0.0771484375 0.779296875 0.048828125 0.087890625
0 0.5322265625 0.330078125 0.044921875 0.03125
1 0.974609375 0.5224609375 0.0234375 0.0234375
0 0.935546875 0.521484375 0.095703125 0.068359375
1 0.0244140625 0.564453125 0.0234375 0.0498046875
1 0.1787109375 0.5322265625 0.0205078125 0.033203125
1 0.20703125 0.4814453125 0.017578125 0.037109375
1 0.1923828125 0.42578125 0.021484375 0.0263671875
1 0.89453125 0.587890625 0.044921875 0.056640625
1 0.8359375 0.541015625 0.025390625 0.0390625
1 0.216796875 0.4130859375 0.029296875 0.0361328125
1 0.6455078125 0.447265625 0.037109375 0.03125
1 0.814453125 0.4951171875 0.0126953125 0.021484375
1 0.2060546875 0.359375 0.0126953125 0.021484375
1 0.96484375 0.599609375 0.0390625 0.056640625
1 0.0927734375 0.408203125 0.017578125 0.0283203125
1 0.1494140625 0.416015625 0.029296875 0.0390625
1 0.7119140625 0.521484375 0.0234375 0.0390625
0 0.4453125 0.359375 0.03125 0.0283203125