0 0.3271484375 0.794921875 0.138671875 0.1845703125
0 0.5400390625 0.466796875 0.060546875 0.072265625
0 0.2021484375 0.662109375 0.111328125 0.119140625
0 0.5068359375 0.517578125 0.0732421875 0.0830078125
1 0.701171875 0.58984375 0.041015625 0.0830078125
0 0.228515625 0.5595703125 0.0751953125 0.083984375
0 0.322265625 0.580078125 0.078125 0.087890625
1 0.8193359375 0.57421875 0.080078125 0.0888671875
0 0.2392578125 0.4921875 0.056640625 0.0654296875
1 0.666015625 0.5615234375 0.0341796875 0.0703125
1 0.783203125 0.7451171875 0.0576171875 0.068359375
1 0.5703125 0.435546875 0.025390625 0.0361328125
1 0.947265625 0.6884765625 0.076171875 0.0888671875
0 0.3056640625 0.466796875 0.0517578125 0.0546875
0 0.4560546875 0.4267578125 0.0439453125 0.046875
1 0.41796875 0.4384765625 0.0205078125 0.0390625
1 0.7333984375 0.54296875 0.0390625 0.044921875
1 0.7314453125 0.474609375 0.025390625 0.029296875
0 0.513671875 0.333984375 0.0361328125 0.0263671875
1 0.69140625 0.537109375 0.033203125 0.044921875
1 0.029296875 0.564453125 0.0341796875 0.0498046875
1 0.15234375 0.5654296875 0.033203125 0.046875
1 0.0595703125 0.482421875 0.025390625 0.03125
0 0.033203125 0.80859375 0.0439453125 0.0859375
0 0.1630859375 0.44921875 0.0419921875 0.0517578125
1 0.4365234375 0.7099609375 0.029296875 0.0517578125
1 0.1240234375 0.7099609375 0.0390625 0.0703125
1 0.4638671875 0.36328125 0.015625 0.0263671875
1 0.4814453125 0.41015625 0.0185546875 0.029296875
0 0.328125 0.3974609375 0.0654296875 0.0361328125
1 0.896484375 0.650390625 0.0732421875 0.076171875
1 0.240234375 0.7548828125 0.041015625 0.0654296875
1 0.759765625 0.8232421875 0.0751953125 0.1279296875
1 0.509765625 0.447265625 0.0185546875 0.029296875
1 0.5927734375 0.41015625 0.017578125 0.033203125
0 0.5185546875 0.392578125 0.0341796875 0.0341796875
1 0.5908203125 0.6982421875 0.0341796875 0.0751953125
0 0.126953125 0.4951171875 0.068359375 0.0595703125
1 0.486328125 0.4482421875 0.029296875 0.037109375
1 0.89453125 0.58203125 0.0390625 0.0576171875
1 0.0537109375 0.6015625 0.048828125 0.0439453125
1 0.1767578125 0.3837890625 0.0185546875 0.0263671875
1 0.603515625 0.505859375 0.029296875 0.0517578125
1 0.1923828125 0.494140625 0.0185546875 0.0439453125
0 0.298828125 0.4267578125 0.0546875 0.041015625
1 0.9287109375 0.607421875 0.0517578125 0.041015625
1 0.2802734375 0.7421875 0.017578125 0.037109375
0 0.0791015625 0.697265625 0.0576171875 0.076171875
1 0.46484375 0.390625 0.013671875 0.021484375
0 0.6357421875 0.4404296875 0.0439453125 0.041015625
0 0.453125 0.474609375 0.037109375 0.0517578125
1 0.939453125 0.841796875 0.0576171875 0.09375
1 0.564453125 0.744140625 0.0341796875 0.0595703125
1 0.435546875 0.4072265625 0.015625 0.029296875
1 0.619140625 0.494140625 0.013671875 0.0341796875
1 0.970703125 0.6396484375 0.029296875 0.0546875
1 0.5478515625 0.8203125 0.060546875 0.1220703125
0 0.52734375 0.3544921875 0.033203125 0.025390625
1 0.2626953125 0.8662109375 0.041015625 0.0517578125
1 0.4208984375 0.412109375 0.0205078125 0.0263671875
0 0.3525390625 0.3212890625 0.033203125 0.017578125