0 0.193359375 0.748046875 0.123046875 0.162109375
0 0.509765625 0.423828125 0.048828125 0.0546875
0 0.337890625 0.7275390625 0.0986328125 0.1201171875
1 0.6376953125 0.50390625 0.025390625 0.0419921875
1 0.509765625 0.4755859375 0.0234375 0.0390625
0 0.541015625 0.3505859375 0.041015625 0.0390625
1 0.541015625 0.4794921875 0.0234375 0.0341796875
1 0.0673828125 0.54296875 0.0283203125 0.044921875
1 0.193359375 0.455078125 0.03125 0.03125
0 0.208984375 0.416015625 0.080078125 0.0390625
1 0.337890625 0.4443359375 0.029296875 0.0390625
0 0.1103515625 0.3955078125 0.060546875 0.0341796875
1 0.3076171875 0.8427734375 0.0498046875 0.0703125
1 0.1484375 0.49609375 0.025390625 0.033203125
0 0.9384765625 0.5712890625 0.095703125 0.0673828125
1 0.3046875 0.462890625 0.03125 0.0361328125
1 0.564453125 0.373046875 0.0263671875 0.03125
0 0.4912109375 0.361328125 0.0390625 0.0341796875
1 0.2744140625 0.474609375 0.0263671875 0.0283203125
1 0.23046875 0.451171875 0.033203125 0.0361328125
1 0.2314453125 0.533203125 0.037109375 0.0390625
1 0.076171875 0.7607421875 0.037109375 0.0625
1 0.1083984375 0.6083984375 0.029296875 0.044921875
1 0.580078125 0.4755859375 0.021484375 0.0390625
1 0.490234375 0.509765625 0.0439453125 0.046875
1 0.4140625 0.8076171875 0.041015625 0.0595703125
1 0.611328125 0.494140625 0.037109375 0.041015625
1 0.4287109375 0.69140625 0.048828125 0.0859375
1 0.09765625 0.4169921875 0.0205078125 0.025390625
1 0.4580078125 0.791015625 0.041015625 0.0595703125
0 0.509765625 0.33203125 0.03125 0.0263671875
1 0.3828125 0.5009765625 0.0341796875 0.048828125
0 0.228515625 0.37890625 0.087890625 0.0576171875
1 0.3662109375 0.541015625 0.0419921875 0.046875
1 0.572265625 0.435546875 0.013671875 0.0283203125
1 0.134765625 0.423828125 0.017578125 0.03125
1 0.5615234375 0.474609375 0.0205078125 0.037109375
1 0.291015625 0.4384765625 0.025390625 0.0234375
1 0.802734375 0.5908203125 0.0673828125 0.046875
1 0.498046875 0.453125 0.017578125 0.025390625
1 0.044921875 0.6796875 0.025390625 0.0439453125
1 0.072265625 0.4814453125 0.0341796875 0.0341796875
1 0.3896484375 0.552734375 0.0205078125 0.0283203125
1 0.595703125 0.5458984375 0.0546875 0.048828125
1 0.548828125 0.4453125 0.0205078125 0.025390625
1 0.322265625 0.521484375 0.0576171875 0.0546875
1 0.435546875 0.361328125 0.0185546875 0.025390625
1 0.4658203125 0.4375 0.015625 0.03125
1 0.6376953125 0.4765625 0.015625 0.0283203125
1 0.619140625 0.4638671875 0.017578125 0.0283203125
1 0.873046875 0.826171875 0.080078125 0.1123046875
1 0.0361328125 0.474609375 0.0498046875 0.044921875
1 0.029296875 0.5830078125 0.0341796875 0.083984375
1 0.6376953125 0.443359375 0.0439453125 0.03125
1 0.65625 0.54296875 0.0498046875 0.0419921875
0 0.3525390625 0.3203125 0.033203125 0.0185546875
1 0.109375 0.4853515625 0.037109375 0.0361328125
1 0.173828125 0.3359375 0.041015625 0.025390625
1 0.0283203125 0.373046875 0.021484375 0.021484375
0 0.197265625 0.875 0.09375 0.0283203125
1 0.5595703125 0.4912109375 0.181640625 0.1357421875
1 0.3759765625 0.326171875 0.013671875 0.021484375
1 0.240234375 0.3310546875 0.0283203125 0.0185546875