0 0.322265625 0.8017578125 0.140625 0.1748046875
0 0.0849609375 0.7431640625 0.0986328125 0.1357421875
0 0.201171875 0.6767578125 0.1044921875 0.119140625
0 0.31640625 0.6474609375 0.0888671875 0.107421875
1 0.6904296875 0.54296875 0.046875 0.0576171875
1 0.9013671875 0.6494140625 0.083984375 0.080078125
0 0.224609375 0.578125 0.078125 0.087890625
0 0.611328125 0.466796875 0.1064453125 0.0654296875
0 0.240234375 0.513671875 0.0625 0.064453125
1 0.8212890625 0.5751953125 0.0859375 0.09375
1 0.548828125 0.4521484375 0.015625 0.029296875
0 0.4833984375 0.3583984375 0.033203125 0.0263671875
0 0.3203125 0.548828125 0.068359375 0.080078125
0 0.7529296875 0.7978515625 0.193359375 0.1669921875
0 0.3271484375 0.490234375 0.0673828125 0.0595703125
1 0.7734375 0.486328125 0.0341796875 0.029296875
1 0.478515625 0.4736328125 0.0263671875 0.037109375
1 0.40234375 0.4365234375 0.0205078125 0.033203125
0 0.2275390625 0.3564453125 0.029296875 0.0283203125
1 0.484375 0.4140625 0.015625 0.025390625
0 0.5380859375 0.3310546875 0.0361328125 0.025390625
1 0.962890625 0.701171875 0.0498046875 0.072265625
0 0.26171875 0.4130859375 0.048828125 0.033203125
1 0.5224609375 0.4287109375 0.0205078125 0.033203125
0 0.1865234375 0.3779296875 0.029296875 0.025390625
1 0.185546875 0.4248046875 0.013671875 0.021484375
1 0.0673828125 0.478515625 0.037109375 0.033203125
1 0.43359375 0.4169921875 0.0234375 0.03125
1 0.896484375 0.541015625 0.037109375 0.033203125
1 0.5849609375 0.4248046875 0.017578125 0.021484375
1 0.40234375 0.4111328125 0.017578125 0.021484375
1 0.166015625 0.5322265625 0.029296875 0.0546875
0 0.2509765625 0.384765625 0.064453125 0.0361328125
1 0.4287109375 0.4755859375 0.013671875 0.029296875
1 0.4384765625 0.36328125 0.017578125 0.0234375
1 0.4619140625 0.3544921875 0.017578125 0.025390625
1 0.150390625 0.486328125 0.0263671875 0.0283203125
1 0.1884765625 0.505859375 0.0263671875 0.0419921875
1 0.9326171875 0.611328125 0.041015625 0.0419921875
1 0.1494140625 0.4248046875 0.017578125 0.025390625
1 0.89453125 0.572265625 0.0390625 0.037109375
1 0.033203125 0.5927734375 0.0390625 0.076171875
0 0.068359375 0.322265625 0.0361328125 0.0205078125
1 0.6640625 0.505859375 0.021484375 0.0341796875
1 0.0205078125 0.470703125 0.0185546875 0.025390625
1 0.3857421875 0.701171875 0.0625 0.1044921875
1 0.146484375 0.4013671875 0.021484375 0.0341796875
1 0.1865234375 0.470703125 0.029296875 0.0361328125
1 0.439453125 0.720703125 0.0361328125 0.046875
1 0.71484375 0.5205078125 0.0234375 0.03125
1 0.81640625 0.533203125 0.029296875 0.0390625
1 0.1943359375 0.4072265625 0.0205078125 0.033203125
1 0.55859375 0.3935546875 0.0703125 0.0751953125
0 0.3515625 0.3203125 0.03125 0.015625
1 0.373046875 0.458984375 0.015625 0.037109375
1 0.5439453125 0.833984375 0.0595703125 0.1044921875
1 0.681640625 0.5126953125 0.0205078125 0.0283203125
1 0.4365234375 0.759765625 0.0205078125 0.037109375