0 0.3203125 0.798828125 0.150390625 0.1767578125
0 0.1904296875 0.7265625 0.119140625 0.1435546875
1 0.671875 0.6650390625 0.0341796875 0.064453125
1 0.5087890625 0.630859375 0.0361328125 0.0595703125
1 0.6884765625 0.55078125 0.0517578125 0.0546875
1 0.16015625 0.595703125 0.033203125 0.056640625
1 0.521484375 0.5517578125 0.03125 0.046875
0 0.240234375 0.5087890625 0.0625 0.0703125
0 0.3173828125 0.6494140625 0.0908203125 0.111328125
1 0.822265625 0.583984375 0.083984375 0.0859375
1 0.380859375 0.5380859375 0.025390625 0.048828125
1 0.810546875 0.8154296875 0.0703125 0.140625
0 0.2255859375 0.578125 0.080078125 0.087890625
1 0.3994140625 0.4453125 0.0205078125 0.0341796875
1 0.943359375 0.6845703125 0.083984375 0.0908203125
0 0.505859375 0.345703125 0.029296875 0.033203125
0 0.3212890625 0.5517578125 0.0703125 0.078125
0 0.3271484375 0.4912109375 0.0673828125 0.060546875
1 0.0478515625 0.587890625 0.033203125 0.052734375
0 0.4794921875 0.3583984375 0.03125 0.033203125
1 0.5625 0.455078125 0.03125 0.03125
1 0.4365234375 0.443359375 0.0205078125 0.03125
1 0.5625 0.3916015625 0.015625 0.0234375
1 0.060546875 0.4814453125 0.0263671875 0.037109375
1 0.6630859375 0.5 0.0234375 0.037109375
1 0.1318359375 0.482421875 0.0205078125 0.033203125
0 0.25390625 0.396484375 0.0517578125 0.0576171875
0 0.40625 0.384765625 0.0439453125 0.0341796875
1 0.099609375 0.5888671875 0.0234375 0.0341796875
1 0.0947265625 0.646484375 0.0361328125 0.0595703125
1 0.5927734375 0.3974609375 0.017578125 0.0234375
1 0.154296875 0.498046875 0.021484375 0.0361328125
1 0.89453125 0.583984375 0.044921875 0.0595703125
1 0.37890625 0.3876953125 0.017578125 0.025390625
1 0.19140625 0.48828125 0.0205078125 0.0361328125
1 0.2060546875 0.4853515625 0.015625 0.033203125
1 0.091796875 0.7431640625 0.044921875 0.0830078125
1 0.595703125 0.455078125 0.0185546875 0.0283203125
0 0.52734375 0.3271484375 0.033203125 0.0234375
1 0.193359375 0.42578125 0.0185546875 0.0234375
1 0.923828125 0.521484375 0.0283203125 0.037109375
1 0.2177734375 0.4140625 0.029296875 0.0341796875
1 0.6787109375 0.4453125 0.017578125 0.025390625
1 0.78515625 0.48828125 0.017578125 0.0234375
0 0.3828125 0.357421875 0.068359375 0.0341796875
0 0.439453125 0.4013671875 0.0361328125 0.037109375
1 0.671875 0.4658203125 0.0185546875 0.0283203125
1 0.17578125 0.474609375 0.0205078125 0.041015625
1 0.046875 0.8583984375 0.0498046875 0.0576171875
1 0.173828125 0.53515625 0.0283203125 0.0517578125
1 0.83984375 0.5419921875 0.029296875 0.041015625
1 0.1630859375 0.419921875 0.017578125 0.033203125
1 0.357421875 0.3994140625 0.0107421875 0.017578125
1 0.638671875 0.44140625 0.0341796875 0.033203125
1 0.46484375 0.431640625 0.017578125 0.0341796875
1 0.2177734375 0.33203125 0.0107421875 0.017578125
1 0.560546875 0.42578125 0.0126953125 0.033203125
1 0.1064453125 0.4189453125 0.015625 0.0185546875
0 0.494140625 0.318359375 0.0341796875 0.0205078125
1 0.7958984375 0.7177734375 0.0419921875 0.0888671875