1 0.6572265625 0.55859375 0.0361328125 0.064453125
0 0.5732421875 0.4345703125 0.0498046875 0.056640625
0 0.6015625 0.685546875 0.1533203125 0.1748046875
1 0.2490234375 0.509765625 0.0263671875 0.0498046875
1 0.736328125 0.65625 0.048828125 0.0595703125
0 0.5908203125 0.55859375 0.0908203125 0.1015625
1 0.142578125 0.51953125 0.025390625 0.048828125
1 0.791015625 0.5625 0.0341796875 0.0498046875
1 0.173828125 0.509765625 0.021484375 0.0341796875
1 0.2001953125 0.572265625 0.025390625 0.041015625
1 0.6904296875 0.5458984375 0.037109375 0.0517578125
1 0.2568359375 0.455078125 0.0234375 0.03125
0 0.529296875 0.455078125 0.0546875 0.0751953125
1 0.7041015625 0.638671875 0.033203125 0.0439453125
1 0.486328125 0.4169921875 0.021484375 0.0341796875
1 0.15625 0.451171875 0.025390625 0.0361328125
1 0.630859375 0.5361328125 0.021484375 0.041015625
1 0.431640625 0.517578125 0.0234375 0.046875
1 0.7861328125 0.74609375 0.072265625 0.0859375
1 0.5966796875 0.498046875 0.03125 0.041015625
0 0.4716796875 0.54296875 0.0751953125 0.091796875
1 0.1669921875 0.38671875 0.015625 0.0263671875
0 0.4599609375 0.4638671875 0.0546875 0.068359375
1 0.1796875 0.6591796875 0.0283203125 0.046875
1 0.2392578125 0.470703125 0.0185546875 0.0341796875
0 0.4921875 0.3583984375 0.037109375 0.029296875
1 0.810546875 0.634765625 0.060546875 0.0673828125
1 0.724609375 0.53125 0.0498046875 0.0498046875
1 0.16015625 0.478515625 0.0234375 0.0361328125
1 0.94921875 0.666015625 0.0732421875 0.0654296875
1 0.1982421875 0.3818359375 0.0185546875 0.0234375
1 0.0888671875 0.400390625 0.015625 0.0234375
1 0.1728515625 0.427734375 0.017578125 0.0263671875
1 0.8291015625 0.564453125 0.029296875 0.0361328125
1 0.1083984375 0.728515625 0.0390625 0.0517578125
1 0.189453125 0.7333984375 0.048828125 0.080078125
1 0.8232421875 0.8349609375 0.068359375 0.095703125
1 0.216796875 0.40234375 0.013671875 0.0205078125
1 0.4208984375 0.4794921875 0.0234375 0.0625
0 0.23046875 0.3720703125 0.0517578125 0.041015625
1 0.1728515625 0.619140625 0.0361328125 0.0546875
1 0.1923828125 0.3623046875 0.0126953125 0.021484375
1 0.1279296875 0.6298828125 0.037109375 0.0498046875
1 0.107421875 0.4140625 0.0439453125 0.0283203125
1 0.9150390625 0.6064453125 0.0390625 0.046875
1 0.3662109375 0.423828125 0.0234375 0.0283203125
1 0.1796875 0.3623046875 0.0126953125 0.0185546875
1 0.021484375 0.474609375 0.021484375 0.03125
1 0.9501953125 0.626953125 0.021484375 0.0361328125
1 0.0576171875 0.478515625 0.021484375 0.0361328125
1 0.63671875 0.4404296875 0.033203125 0.03125
1 0.197265625 0.478515625 0.130859375 0.134765625
1 0.853515625 0.6494140625 0.029296875 0.048828125
1 0.896484375 0.5400390625 0.0283203125 0.0419921875
1 0.591796875 0.400390625 0.0234375 0.0283203125
1 0.380859375 0.455078125 0.0205078125 0.0283203125
1 0.02734375 0.5673828125 0.029296875 0.056640625
1 0.763671875 0.6767578125 0.0283203125 0.041015625
1 0.462890625 0.4169921875 0.0205078125 0.03125
1 0.970703125 0.625 0.0234375 0.0439453125
1 0.02734375 0.373046875 0.017578125 0.021484375
1 0.6767578125 0.50390625 0.025390625 0.0390625
1 0.5390625 0.3857421875 0.052734375 0.046875
1 0.353515625 0.8603515625 0.044921875 0.0576171875