0 0.193359375 0.74609375 0.123046875 0.1611328125
0 0.5126953125 0.4248046875 0.0625 0.056640625
0 0.3388671875 0.728515625 0.103515625 0.1220703125
1 0.62109375 0.486328125 0.0361328125 0.0390625
0 0.666015625 0.5302734375 0.1533203125 0.0673828125
1 0.1650390625 0.4951171875 0.0263671875 0.041015625
1 0.4833984375 0.451171875 0.0263671875 0.033203125
0 0.4189453125 0.5 0.125 0.0751953125
0 0.541015625 0.34765625 0.041015625 0.029296875
1 0.5419921875 0.4697265625 0.037109375 0.044921875
1 0.076171875 0.751953125 0.072265625 0.103515625
1 0.33203125 0.529296875 0.044921875 0.0419921875
0 0.5087890625 0.333984375 0.033203125 0.029296875
1 0.111328125 0.484375 0.0390625 0.041015625
1 0.580078125 0.4853515625 0.0263671875 0.0390625
1 0.2412109375 0.458984375 0.0263671875 0.0390625
1 0.529296875 0.3720703125 0.0185546875 0.025390625
1 0.3076171875 0.8330078125 0.046875 0.0966796875
1 0.7080078125 0.591796875 0.0908203125 0.064453125
0 0.4912109375 0.361328125 0.0390625 0.0341796875
1 0.0966796875 0.6064453125 0.03125 0.046875
1 0.3408203125 0.4560546875 0.037109375 0.03125
1 0.2080078125 0.4326171875 0.025390625 0.025390625
1 0.630859375 0.580078125 0.046875 0.048828125
1 0.830078125 0.6259765625 0.044921875 0.044921875
1 0.55078125 0.3857421875 0.013671875 0.025390625
1 0.162109375 0.466796875 0.021484375 0.0283203125
1 0.466796875 0.7880859375 0.0263671875 0.0546875
1 0.458984375 0.3662109375 0.025390625 0.029296875
1 0.953125 0.6328125 0.0654296875 0.0498046875
1 0.3876953125 0.55078125 0.052734375 0.044921875
1 0.4794921875 0.55859375 0.0283203125 0.044921875
1 0.0595703125 0.4794921875 0.021484375 0.037109375
1 0.3603515625 0.5009765625 0.0263671875 0.033203125
1 0.5205078125 0.546875 0.0498046875 0.041015625
1 0.126953125 0.4169921875 0.017578125 0.0283203125
1 0.55078125 0.626953125 0.0517578125 0.064453125
1 0.3681640625 0.357421875 0.0205078125 0.025390625
1 0.970703125 0.568359375 0.033203125 0.0439453125
1 0.4482421875 0.7412109375 0.0341796875 0.048828125
1 0.154296875 0.4384765625 0.0185546875 0.0263671875
1 0.0234375 0.4775390625 0.0283203125 0.0361328125
1 0.564453125 0.3671875 0.017578125 0.0283203125
1 0.0400390625 0.55859375 0.017578125 0.033203125
1 0.423828125 0.708984375 0.0390625 0.048828125
1 0.40234375 0.4619140625 0.017578125 0.017578125
1 0.59375 0.447265625 0.021484375 0.029296875
1 0.419921875 0.748046875 0.0361328125 0.046875
1 0.939453125 0.5146484375 0.0263671875 0.029296875
1 0.1787109375 0.326171875 0.0263671875 0.0234375
1 0.787109375 0.572265625 0.064453125 0.0517578125
1 0.494140625 0.61328125 0.0439453125 0.0830078125
1 0.466796875 0.345703125 0.015625 0.0185546875
0 0.2373046875 0.36328125 0.056640625 0.0419921875
1 0.6044921875 0.619140625 0.03125 0.0625
1 0.3837890625 0.32421875 0.017578125 0.0205078125
1 0.552734375 0.4384765625 0.015625 0.0234375
1 0.431640625 0.646484375 0.0439453125 0.0595703125
1 0.9013671875 0.556640625 0.056640625 0.041015625
1 0.7724609375 0.853515625 0.0517578125 0.0673828125
1 0.60546875 0.5478515625 0.0263671875 0.0361328125
1 0.224609375 0.4091796875 0.0107421875 0.021484375
0 0.3525390625 0.3212890625 0.029296875 0.0205078125
1 0.5244140625 0.521484375 0.0205078125 0.033203125
0 0.189453125 0.8740234375 0.103515625 0.029296875
1 0.767578125 0.53125 0.0546875 0.046875