0 0.3203125 0.798828125 0.146484375 0.1748046875
1 0.5419921875 0.6318359375 0.0341796875 0.0576171875
0 0.6435546875 0.6123046875 0.1220703125 0.140625
0 0.2138671875 0.638671875 0.103515625 0.107421875
1 0.609375 0.453125 0.0283203125 0.03125
1 0.578125 0.453125 0.025390625 0.03125
0 0.318359375 0.6494140625 0.091796875 0.111328125
1 0.14453125 0.599609375 0.029296875 0.048828125
1 0.822265625 0.5830078125 0.083984375 0.078125
1 0.69140625 0.5458984375 0.048828125 0.0517578125
1 0.4482421875 0.41796875 0.015625 0.029296875
1 0.5634765625 0.3916015625 0.017578125 0.0234375
1 0.5625 0.5078125 0.021484375 0.0439453125
1 0.099609375 0.560546875 0.0234375 0.037109375
1 0.5927734375 0.3955078125 0.0205078125 0.025390625
1 0.5537109375 0.4453125 0.0234375 0.041015625
1 0.9462890625 0.6904296875 0.076171875 0.078125
1 0.103515625 0.662109375 0.0341796875 0.064453125
1 0.4912109375 0.4365234375 0.0205078125 0.0361328125
1 0.12109375 0.4306640625 0.0263671875 0.029296875
1 0.419921875 0.451171875 0.0185546875 0.0341796875
1 0.4169921875 0.39453125 0.015625 0.0234375
0 0.3271484375 0.490234375 0.0673828125 0.0595703125
1 0.888671875 0.6494140625 0.0830078125 0.076171875
0 0.478515625 0.357421875 0.033203125 0.037109375
1 0.47265625 0.4130859375 0.013671875 0.0234375
1 0.51171875 0.474609375 0.0234375 0.037109375
1 0.419921875 0.5947265625 0.0283203125 0.060546875
1 0.15625 0.537109375 0.0283203125 0.041015625
1 0.1123046875 0.5400390625 0.021484375 0.0361328125
1 0.1865234375 0.48046875 0.0361328125 0.0390625
1 0.5126953125 0.517578125 0.025390625 0.0390625
1 0.064453125 0.4736328125 0.037109375 0.03125
1 0.8974609375 0.5419921875 0.0390625 0.037109375
0 0.3193359375 0.548828125 0.0703125 0.080078125
1 0.5068359375 0.3671875 0.017578125 0.025390625
1 0.7255859375 0.484375 0.0361328125 0.03125
1 0.6650390625 0.4951171875 0.0234375 0.037109375
1 0.041015625 0.587890625 0.0361328125 0.0546875
1 0.435546875 0.7451171875 0.037109375 0.083984375
1 0.1416015625 0.490234375 0.033203125 0.041015625
0 0.505859375 0.337890625 0.0263671875 0.0234375
0 0.25390625 0.396484375 0.048828125 0.0576171875
1 0.7314453125 0.541015625 0.0439453125 0.044921875
0 0.240234375 0.5126953125 0.0625 0.078125
1 0.423828125 0.361328125 0.0185546875 0.0205078125
0 0.099609375 0.4013671875 0.0439453125 0.037109375
0 0.533203125 0.34765625 0.0283203125 0.029296875
1 0.453125 0.501953125 0.025390625 0.0439453125
1 0.3662109375 0.3623046875 0.0205078125 0.021484375
0 0.091796875 0.783203125 0.052734375 0.0888671875
1 0.892578125 0.5859375 0.044921875 0.052734375
1 0.193359375 0.421875 0.037109375 0.037109375
1 0.927734375 0.611328125 0.0625 0.0498046875
1 0.1572265625 0.794921875 0.044921875 0.0654296875
1 0.724609375 0.8720703125 0.046875 0.0341796875
1 0.619140625 0.4287109375 0.017578125 0.029296875
1 0.1064453125 0.490234375 0.03125 0.033203125
1 0.3798828125 0.361328125 0.0126953125 0.0205078125
1 0.96875 0.51953125 0.037109375 0.029296875
1 0.546875 0.4189453125 0.0126953125 0.03125
1 0.58203125 0.451171875 0.091796875 0.138671875
1 0.4580078125 0.3623046875 0.0185546875 0.03125
1 0.5556640625 0.7998046875 0.0419921875 0.041015625
1 0.451171875 0.4423828125 0.017578125 0.021484375
1 0.470703125 0.4697265625 0.119140625 0.158203125
1 0.140625 0.5107421875 0.1220703125 0.1220703125
1 0.8349609375 0.4970703125 0.0390625 0.03125
1 0.279296875 0.744140625 0.017578125 0.0234375
1 0.572265625 0.369140625 0.056640625 0.0546875
1 0.841796875 0.5419921875 0.025390625 0.037109375
1 0.3505859375 0.35546875 0.0234375 0.029296875