1 0.3916015625 0.728515625 0.033203125 0.056640625
0 0.205078125 0.5283203125 0.0703125 0.0751953125
0 0.580078125 0.513671875 0.1015625 0.1123046875
0 0.3369140625 0.513671875 0.064453125 0.0673828125
0 0.7109375 0.681640625 0.1689453125 0.1826171875
1 0.4169921875 0.787109375 0.0439453125 0.091796875
1 0.3955078125 0.578125 0.025390625 0.046875
1 0.2353515625 0.580078125 0.033203125 0.048828125
1 0.201171875 0.6943359375 0.033203125 0.048828125
0 0.5205078125 0.6171875 0.1279296875 0.134765625
1 0.181640625 0.587890625 0.0263671875 0.046875
1 0.080078125 0.68359375 0.037109375 0.0419921875
1 0.2587890625 0.685546875 0.033203125 0.046875
1 0.287109375 0.619140625 0.0283203125 0.048828125
1 0.1845703125 0.4580078125 0.0185546875 0.03125
1 0.517578125 0.462890625 0.0205078125 0.03125
1 0.490234375 0.4541015625 0.0234375 0.029296875
1 0.8203125 0.5771484375 0.083984375 0.0859375
1 0.228515625 0.6357421875 0.0283203125 0.046875
1 0.13671875 0.5546875 0.0234375 0.041015625
1 0.2216796875 0.76171875 0.037109375 0.0576171875
1 0.7265625 0.5400390625 0.046875 0.044921875
1 0.6875 0.544921875 0.0498046875 0.046875
1 0.5830078125 0.416015625 0.021484375 0.033203125
1 0.943359375 0.681640625 0.0810546875 0.091796875
1 0.1318359375 0.7138671875 0.048828125 0.0625
1 0.158203125 0.642578125 0.0234375 0.0419921875
1 0.880859375 0.666015625 0.0751953125 0.078125
1 0.1318359375 0.5966796875 0.0263671875 0.0498046875
0 0.494140625 0.517578125 0.078125 0.0859375
1 0.642578125 0.796875 0.052734375 0.0810546875
1 0.28125 0.798828125 0.037109375 0.091796875
1 0.07421875 0.751953125 0.0390625 0.0498046875
0 0.693359375 0.8642578125 0.146484375 0.0498046875
1 0.15625 0.486328125 0.0185546875 0.0283203125
1 0.8515625 0.751953125 0.052734375 0.0751953125
1 0.46875 0.390625 0.015625 0.025390625
0 0.5498046875 0.4091796875 0.0498046875 0.046875
1 0.279296875 0.5615234375 0.0234375 0.0390625
0 0.564453125 0.3720703125 0.029296875 0.0283203125
1 0.4541015625 0.369140625 0.0234375 0.03125
1 0.92578125 0.611328125 0.048828125 0.0419921875
1 0.1630859375 0.419921875 0.0205078125 0.0283203125
0 0.0869140625 0.388671875 0.0419921875 0.037109375
1 0.228515625 0.6767578125 0.1142578125 0.1591796875
0 0.5078125 0.337890625 0.025390625 0.0234375
0 0.49609375 0.359375 0.0263671875 0.021484375
0 0.490234375 0.3828125 0.03125 0.0341796875
1 0.0419921875 0.5615234375 0.015625 0.0361328125
1 0.595703125 0.3857421875 0.015625 0.021484375
1 0.140625 0.7958984375 0.0439453125 0.095703125
0 0.537109375 0.380859375 0.033203125 0.0234375
1 0.123046875 0.650390625 0.060546875 0.0703125
1 0.1533203125 0.6005859375 0.021484375 0.0263671875
1 0.955078125 0.8759765625 0.056640625 0.033203125
1 0.060546875 0.4814453125 0.0234375 0.037109375
1 0.1904296875 0.380859375 0.015625 0.025390625
1 0.9736328125 0.6328125 0.03125 0.0595703125
0 0.2919921875 0.419921875 0.0498046875 0.0517578125
1 0.63671875 0.439453125 0.0419921875 0.033203125
1 0.0244140625 0.5625 0.0234375 0.0498046875
1 0.107421875 0.484375 0.033203125 0.0341796875
1 0.490234375 0.431640625 0.015625 0.0234375
0 0.564453125 0.453125 0.0498046875 0.041015625
1 0.4443359375 0.6494140625 0.029296875 0.0517578125
1 0.955078125 0.529296875 0.0205078125 0.0185546875
1 0.896484375 0.5751953125 0.0390625 0.056640625
0 0.255859375 0.404296875 0.046875 0.033203125
1 0.4404296875 0.4248046875 0.037109375 0.041015625