0 0.5263671875 0.4482421875 0.056640625 0.072265625
1 0.1806640625 0.5712890625 0.0263671875 0.0517578125
1 0.244140625 0.59375 0.029296875 0.052734375
0 0.88671875 0.8291015625 0.1923828125 0.123046875
1 0.1240234375 0.58984375 0.0263671875 0.0390625
0 0.5654296875 0.525390625 0.0751953125 0.0908203125
1 0.619140625 0.5224609375 0.0283203125 0.048828125
1 0.7353515625 0.798828125 0.0576171875 0.072265625
1 0.6826171875 0.6474609375 0.0498046875 0.0703125
1 0.654296875 0.5654296875 0.0361328125 0.052734375
1 0.7294921875 0.734375 0.0595703125 0.0654296875
0 0.560546875 0.4140625 0.0439453125 0.0498046875
1 0.2646484375 0.4970703125 0.0263671875 0.03125
1 0.7998046875 0.5908203125 0.0439453125 0.0498046875
1 0.224609375 0.458984375 0.021484375 0.03125
1 0.421875 0.4853515625 0.025390625 0.0390625
1 0.6953125 0.5498046875 0.0283203125 0.0341796875
0 0.55078125 0.623046875 0.1328125 0.146484375
1 0.193359375 0.697265625 0.029296875 0.0517578125
1 0.2490234375 0.5341796875 0.0263671875 0.041015625
1 0.595703125 0.5576171875 0.0263671875 0.041015625
1 0.900390625 0.7607421875 0.056640625 0.0751953125
1 0.1630859375 0.5185546875 0.029296875 0.041015625
1 0.96875 0.69921875 0.041015625 0.0703125
1 0.146484375 0.494140625 0.0205078125 0.0263671875
1 0.150390625 0.453125 0.0185546875 0.025390625
1 0.23828125 0.4091796875 0.0205078125 0.03125
1 0.3544921875 0.427734375 0.0185546875 0.0234375
1 0.8310546875 0.65234375 0.0498046875 0.044921875
1 0.212890625 0.4052734375 0.021484375 0.029296875
1 0.5810546875 0.4755859375 0.021484375 0.0390625
1 0.11328125 0.416015625 0.0263671875 0.0263671875
1 0.1845703125 0.408203125 0.0185546875 0.029296875
1 0.7294921875 0.5390625 0.037109375 0.0439453125
0 0.4892578125 0.357421875 0.03125 0.0263671875
1 0.275390625 0.462890625 0.021484375 0.0263671875
1 0.064453125 0.4794921875 0.0390625 0.037109375
1 0.13671875 0.431640625 0.017578125 0.017578125
1 0.0869140625 0.7578125 0.0517578125 0.0625
1 0.4208984375 0.5390625 0.029296875 0.072265625
1 0.376953125 0.455078125 0.021484375 0.029296875
1 0.412109375 0.4521484375 0.025390625 0.0263671875
1 0.728515625 0.8603515625 0.068359375 0.060546875
1 0.923828125 0.6083984375 0.0390625 0.0419921875
1 0.0927734375 0.4033203125 0.0234375 0.0185546875
1 0.837890625 0.5556640625 0.0498046875 0.0546875
1 0.603515625 0.4609375 0.0205078125 0.03125
1 0.171875 0.392578125 0.0185546875 0.0234375
1 0.029296875 0.56640625 0.0341796875 0.0546875
1 0.1533203125 0.416015625 0.025390625 0.025390625
1 0.193359375 0.458984375 0.0185546875 0.0234375
0 0.46484375 0.5166015625 0.060546875 0.0830078125
1 0.451171875 0.6875 0.03125 0.0810546875
1 0.3671875 0.3955078125 0.0185546875 0.0185546875
1 0.916015625 0.658203125 0.0625 0.0517578125
0 0.52734375 0.3583984375 0.0263671875 0.0234375
1 0.955078125 0.599609375 0.037109375 0.041015625
0 0.513671875 0.3359375 0.0263671875 0.025390625
0 0.224609375 0.3515625 0.0234375 0.0185546875
1 0.8896484375 0.3857421875 0.013671875 0.021484375
0 0.228515625 0.376953125 0.048828125 0.0341796875
1 0.2060546875 0.341796875 0.015625 0.021484375
0 0.458984375 0.4140625 0.0390625 0.0439453125
0 0.5712890625 0.376953125 0.029296875 0.029296875
1 0.0947265625 0.7158203125 0.0419921875 0.0439453125
1 0.025390625 0.373046875 0.013671875 0.021484375
1 0.392578125 0.4970703125 0.015625 0.0341796875
1 0.064453125 0.384765625 0.013671875 0.0205078125
1 0.1962890625 0.541015625 0.1611328125 0.162109375
1 0.638671875 0.439453125 0.0390625 0.033203125
1 0.8447265625 0.603515625 0.0419921875 0.0390625
1 0.5361328125 0.40625 0.021484375 0.0283203125
1 0.5908203125 0.431640625 0.015625 0.0263671875
1 0.890625 0.626953125 0.1845703125 0.1796875
1 0.052734375 0.3837890625 0.015625 0.013671875
1 0.896484375 0.576171875 0.0390625 0.048828125
1 0.9755859375 0.638671875 0.0234375 0.0576171875
1 0.01953125 0.494140625 0.017578125 0.0361328125
1 0.197265625 0.3837890625 0.013671875 0.0205078125
1 0.45703125 0.458984375 0.0419921875 0.048828125
1 0.107421875 0.4853515625 0.033203125 0.029296875
1 0.107421875 0.3896484375 0.017578125 0.0205078125
1 0.8671875 0.642578125 0.0341796875 0.0673828125
0 0.3505859375 0.3203125 0.029296875 0.015625