0 0.193359375 0.7451171875 0.1220703125 0.15625
0 0.509765625 0.4248046875 0.048828125 0.0595703125
0 0.3388671875 0.7294921875 0.099609375 0.1220703125
1 0.671875 0.705078125 0.0498046875 0.0908203125
0 0.48828125 0.36328125 0.0419921875 0.0361328125
1 0.611328125 0.4853515625 0.033203125 0.048828125
1 0.5771484375 0.478515625 0.0234375 0.0439453125
1 0.5654296875 0.673828125 0.037109375 0.056640625
0 0.5400390625 0.34765625 0.0390625 0.033203125
1 0.501953125 0.560546875 0.0341796875 0.0546875
1 0.5546875 0.587890625 0.03125 0.048828125
1 0.76953125 0.623046875 0.080078125 0.0732421875
1 0.517578125 0.625 0.0517578125 0.072265625
0 0.7919921875 0.564453125 0.193359375 0.078125
1 0.63671875 0.50390625 0.0263671875 0.048828125
1 0.396484375 0.4736328125 0.0361328125 0.041015625
1 0.673828125 0.6201171875 0.0390625 0.056640625
1 0.548828125 0.375 0.017578125 0.0283203125
1 0.6015625 0.5830078125 0.0439453125 0.083984375
1 0.095703125 0.634765625 0.0390625 0.068359375
1 0.529296875 0.3701171875 0.0185546875 0.025390625
0 0.505859375 0.333984375 0.0361328125 0.029296875
1 0.369140625 0.44921875 0.0283203125 0.029296875
1 0.5498046875 0.42578125 0.03125 0.0419921875
1 0.427734375 0.68359375 0.0361328125 0.044921875
1 0.5439453125 0.537109375 0.03125 0.048828125
1 0.4970703125 0.5166015625 0.021484375 0.0361328125
1 0.3056640625 0.833984375 0.044921875 0.083984375
1 0.0224609375 0.5625 0.0205078125 0.0439453125
1 0.962890625 0.607421875 0.0439453125 0.0517578125
1 0.400390625 0.439453125 0.0263671875 0.0263671875
1 0.8408203125 0.6142578125 0.0498046875 0.0595703125
1 0.078125 0.7451171875 0.0498046875 0.0908203125
1 0.111328125 0.546875 0.0234375 0.0341796875
1 0.779296875 0.8359375 0.0654296875 0.0908203125
1 0.412109375 0.384765625 0.0185546875 0.0263671875
1 0.2392578125 0.42578125 0.03125 0.033203125
1 0.896484375 0.6162109375 0.0859375 0.0673828125
1 0.861328125 0.4990234375 0.033203125 0.0390625
0 0.63671875 0.7900390625 0.1455078125 0.1923828125
1 0.1904296875 0.345703125 0.021484375 0.0185546875
1 0.1171875 0.4833984375 0.046875 0.033203125
1 0.8857421875 0.5576171875 0.0283203125 0.037109375
1 0.5673828125 0.36328125 0.015625 0.0205078125
1 0.4111328125 0.59375 0.037109375 0.056640625
1 0.5751953125 0.447265625 0.0185546875 0.029296875
1 0.8974609375 0.380859375 0.0263671875 0.0361328125
1 0.529296875 0.486328125 0.033203125 0.0263671875
1 0.416015625 0.751953125 0.048828125 0.109375
1 0.966796875 0.529296875 0.0361328125 0.0419921875
1 0.0654296875 0.478515625 0.037109375 0.03125
1 0.3662109375 0.5908203125 0.0390625 0.046875
1 0.904296875 0.5087890625 0.041015625 0.048828125
1 0.025390625 0.7880859375 0.0341796875 0.0859375
1 0.0400390625 0.5556640625 0.017578125 0.029296875
1 0.90234375 0.8603515625 0.0732421875 0.060546875
1 0.5830078125 0.396484375 0.0126953125 0.0283203125
1 0.8271484375 0.513671875 0.017578125 0.021484375
1 0.70703125 0.62890625 0.0390625 0.060546875
1 0.033203125 0.470703125 0.046875 0.037109375
1 0.1064453125 0.400390625 0.0126953125 0.0185546875
1 0.5556640625 0.5927734375 0.1611328125 0.2421875
1 0.099609375 0.423828125 0.015625 0.017578125
1 0.1416015625 0.7958984375 0.0234375 0.0546875
1 0.158203125 0.4169921875 0.0546875 0.0283203125
1 0.9501953125 0.56640625 0.041015625 0.0419921875
1 0.8349609375 0.498046875 0.013671875 0.0205078125
1 0.7978515625 0.5966796875 0.0234375 0.0283203125
1 0.330078125 0.5966796875 0.0263671875 0.072265625
1 0.455078125 0.525390625 0.029296875 0.0341796875