0 0.193359375 0.748046875 0.123046875 0.1611328125
0 0.513671875 0.423828125 0.0517578125 0.052734375
0 0.337890625 0.7275390625 0.0986328125 0.1171875
1 0.609375 0.494140625 0.037109375 0.0498046875
0 0.486328125 0.361328125 0.0439453125 0.029296875
1 0.0673828125 0.541015625 0.0283203125 0.046875
0 0.5390625 0.3525390625 0.041015625 0.0419921875
1 0.3076171875 0.8349609375 0.0498046875 0.091796875
1 0.412109375 0.8056640625 0.048828125 0.060546875
1 0.564453125 0.3779296875 0.0234375 0.03125
1 0.076171875 0.751953125 0.048828125 0.087890625
0 0.314453125 0.474609375 0.103515625 0.0673828125
1 0.6533203125 0.525390625 0.025390625 0.048828125
0 0.509765625 0.333984375 0.029296875 0.029296875
1 0.037109375 0.755859375 0.0390625 0.0751953125
0 0.0966796875 0.39453125 0.0625 0.0361328125
1 0.580078125 0.4677734375 0.0234375 0.0419921875
1 0.552734375 0.470703125 0.025390625 0.0439453125
1 0.646484375 0.486328125 0.0205078125 0.0361328125
1 0.564453125 0.4345703125 0.017578125 0.025390625
1 0.458984375 0.783203125 0.037109375 0.056640625
1 0.501953125 0.5380859375 0.056640625 0.0517578125
1 0.470703125 0.447265625 0.0283203125 0.044921875
1 0.12890625 0.41796875 0.0361328125 0.029296875
1 0.5498046875 0.416015625 0.0185546875 0.0263671875
1 0.583984375 0.3779296875 0.0185546875 0.0283203125
1 0.439453125 0.36328125 0.0185546875 0.0234375
1 0.173828125 0.423828125 0.0205078125 0.025390625
1 0.1650390625 0.365234375 0.0107421875 0.015625
1 0.455078125 0.5537109375 0.056640625 0.060546875
1 0.0263671875 0.583984375 0.03125 0.0751953125
1 0.419921875 0.7392578125 0.046875 0.052734375
1 0.19921875 0.4375 0.0205078125 0.0341796875
1 0.6025390625 0.3896484375 0.0205078125 0.033203125
1 0.4267578125 0.681640625 0.03125 0.033203125
1 0.0673828125 0.478515625 0.0341796875 0.033203125
1 0.845703125 0.654296875 0.0498046875 0.0546875
1 0.6376953125 0.443359375 0.046875 0.033203125
1 0.021484375 0.4775390625 0.021484375 0.0361328125
1 0.59375 0.4658203125 0.015625 0.021484375
1 0.025390625 0.375 0.0126953125 0.0185546875
0 0.1953125 0.8759765625 0.0966796875 0.029296875
1 0.4375 0.7646484375 0.021484375 0.033203125
0 0.228515625 0.3671875 0.056640625 0.0341796875
1 0.455078125 0.7177734375 0.0185546875 0.0234375
1 0.1943359375 0.32421875 0.017578125 0.0205078125