0 0.6259765625 0.693359375 0.1328125 0.146484375
0 0.369140625 0.748046875 0.109375 0.1484375
1 0.6923828125 0.544921875 0.046875 0.0517578125
1 0.6357421875 0.5966796875 0.0341796875 0.056640625
0 0.154296875 0.5537109375 0.0625 0.076171875
1 0.5927734375 0.431640625 0.0205078125 0.025390625
0 0.611328125 0.490234375 0.072265625 0.09375
1 0.5087890625 0.650390625 0.0361328125 0.0498046875
1 0.7431640625 0.6865234375 0.044921875 0.0576171875
1 0.5634765625 0.443359375 0.0205078125 0.03125
0 0.22265625 0.6533203125 0.1455078125 0.171875
0 0.4443359375 0.419921875 0.048828125 0.0498046875
0 0.505859375 0.5224609375 0.0732421875 0.0859375
1 0.822265625 0.576171875 0.0830078125 0.0908203125
0 0.189453125 0.46875 0.0498046875 0.056640625
1 0.544921875 0.6064453125 0.041015625 0.068359375
1 0.4931640625 0.462890625 0.0234375 0.0390625
1 0.9423828125 0.68359375 0.083984375 0.091796875
1 0.728515625 0.537109375 0.0439453125 0.0517578125
0 0.2705078125 0.4169921875 0.0439453125 0.037109375
1 0.2802734375 0.529296875 0.0263671875 0.0498046875
0 0.435546875 0.466796875 0.0673828125 0.064453125
1 0.8779296875 0.6572265625 0.0810546875 0.080078125
1 0.158203125 0.611328125 0.033203125 0.0517578125
0 0.3017578125 0.4482421875 0.0498046875 0.0498046875
1 0.880859375 0.8291015625 0.0654296875 0.0888671875
1 0.552734375 0.4736328125 0.0185546875 0.0283203125
1 0.1435546875 0.4443359375 0.025390625 0.029296875
1 0.5595703125 0.412109375 0.0283203125 0.0439453125
0 0.228515625 0.3544921875 0.025390625 0.025390625
0 0.3486328125 0.482421875 0.078125 0.1123046875
1 0.9111328125 0.541015625 0.0341796875 0.0361328125
1 0.6376953125 0.8427734375 0.0625 0.080078125
1 0.12109375 0.7138671875 0.033203125 0.052734375
1 0.556640625 0.755859375 0.0439453125 0.0732421875
1 0.939453125 0.611328125 0.064453125 0.0546875
1 0.494140625 0.4296875 0.0283203125 0.0341796875
1 0.896484375 0.5791015625 0.0439453125 0.048828125
1 0.224609375 0.5234375 0.0263671875 0.0283203125
0 0.1904296875 0.40234375 0.037109375 0.0361328125
1 0.17578125 0.4267578125 0.017578125 0.0185546875
1 0.478515625 0.3916015625 0.025390625 0.033203125
1 0.0908203125 0.728515625 0.0283203125 0.0517578125
1 0.064453125 0.478515625 0.0341796875 0.0390625
1 0.0263671875 0.572265625 0.0283203125 0.064453125
1 0.58203125 0.37890625 0.0205078125 0.033203125
1 0.51953125 0.40625 0.0205078125 0.0283203125
1 0.287109375 0.599609375 0.0283203125 0.0498046875
1 0.9716796875 0.638671875 0.0283203125 0.052734375
1 0.5400390625 0.392578125 0.0263671875 0.044921875
0 0.5302734375 0.451171875 0.0546875 0.0654296875
1 0.4404296875 0.361328125 0.015625 0.021484375
1 0.681640625 0.5126953125 0.0234375 0.03125
1 0.6357421875 0.77734375 0.03125 0.044921875
1 0.0322265625 0.478515625 0.0419921875 0.044921875
0 0.490234375 0.359375 0.0283203125 0.03125
0 0.240234375 0.3828125 0.064453125 0.037109375
1 0.9541015625 0.529296875 0.017578125 0.015625
0 0.1875 0.3515625 0.03125 0.025390625
1 0.109375 0.4853515625 0.037109375 0.033203125
0 0.5126953125 0.33984375 0.041015625 0.0361328125
0 0.3515625 0.3203125 0.03125 0.0185546875
1 0.173828125 0.8466796875 0.0751953125 0.0751953125