1 0.6357421875 0.546875 0.041015625 0.068359375
1 0.591796875 0.513671875 0.029296875 0.044921875
1 0.689453125 0.572265625 0.0517578125 0.0810546875
1 0.59375 0.576171875 0.0341796875 0.0595703125
0 0.83203125 0.76953125 0.205078125 0.220703125
0 0.13671875 0.421875 0.044921875 0.0341796875
0 0.51171875 0.5947265625 0.107421875 0.1298828125
0 0.357421875 0.55859375 0.068359375 0.0859375
0 0.203125 0.560546875 0.0751953125 0.109375
1 0.59375 0.4697265625 0.0185546875 0.033203125
1 0.6669921875 0.734375 0.046875 0.087890625
0 0.5341796875 0.47265625 0.0625 0.080078125
1 0.7919921875 0.568359375 0.0341796875 0.0576171875
1 0.28515625 0.751953125 0.044921875 0.0810546875
1 0.6875 0.6669921875 0.0439453125 0.056640625
1 0.306640625 0.6103515625 0.037109375 0.0546875
1 0.8876953125 0.6513671875 0.072265625 0.0751953125
0 0.6728515625 0.837890625 0.169921875 0.1064453125
0 0.470703125 0.5009765625 0.060546875 0.064453125
1 0.125 0.677734375 0.0341796875 0.048828125
1 0.4931640625 0.4169921875 0.029296875 0.0439453125
1 0.84375 0.603515625 0.041015625 0.0439453125
1 0.6064453125 0.5400390625 0.021484375 0.033203125
1 0.62890625 0.5078125 0.0234375 0.03125
1 0.236328125 0.654296875 0.03125 0.0419921875
0 0.333984375 0.478515625 0.0625 0.052734375
1 0.732421875 0.537109375 0.033203125 0.037109375
0 0.45703125 0.4189453125 0.048828125 0.0625
0 0.560546875 0.41015625 0.037109375 0.048828125
1 0.9599609375 0.658203125 0.0517578125 0.0751953125
1 0.0390625 0.591796875 0.0283203125 0.064453125
1 0.1416015625 0.509765625 0.0205078125 0.037109375
1 0.158203125 0.705078125 0.03125 0.0654296875
0 0.525390625 0.423828125 0.0439453125 0.0439453125
1 0.05078125 0.7431640625 0.0390625 0.0517578125
0 0.0546875 0.3818359375 0.056640625 0.0263671875
1 0.896484375 0.587890625 0.0419921875 0.056640625
1 0.927734375 0.611328125 0.037109375 0.0390625
1 0.5234375 0.388671875 0.03125 0.029296875
0 0.23046875 0.466796875 0.0546875 0.03125
1 0.626953125 0.66796875 0.0263671875 0.0517578125
1 0.060546875 0.48046875 0.0234375 0.0361328125
1 0.6357421875 0.439453125 0.0341796875 0.033203125
1 0.55859375 0.4921875 0.013671875 0.0341796875
1 0.5869140625 0.388671875 0.033203125 0.0419921875
1 0.181640625 0.482421875 0.0185546875 0.0341796875
1 0.162109375 0.3896484375 0.017578125 0.0234375
0 0.337890625 0.3984375 0.048828125 0.041015625
1 0.583984375 0.419921875 0.021484375 0.03125
0 0.2890625 0.408203125 0.0595703125 0.060546875
1 0.1494140625 0.4794921875 0.013671875 0.025390625
1 0.8427734375 0.55859375 0.0263671875 0.0517578125
1 0.501953125 0.455078125 0.0205078125 0.0439453125
1 0.5927734375 0.4404296875 0.013671875 0.0283203125
1 0.24609375 0.3984375 0.0263671875 0.025390625
1 0.7099609375 0.5224609375 0.0205078125 0.033203125
0 0.5576171875 0.3779296875 0.03125 0.0283203125
0 0.1806640625 0.3623046875 0.0263671875 0.021484375
1 0.4501953125 0.3701171875 0.0126953125 0.025390625
1 0.435546875 0.4619140625 0.0185546875 0.029296875
1 0.1162109375 0.6279296875 0.0205078125 0.0283203125
1 0.13671875 0.458984375 0.0263671875 0.037109375
0 0.400390625 0.4384765625 0.0234375 0.0419921875
1 0.111328125 0.4833984375 0.041015625 0.0361328125
1 0.9697265625 0.525390625 0.029296875 0.0205078125
0 0.9521484375 0.5791015625 0.0673828125 0.0576171875