0 0.1923828125 0.7490234375 0.125 0.1640625
0 0.51171875 0.4228515625 0.048828125 0.0517578125
0 0.337890625 0.7265625 0.0986328125 0.119140625
1 0.306640625 0.8544921875 0.0439453125 0.0654296875
0 0.5380859375 0.353515625 0.0419921875 0.0439453125
1 0.076171875 0.759765625 0.0390625 0.0703125
1 0.0673828125 0.5380859375 0.0283203125 0.0517578125
1 0.513671875 0.47265625 0.03125 0.044921875
1 0.279296875 0.474609375 0.0283203125 0.037109375
1 0.412109375 0.8046875 0.048828125 0.0654296875
0 0.490234375 0.361328125 0.0361328125 0.0341796875
1 0.61328125 0.486328125 0.0390625 0.0498046875
1 0.5712890625 0.384765625 0.013671875 0.0234375
1 0.46875 0.4501953125 0.0283203125 0.041015625
1 0.646484375 0.4892578125 0.0205078125 0.037109375
1 0.564453125 0.4375 0.0185546875 0.025390625
1 0.5888671875 0.3916015625 0.015625 0.0263671875
1 0.099609375 0.6845703125 0.0654296875 0.072265625
1 0.458984375 0.7841796875 0.037109375 0.056640625
1 0.49609375 0.44921875 0.017578125 0.033203125
0 0.189453125 0.416015625 0.072265625 0.0390625
1 0.5498046875 0.47265625 0.021484375 0.0419921875
0 0.5107421875 0.33203125 0.0283203125 0.0263671875
1 0.4287109375 0.6689453125 0.0419921875 0.0498046875
1 0.1982421875 0.46484375 0.0283203125 0.0390625
1 0.3994140625 0.4150390625 0.0205078125 0.0263671875
1 0.46484375 0.40625 0.013671875 0.025390625
1 0.5771484375 0.4658203125 0.0205078125 0.0341796875
1 0.107421875 0.400390625 0.017578125 0.0185546875
1 0.2431640625 0.419921875 0.0234375 0.029296875
1 0.0771484375 0.3974609375 0.0205078125 0.0205078125
1 0.4208984375 0.7412109375 0.048828125 0.0546875
1 0.845703125 0.6396484375 0.0341796875 0.0732421875
1 0.583984375 0.619140625 0.0283203125 0.046875
1 0.1669921875 0.365234375 0.0126953125 0.015625
1 0.4658203125 0.365234375 0.0185546875 0.0263671875
0 0.916015625 0.5703125 0.1376953125 0.0751953125
1 0.044921875 0.712890625 0.0439453125 0.072265625
1 0.20703125 0.3564453125 0.013671875 0.0185546875
1 0.0595703125 0.478515625 0.021484375 0.0361328125
1 0.5947265625 0.46875 0.017578125 0.025390625
0 0.1953125 0.876953125 0.1220703125 0.0283203125
1 0.0283203125 0.576171875 0.03125 0.0703125
1 0.228515625 0.3583984375 0.0126953125 0.017578125
1 0.904296875 0.49609375 0.0263671875 0.029296875
1 0.177734375 0.326171875 0.0205078125 0.021484375
1 0.248046875 0.3544921875 0.013671875 0.021484375
1 0.5478515625 0.41796875 0.013671875 0.0234375
1 0.330078125 0.3564453125 0.0185546875 0.025390625
1 0.62109375 0.455078125 0.013671875 0.0263671875
1 0.8994140625 0.8642578125 0.048828125 0.046875
1 0.3623046875 0.8349609375 0.068359375 0.0888671875
1 0.255859375 0.388671875 0.0263671875 0.0390625
1 0.0732421875 0.3388671875 0.015625 0.0185546875