0 0.6494140625 0.61328125 0.126953125 0.142578125
0 0.189453125 0.80078125 0.138671875 0.1767578125
0 0.51171875 0.5673828125 0.0830078125 0.099609375
0 0.5673828125 0.5205078125 0.072265625 0.083984375
1 0.369140625 0.580078125 0.033203125 0.052734375
0 0.337890625 0.7265625 0.1015625 0.115234375
1 0.681640625 0.5390625 0.0390625 0.052734375
1 0.7724609375 0.654296875 0.0546875 0.0830078125
1 0.400390625 0.46875 0.0234375 0.03125
0 0.5390625 0.341796875 0.03125 0.0283203125
1 0.916015625 0.767578125 0.0361328125 0.060546875
1 0.919921875 0.70703125 0.046875 0.060546875
0 0.4892578125 0.3603515625 0.0341796875 0.033203125
1 0.6494140625 0.525390625 0.0361328125 0.0419921875
0 0.51171875 0.396484375 0.0390625 0.048828125
1 0.908203125 0.537109375 0.037109375 0.0390625
1 0.8779296875 0.6767578125 0.052734375 0.0625
1 0.1591796875 0.5302734375 0.025390625 0.0390625
1 0.4560546875 0.521484375 0.0283203125 0.0439453125
1 0.634765625 0.494140625 0.0234375 0.0263671875
1 0.6103515625 0.7275390625 0.0517578125 0.060546875
1 0.5927734375 0.435546875 0.0234375 0.0341796875
1 0.0712890625 0.48046875 0.0361328125 0.033203125
1 0.4453125 0.837890625 0.041015625 0.072265625
0 0.509765625 0.33203125 0.0263671875 0.0263671875
1 0.783203125 0.5595703125 0.0498046875 0.0498046875
1 0.501953125 0.48828125 0.025390625 0.0390625
1 0.8486328125 0.564453125 0.0341796875 0.0439453125
1 0.4189453125 0.421875 0.021484375 0.03125
1 0.525390625 0.48828125 0.0283203125 0.0390625
1 0.107421875 0.482421875 0.037109375 0.0341796875
1 0.7490234375 0.5888671875 0.0390625 0.0341796875
1 0.1025390625 0.40625 0.0263671875 0.03125
1 0.9052734375 0.6201171875 0.0546875 0.0595703125
1 0.58984375 0.47265625 0.0234375 0.0263671875
1 0.0322265625 0.5595703125 0.0390625 0.041015625
1 0.451171875 0.3603515625 0.0185546875 0.0263671875
1 0.4267578125 0.4599609375 0.025390625 0.0361328125
1 0.7109375 0.6064453125 0.0283203125 0.041015625
1 0.884765625 0.5869140625 0.029296875 0.044921875
0 0.8310546875 0.5029296875 0.0966796875 0.072265625
0 0.9580078125 0.5771484375 0.056640625 0.0546875
1 0.8154296875 0.6455078125 0.041015625 0.041015625
1 0.869140625 0.876953125 0.0517578125 0.0263671875
1 0.888671875 0.7998046875 0.037109375 0.046875
1 0.072265625 0.6767578125 0.076171875 0.0595703125
1 0.4169921875 0.400390625 0.015625 0.0234375
1 0.517578125 0.45703125 0.0185546875 0.033203125
1 0.9609375 0.6357421875 0.056640625 0.078125
1 0.142578125 0.873046875 0.0654296875 0.0361328125
1 0.65234375 0.470703125 0.0361328125 0.0361328125
1 0.5517578125 0.455078125 0.0283203125 0.033203125
1 0.587890625 0.3974609375 0.029296875 0.044921875
1 0.7509765625 0.875 0.0263671875 0.025390625
1 0.1533203125 0.490234375 0.0185546875 0.0263671875
1 0.380859375 0.4423828125 0.015625 0.021484375
1 0.4833984375 0.4208984375 0.0234375 0.0390625
1 0.810546875 0.5380859375 0.0283203125 0.0419921875
0 0.2314453125 0.3447265625 0.021484375 0.0263671875
1 0.853515625 0.619140625 0.255859375 0.228515625
1 0.0341796875 0.47265625 0.0439453125 0.044921875
1 0.037109375 0.85546875 0.033203125 0.0576171875
1 0.0263671875 0.8046875 0.03125 0.037109375
0 0.673828125 0.826171875 0.1689453125 0.1220703125
1 0.4833984375 0.6357421875 0.0390625 0.046875
1 0.490234375 0.4541015625 0.029296875 0.0419921875
1 0.5947265625 0.623046875 0.017578125 0.0419921875