0 0.1923828125 0.748046875 0.125 0.1611328125
0 0.513671875 0.4228515625 0.0576171875 0.0576171875
0 0.3388671875 0.7265625 0.0966796875 0.119140625
1 0.0791015625 0.7607421875 0.0419921875 0.068359375
1 0.5166015625 0.4755859375 0.0361328125 0.044921875
0 0.5380859375 0.353515625 0.0419921875 0.044921875
1 0.306640625 0.85546875 0.048828125 0.060546875
0 0.490234375 0.361328125 0.037109375 0.0341796875
1 0.427734375 0.654296875 0.037109375 0.0654296875
0 0.1533203125 0.4072265625 0.072265625 0.0419921875
1 0.576171875 0.3955078125 0.0234375 0.03125
1 0.6435546875 0.4912109375 0.025390625 0.0390625
1 0.11328125 0.673828125 0.0517578125 0.064453125
0 0.509765625 0.333984375 0.029296875 0.029296875
1 0.609375 0.4931640625 0.037109375 0.044921875
1 0.412109375 0.8095703125 0.048828125 0.056640625
1 0.560546875 0.466796875 0.0234375 0.0390625
1 0.068359375 0.533203125 0.0283203125 0.046875
1 0.234375 0.4541015625 0.025390625 0.033203125
1 0.4541015625 0.369140625 0.0205078125 0.029296875
1 0.458984375 0.783203125 0.0390625 0.0546875
1 0.4970703125 0.453125 0.0185546875 0.03125
1 0.466796875 0.4521484375 0.0341796875 0.0419921875
1 0.1630859375 0.44140625 0.0234375 0.033203125
1 0.9208984375 0.556640625 0.060546875 0.046875
0 0.826171875 0.5615234375 0.1484375 0.0703125
1 0.6875 0.830078125 0.0498046875 0.0986328125
1 0.466796875 0.419921875 0.017578125 0.025390625
1 0.4267578125 0.705078125 0.0439453125 0.0576171875
1 0.5673828125 0.3759765625 0.0185546875 0.0234375
1 0.4130859375 0.4228515625 0.0205078125 0.029296875
1 0.564453125 0.4326171875 0.015625 0.025390625
1 0.521484375 0.810546875 0.0283203125 0.0576171875
1 0.595703125 0.4677734375 0.015625 0.0234375
1 0.6201171875 0.462890625 0.0185546875 0.0283203125
1 0.220703125 0.37109375 0.025390625 0.0263671875
1 0.580078125 0.46484375 0.021484375 0.0361328125
1 0.6787109375 0.5126953125 0.0234375 0.041015625
1 0.330078125 0.357421875 0.015625 0.021484375
1 0.1669921875 0.365234375 0.0126953125 0.0185546875
1 0.8466796875 0.6611328125 0.0439453125 0.052734375
0 0.197265625 0.8759765625 0.1279296875 0.029296875
1 0.0595703125 0.5869140625 0.03125 0.064453125
1 0.248046875 0.3544921875 0.0126953125 0.021484375
1 0.060546875 0.48046875 0.0234375 0.0390625
1 0.1015625 0.47265625 0.041015625 0.044921875
1 0.0625 0.384765625 0.0185546875 0.0205078125
1 0.427734375 0.357421875 0.013671875 0.0185546875
1 0.0244140625 0.373046875 0.017578125 0.0205078125
0 0.185546875 0.32421875 0.037109375 0.0234375
1 0.8916015625 0.384765625 0.017578125 0.0283203125
1 0.966796875 0.57421875 0.037109375 0.0546875
1 0.5478515625 0.4169921875 0.013671875 0.021484375
1 0.1455078125 0.423828125 0.015625 0.0263671875