0 0.193359375 0.7470703125 0.123046875 0.1591796875
0 0.509765625 0.4248046875 0.048828125 0.0595703125
0 0.337890625 0.7275390625 0.099609375 0.1201171875
1 0.552734375 0.587890625 0.041015625 0.060546875
1 0.607421875 0.5830078125 0.046875 0.0595703125
1 0.6103515625 0.486328125 0.033203125 0.046875
1 0.0888671875 0.646484375 0.0341796875 0.048828125
0 0.4892578125 0.361328125 0.0439453125 0.0361328125
1 0.6689453125 0.71875 0.0439453125 0.099609375
0 0.5390625 0.349609375 0.041015625 0.0361328125
0 0.8134765625 0.564453125 0.2265625 0.080078125
1 0.5107421875 0.61328125 0.041015625 0.060546875
1 0.775390625 0.640625 0.0810546875 0.068359375
1 0.759765625 0.8427734375 0.068359375 0.0859375
1 0.6357421875 0.505859375 0.025390625 0.0419921875
1 0.6767578125 0.623046875 0.037109375 0.060546875
1 0.548828125 0.3759765625 0.017578125 0.0263671875
1 0.1103515625 0.546875 0.0263671875 0.0498046875
1 0.376953125 0.4541015625 0.0283203125 0.0263671875
1 0.5751953125 0.486328125 0.03125 0.041015625
1 0.427734375 0.6806640625 0.0361328125 0.0517578125
1 0.5478515625 0.4287109375 0.029296875 0.0361328125
1 0.078125 0.748046875 0.0498046875 0.0888671875
1 0.3076171875 0.849609375 0.041015625 0.0595703125
1 0.55078125 0.677734375 0.0517578125 0.0576171875
1 0.0693359375 0.48046875 0.044921875 0.0390625
1 0.548828125 0.533203125 0.0341796875 0.044921875
1 0.8408203125 0.6103515625 0.046875 0.048828125
1 0.0234375 0.5625 0.021484375 0.041015625
1 0.40234375 0.4775390625 0.044921875 0.0419921875
1 0.9091796875 0.5302734375 0.0439453125 0.0419921875
0 0.505859375 0.333984375 0.037109375 0.03125
1 0.8447265625 0.49609375 0.064453125 0.044921875
1 0.962890625 0.6025390625 0.0419921875 0.048828125
1 0.41015625 0.6015625 0.048828125 0.078125
1 0.892578125 0.3828125 0.0185546875 0.0283203125
1 0.185546875 0.34375 0.0205078125 0.0185546875
1 0.57421875 0.4501953125 0.0234375 0.0283203125
1 0.5029296875 0.572265625 0.03125 0.046875
1 0.5439453125 0.4921875 0.041015625 0.0341796875
1 0.8876953125 0.8623046875 0.072265625 0.056640625
1 0.7119140625 0.47265625 0.0419921875 0.033203125
1 0.9580078125 0.546875 0.046875 0.037109375
1 0.8828125 0.626953125 0.046875 0.0498046875
1 0.4560546875 0.365234375 0.0283203125 0.03125
1 0.4169921875 0.7685546875 0.052734375 0.1064453125
1 0.369140625 0.5927734375 0.048828125 0.044921875
1 0.564453125 0.5615234375 0.1591796875 0.173828125
1 0.505859375 0.5146484375 0.021484375 0.0361328125
1 0.16796875 0.4208984375 0.0517578125 0.033203125
1 0.220703125 0.3525390625 0.015625 0.0205078125
1 0.583984375 0.3955078125 0.0107421875 0.0283203125
1 0.619140625 0.53125 0.017578125 0.0341796875
1 0.7978515625 0.4833984375 0.0361328125 0.0390625
1 0.5703125 0.748046875 0.041015625 0.1015625
1 0.6796875 0.6640625 0.021484375 0.041015625
1 0.1123046875 0.482421875 0.0439453125 0.0390625
1 0.0400390625 0.556640625 0.017578125 0.0283203125
1 0.095703125 0.419921875 0.03125 0.0263671875
1 0.708984375 0.6220703125 0.0419921875 0.056640625
1 0.4130859375 0.38671875 0.044921875 0.0361328125
1 0.783203125 0.59375 0.03125 0.056640625
1 0.029296875 0.8037109375 0.041015625 0.091796875
1 0.033203125 0.47265625 0.044921875 0.0419921875
1 0.2529296875 0.43359375 0.0283203125 0.0234375
1 0.1171875 0.3935546875 0.0283203125 0.0283203125
1 0.9580078125 0.521484375 0.021484375 0.029296875
1 0.578125 0.3671875 0.025390625 0.0341796875
1 0.4072265625 0.43359375 0.0234375 0.029296875
0 0.197265625 0.875 0.0908203125 0.0283203125
1 0.658203125 0.84765625 0.109375 0.076171875
1 0.0224609375 0.380859375 0.017578125 0.03125
1 0.134765625 0.7880859375 0.033203125 0.0546875