0 0.322265625 0.80078125 0.142578125 0.1767578125
0 0.2001953125 0.685546875 0.1064453125 0.119140625
0 0.240234375 0.5078125 0.0625 0.068359375
1 0.107421875 0.7041015625 0.0498046875 0.064453125
1 0.166015625 0.533203125 0.025390625 0.0439453125
1 0.724609375 0.533203125 0.0517578125 0.0517578125
0 0.3173828125 0.6484375 0.0908203125 0.109375
0 0.224609375 0.578125 0.078125 0.0908203125
1 0.55078125 0.7216796875 0.033203125 0.0625
1 0.822265625 0.572265625 0.087890625 0.0908203125
1 0.1142578125 0.564453125 0.025390625 0.0419921875
1 0.900390625 0.5458984375 0.0439453125 0.0419921875
0 0.3212890625 0.546875 0.0703125 0.0810546875
0 0.505859375 0.3515625 0.037109375 0.046875
1 0.4189453125 0.451171875 0.0185546875 0.0283203125
1 0.0439453125 0.583984375 0.03125 0.0498046875
1 0.0693359375 0.478515625 0.0390625 0.037109375
1 0.1845703125 0.5048828125 0.025390625 0.0439453125
1 0.560546875 0.390625 0.017578125 0.025390625
1 0.591796875 0.3916015625 0.021484375 0.033203125
1 0.123046875 0.517578125 0.0234375 0.033203125
1 0.8974609375 0.654296875 0.0859375 0.0888671875
1 0.958984375 0.6982421875 0.056640625 0.078125
1 0.173828125 0.466796875 0.0205078125 0.0283203125
1 0.734375 0.7890625 0.0498046875 0.0908203125
1 0.146484375 0.462890625 0.021484375 0.0341796875
1 0.966796875 0.521484375 0.037109375 0.0283203125
1 0.1435546875 0.615234375 0.0341796875 0.0595703125
0 0.482421875 0.474609375 0.0859375 0.080078125
1 0.8251953125 0.5185546875 0.0341796875 0.041015625
1 0.021484375 0.4755859375 0.021484375 0.029296875
1 0.189453125 0.470703125 0.015625 0.029296875
1 0.37109375 0.466796875 0.013671875 0.029296875
1 0.8955078125 0.587890625 0.0439453125 0.0595703125
1 0.486328125 0.560546875 0.021484375 0.0361328125
0 0.533203125 0.330078125 0.044921875 0.03125
0 0.244140625 0.3974609375 0.064453125 0.060546875
1 0.4296875 0.4140625 0.041015625 0.0439453125
1 0.20703125 0.8515625 0.0576171875 0.072265625
1 0.73046875 0.4990234375 0.0517578125 0.033203125
1 0.025390625 0.5615234375 0.025390625 0.048828125
1 0.1962890625 0.423828125 0.0205078125 0.025390625
1 0.107421875 0.8720703125 0.0595703125 0.037109375
1 0.7998046875 0.517578125 0.025390625 0.0390625
0 0.1494140625 0.421875 0.033203125 0.041015625
1 0.6337890625 0.443359375 0.044921875 0.0361328125
0 0.951171875 0.5771484375 0.068359375 0.060546875
1 0.70703125 0.466796875 0.0205078125 0.029296875
1 0.970703125 0.630859375 0.0361328125 0.068359375
1 0.4208984375 0.3818359375 0.0263671875 0.0263671875
1 0.939453125 0.521484375 0.0234375 0.0283203125
1 0.560546875 0.369140625 0.021484375 0.0283203125
1 0.4580078125 0.3603515625 0.0185546875 0.0361328125
0 0.068359375 0.32421875 0.0361328125 0.0234375