0 0.328125 0.7666015625 0.125 0.1767578125
0 0.5498046875 0.490234375 0.068359375 0.076171875
0 0.2099609375 0.646484375 0.095703125 0.109375
1 0.69140625 0.537109375 0.048828125 0.052734375
1 0.759765625 0.677734375 0.041015625 0.068359375
1 0.7119140625 0.603515625 0.044921875 0.0751953125
1 0.8173828125 0.57421875 0.0751953125 0.080078125
0 0.322265625 0.5634765625 0.0732421875 0.0830078125
0 0.228515625 0.5478515625 0.0703125 0.080078125
1 0.5888671875 0.466796875 0.03125 0.0341796875
1 0.947265625 0.685546875 0.078125 0.0888671875
0 0.240234375 0.482421875 0.0546875 0.060546875
1 0.6279296875 0.552734375 0.0283203125 0.0498046875
0 0.302734375 0.453125 0.048828125 0.0595703125
0 0.154296875 0.439453125 0.048828125 0.0625
1 0.4287109375 0.47265625 0.013671875 0.029296875
1 0.060546875 0.4833984375 0.0234375 0.029296875
1 0.4765625 0.490234375 0.03125 0.048828125
1 0.126953125 0.666015625 0.041015625 0.0732421875
1 0.029296875 0.560546875 0.033203125 0.0439453125
1 0.732421875 0.5380859375 0.044921875 0.048828125
1 0.4130859375 0.6494140625 0.033203125 0.048828125
1 0.0556640625 0.7763671875 0.044921875 0.056640625
1 0.89453125 0.6484375 0.0732421875 0.078125
1 0.564453125 0.5224609375 0.025390625 0.029296875
1 0.873046875 0.8701171875 0.060546875 0.0439453125
0 0.1923828125 0.380859375 0.03125 0.03125
1 0.2451171875 0.724609375 0.037109375 0.0595703125
1 0.896484375 0.580078125 0.041015625 0.0498046875
1 0.6650390625 0.84375 0.0419921875 0.078125
1 0.615234375 0.4912109375 0.021484375 0.0361328125
0 0.513671875 0.40234375 0.037109375 0.044921875
1 0.0888671875 0.6650390625 0.0498046875 0.0830078125
1 0.474609375 0.673828125 0.044921875 0.0595703125
0 0.2314453125 0.3525390625 0.037109375 0.0263671875
1 0.544921875 0.7958984375 0.0498046875 0.044921875
1 0.15625 0.529296875 0.025390625 0.037109375
1 0.8984375 0.544921875 0.03125 0.037109375
1 0.162109375 0.388671875 0.0185546875 0.0234375
0 0.4775390625 0.369140625 0.0361328125 0.0283203125
1 0.138671875 0.4931640625 0.033203125 0.0517578125
0 0.509765625 0.3349609375 0.0283203125 0.0234375
1 0.927734375 0.607421875 0.0498046875 0.0390625
1 0.099609375 0.474609375 0.041015625 0.0439453125
1 0.19140625 0.4765625 0.017578125 0.0341796875
0 0.5556640625 0.3740234375 0.033203125 0.033203125
1 0.0615234375 0.720703125 0.033203125 0.029296875
0 0.03515625 0.50390625 0.0517578125 0.0576171875
0 0.4658203125 0.419921875 0.041015625 0.0546875
1 0.9599609375 0.591796875 0.0390625 0.0419921875
0 0.6396484375 0.4453125 0.029296875 0.0283203125
1 0.9736328125 0.6328125 0.0283203125 0.0625
0 0.521484375 0.462890625 0.2080078125 0.28125
0 0.5263671875 0.3544921875 0.037109375 0.03125
1 0.818359375 0.533203125 0.025390625 0.0390625
1 0.4208984375 0.4248046875 0.0205078125 0.037109375
1 0.5634765625 0.4169921875 0.029296875 0.0498046875
1 0.486328125 0.5341796875 0.033203125 0.0595703125