0 0.591796875 0.552734375 0.087890625 0.111328125
0 0.337890625 0.724609375 0.099609375 0.115234375
0 0.4892578125 0.5263671875 0.0654296875 0.0908203125
0 0.59765625 0.7255859375 0.1357421875 0.169921875
1 0.79296875 0.5712890625 0.0576171875 0.060546875
1 0.7421875 0.638671875 0.046875 0.0703125
1 0.7099609375 0.564453125 0.033203125 0.046875
0 0.48828125 0.3623046875 0.033203125 0.03125
1 0.15234375 0.5693359375 0.029296875 0.064453125
0 0.513671875 0.392578125 0.0439453125 0.0390625
1 0.9130859375 0.697265625 0.060546875 0.0546875
1 0.6748046875 0.572265625 0.0341796875 0.0576171875
1 0.853515625 0.5517578125 0.0341796875 0.041015625
1 0.685546875 0.716796875 0.0517578125 0.078125
1 0.5908203125 0.4853515625 0.021484375 0.029296875
1 0.849609375 0.65625 0.080078125 0.056640625
1 0.8271484375 0.59375 0.0419921875 0.046875
1 0.9658203125 0.6220703125 0.041015625 0.056640625
1 0.724609375 0.53125 0.0341796875 0.041015625
1 0.150390625 0.6630859375 0.033203125 0.048828125
0 0.7294921875 0.474609375 0.15625 0.078125
1 0.6337890625 0.529296875 0.0263671875 0.0341796875
1 0.8095703125 0.7109375 0.046875 0.0810546875
1 0.958984375 0.70703125 0.048828125 0.0546875
1 0.5234375 0.6181640625 0.03125 0.060546875
0 0.509765625 0.3369140625 0.033203125 0.0361328125
1 0.916015625 0.541015625 0.0390625 0.03125
1 0.5048828125 0.462890625 0.0439453125 0.041015625
1 0.421875 0.7548828125 0.0341796875 0.068359375
0 0.2255859375 0.359375 0.029296875 0.03125
1 0.056640625 0.4833984375 0.0234375 0.033203125
1 0.55078125 0.447265625 0.017578125 0.0234375
0 0.5419921875 0.33984375 0.03125 0.029296875
1 0.818359375 0.5283203125 0.029296875 0.03125
0 0.861328125 0.84765625 0.171875 0.080078125
1 0.9052734375 0.62890625 0.060546875 0.060546875
1 0.16015625 0.4521484375 0.013671875 0.0205078125
1 0.607421875 0.443359375 0.015625 0.0263671875
0 0.5439453125 0.478515625 0.0498046875 0.052734375
1 0.580078125 0.439453125 0.025390625 0.029296875
1 0.197265625 0.37890625 0.0185546875 0.029296875
1 0.4267578125 0.435546875 0.0185546875 0.03125
1 0.021484375 0.4833984375 0.025390625 0.044921875
0 0.3798828125 0.439453125 0.0283203125 0.037109375
1 0.109375 0.4853515625 0.0341796875 0.033203125
1 0.8896484375 0.380859375 0.017578125 0.033203125
1 0.89453125 0.5888671875 0.0361328125 0.0439453125
1 0.6630859375 0.5078125 0.0205078125 0.0341796875
0 0.2109375 0.837890625 0.130859375 0.1044921875
0 0.3544921875 0.3203125 0.03125 0.015625
1 0.1640625 0.3623046875 0.025390625 0.025390625
1 0.0224609375 0.560546875 0.0205078125 0.0439453125
1 0.453125 0.50390625 0.0283203125 0.044921875
0 0.455078125 0.4677734375 0.0361328125 0.0419921875
1 0.4521484375 0.3603515625 0.017578125 0.0263671875