0 0.322265625 0.7978515625 0.146484375 0.1767578125
1 0.5400390625 0.544921875 0.0263671875 0.0439453125
1 0.537109375 0.654296875 0.037109375 0.0546875
1 0.6689453125 0.6953125 0.041015625 0.0654296875
1 0.390625 0.65234375 0.0341796875 0.0546875
1 0.4931640625 0.5537109375 0.0263671875 0.048828125
0 0.2216796875 0.5908203125 0.078125 0.087890625
0 0.3154296875 0.650390625 0.0908203125 0.109375
1 0.560546875 0.599609375 0.0263671875 0.048828125
1 0.7255859375 0.673828125 0.0390625 0.060546875
1 0.6904296875 0.548828125 0.046875 0.052734375
1 0.556640625 0.498046875 0.0185546875 0.03125
1 0.5634765625 0.390625 0.017578125 0.025390625
1 0.591796875 0.39453125 0.0185546875 0.0263671875
1 0.126953125 0.6591796875 0.029296875 0.0498046875
1 0.611328125 0.5810546875 0.0234375 0.041015625
1 0.822265625 0.5830078125 0.0830078125 0.0810546875
0 0.240234375 0.509765625 0.064453125 0.0751953125
1 0.623046875 0.740234375 0.0419921875 0.0654296875
1 0.162109375 0.609375 0.033203125 0.046875
0 0.322265625 0.5517578125 0.0703125 0.0810546875
1 0.494140625 0.458984375 0.017578125 0.029296875
1 0.9462890625 0.693359375 0.076171875 0.0751953125
1 0.421875 0.619140625 0.0439453125 0.0517578125
0 0.3271484375 0.490234375 0.0673828125 0.0595703125
1 0.5078125 0.3662109375 0.0185546875 0.0263671875
1 0.126953125 0.4951171875 0.0234375 0.03125
0 0.505859375 0.3447265625 0.03125 0.033203125
1 0.1748046875 0.529296875 0.0283203125 0.041015625
1 0.48828125 0.396484375 0.017578125 0.033203125
0 0.48046875 0.3583984375 0.033203125 0.033203125
1 0.5400390625 0.5107421875 0.0234375 0.03125
1 0.111328125 0.54296875 0.025390625 0.0546875
1 0.048828125 0.587890625 0.029296875 0.0498046875
1 0.890625 0.6435546875 0.0751953125 0.068359375
1 0.42578125 0.5791015625 0.0234375 0.0419921875
1 0.1689453125 0.4873046875 0.037109375 0.0439453125
1 0.8974609375 0.5439453125 0.0361328125 0.041015625
0 0.533203125 0.35546875 0.0341796875 0.0361328125
1 0.6416015625 0.4560546875 0.033203125 0.037109375
1 0.3896484375 0.3916015625 0.0205078125 0.0263671875
1 0.7314453125 0.5400390625 0.041015625 0.044921875
0 0.2548828125 0.3984375 0.0498046875 0.0498046875
1 0.0244140625 0.5654296875 0.0234375 0.0498046875
1 0.947265625 0.5224609375 0.0185546875 0.0234375
1 0.6201171875 0.53515625 0.0283203125 0.060546875
1 0.185546875 0.4619140625 0.021484375 0.0263671875
1 0.21875 0.412109375 0.0283203125 0.0341796875
0 0.833984375 0.84765625 0.166015625 0.0830078125
1 0.1494140625 0.416015625 0.0234375 0.025390625
1 0.896484375 0.5849609375 0.046875 0.0576171875
1 0.5244140625 0.5498046875 0.1142578125 0.119140625
1 0.1064453125 0.501953125 0.0283203125 0.0341796875
1 0.173828125 0.4208984375 0.0341796875 0.033203125
1 0.0625 0.7626953125 0.0498046875 0.1279296875
1 0.20703125 0.45703125 0.0205078125 0.033203125
0 0.052734375 0.5166015625 0.083984375 0.095703125
1 0.2431640625 0.3583984375 0.013671875 0.0205078125
1 0.8916015625 0.384765625 0.017578125 0.0283203125
1 0.3701171875 0.365234375 0.021484375 0.0234375
1 0.7197265625 0.4638671875 0.017578125 0.0341796875
1 0.05859375 0.478515625 0.0234375 0.0341796875
1 0.556640625 0.470703125 0.0185546875 0.0283203125
1 0.455078125 0.359375 0.0205078125 0.03125
1 0.943359375 0.61328125 0.0810546875 0.0576171875
1 0.19140625 0.80859375 0.048828125 0.0703125
1 0.416015625 0.388671875 0.015625 0.021484375
1 0.841796875 0.5390625 0.025390625 0.03125
1 0.9326171875 0.65234375 0.03125 0.044921875