0 0.193359375 0.75 0.123046875 0.162109375
1 0.515625 0.673828125 0.0439453125 0.064453125
0 0.51171875 0.4296875 0.044921875 0.056640625
1 0.5966796875 0.6708984375 0.041015625 0.0703125
1 0.5576171875 0.7431640625 0.0439453125 0.0859375
0 0.33984375 0.7265625 0.0986328125 0.115234375
1 0.69921875 0.6728515625 0.0390625 0.0703125
1 0.62109375 0.7607421875 0.044921875 0.087890625
1 0.8037109375 0.748046875 0.0703125 0.0830078125
1 0.880859375 0.677734375 0.0751953125 0.0751953125
1 0.076171875 0.7607421875 0.041015625 0.0751953125
1 0.8076171875 0.66796875 0.072265625 0.076171875
1 0.5947265625 0.4853515625 0.0234375 0.0361328125
0 0.4873046875 0.3603515625 0.041015625 0.033203125
1 0.431640625 0.6767578125 0.041015625 0.0654296875
1 0.4873046875 0.4912109375 0.0283203125 0.044921875
0 0.537109375 0.349609375 0.044921875 0.0361328125
1 0.6337890625 0.57421875 0.033203125 0.0546875
1 0.5751953125 0.5791015625 0.0283203125 0.0517578125
1 0.6337890625 0.486328125 0.029296875 0.0341796875
1 0.3056640625 0.86328125 0.0361328125 0.0546875
1 0.5185546875 0.4814453125 0.041015625 0.0498046875
1 0.4091796875 0.533203125 0.0341796875 0.052734375
1 0.7265625 0.626953125 0.0439453125 0.0546875
1 0.626953125 0.52734375 0.0361328125 0.0419921875
1 0.4560546875 0.513671875 0.0341796875 0.048828125
0 0.9208984375 0.5703125 0.1298828125 0.068359375
1 0.7373046875 0.7509765625 0.0498046875 0.0732421875
1 0.703125 0.5791015625 0.056640625 0.0546875
1 0.55078125 0.4248046875 0.0205078125 0.037109375
1 0.65625 0.6884765625 0.046875 0.048828125
1 0.7724609375 0.583984375 0.0517578125 0.0517578125
1 0.537109375 0.5361328125 0.03125 0.052734375
1 0.375 0.451171875 0.037109375 0.0283203125
1 0.658203125 0.6240234375 0.0361328125 0.0517578125
1 0.69140625 0.462890625 0.0361328125 0.0341796875
1 0.2978515625 0.591796875 0.0390625 0.0654296875
1 0.5078125 0.6201171875 0.037109375 0.0498046875
1 0.5830078125 0.4501953125 0.021484375 0.0341796875
1 0.5654296875 0.533203125 0.021484375 0.0341796875
1 0.8896484375 0.607421875 0.0517578125 0.0439453125
1 0.0888671875 0.6025390625 0.0283203125 0.0390625
1 0.0771484375 0.3427734375 0.017578125 0.017578125
1 0.451171875 0.3740234375 0.0185546875 0.0263671875
1 0.0302734375 0.802734375 0.0390625 0.0595703125
1 0.85546875 0.8740234375 0.048828125 0.033203125
1 0.9453125 0.634765625 0.078125 0.0654296875
1 0.029296875 0.5654296875 0.033203125 0.046875
1 0.607421875 0.5869140625 0.0263671875 0.0419921875
1 0.595703125 0.521484375 0.021484375 0.041015625
1 0.5712890625 0.423828125 0.0205078125 0.0341796875
1 0.6669921875 0.525390625 0.0439453125 0.0419921875
1 0.533203125 0.580078125 0.0234375 0.0341796875
1 0.5615234375 0.447265625 0.017578125 0.0263671875
1 0.2529296875 0.6015625 0.0283203125 0.072265625
1 0.6787109375 0.6669921875 0.2236328125 0.28125
1 0.8486328125 0.5888671875 0.03125 0.041015625
1 0.2255859375 0.349609375 0.0234375 0.025390625
1 0.5751953125 0.388671875 0.015625 0.0361328125
1 0.548828125 0.375 0.017578125 0.03125
1 0.078125 0.478515625 0.0595703125 0.0390625
1 0.462890625 0.728515625 0.0341796875 0.1064453125
0 0.927734375 0.51171875 0.109375 0.064453125
0 0.3525390625 0.322265625 0.033203125 0.0185546875
1 0.0234375 0.3740234375 0.0126953125 0.0234375
1 0.474609375 0.423828125 0.0283203125 0.0390625
1 0.177734375 0.328125 0.0185546875 0.0185546875
1 0.642578125 0.4560546875 0.0263671875 0.0283203125
1 0.466796875 0.353515625 0.0126953125 0.025390625
1 0.8876953125 0.384765625 0.0126953125 0.0283203125
1 0.736328125 0.5546875 0.0283203125 0.037109375
1 0.486328125 0.5859375 0.0283203125 0.037109375
1 0.20703125 0.6162109375 0.0263671875 0.0732421875
1 0.720703125 0.8427734375 0.1279296875 0.0986328125
1 0.5458984375 0.3994140625 0.013671875 0.0263671875
1 0.4873046875 0.4892578125 0.1845703125 0.166015625
1 0.12109375 0.35546875 0.0263671875 0.0263671875
0 0.2431640625 0.3759765625 0.064453125 0.0234375
0 0.1982421875 0.8759765625 0.083984375 0.029296875
1 0.8369140625 0.7060546875 0.0263671875 0.0595703125