1 0.6640625 0.572265625 0.037109375 0.046875
1 0.5947265625 0.5322265625 0.029296875 0.048828125
1 0.404296875 0.779296875 0.0390625 0.068359375
1 0.728515625 0.6240234375 0.0439453125 0.0546875
1 0.07421875 0.708984375 0.0361328125 0.0576171875
0 0.125 0.416015625 0.0498046875 0.037109375
0 0.353515625 0.5400390625 0.068359375 0.080078125
0 0.5380859375 0.478515625 0.060546875 0.078125
0 0.5263671875 0.6123046875 0.115234375 0.134765625
1 0.8115234375 0.5908203125 0.064453125 0.0654296875
1 0.6318359375 0.525390625 0.0263671875 0.0390625
0 0.486328125 0.517578125 0.0595703125 0.060546875
1 0.6240234375 0.626953125 0.0263671875 0.0439453125
0 0.560546875 0.41015625 0.0439453125 0.0517578125
0 0.203125 0.5341796875 0.072265625 0.099609375
1 0.29296875 0.697265625 0.0419921875 0.078125
1 0.59765625 0.4736328125 0.0234375 0.041015625
1 0.7451171875 0.716796875 0.0498046875 0.0576171875
1 0.3017578125 0.576171875 0.0341796875 0.0546875
1 0.701171875 0.552734375 0.025390625 0.037109375
0 0.3271484375 0.470703125 0.060546875 0.0498046875
1 0.9443359375 0.6865234375 0.080078125 0.0859375
1 0.71875 0.7919921875 0.0439453125 0.068359375
1 0.619140625 0.552734375 0.0263671875 0.037109375
1 0.5234375 0.392578125 0.025390625 0.029296875
1 0.142578125 0.6416015625 0.029296875 0.0419921875
1 0.88671875 0.65234375 0.076171875 0.076171875
1 0.1689453125 0.6611328125 0.03125 0.0654296875
1 0.4873046875 0.4140625 0.015625 0.0283203125
0 0.837890625 0.8173828125 0.107421875 0.134765625
1 0.505859375 0.46484375 0.021484375 0.0419921875
0 0.041015625 0.3779296875 0.041015625 0.021484375
0 0.451171875 0.4228515625 0.041015625 0.048828125
1 0.6767578125 0.716796875 0.0498046875 0.0703125
1 0.73046875 0.537109375 0.0361328125 0.037109375
0 0.685546875 0.869140625 0.130859375 0.0419921875
1 0.234375 0.62109375 0.0283203125 0.0390625
1 0.455078125 0.470703125 0.025390625 0.037109375
1 0.1484375 0.462890625 0.015625 0.025390625
0 0.1826171875 0.361328125 0.0283203125 0.029296875
1 0.927734375 0.611328125 0.037109375 0.0390625
1 0.1748046875 0.462890625 0.021484375 0.033203125
1 0.7900390625 0.552734375 0.0263671875 0.0341796875
1 0.0400390625 0.58984375 0.0263671875 0.0673828125
0 0.51953125 0.353515625 0.0390625 0.0390625
1 0.029296875 0.86328125 0.025390625 0.0419921875
1 0.158203125 0.3876953125 0.015625 0.021484375
1 0.896484375 0.5869140625 0.0390625 0.0517578125
1 0.595703125 0.447265625 0.0126953125 0.0234375
1 0.84375 0.556640625 0.025390625 0.048828125
0 0.52734375 0.4248046875 0.0419921875 0.0439453125
1 0.0595703125 0.4814453125 0.021484375 0.037109375
1 0.1435546875 0.490234375 0.0185546875 0.0390625
1 0.4482421875 0.6865234375 0.0283203125 0.0546875
1 0.130859375 0.44140625 0.0205078125 0.029296875
1 0.134765625 0.595703125 0.015625 0.021484375
1 0.158203125 0.4453125 0.021484375 0.025390625
0 0.2177734375 0.3544921875 0.029296875 0.0283203125
0 0.224609375 0.455078125 0.0498046875 0.033203125
0 0.9521484375 0.578125 0.0673828125 0.0595703125
1 0.6376953125 0.4404296875 0.037109375 0.03125
1 0.3984375 0.451171875 0.025390625 0.0419921875
0 0.474609375 0.369140625 0.0361328125 0.0390625
1 0.4501953125 0.369140625 0.0126953125 0.0283203125
1 0.861328125 0.5595703125 0.015625 0.0185546875
1 0.533203125 0.775390625 0.037109375 0.0732421875
1 0.095703125 0.4765625 0.046875 0.041015625
1 0.666015625 0.548828125 0.1591796875 0.1533203125
1 0.974609375 0.6337890625 0.0263671875 0.064453125
0 0.5576171875 0.3759765625 0.0341796875 0.0263671875