0 0.564453125 0.6572265625 0.1220703125 0.138671875
0 0.189453125 0.673828125 0.1142578125 0.1328125
0 0.349609375 0.68359375 0.0966796875 0.1201171875
1 0.724609375 0.67578125 0.044921875 0.0732421875
1 0.669921875 0.5703125 0.0390625 0.0498046875
1 0.267578125 0.5068359375 0.0263671875 0.0361328125
0 0.544921875 0.462890625 0.056640625 0.0517578125
1 0.845703125 0.7509765625 0.0625 0.080078125
0 0.580078125 0.5439453125 0.0966796875 0.115234375
1 0.80078125 0.587890625 0.044921875 0.060546875
1 0.462890625 0.595703125 0.0390625 0.052734375
1 0.630859375 0.52734375 0.0283203125 0.0390625
1 0.146484375 0.5068359375 0.0185546875 0.033203125
1 0.072265625 0.7783203125 0.048828125 0.083984375
0 0.4716796875 0.5244140625 0.068359375 0.0830078125
1 0.4130859375 0.4951171875 0.0205078125 0.0341796875
1 0.953125 0.6728515625 0.0654296875 0.0859375
1 0.1630859375 0.5654296875 0.029296875 0.068359375
1 0.494140625 0.44921875 0.025390625 0.0361328125
0 0.5029296875 0.3671875 0.037109375 0.0283203125
1 0.4453125 0.494140625 0.021484375 0.041015625
0 0.458984375 0.4619140625 0.056640625 0.0546875
1 0.697265625 0.552734375 0.029296875 0.0390625
1 0.7294921875 0.5439453125 0.046875 0.046875
0 0.55078125 0.3994140625 0.044921875 0.048828125
1 0.8916015625 0.65234375 0.080078125 0.080078125
0 0.32421875 0.4609375 0.0546875 0.0498046875
1 0.84375 0.603515625 0.041015625 0.0439453125
1 0.5888671875 0.419921875 0.0185546875 0.0361328125
1 0.16015625 0.7578125 0.0390625 0.0498046875
1 0.310546875 0.517578125 0.025390625 0.0419921875
1 0.626953125 0.8408203125 0.0498046875 0.083984375
1 0.435546875 0.7763671875 0.03125 0.0654296875
1 0.19921875 0.4921875 0.0234375 0.0498046875
0 0.525390625 0.3330078125 0.037109375 0.025390625
1 0.5166015625 0.44140625 0.017578125 0.0390625
1 0.841796875 0.5537109375 0.029296875 0.044921875
1 0.451171875 0.369140625 0.017578125 0.0283203125
0 0.169921875 0.4169921875 0.048828125 0.0283203125
0 0.2734375 0.416015625 0.072265625 0.0361328125
0 0.927734375 0.583984375 0.1142578125 0.0966796875
1 0.068359375 0.478515625 0.0419921875 0.0390625
1 0.212890625 0.4677734375 0.021484375 0.029296875
1 0.2451171875 0.4423828125 0.0185546875 0.025390625
1 0.3720703125 0.451171875 0.015625 0.0283203125
1 0.2919921875 0.794921875 0.037109375 0.0625
1 0.244140625 0.7919921875 0.0341796875 0.0498046875
0 0.173828125 0.451171875 0.0576171875 0.0341796875
1 0.7890625 0.5517578125 0.025390625 0.03125
1 0.1181640625 0.638671875 0.0263671875 0.048828125
1 0.025390625 0.5693359375 0.025390625 0.064453125
1 0.861328125 0.55859375 0.017578125 0.0234375
1 0.2080078125 0.798828125 0.0498046875 0.068359375
1 0.904296875 0.5458984375 0.017578125 0.0234375
1 0.1640625 0.4794921875 0.025390625 0.0341796875
1 0.693359375 0.51953125 0.0205078125 0.029296875
1 0.03125 0.4775390625 0.041015625 0.0361328125
0 0.505859375 0.345703125 0.0263671875 0.0205078125
1 0.0458984375 0.8505859375 0.0263671875 0.0546875
0 0.3525390625 0.3212890625 0.033203125 0.017578125
0 0.0986328125 0.4033203125 0.0625 0.041015625