0 0.7080078125 0.650390625 0.140625 0.1455078125
0 0.216796875 0.55859375 0.0751953125 0.080078125
0 0.54296875 0.470703125 0.0576171875 0.064453125
1 0.1591796875 0.5048828125 0.021484375 0.0341796875
1 0.291015625 0.486328125 0.0234375 0.037109375
1 0.2431640625 0.697265625 0.044921875 0.0595703125
1 0.1083984375 0.640625 0.0419921875 0.0654296875
1 0.283203125 0.58203125 0.0341796875 0.0576171875
1 0.6826171875 0.548828125 0.0498046875 0.052734375
1 0.4072265625 0.431640625 0.0205078125 0.025390625
1 0.1328125 0.5400390625 0.025390625 0.0390625
1 0.88671875 0.65234375 0.076171875 0.0732421875
0 0.5205078125 0.4208984375 0.041015625 0.0390625
1 0.181640625 0.48046875 0.0234375 0.0390625
1 0.6494140625 0.568359375 0.0234375 0.0390625
1 0.8212890625 0.580078125 0.0830078125 0.0859375
1 0.4697265625 0.4501953125 0.017578125 0.03125
0 0.4658203125 0.423828125 0.041015625 0.041015625
1 0.587890625 0.6064453125 0.0439453125 0.056640625
1 0.244140625 0.470703125 0.0234375 0.0390625
1 0.384765625 0.4951171875 0.025390625 0.041015625
1 0.7294921875 0.5380859375 0.041015625 0.044921875
1 0.5986328125 0.66015625 0.03125 0.0546875
1 0.162109375 0.455078125 0.017578125 0.0283203125
0 0.55859375 0.3955078125 0.033203125 0.041015625
1 0.61328125 0.51171875 0.0263671875 0.0361328125
1 0.115234375 0.41796875 0.0341796875 0.0361328125
1 0.94921875 0.6884765625 0.0732421875 0.0732421875
1 0.3623046875 0.44921875 0.0185546875 0.0263671875
1 0.1875 0.3779296875 0.015625 0.025390625
1 0.5078125 0.453125 0.0185546875 0.0341796875
1 0.21875 0.4423828125 0.021484375 0.0341796875
0 0.2265625 0.35546875 0.0283203125 0.0263671875
1 0.28125 0.451171875 0.025390625 0.0341796875
1 0.22265625 0.4111328125 0.017578125 0.025390625
1 0.244140625 0.4208984375 0.021484375 0.029296875
1 0.587890625 0.5302734375 0.041015625 0.0517578125
1 0.6103515625 0.4814453125 0.0205078125 0.037109375
1 0.896484375 0.541015625 0.033203125 0.0361328125
0 0.494140625 0.3515625 0.03125 0.0283203125
1 0.05859375 0.48046875 0.0234375 0.0361328125
1 0.5751953125 0.6943359375 0.0341796875 0.060546875
1 0.65234375 0.705078125 0.0517578125 0.052734375
1 0.0224609375 0.484375 0.0234375 0.037109375
0 0.513671875 0.384765625 0.03125 0.029296875
1 0.4609375 0.3623046875 0.015625 0.025390625
1 0.271484375 0.408203125 0.0390625 0.033203125
0 0.537109375 0.3466796875 0.0263671875 0.025390625
0 0.3515625 0.3203125 0.03125 0.0185546875
1 0.220703125 0.490234375 0.021484375 0.03125
0 0.669921875 0.7998046875 0.173828125 0.1591796875
1 0.95703125 0.626953125 0.0419921875 0.0546875
1 0.423828125 0.404296875 0.0263671875 0.0263671875
1 0.923828125 0.6123046875 0.044921875 0.0439453125
1 0.1767578125 0.8466796875 0.046875 0.068359375
1 0.111328125 0.705078125 0.044921875 0.060546875
1 0.537109375 0.3974609375 0.0185546875 0.033203125
1 0.3525390625 0.4208984375 0.017578125 0.0263671875
1 0.70703125 0.5224609375 0.0234375 0.0361328125
1 0.25 0.451171875 0.0966796875 0.095703125
1 0.11328125 0.4833984375 0.0419921875 0.0361328125
1 0.634765625 0.4384765625 0.041015625 0.0361328125
1 0.8974609375 0.57421875 0.0390625 0.0361328125
1 0.9541015625 0.5322265625 0.0205078125 0.017578125
1 0.14453125 0.39453125 0.017578125 0.0205078125
1 0.0771484375 0.337890625 0.0205078125 0.0205078125
1 0.349609375 0.388671875 0.03125 0.021484375
1 0.890625 0.3857421875 0.015625 0.025390625
0 0.521484375 0.330078125 0.0263671875 0.0234375
1 0.0302734375 0.576171875 0.0361328125 0.078125
1 0.81640625 0.53515625 0.0205078125 0.033203125
1 0.900390625 0.8701171875 0.048828125 0.037109375