0 0.1904296875 0.7470703125 0.125 0.162109375
0 0.51171875 0.423828125 0.044921875 0.0498046875
0 0.3388671875 0.7265625 0.0966796875 0.119140625
1 0.306640625 0.8544921875 0.0439453125 0.068359375
1 0.5185546875 0.474609375 0.041015625 0.046875
0 0.5380859375 0.3505859375 0.0390625 0.0361328125
0 0.490234375 0.361328125 0.0390625 0.03125
1 0.4091796875 0.798828125 0.056640625 0.076171875
1 0.5908203125 0.4833984375 0.0283203125 0.033203125
1 0.078125 0.7578125 0.046875 0.0751953125
1 0.49609375 0.453125 0.0205078125 0.0341796875
1 0.6162109375 0.4853515625 0.0361328125 0.0419921875
1 0.716796875 0.5634765625 0.0830078125 0.064453125
1 0.119140625 0.6689453125 0.046875 0.0625
0 0.0576171875 0.3818359375 0.0625 0.029296875
1 0.4677734375 0.4501953125 0.029296875 0.041015625
0 0.5498046875 0.52734375 0.130859375 0.076171875
1 0.5498046875 0.455078125 0.025390625 0.0341796875
1 0.064453125 0.5556640625 0.025390625 0.0419921875
1 0.4580078125 0.779296875 0.037109375 0.0654296875
1 0.44140625 0.44921875 0.0205078125 0.033203125
1 0.42578125 0.6796875 0.044921875 0.0498046875
0 0.5087890625 0.330078125 0.0263671875 0.0234375
1 0.0224609375 0.572265625 0.0234375 0.0498046875
1 0.568359375 0.37890625 0.015625 0.0234375
1 0.4208984375 0.7392578125 0.044921875 0.052734375
1 0.646484375 0.4833984375 0.021484375 0.044921875
1 0.58984375 0.400390625 0.013671875 0.0263671875
1 0.0234375 0.822265625 0.025390625 0.0576171875
1 0.4375 0.423828125 0.015625 0.025390625
1 0.466796875 0.423828125 0.0205078125 0.0283203125
1 0.0546875 0.48046875 0.021484375 0.0263671875
1 0.064453125 0.6005859375 0.029296875 0.0576171875
1 0.462890625 0.3662109375 0.015625 0.0263671875
0 0.1875 0.3251953125 0.041015625 0.025390625
1 0.62109375 0.4560546875 0.013671875 0.025390625
1 0.0849609375 0.400390625 0.0234375 0.03125
1 0.166015625 0.365234375 0.0126953125 0.013671875
1 0.0244140625 0.763671875 0.0263671875 0.033203125
1 0.138671875 0.416015625 0.0126953125 0.0234375
1 0.564453125 0.4287109375 0.048828125 0.0390625
0 0.232421875 0.3671875 0.0517578125 0.0341796875
1 0.716796875 0.5302734375 0.033203125 0.0361328125
1 0.5634765625 0.466796875 0.013671875 0.021484375
1 0.5634765625 0.5537109375 0.029296875 0.029296875
0 0.201171875 0.876953125 0.123046875 0.03125
0 0.4375 0.2138671875 0.03125 0.0126953125
1 0.470703125 0.341796875 0.021484375 0.0205078125