0 0.1923828125 0.7490234375 0.125 0.1640625
0 0.5107421875 0.4248046875 0.0498046875 0.056640625
0 0.337890625 0.7275390625 0.0986328125 0.1201171875
0 0.5400390625 0.3525390625 0.044921875 0.044921875
0 0.8056640625 0.5537109375 0.1640625 0.076171875
1 0.138671875 0.5458984375 0.0283203125 0.0361328125
0 0.1416015625 0.404296875 0.064453125 0.0419921875
1 0.2041015625 0.4443359375 0.0234375 0.0263671875
0 0.4921875 0.359375 0.041015625 0.037109375
1 0.306640625 0.84765625 0.044921875 0.064453125
1 0.076171875 0.7607421875 0.0439453125 0.0654296875
1 0.349609375 0.4921875 0.0361328125 0.037109375
1 0.521484375 0.533203125 0.0390625 0.056640625
1 0.2724609375 0.5126953125 0.044921875 0.056640625
1 0.1904296875 0.494140625 0.021484375 0.0390625
1 0.580078125 0.4892578125 0.0283203125 0.037109375
1 0.513671875 0.4716796875 0.0263671875 0.0439453125
1 0.28125 0.478515625 0.025390625 0.033203125
1 0.63671875 0.51171875 0.0234375 0.0390625
1 0.0673828125 0.537109375 0.0283203125 0.0390625
1 0.603515625 0.49609375 0.0263671875 0.0361328125
1 0.2470703125 0.4169921875 0.025390625 0.0283203125
1 0.09375 0.4189453125 0.0185546875 0.025390625
1 0.140625 0.453125 0.0185546875 0.0283203125
1 0.560546875 0.4375 0.015625 0.025390625
1 0.060546875 0.490234375 0.0234375 0.029296875
1 0.3291015625 0.470703125 0.029296875 0.0283203125
1 0.517578125 0.5830078125 0.0283203125 0.046875
1 0.5517578125 0.470703125 0.021484375 0.0390625
1 0.4150390625 0.794921875 0.0419921875 0.078125
1 0.763671875 0.5927734375 0.0390625 0.0361328125
0 0.5078125 0.333984375 0.03125 0.0283203125
1 0.4638671875 0.4365234375 0.0185546875 0.0263671875
1 0.4248046875 0.498046875 0.03125 0.044921875
1 0.220703125 0.4140625 0.0263671875 0.0283203125
0 0.0556640625 0.380859375 0.0419921875 0.029296875
1 0.63671875 0.474609375 0.0205078125 0.0283203125
1 0.4541015625 0.5263671875 0.0234375 0.0341796875
1 0.455078125 0.78125 0.0439453125 0.0625
1 0.076171875 0.4033203125 0.017578125 0.025390625
1 0.1083984375 0.4853515625 0.0361328125 0.033203125
1 0.5927734375 0.466796875 0.013671875 0.0263671875
1 0.8271484375 0.6708984375 0.0830078125 0.126953125
1 0.4267578125 0.7119140625 0.0439453125 0.0673828125
1 0.568359375 0.470703125 0.1533203125 0.0830078125
1 0.021484375 0.7939453125 0.0205078125 0.046875
1 0.9755859375 0.5927734375 0.0205078125 0.033203125
0 0.232421875 0.3603515625 0.060546875 0.0361328125
1 0.583984375 0.36328125 0.017578125 0.0205078125
1 0.1806640625 0.3271484375 0.0234375 0.0234375
1 0.6220703125 0.4853515625 0.0185546875 0.0205078125
1 0.783203125 0.462890625 0.013671875 0.025390625
1 0.638671875 0.443359375 0.0341796875 0.0283203125
1 0.04296875 0.6865234375 0.017578125 0.0263671875
0 0.193359375 0.875 0.099609375 0.0283203125
1 0.083984375 0.521484375 0.1435546875 0.1201171875