0 0.193359375 0.748046875 0.123046875 0.162109375
0 0.51171875 0.42578125 0.0517578125 0.0546875
0 0.337890625 0.7275390625 0.0986328125 0.1201171875
0 0.541015625 0.3525390625 0.0439453125 0.0419921875
1 0.6181640625 0.486328125 0.048828125 0.0419921875
0 0.087890625 0.390625 0.0576171875 0.037109375
1 0.318359375 0.4765625 0.033203125 0.03125
1 0.369140625 0.490234375 0.0361328125 0.0498046875
1 0.068359375 0.537109375 0.029296875 0.0439453125
0 0.646484375 0.537109375 0.1484375 0.072265625
1 0.162109375 0.4931640625 0.0341796875 0.0576171875
1 0.078125 0.7490234375 0.0498046875 0.0859375
1 0.580078125 0.486328125 0.025390625 0.0390625
1 0.0625 0.67578125 0.056640625 0.0546875
0 0.494140625 0.3564453125 0.0439453125 0.041015625
1 0.267578125 0.4599609375 0.0283203125 0.033203125
1 0.4287109375 0.6962890625 0.0517578125 0.0859375
1 0.5283203125 0.3818359375 0.021484375 0.029296875
1 0.306640625 0.84765625 0.0419921875 0.060546875
1 0.1630859375 0.419921875 0.0263671875 0.029296875
1 0.234375 0.494140625 0.052734375 0.0517578125
1 0.4580078125 0.7822265625 0.037109375 0.060546875
1 0.5078125 0.4755859375 0.0283203125 0.0419921875
1 0.115234375 0.423828125 0.0390625 0.03125
1 0.5537109375 0.474609375 0.0234375 0.0419921875
1 0.4658203125 0.4375 0.025390625 0.03125
1 0.416015625 0.8115234375 0.0341796875 0.0546875
1 0.6416015625 0.4697265625 0.0205078125 0.033203125
1 0.5009765625 0.544921875 0.048828125 0.0419921875
0 0.2314453125 0.380859375 0.0751953125 0.0625
0 0.509765625 0.3330078125 0.029296875 0.0283203125
1 0.208984375 0.451171875 0.0205078125 0.0263671875
1 0.58203125 0.3681640625 0.0205078125 0.0263671875
0 0.7958984375 0.568359375 0.0703125 0.0595703125
1 0.4560546875 0.361328125 0.0185546875 0.025390625
1 0.0625 0.4814453125 0.025390625 0.041015625
1 0.025390625 0.373046875 0.013671875 0.0234375
0 0.0341796875 0.466796875 0.0498046875 0.037109375
1 0.59375 0.466796875 0.0126953125 0.0205078125
1 0.705078125 0.51953125 0.0205078125 0.0205078125
1 0.8505859375 0.548828125 0.0390625 0.037109375
1 0.3798828125 0.326171875 0.0185546875 0.0234375
1 0.8916015625 0.3857421875 0.017578125 0.025390625
1 0.0302734375 0.58203125 0.033203125 0.080078125
1 0.548828125 0.44140625 0.017578125 0.0263671875
1 0.814453125 0.53125 0.033203125 0.03125
0 0.185546875 0.326171875 0.0439453125 0.0283203125
0 0.1943359375 0.8759765625 0.095703125 0.0263671875
1 0.1103515625 0.484375 0.0390625 0.037109375
1 0.896484375 0.712890625 0.0390625 0.107421875
1 0.462890625 0.4150390625 0.0107421875 0.017578125
1 0.248046875 0.337890625 0.017578125 0.0283203125