0 0.3193359375 0.7998046875 0.1455078125 0.1748046875
0 0.587890625 0.568359375 0.0888671875 0.107421875
1 0.3974609375 0.548828125 0.033203125 0.0498046875
1 0.6572265625 0.705078125 0.0390625 0.0703125
1 0.521484375 0.46484375 0.0283203125 0.0390625
0 0.31640625 0.650390625 0.091796875 0.109375
1 0.5859375 0.484375 0.025390625 0.052734375
1 0.5634765625 0.390625 0.017578125 0.025390625
1 0.8212890625 0.576171875 0.0888671875 0.0859375
1 0.693359375 0.5498046875 0.046875 0.056640625
0 0.2412109375 0.5126953125 0.060546875 0.078125
1 0.2275390625 0.6015625 0.0361328125 0.068359375
0 0.5087890625 0.3466796875 0.033203125 0.037109375
1 0.3720703125 0.4697265625 0.025390625 0.029296875
1 0.568359375 0.4404296875 0.0234375 0.0283203125
1 0.4208984375 0.4169921875 0.0205078125 0.0283203125
1 0.8916015625 0.654296875 0.0732421875 0.0703125
1 0.416015625 0.4580078125 0.0205078125 0.03125
0 0.470703125 0.48046875 0.072265625 0.0830078125
1 0.0625 0.4775390625 0.0283203125 0.033203125
1 0.3974609375 0.3896484375 0.013671875 0.0234375
1 0.193359375 0.66015625 0.041015625 0.0830078125
1 0.119140625 0.5654296875 0.03125 0.0498046875
0 0.9345703125 0.521484375 0.087890625 0.0673828125
1 0.4775390625 0.4384765625 0.0205078125 0.0234375
1 0.443359375 0.3828125 0.015625 0.025390625
1 0.595703125 0.400390625 0.0126953125 0.025390625
0 0.326171875 0.490234375 0.0654296875 0.0576171875
0 0.4794921875 0.357421875 0.0341796875 0.041015625
1 0.509765625 0.4267578125 0.0205078125 0.0283203125
1 0.181640625 0.537109375 0.0390625 0.044921875
1 0.1923828125 0.4228515625 0.025390625 0.029296875
1 0.1796875 0.591796875 0.0283203125 0.0419921875
1 0.9453125 0.6875 0.078125 0.083984375
1 0.041015625 0.568359375 0.0234375 0.052734375
1 0.41796875 0.384765625 0.017578125 0.0283203125
0 0.3212890625 0.55078125 0.0703125 0.0830078125
1 0.365234375 0.3583984375 0.017578125 0.0263671875
1 0.216796875 0.41796875 0.03125 0.033203125
0 0.255859375 0.4033203125 0.046875 0.041015625
1 0.138671875 0.724609375 0.03125 0.052734375
0 0.54296875 0.3349609375 0.0361328125 0.029296875
1 0.7236328125 0.47265625 0.03125 0.033203125
1 0.7158203125 0.513671875 0.0341796875 0.037109375
1 0.4423828125 0.44921875 0.015625 0.0234375
1 0.9443359375 0.611328125 0.080078125 0.0625
1 0.248046875 0.3603515625 0.0341796875 0.0234375
1 0.8916015625 0.587890625 0.044921875 0.0546875
1 0.1279296875 0.490234375 0.021484375 0.0283203125
1 0.28125 0.36328125 0.015625 0.0205078125
1 0.349609375 0.353515625 0.017578125 0.029296875
1 0.6865234375 0.853515625 0.0419921875 0.0732421875
1 0.1494140625 0.392578125 0.0234375 0.025390625
1 0.1748046875 0.4853515625 0.0283203125 0.0390625
0 0.181640625 0.326171875 0.0439453125 0.0234375
1 0.892578125 0.3818359375 0.0185546875 0.0361328125
0 0.3505859375 0.3212890625 0.033203125 0.017578125
1 0.6806640625 0.4375 0.0234375 0.0341796875
1 0.8017578125 0.4892578125 0.046875 0.037109375
1 0.0224609375 0.51953125 0.0234375 0.0205078125
0 0.2236328125 0.3271484375 0.0439453125 0.0263671875
1 0.2060546875 0.462890625 0.0185546875 0.033203125
1 0.83984375 0.537109375 0.029296875 0.0341796875
0 0.3349609375 0.384765625 0.126953125 0.052734375