0 0.3662109375 0.7197265625 0.091796875 0.142578125
0 0.78515625 0.71484375 0.1640625 0.1953125
0 0.560546875 0.6455078125 0.1123046875 0.125
1 0.689453125 0.544921875 0.044921875 0.0546875
0 0.609375 0.5380859375 0.099609375 0.1044921875
0 0.3662109375 0.552734375 0.0703125 0.080078125
1 0.8046875 0.58203125 0.056640625 0.064453125
0 0.1689453125 0.736328125 0.150390625 0.197265625
1 0.8974609375 0.6572265625 0.076171875 0.080078125
0 0.2529296875 0.517578125 0.0751953125 0.0908203125
0 0.1533203125 0.412109375 0.052734375 0.0341796875
1 0.6630859375 0.466796875 0.0361328125 0.033203125
1 0.5400390625 0.5283203125 0.0361328125 0.083984375
1 0.5869140625 0.4765625 0.0234375 0.025390625
0 0.158203125 0.466796875 0.046875 0.0390625
1 0.1298828125 0.583984375 0.021484375 0.037109375
0 0.5107421875 0.43359375 0.052734375 0.0703125
0 0.4619140625 0.5126953125 0.080078125 0.115234375
1 0.9619140625 0.6494140625 0.048828125 0.080078125
1 0.8447265625 0.603515625 0.0419921875 0.046875
1 0.185546875 0.587890625 0.0341796875 0.076171875
1 0.548828125 0.478515625 0.0205078125 0.033203125
1 0.7294921875 0.541015625 0.041015625 0.0498046875
1 0.890625 0.59375 0.056640625 0.056640625
1 0.8447265625 0.55859375 0.044921875 0.0576171875
0 0.26953125 0.408203125 0.0517578125 0.0390625
0 0.4423828125 0.4208984375 0.0439453125 0.0576171875
1 0.9287109375 0.611328125 0.0419921875 0.0439453125
1 0.7626953125 0.474609375 0.025390625 0.029296875
1 0.5732421875 0.4208984375 0.0185546875 0.0361328125
1 0.177734375 0.5439453125 0.0234375 0.046875
0 0.2578125 0.8408203125 0.052734375 0.0908203125
0 0.31640625 0.4287109375 0.0703125 0.0830078125
0 0.5400390625 0.3388671875 0.033203125 0.025390625
0 0.1806640625 0.3779296875 0.029296875 0.0283203125
1 0.0654296875 0.478515625 0.0341796875 0.037109375
1 0.0322265625 0.578125 0.0419921875 0.0751953125
1 0.2158203125 0.4521484375 0.015625 0.029296875
0 0.955078125 0.5771484375 0.0625 0.0576171875
1 0.4326171875 0.4697265625 0.0185546875 0.0390625
0 0.25 0.3818359375 0.052734375 0.033203125
1 0.1416015625 0.5263671875 0.017578125 0.025390625
1 0.169921875 0.8642578125 0.052734375 0.046875
0 0.0947265625 0.6337890625 0.0361328125 0.064453125
1 0.619140625 0.4609375 0.017578125 0.0185546875
1 0.4375 0.38671875 0.025390625 0.029296875
1 0.662109375 0.4462890625 0.013671875 0.0234375
1 0.501953125 0.384765625 0.021484375 0.0361328125
1 0.9052734375 0.5439453125 0.017578125 0.0283203125
1 0.892578125 0.384765625 0.0185546875 0.0263671875