0 0.1923828125 0.748046875 0.125 0.162109375
0 0.51171875 0.4228515625 0.048828125 0.0517578125
0 0.3388671875 0.7265625 0.0966796875 0.119140625
1 0.5146484375 0.4755859375 0.033203125 0.044921875
1 0.306640625 0.853515625 0.046875 0.0595703125
0 0.5380859375 0.353515625 0.0419921875 0.0439453125
1 0.068359375 0.53125 0.029296875 0.056640625
0 0.1728515625 0.412109375 0.0703125 0.0390625
1 0.0771484375 0.7607421875 0.0390625 0.072265625
1 0.412109375 0.8076171875 0.048828125 0.056640625
1 0.259765625 0.4638671875 0.029296875 0.037109375
0 0.490234375 0.361328125 0.0361328125 0.03125
1 0.1142578125 0.6796875 0.0498046875 0.0595703125
1 0.427734375 0.6552734375 0.037109375 0.0703125
1 0.4970703125 0.4521484375 0.021484375 0.033203125
1 0.578125 0.396484375 0.025390625 0.029296875
1 0.64453125 0.490234375 0.0234375 0.0390625
1 0.5556640625 0.4423828125 0.029296875 0.037109375
0 0.509765625 0.3330078125 0.0283203125 0.0283203125
1 0.466796875 0.451171875 0.03125 0.041015625
1 0.1806640625 0.4560546875 0.0234375 0.0283203125
1 0.55078125 0.47265625 0.0205078125 0.0419921875
1 0.5908203125 0.4814453125 0.021484375 0.037109375
1 0.45703125 0.783203125 0.0390625 0.0546875
1 0.6201171875 0.486328125 0.021484375 0.0390625
1 0.4658203125 0.419921875 0.0185546875 0.029296875
1 0.2197265625 0.4130859375 0.0205078125 0.0234375
1 0.595703125 0.3935546875 0.017578125 0.025390625
0 0.876953125 0.56640625 0.1533203125 0.0732421875
1 0.56640625 0.3759765625 0.0205078125 0.0234375
1 0.4208984375 0.7373046875 0.048828125 0.046875
1 0.4541015625 0.365234375 0.017578125 0.03125
1 0.619140625 0.6904296875 0.0341796875 0.0751953125
0 0.2294921875 0.3583984375 0.056640625 0.033203125
1 0.404296875 0.4169921875 0.0234375 0.03125
1 0.0380859375 0.580078125 0.0419921875 0.060546875
1 0.9658203125 0.5595703125 0.0439453125 0.046875
0 0.3193359375 0.392578125 0.0859375 0.044921875
1 0.060546875 0.4814453125 0.0283203125 0.0439453125
1 0.576171875 0.46484375 0.017578125 0.033203125
1 0.4384765625 0.3623046875 0.017578125 0.025390625
1 0.8466796875 0.658203125 0.0439453125 0.0576171875
1 0.0908203125 0.39453125 0.0185546875 0.0205078125
1 0.1669921875 0.3642578125 0.0126953125 0.0185546875
1 0.103515625 0.4736328125 0.044921875 0.046875
0 0.189453125 0.876953125 0.130859375 0.0283203125
1 0.6337890625 0.4453125 0.0390625 0.025390625
1 0.6787109375 0.509765625 0.0205078125 0.041015625
1 0.330078125 0.3564453125 0.0185546875 0.025390625
1 0.5478515625 0.4169921875 0.013671875 0.021484375
1 0.4541015625 0.7177734375 0.0205078125 0.0234375
1 0.0244140625 0.373046875 0.017578125 0.021484375
1 0.392578125 0.4892578125 0.0126953125 0.0283203125
1 0.021484375 0.478515625 0.021484375 0.0341796875
1 0.177734375 0.326171875 0.021484375 0.0234375