0 0.193359375 0.7490234375 0.123046875 0.1611328125
0 0.51171875 0.4228515625 0.048828125 0.0517578125
0 0.337890625 0.7275390625 0.0986328125 0.1201171875
1 0.306640625 0.8564453125 0.0419921875 0.0625
0 0.5380859375 0.353515625 0.0419921875 0.044921875
1 0.068359375 0.537109375 0.0283203125 0.048828125
1 0.513671875 0.4736328125 0.03125 0.0439453125
1 0.2177734375 0.4755859375 0.033203125 0.0390625
0 0.490234375 0.361328125 0.037109375 0.0341796875
1 0.2646484375 0.431640625 0.0234375 0.0263671875
1 0.6142578125 0.4873046875 0.037109375 0.046875
1 0.5712890625 0.3818359375 0.017578125 0.0263671875
0 0.2041015625 0.423828125 0.076171875 0.0439453125
1 0.2998046875 0.482421875 0.0341796875 0.0390625
1 0.8388671875 0.802734375 0.0498046875 0.0830078125
1 0.4111328125 0.8056640625 0.0498046875 0.0673828125
1 0.55078125 0.439453125 0.0234375 0.033203125
1 0.646484375 0.4892578125 0.0205078125 0.037109375
0 0.509765625 0.3330078125 0.029296875 0.0283203125
1 0.564453125 0.5859375 0.0283203125 0.056640625
1 0.458984375 0.7841796875 0.0341796875 0.056640625
1 0.548828125 0.474609375 0.021484375 0.0419921875
1 0.49609375 0.451171875 0.017578125 0.033203125
1 0.0791015625 0.400390625 0.0234375 0.0205078125
1 0.46875 0.4501953125 0.0283203125 0.041015625
1 0.455078125 0.369140625 0.0185546875 0.033203125
1 0.078125 0.755859375 0.0439453125 0.072265625
1 0.427734375 0.697265625 0.0439453125 0.060546875
1 0.1123046875 0.673828125 0.0439453125 0.044921875
1 0.578125 0.4658203125 0.021484375 0.0341796875
1 0.59375 0.390625 0.015625 0.025390625
1 0.166015625 0.3662109375 0.013671875 0.013671875
1 0.4375 0.365234375 0.0185546875 0.021484375
1 0.396484375 0.408203125 0.0205078125 0.0341796875
1 0.123046875 0.3984375 0.0205078125 0.021484375
1 0.46484375 0.404296875 0.017578125 0.03125
1 0.845703125 0.646484375 0.037109375 0.060546875
1 0.02734375 0.5830078125 0.033203125 0.0595703125
0 0.9365234375 0.5712890625 0.1015625 0.0703125
1 0.20703125 0.357421875 0.013671875 0.0205078125
1 0.0595703125 0.478515625 0.021484375 0.033203125
1 0.4375 0.7646484375 0.021484375 0.0361328125
1 0.5478515625 0.4169921875 0.013671875 0.021484375
1 0.1767578125 0.326171875 0.0185546875 0.021484375
1 0.357421875 0.3955078125 0.013671875 0.0283203125
1 0.9052734375 0.49609375 0.0263671875 0.029296875
1 0.0224609375 0.4716796875 0.0205078125 0.037109375
0 0.1845703125 0.875 0.1435546875 0.0283203125
1 0.6357421875 0.44140625 0.0341796875 0.0361328125
1 0.4130859375 0.73828125 0.0263671875 0.0361328125
1 0.107421875 0.486328125 0.037109375 0.0341796875
1 0.2275390625 0.359375 0.0107421875 0.015625
1 0.595703125 0.46875 0.015625 0.021484375
1 0.24609375 0.353515625 0.0107421875 0.0234375