0 0.193359375 0.748046875 0.123046875 0.162109375
0 0.51171875 0.4228515625 0.0517578125 0.0517578125
0 0.3388671875 0.7265625 0.0966796875 0.119140625
0 0.5546875 0.544921875 0.177734375 0.0859375
1 0.27734375 0.484375 0.029296875 0.0341796875
0 0.5400390625 0.3525390625 0.0419921875 0.0419921875
1 0.513671875 0.4736328125 0.037109375 0.0439453125
0 0.2099609375 0.419921875 0.0703125 0.0361328125
1 0.0673828125 0.537109375 0.0283203125 0.0419921875
1 0.306640625 0.833984375 0.048828125 0.0908203125
1 0.2294921875 0.4560546875 0.025390625 0.03125
0 0.48828125 0.361328125 0.0390625 0.03125
1 0.3583984375 0.533203125 0.044921875 0.0419921875
1 0.416015625 0.80859375 0.037109375 0.060546875
1 0.419921875 0.373046875 0.013671875 0.021484375
1 0.6162109375 0.486328125 0.0361328125 0.0419921875
1 0.0810546875 0.755859375 0.0439453125 0.080078125
1 0.46875 0.4541015625 0.0341796875 0.044921875
1 0.5712890625 0.384765625 0.0205078125 0.029296875
1 0.150390625 0.4814453125 0.021484375 0.0283203125
1 0.2890625 0.408203125 0.0185546875 0.025390625
1 0.458984375 0.7861328125 0.037109375 0.056640625
1 0.427734375 0.681640625 0.0439453125 0.0517578125
1 0.939453125 0.5810546875 0.0732421875 0.056640625
1 0.556640625 0.396484375 0.017578125 0.0283203125
1 0.5400390625 0.4755859375 0.0234375 0.0390625
1 0.4951171875 0.455078125 0.0185546875 0.03125
1 0.580078125 0.484375 0.0234375 0.0341796875
0 0.509765625 0.333984375 0.03125 0.0283203125
1 0.646484375 0.46875 0.0205078125 0.0283203125
1 0.564453125 0.451171875 0.0185546875 0.025390625
1 0.1552734375 0.4580078125 0.0263671875 0.0283203125
1 0.1640625 0.365234375 0.0126953125 0.017578125
1 0.5146484375 0.3720703125 0.013671875 0.0185546875
1 0.0654296875 0.474609375 0.037109375 0.03125
1 0.4677734375 0.423828125 0.0205078125 0.03125
1 0.62890625 0.521484375 0.029296875 0.0361328125
1 0.619140625 0.4609375 0.0205078125 0.0283203125
1 0.080078125 0.400390625 0.029296875 0.033203125
1 0.328125 0.359375 0.0185546875 0.021484375
1 0.419921875 0.740234375 0.044921875 0.0546875
1 0.09375 0.416015625 0.015625 0.0205078125
1 0.4560546875 0.7138671875 0.021484375 0.03125
1 0.849609375 0.5888671875 0.029296875 0.041015625
1 0.453125 0.36328125 0.015625 0.0205078125
1 0.587890625 0.451171875 0.015625 0.0263671875
1 0.509765625 0.576171875 0.03125 0.041015625
1 0.5849609375 0.6328125 0.048828125 0.078125
1 0.205078125 0.3583984375 0.0107421875 0.017578125
1 0.1767578125 0.3271484375 0.0185546875 0.0205078125
1 0.03125 0.37890625 0.03125 0.0205078125
1 0.828125 0.5517578125 0.0341796875 0.037109375
1 0.5947265625 0.466796875 0.013671875 0.0205078125
1 0.01953125 0.458984375 0.017578125 0.03125
1 0.1220703125 0.361328125 0.015625 0.021484375
1 0.548828125 0.4423828125 0.017578125 0.0283203125
1 0.029296875 0.5947265625 0.029296875 0.0673828125
1 0.068359375 0.33984375 0.015625 0.017578125
1 0.8916015625 0.3857421875 0.017578125 0.021484375
1 0.1435546875 0.416015625 0.015625 0.0341796875
1 0.55859375 0.46484375 0.1826171875 0.0888671875
1 0.681640625 0.4521484375 0.0185546875 0.0234375
1 0.517578125 0.44921875 0.0185546875 0.0205078125
1 0.8037109375 0.5703125 0.0234375 0.03125
1 0.044921875 0.412109375 0.025390625 0.013671875
1 0.568359375 0.431640625 0.015625 0.0283203125
1 0.7314453125 0.53515625 0.0341796875 0.033203125
0 0.1845703125 0.8759765625 0.1123046875 0.029296875
1 0.841796875 0.6552734375 0.060546875 0.048828125