0 0.1923828125 0.7490234375 0.1220703125 0.1611328125
0 0.5107421875 0.423828125 0.046875 0.0546875
0 0.337890625 0.728515625 0.0966796875 0.119140625
1 0.578125 0.533203125 0.0439453125 0.0546875
1 0.2109375 0.517578125 0.0283203125 0.046875
1 0.509765625 0.470703125 0.0234375 0.044921875
1 0.5263671875 0.53515625 0.052734375 0.060546875
0 0.1806640625 0.4130859375 0.0732421875 0.0419921875
0 0.5361328125 0.35546875 0.0439453125 0.048828125
1 0.244140625 0.4580078125 0.029296875 0.037109375
1 0.150390625 0.478515625 0.021484375 0.0283203125
1 0.5625 0.3828125 0.021484375 0.0283203125
1 0.326171875 0.533203125 0.0498046875 0.056640625
1 0.2685546875 0.4521484375 0.0283203125 0.029296875
0 0.4912109375 0.3603515625 0.0419921875 0.0390625
1 0.541015625 0.4775390625 0.0234375 0.0390625
1 0.4228515625 0.5107421875 0.048828125 0.056640625
1 0.3095703125 0.84765625 0.0439453125 0.0673828125
1 0.2041015625 0.443359375 0.0234375 0.029296875
1 0.3037109375 0.4365234375 0.029296875 0.0263671875
1 0.5615234375 0.470703125 0.0205078125 0.0361328125
1 0.634765625 0.49609375 0.0263671875 0.048828125
1 0.0673828125 0.53515625 0.0283203125 0.048828125
0 0.5087890625 0.333984375 0.033203125 0.03125
1 0.4140625 0.7919921875 0.0498046875 0.083984375
1 0.5888671875 0.44921875 0.0185546875 0.0263671875
0 0.904296875 0.564453125 0.1591796875 0.0751953125
1 0.1201171875 0.423828125 0.021484375 0.0263671875
1 0.0810546875 0.7490234375 0.0498046875 0.080078125
1 0.60546875 0.478515625 0.0234375 0.0341796875
1 0.681640625 0.5947265625 0.0654296875 0.0888671875
1 0.1171875 0.576171875 0.03125 0.0576171875
1 0.337890625 0.4931640625 0.0341796875 0.0361328125
1 0.427734375 0.697265625 0.048828125 0.083984375
1 0.5673828125 0.431640625 0.015625 0.0234375
1 0.455078125 0.783203125 0.044921875 0.060546875
0 0.087890625 0.392578125 0.0625 0.037109375
1 0.072265625 0.482421875 0.03125 0.037109375
1 0.580078125 0.482421875 0.021484375 0.033203125
1 0.1708984375 0.4501953125 0.0419921875 0.025390625
1 0.30078125 0.4033203125 0.029296875 0.0283203125
1 0.46484375 0.431640625 0.013671875 0.033203125
1 0.548828125 0.447265625 0.017578125 0.025390625
1 0.1083984375 0.484375 0.0361328125 0.037109375
1 0.5703125 0.46484375 0.1376953125 0.076171875
1 0.640625 0.443359375 0.0283203125 0.0263671875
1 0.2041015625 0.3603515625 0.017578125 0.017578125
1 0.587890625 0.361328125 0.0185546875 0.021484375
1 0.4375 0.361328125 0.0185546875 0.0283203125
1 0.033203125 0.4755859375 0.046875 0.048828125
1 0.8681640625 0.8369140625 0.0576171875 0.076171875
1 0.2275390625 0.4541015625 0.1669921875 0.0673828125
0 0.232421875 0.3662109375 0.056640625 0.0390625
1 0.025390625 0.373046875 0.021484375 0.0234375
1 0.04296875 0.6875 0.0205078125 0.025390625
1 0.3837890625 0.328125 0.017578125 0.015625
1 0.029296875 0.5849609375 0.033203125 0.0859375
0 0.1982421875 0.875 0.09375 0.0283203125
1 0.4541015625 0.529296875 0.0205078125 0.029296875