0 0.326171875 0.7919921875 0.1328125 0.181640625
0 0.541015625 0.470703125 0.060546875 0.0673828125
1 0.6123046875 0.7255859375 0.041015625 0.0703125
0 0.205078125 0.6591796875 0.1064453125 0.119140625
0 0.515625 0.5283203125 0.0810546875 0.0908203125
1 0.7197265625 0.626953125 0.0361328125 0.0625
1 0.8212890625 0.5732421875 0.0830078125 0.0908203125
0 0.228515625 0.55859375 0.072265625 0.0859375
0 0.322265625 0.57421875 0.076171875 0.0859375
1 0.474609375 0.490234375 0.0205078125 0.037109375
1 0.947265625 0.685546875 0.0732421875 0.0888671875
1 0.8125 0.78515625 0.0625 0.0859375
0 0.240234375 0.4853515625 0.0546875 0.064453125
1 0.6103515625 0.5146484375 0.029296875 0.0546875
0 0.16015625 0.4462890625 0.048828125 0.0517578125
1 0.443359375 0.677734375 0.044921875 0.068359375
1 0.705078125 0.556640625 0.0263671875 0.0439453125
1 0.0595703125 0.482421875 0.025390625 0.033203125
0 0.3037109375 0.4619140625 0.0517578125 0.0546875
0 0.19140625 0.384765625 0.0361328125 0.029296875
0 0.4560546875 0.4462890625 0.072265625 0.080078125
1 0.1240234375 0.7021484375 0.0361328125 0.0703125
1 0.68359375 0.5947265625 0.044921875 0.060546875
0 0.931640625 0.580078125 0.1044921875 0.083984375
1 0.896484375 0.650390625 0.0732421875 0.078125
0 0.0380859375 0.79296875 0.0517578125 0.0830078125
1 0.154296875 0.5537109375 0.029296875 0.044921875
1 0.572265625 0.453125 0.0263671875 0.0341796875
1 0.244140625 0.751953125 0.037109375 0.052734375
1 0.1923828125 0.478515625 0.015625 0.033203125
1 0.421875 0.44921875 0.021484375 0.0361328125
0 0.5126953125 0.3330078125 0.03125 0.021484375
1 0.76171875 0.48046875 0.017578125 0.0234375
0 0.298828125 0.423828125 0.052734375 0.037109375
0 0.6357421875 0.439453125 0.0439453125 0.0390625
1 0.6865234375 0.5263671875 0.033203125 0.0341796875
1 0.08203125 0.6884765625 0.0576171875 0.0830078125
0 0.5166015625 0.39453125 0.033203125 0.033203125
1 0.80078125 0.8544921875 0.044921875 0.068359375
1 0.970703125 0.6396484375 0.029296875 0.0546875
1 0.6650390625 0.5068359375 0.017578125 0.029296875
1 0.0302734375 0.572265625 0.0361328125 0.0673828125
0 0.1044921875 0.474609375 0.0439453125 0.044921875
1 0.5576171875 0.423828125 0.025390625 0.03125
1 0.6142578125 0.4736328125 0.03125 0.041015625
1 0.4541015625 0.509765625 0.0205078125 0.0439453125
0 0.4775390625 0.369140625 0.029296875 0.025390625
0 0.330078125 0.3984375 0.060546875 0.03125
0 0.2314453125 0.4287109375 0.0625 0.0576171875
1 0.482421875 0.4140625 0.015625 0.03125
1 0.130859375 0.5087890625 0.0341796875 0.048828125