0 0.193359375 0.7490234375 0.123046875 0.1640625
0 0.5107421875 0.419921875 0.046875 0.046875
0 0.3369140625 0.728515625 0.0986328125 0.1220703125
1 0.41015625 0.810546875 0.044921875 0.0546875
1 0.1591796875 0.603515625 0.0341796875 0.052734375
0 0.50390625 0.525390625 0.126953125 0.078125
1 0.0673828125 0.5302734375 0.025390625 0.0419921875
1 0.27734375 0.478515625 0.0390625 0.0439453125
1 0.572265625 0.39453125 0.017578125 0.0263671875
1 0.0771484375 0.7607421875 0.048828125 0.0751953125
0 0.537109375 0.353515625 0.041015625 0.0419921875
1 0.3056640625 0.85546875 0.0419921875 0.060546875
1 0.609375 0.49609375 0.0439453125 0.048828125
1 0.458984375 0.78125 0.0390625 0.0625
1 0.4765625 0.462890625 0.025390625 0.033203125
1 0.6044921875 0.578125 0.068359375 0.0654296875
1 0.560546875 0.4482421875 0.0234375 0.03125
1 0.548828125 0.4716796875 0.021484375 0.037109375
0 0.509765625 0.333984375 0.029296875 0.029296875
1 0.646484375 0.486328125 0.021484375 0.037109375
0 0.4912109375 0.361328125 0.0361328125 0.03125
1 0.384765625 0.39453125 0.0205078125 0.0263671875
1 0.5087890625 0.458984375 0.0419921875 0.0498046875
1 0.5126953125 0.369140625 0.021484375 0.025390625
1 0.42578125 0.6884765625 0.0419921875 0.0859375
1 0.060546875 0.4765625 0.0283203125 0.03125
1 0.380859375 0.361328125 0.013671875 0.021484375
1 0.10546875 0.5810546875 0.0361328125 0.052734375
1 0.021484375 0.572265625 0.017578125 0.0439453125
1 0.4658203125 0.4228515625 0.0185546875 0.0263671875
1 0.2041015625 0.4345703125 0.0205078125 0.0341796875
1 0.630859375 0.4580078125 0.044921875 0.046875
1 0.4501953125 0.44140625 0.015625 0.0234375
1 0.365234375 0.3564453125 0.013671875 0.025390625
1 0.244140625 0.3544921875 0.0185546875 0.025390625
0 0.0654296875 0.505859375 0.109375 0.1123046875
1 0.02734375 0.787109375 0.0390625 0.0859375
1 0.4541015625 0.3642578125 0.017578125 0.025390625
1 0.548828125 0.4189453125 0.015625 0.021484375
1 0.3544921875 0.396484375 0.0185546875 0.029296875
1 0.4052734375 0.3759765625 0.013671875 0.0205078125
1 0.58984375 0.376953125 0.017578125 0.021484375
1 0.1767578125 0.326171875 0.0185546875 0.021484375
1 0.025390625 0.373046875 0.0126953125 0.0205078125
1 0.228515625 0.3544921875 0.0107421875 0.021484375
0 0.1923828125 0.875 0.0966796875 0.0283203125
1 0.021484375 0.46484375 0.0205078125 0.0361328125
1 0.0390625 0.556640625 0.0185546875 0.0341796875
1 0.435546875 0.51953125 0.025390625 0.044921875
1 0.3291015625 0.35546875 0.017578125 0.0234375
1 0.1083984375 0.4853515625 0.0361328125 0.033203125
1 0.587890625 0.4580078125 0.0185546875 0.041015625