0 0.3203125 0.798828125 0.150390625 0.1767578125
1 0.62109375 0.560546875 0.0390625 0.0498046875
1 0.146484375 0.615234375 0.029296875 0.048828125
0 0.134765625 0.5517578125 0.0673828125 0.072265625
0 0.5224609375 0.419921875 0.0517578125 0.056640625
0 0.205078125 0.6767578125 0.099609375 0.115234375
1 0.5498046875 0.4833984375 0.021484375 0.0390625
1 0.6748046875 0.5771484375 0.0498046875 0.064453125
1 0.51953125 0.5927734375 0.033203125 0.0517578125
0 0.240234375 0.509765625 0.0625 0.072265625
0 0.3154296875 0.646484375 0.0908203125 0.111328125
0 0.3193359375 0.525390625 0.064453125 0.0732421875
1 0.5986328125 0.4580078125 0.021484375 0.0341796875
1 0.373046875 0.482421875 0.0234375 0.0361328125
1 0.818359375 0.5849609375 0.0810546875 0.076171875
1 0.552734375 0.5810546875 0.033203125 0.052734375
1 0.3994140625 0.5556640625 0.0263671875 0.044921875
1 0.56640625 0.53125 0.0205078125 0.041015625
0 0.685546875 0.755859375 0.1689453125 0.2109375
0 0.224609375 0.58203125 0.078125 0.0830078125
1 0.701171875 0.5478515625 0.0361328125 0.044921875
1 0.9482421875 0.689453125 0.068359375 0.078125
1 0.4873046875 0.5263671875 0.0283203125 0.037109375
1 0.08984375 0.6103515625 0.0263671875 0.0390625
1 0.595703125 0.591796875 0.0283203125 0.0498046875
1 0.044921875 0.607421875 0.0283203125 0.046875
1 0.505859375 0.4755859375 0.017578125 0.033203125
1 0.5869140625 0.5107421875 0.017578125 0.03125
1 0.892578125 0.6591796875 0.0830078125 0.072265625
1 0.732421875 0.541015625 0.0390625 0.044921875
0 0.4951171875 0.359375 0.0341796875 0.0341796875
1 0.080078125 0.728515625 0.044921875 0.0703125
1 0.111328125 0.685546875 0.029296875 0.0419921875
0 0.3173828125 0.466796875 0.0625 0.0517578125
1 0.5888671875 0.4833984375 0.0185546875 0.033203125
1 0.626953125 0.4912109375 0.0205078125 0.033203125
1 0.8984375 0.541015625 0.0341796875 0.0390625
0 0.4658203125 0.4189453125 0.037109375 0.052734375
1 0.171875 0.3916015625 0.015625 0.0205078125
1 0.1513671875 0.380859375 0.0126953125 0.025390625
1 0.14453125 0.740234375 0.0361328125 0.0595703125
1 0.4267578125 0.4306640625 0.021484375 0.044921875
1 0.4951171875 0.388671875 0.0185546875 0.029296875
1 0.060546875 0.482421875 0.0263671875 0.0419921875
1 0.1923828125 0.4541015625 0.0185546875 0.029296875
1 0.611328125 0.5107421875 0.0234375 0.0341796875
0 0.248046875 0.3916015625 0.0576171875 0.0517578125
1 0.931640625 0.6103515625 0.0498046875 0.044921875
1 0.189453125 0.490234375 0.0234375 0.0390625
0 0.21875 0.357421875 0.0283203125 0.025390625
1 0.0517578125 0.6904296875 0.037109375 0.0751953125
1 0.0244140625 0.5625 0.0234375 0.046875
1 0.5791015625 0.458984375 0.0234375 0.037109375
0 0.197265625 0.3525390625 0.0283203125 0.0263671875
1 0.4833984375 0.501953125 0.017578125 0.021484375
1 0.5869140625 0.517578125 0.111328125 0.177734375
1 0.8955078125 0.5869140625 0.0439453125 0.0576171875
1 0.966796875 0.5224609375 0.0390625 0.0361328125
1 0.1708984375 0.416015625 0.013671875 0.0263671875
1 0.8193359375 0.5361328125 0.0234375 0.041015625
1 0.236328125 0.357421875 0.017578125 0.0205078125
1 0.0830078125 0.4033203125 0.025390625 0.0283203125
1 0.0244140625 0.373046875 0.013671875 0.021484375
0 0.53515625 0.353515625 0.033203125 0.0390625
1 0.974609375 0.630859375 0.029296875 0.0546875