0 0.791015625 0.791015625 0.197265625 0.1904296875
0 0.5791015625 0.53515625 0.080078125 0.107421875
0 0.677734375 0.458984375 0.103515625 0.056640625
0 0.478515625 0.5068359375 0.0654296875 0.0830078125
0 0.3388671875 0.728515625 0.099609375 0.115234375
1 0.8056640625 0.5849609375 0.0576171875 0.0703125
1 0.5712890625 0.466796875 0.0205078125 0.0283203125
0 0.5126953125 0.330078125 0.03125 0.025390625
0 0.4892578125 0.349609375 0.041015625 0.037109375
1 0.494140625 0.6025390625 0.03125 0.0517578125
0 0.556640625 0.662109375 0.123046875 0.138671875
1 0.1748046875 0.4814453125 0.021484375 0.037109375
1 0.7490234375 0.654296875 0.0703125 0.0888671875
1 0.623046875 0.517578125 0.03125 0.0625
1 0.939453125 0.6875 0.072265625 0.068359375
1 0.6142578125 0.6171875 0.0439453125 0.072265625
1 0.6630859375 0.537109375 0.0263671875 0.037109375
1 0.37890625 0.443359375 0.0234375 0.0546875
1 0.728515625 0.537109375 0.033203125 0.041015625
1 0.640625 0.5458984375 0.025390625 0.044921875
0 0.453125 0.45703125 0.0439453125 0.0546875
0 0.5283203125 0.46484375 0.046875 0.0576171875
0 0.224609375 0.359375 0.029296875 0.0341796875
1 0.9609375 0.623046875 0.0439453125 0.0595703125
1 0.8828125 0.798828125 0.046875 0.0703125
1 0.8857421875 0.5859375 0.130859375 0.0966796875
1 0.1982421875 0.4521484375 0.021484375 0.033203125
0 0.5390625 0.345703125 0.0341796875 0.0263671875
1 0.9140625 0.5390625 0.0498046875 0.037109375
1 0.67578125 0.5712890625 0.0234375 0.044921875
1 0.7255859375 0.5751953125 0.0234375 0.046875
1 0.697265625 0.560546875 0.0908203125 0.140625
1 0.1201171875 0.419921875 0.0341796875 0.0283203125
1 0.595703125 0.431640625 0.015625 0.029296875
1 0.490234375 0.44921875 0.025390625 0.033203125
1 0.85546875 0.662109375 0.0390625 0.044921875
1 0.1396484375 0.6669921875 0.0419921875 0.0751953125
1 0.2041015625 0.3818359375 0.013671875 0.0234375
1 0.693359375 0.5869140625 0.025390625 0.0390625
1 0.205078125 0.4033203125 0.033203125 0.041015625
1 0.0546875 0.482421875 0.021484375 0.037109375
1 0.9716796875 0.7158203125 0.03125 0.041015625
1 0.0244140625 0.564453125 0.0234375 0.048828125
1 0.173828125 0.443359375 0.0185546875 0.037109375
0 0.3525390625 0.3203125 0.033203125 0.015625
1 0.423828125 0.427734375 0.0263671875 0.0341796875
1 0.021484375 0.4775390625 0.025390625 0.0390625
1 0.361328125 0.427734375 0.0205078125 0.0234375
1 0.568359375 0.4287109375 0.021484375 0.029296875
1 0.890625 0.384765625 0.015625 0.0263671875
1 0.712890625 0.501953125 0.0283203125 0.0234375
1 0.1796875 0.3779296875 0.015625 0.021484375
1 0.080078125 0.404296875 0.0185546875 0.0185546875
1 0.5966796875 0.396484375 0.0185546875 0.03125
1 0.025390625 0.373046875 0.013671875 0.021484375
1 0.8642578125 0.431640625 0.0283203125 0.041015625