0 0.193359375 0.748046875 0.123046875 0.162109375
0 0.513671875 0.423828125 0.0517578125 0.0517578125
0 0.337890625 0.7275390625 0.0986328125 0.1201171875
0 0.4853515625 0.5322265625 0.158203125 0.0888671875
0 0.5390625 0.353515625 0.0439453125 0.0419921875
1 0.296875 0.501953125 0.03125 0.046875
0 0.181640625 0.4150390625 0.0654296875 0.0390625
1 0.611328125 0.498046875 0.03125 0.0419921875
1 0.513671875 0.4716796875 0.0361328125 0.041015625
1 0.4697265625 0.45703125 0.033203125 0.0419921875
1 0.4150390625 0.810546875 0.0390625 0.0517578125
1 0.640625 0.5 0.03125 0.052734375
0 0.486328125 0.361328125 0.0419921875 0.033203125
1 0.1474609375 0.4580078125 0.0263671875 0.03125
1 0.068359375 0.5341796875 0.029296875 0.046875
1 0.3056640625 0.8349609375 0.044921875 0.091796875
1 0.560546875 0.3994140625 0.021484375 0.029296875
1 0.20703125 0.4423828125 0.0234375 0.0283203125
1 0.5791015625 0.4873046875 0.0263671875 0.0439453125
1 0.2431640625 0.466796875 0.0263671875 0.025390625
0 0.509765625 0.3349609375 0.03125 0.029296875
1 0.078125 0.755859375 0.041015625 0.078125
1 0.564453125 0.451171875 0.0185546875 0.0263671875
1 0.5400390625 0.470703125 0.0234375 0.041015625
1 0.458984375 0.7841796875 0.0361328125 0.056640625
1 0.619140625 0.4638671875 0.0205078125 0.0283203125
1 0.0673828125 0.478515625 0.037109375 0.0341796875
1 0.427734375 0.697265625 0.044921875 0.0703125
1 0.646484375 0.46875 0.0185546875 0.025390625
1 0.1650390625 0.365234375 0.013671875 0.017578125
1 0.267578125 0.400390625 0.0205078125 0.0263671875
1 0.076171875 0.40625 0.017578125 0.021484375
1 0.4287109375 0.3740234375 0.0107421875 0.0205078125
1 0.859375 0.57421875 0.0283203125 0.033203125
1 0.548828125 0.447265625 0.017578125 0.025390625
1 0.5634765625 0.373046875 0.029296875 0.03125
1 0.130859375 0.4228515625 0.021484375 0.029296875
1 0.587890625 0.455078125 0.0185546875 0.025390625
1 0.021484375 0.494140625 0.0205078125 0.0390625
1 0.205078125 0.359375 0.0126953125 0.015625
1 0.7666015625 0.556640625 0.0390625 0.0595703125
1 0.025390625 0.3759765625 0.0126953125 0.017578125
1 0.6357421875 0.4443359375 0.041015625 0.029296875
1 0.0205078125 0.458984375 0.0185546875 0.0234375
1 0.177734375 0.328125 0.0205078125 0.0185546875
0 0.9462890625 0.568359375 0.076171875 0.046875
1 0.4375 0.7646484375 0.021484375 0.0361328125
1 0.0234375 0.8251953125 0.0283203125 0.072265625
1 0.0556640625 0.380859375 0.0107421875 0.0126953125
1 0.107421875 0.4853515625 0.0341796875 0.033203125
0 0.1982421875 0.876953125 0.109375 0.0283203125
1 0.455078125 0.716796875 0.0205078125 0.0263671875
1 0.84765625 0.6494140625 0.0390625 0.0546875
1 0.466796875 0.419921875 0.013671875 0.021484375
1 0.2470703125 0.35546875 0.0126953125 0.0234375
1 0.517578125 0.44921875 0.015625 0.0205078125
1 0.1953125 0.322265625 0.015625 0.017578125
1 0.662109375 0.51171875 0.021484375 0.0390625
1 0.0693359375 0.33984375 0.013671875 0.017578125
1 0.857421875 0.546875 0.021484375 0.025390625
1 0.4287109375 0.646484375 0.033203125 0.052734375