1 0.697265625 0.703125 0.0390625 0.0751953125
1 0.1474609375 0.6259765625 0.0390625 0.060546875
0 0.8525390625 0.779296875 0.2080078125 0.2060546875
0 0.59765625 0.529296875 0.080078125 0.107421875
1 0.3095703125 0.5546875 0.025390625 0.046875
1 0.2900390625 0.62109375 0.033203125 0.0576171875
1 0.1982421875 0.57421875 0.025390625 0.0419921875
1 0.6865234375 0.546875 0.048828125 0.056640625
1 0.15234375 0.5224609375 0.0234375 0.0361328125
1 0.29296875 0.501953125 0.0205078125 0.033203125
1 0.326171875 0.4814453125 0.0185546875 0.03125
1 0.822265625 0.576171875 0.083984375 0.0859375
0 0.568359375 0.6484375 0.1298828125 0.162109375
1 0.7294921875 0.5400390625 0.0439453125 0.048828125
1 0.943359375 0.6845703125 0.0830078125 0.083984375
0 0.169921875 0.740234375 0.1220703125 0.125
1 0.228515625 0.4814453125 0.021484375 0.025390625
1 0.4931640625 0.548828125 0.017578125 0.0390625
1 0.3740234375 0.529296875 0.0234375 0.0390625
1 0.134765625 0.4970703125 0.0234375 0.03125
0 0.537109375 0.435546875 0.0439453125 0.052734375
1 0.2685546875 0.4345703125 0.0185546875 0.021484375
0 0.5615234375 0.38671875 0.033203125 0.0419921875
1 0.2626953125 0.546875 0.0283203125 0.0439453125
1 0.5322265625 0.5244140625 0.0263671875 0.080078125
1 0.263671875 0.4892578125 0.025390625 0.052734375
1 0.341796875 0.642578125 0.0283203125 0.0517578125
0 0.529296875 0.392578125 0.041015625 0.0419921875
1 0.5625 0.48828125 0.021484375 0.0361328125
1 0.244140625 0.4013671875 0.021484375 0.025390625
1 0.376953125 0.611328125 0.0263671875 0.0625
1 0.0791015625 0.73828125 0.029296875 0.048828125
1 0.2275390625 0.5263671875 0.0234375 0.0439453125
1 0.123046875 0.5927734375 0.0263671875 0.0517578125
1 0.505859375 0.490234375 0.021484375 0.0390625
1 0.89453125 0.5439453125 0.0361328125 0.0439453125
1 0.240234375 0.4609375 0.013671875 0.025390625
1 0.4599609375 0.46484375 0.0263671875 0.0361328125
1 0.2783203125 0.69921875 0.03125 0.0517578125
1 0.2578125 0.455078125 0.0185546875 0.0283203125
1 0.177734375 0.5048828125 0.029296875 0.037109375
1 0.05859375 0.4794921875 0.0205078125 0.0341796875
1 0.603515625 0.466796875 0.025390625 0.03125
1 0.931640625 0.607421875 0.0546875 0.044921875
1 0.1474609375 0.4765625 0.017578125 0.0283203125
1 0.0302734375 0.5615234375 0.0361328125 0.048828125
0 0.6875 0.845703125 0.1533203125 0.0830078125
1 0.193359375 0.3798828125 0.021484375 0.03125
1 0.291015625 0.58203125 0.025390625 0.0234375
1 0.1689453125 0.3662109375 0.0126953125 0.013671875
0 0.49609375 0.33984375 0.033203125 0.029296875
1 0.951171875 0.5322265625 0.0234375 0.0234375
0 0.46875 0.3857421875 0.0341796875 0.041015625
1 0.279296875 0.6083984375 0.212890625 0.126953125
1 0.18359375 0.4619140625 0.0361328125 0.0263671875
1 0.0224609375 0.48046875 0.0234375 0.0390625
1 0.896484375 0.587890625 0.041015625 0.0576171875
1 0.3564453125 0.4345703125 0.015625 0.03125
1 0.435546875 0.4794921875 0.033203125 0.052734375
1 0.623046875 0.689453125 0.0263671875 0.0546875
1 0.650390625 0.794921875 0.056640625 0.056640625
1 0.2373046875 0.4990234375 0.1875 0.1171875
1 0.974609375 0.630859375 0.0283203125 0.0546875
1 0.47265625 0.4228515625 0.0234375 0.029296875
1 0.580078125 0.427734375 0.0283203125 0.0419921875
1 0.0244140625 0.373046875 0.017578125 0.021484375
0 0.544921875 0.34375 0.0283203125 0.03125
1 0.177734375 0.328125 0.0185546875 0.0185546875
1 0.8154296875 0.537109375 0.025390625 0.0439453125
0 0.4453125 0.435546875 0.041015625 0.0439453125
1 0.2265625 0.8505859375 0.0625 0.0703125