0 0.509765625 0.56640625 0.09375 0.111328125
1 0.3759765625 0.57421875 0.0263671875 0.0517578125
1 0.611328125 0.5048828125 0.0263671875 0.041015625
1 0.701171875 0.619140625 0.0419921875 0.0703125
0 0.5849609375 0.6953125 0.142578125 0.166015625
0 0.544921875 0.4921875 0.076171875 0.103515625
0 0.1962890625 0.48828125 0.064453125 0.0703125
1 0.626953125 0.537109375 0.0283203125 0.048828125
1 0.8935546875 0.8056640625 0.068359375 0.0830078125
1 0.763671875 0.6689453125 0.0517578125 0.0654296875
1 0.4150390625 0.501953125 0.0234375 0.046875
0 0.564453125 0.4208984375 0.041015625 0.048828125
1 0.7607421875 0.783203125 0.056640625 0.0888671875
1 0.123046875 0.5869140625 0.0234375 0.0419921875
0 0.3095703125 0.443359375 0.0498046875 0.041015625
1 0.794921875 0.58984375 0.0419921875 0.0517578125
1 0.28125 0.5087890625 0.0283203125 0.0419921875
1 0.8818359375 0.6640625 0.080078125 0.0751953125
1 0.4169921875 0.4609375 0.021484375 0.0341796875
0 0.341796875 0.4951171875 0.0576171875 0.0625
0 0.091796875 0.4013671875 0.0498046875 0.03125
1 0.6796875 0.546875 0.025390625 0.0498046875
1 0.1240234375 0.6435546875 0.029296875 0.0498046875
1 0.287109375 0.587890625 0.033203125 0.0546875
1 0.9453125 0.681640625 0.078125 0.087890625
1 0.19921875 0.580078125 0.0263671875 0.044921875
1 0.16015625 0.5546875 0.0234375 0.03125
0 0.513671875 0.35546875 0.0361328125 0.0263671875
1 0.517578125 0.4091796875 0.0185546875 0.025390625
0 0.2275390625 0.345703125 0.033203125 0.029296875
1 0.6357421875 0.619140625 0.037109375 0.0595703125
1 0.7021484375 0.556640625 0.029296875 0.0419921875
1 0.8447265625 0.603515625 0.0390625 0.0419921875
1 0.4970703125 0.447265625 0.0283203125 0.0419921875
1 0.2119140625 0.458984375 0.013671875 0.0263671875
1 0.02734375 0.5615234375 0.033203125 0.0419921875
1 0.228515625 0.537109375 0.0263671875 0.0361328125
1 0.4619140625 0.5048828125 0.029296875 0.041015625
0 0.189453125 0.3486328125 0.0283203125 0.025390625
1 0.83984375 0.5654296875 0.033203125 0.0498046875
1 0.927734375 0.609375 0.0419921875 0.037109375
0 0.3251953125 0.826171875 0.125 0.0986328125
1 0.06640625 0.4794921875 0.0390625 0.037109375
0 0.458984375 0.4375 0.056640625 0.052734375
1 0.7890625 0.552734375 0.025390625 0.03125
1 0.220703125 0.78125 0.033203125 0.072265625
1 0.390625 0.7001953125 0.0341796875 0.0751953125
1 0.44140625 0.3642578125 0.0205078125 0.025390625
1 0.15234375 0.525390625 0.017578125 0.029296875
0 0.5458984375 0.3671875 0.029296875 0.0185546875
0 0.20703125 0.427734375 0.0517578125 0.03125
1 0.12890625 0.43359375 0.017578125 0.0205078125
1 0.904296875 0.544921875 0.017578125 0.0234375
1 0.107421875 0.7353515625 0.037109375 0.060546875
1 0.7109375 0.5244140625 0.0185546875 0.029296875
1 0.0263671875 0.8349609375 0.0341796875 0.0888671875
1 0.8984375 0.5771484375 0.046875 0.0419921875
1 0.861328125 0.55859375 0.015625 0.0205078125
1 0.587890625 0.3935546875 0.03125 0.037109375
1 0.447265625 0.6669921875 0.0263671875 0.056640625
1 0.4130859375 0.4345703125 0.013671875 0.021484375
1 0.611328125 0.4677734375 0.0185546875 0.033203125
1 0.9677734375 0.626953125 0.0361328125 0.0576171875
1 0.9013671875 0.716796875 0.0341796875 0.0751953125
1 0.6962890625 0.5224609375 0.013671875 0.0263671875
1 0.4560546875 0.728515625 0.0341796875 0.078125
1 0.8251953125 0.53515625 0.021484375 0.0390625
1 0.4833984375 0.4951171875 0.0205078125 0.0283203125
1 0.181640625 0.572265625 0.150390625 0.1376953125