0 0.576171875 0.4365234375 0.0498046875 0.0576171875
0 0.5341796875 0.4736328125 0.0625 0.083984375
1 0.25 0.4873046875 0.025390625 0.046875
1 0.7236328125 0.6591796875 0.041015625 0.0654296875
1 0.166015625 0.486328125 0.0263671875 0.0419921875
0 0.626953125 0.7236328125 0.162109375 0.2060546875
0 0.6025390625 0.5693359375 0.0986328125 0.111328125
1 0.681640625 0.568359375 0.048828125 0.0810546875
1 0.640625 0.5419921875 0.025390625 0.0439453125
0 0.490234375 0.361328125 0.041015625 0.0361328125
1 0.185546875 0.611328125 0.025390625 0.041015625
1 0.1474609375 0.5029296875 0.0234375 0.041015625
1 0.8408203125 0.8017578125 0.083984375 0.0908203125
1 0.232421875 0.45703125 0.021484375 0.029296875
1 0.791015625 0.5615234375 0.0341796875 0.048828125
1 0.435546875 0.5185546875 0.025390625 0.0439453125
1 0.482421875 0.416015625 0.0283203125 0.041015625
1 0.2109375 0.396484375 0.0185546875 0.025390625
1 0.21875 0.6826171875 0.0341796875 0.0625
0 0.3310546875 0.8369140625 0.1220703125 0.0986328125
1 0.61328125 0.505859375 0.0205078125 0.0390625
1 0.193359375 0.376953125 0.015625 0.0234375
1 0.1484375 0.7119140625 0.037109375 0.0703125
1 0.7216796875 0.53515625 0.056640625 0.0576171875
0 0.224609375 0.361328125 0.0263671875 0.0263671875
1 0.787109375 0.6396484375 0.03125 0.0576171875
1 0.365234375 0.4208984375 0.0361328125 0.0361328125
0 0.1728515625 0.416015625 0.0517578125 0.0341796875
1 0.107421875 0.416015625 0.0185546875 0.021484375
1 0.1982421875 0.537109375 0.021484375 0.0419921875
1 0.927734375 0.642578125 0.056640625 0.0576171875
0 0.462890625 0.462890625 0.041015625 0.048828125
1 0.587890625 0.4794921875 0.021484375 0.041015625
1 0.25 0.4404296875 0.0283203125 0.03125
1 0.13671875 0.59765625 0.0361328125 0.044921875
1 0.7978515625 0.6982421875 0.044921875 0.0810546875
0 0.478515625 0.5478515625 0.0732421875 0.091796875
1 0.1943359375 0.35546875 0.0107421875 0.017578125
1 0.8291015625 0.564453125 0.029296875 0.0341796875
1 0.8427734375 0.6337890625 0.0576171875 0.0703125
1 0.955078125 0.7197265625 0.064453125 0.1044921875
1 0.380859375 0.4501953125 0.029296875 0.041015625
1 0.021484375 0.4755859375 0.021484375 0.0361328125
1 0.1650390625 0.375 0.013671875 0.0283203125
1 0.46484375 0.4189453125 0.017578125 0.03125
1 0.0283203125 0.56640625 0.03125 0.0546875
1 0.501953125 0.443359375 0.021484375 0.0361328125
1 0.4287109375 0.4765625 0.0263671875 0.0439453125
1 0.8623046875 0.86328125 0.068359375 0.0517578125
1 0.595703125 0.400390625 0.0185546875 0.025390625
1 0.89453125 0.58203125 0.0390625 0.0517578125
1 0.67578125 0.5048828125 0.0263671875 0.037109375
1 0.4375 0.3974609375 0.015625 0.029296875
1 0.896484375 0.5390625 0.0263671875 0.0439453125
1 0.0595703125 0.4794921875 0.021484375 0.037109375
1 0.5517578125 0.3876953125 0.0185546875 0.0341796875
1 0.533203125 0.396484375 0.0263671875 0.033203125
1 0.0751953125 0.40234375 0.015625 0.0234375
1 0.162109375 0.646484375 0.138671875 0.181640625
1 0.6396484375 0.4423828125 0.0390625 0.03125
1 0.462890625 0.3623046875 0.0185546875 0.0283203125
0 0.248046875 0.3388671875 0.033203125 0.0283203125
1 0.185546875 0.3525390625 0.009765625 0.0205078125
1 0.509765625 0.4150390625 0.029296875 0.033203125
1 0.416015625 0.5615234375 0.052734375 0.0830078125
1 0.861328125 0.552734375 0.025390625 0.0439453125
0 0.541015625 0.3427734375 0.029296875 0.0205078125
1 0.02734375 0.373046875 0.017578125 0.021484375
1 0.146484375 0.44140625 0.025390625 0.029296875
1 0.892578125 0.369140625 0.017578125 0.0390625