0 0.326171875 0.7861328125 0.1357421875 0.1845703125
0 0.201171875 0.66796875 0.119140625 0.1357421875
0 0.544921875 0.4775390625 0.0673828125 0.076171875
0 0.228515625 0.5556640625 0.0732421875 0.0830078125
0 0.322265625 0.5712890625 0.0751953125 0.0859375
1 0.7265625 0.626953125 0.041015625 0.076171875
0 0.2392578125 0.4853515625 0.056640625 0.064453125
1 0.8212890625 0.572265625 0.0830078125 0.091796875
1 0.6142578125 0.5244140625 0.0283203125 0.0546875
1 0.45703125 0.5048828125 0.0390625 0.046875
0 0.1611328125 0.44140625 0.046875 0.048828125
1 0.962890625 0.7041015625 0.0419921875 0.080078125
0 0.3046875 0.462890625 0.0498046875 0.052734375
1 0.623046875 0.7548828125 0.0341796875 0.0654296875
1 0.830078125 0.8125 0.0625 0.0908203125
1 0.580078125 0.458984375 0.0185546875 0.037109375
1 0.154296875 0.5498046875 0.0283203125 0.041015625
1 0.123046875 0.6943359375 0.0361328125 0.0703125
1 0.734375 0.5439453125 0.046875 0.0595703125
1 0.6259765625 0.4912109375 0.017578125 0.029296875
1 0.060546875 0.478515625 0.029296875 0.0390625
1 0.474609375 0.4658203125 0.0234375 0.037109375
1 0.6904296875 0.525390625 0.0341796875 0.029296875
1 0.4365234375 0.666015625 0.0419921875 0.0703125
0 0.2978515625 0.4228515625 0.0517578125 0.0390625
1 0.5400390625 0.7939453125 0.0419921875 0.0625
0 0.5166015625 0.396484375 0.0361328125 0.0361328125
0 0.931640625 0.5810546875 0.1064453125 0.087890625
0 0.1904296875 0.384765625 0.0341796875 0.029296875
1 0.134765625 0.505859375 0.029296875 0.0498046875
1 0.89453125 0.6474609375 0.0703125 0.076171875
1 0.083984375 0.681640625 0.0576171875 0.091796875
0 0.634765625 0.439453125 0.0419921875 0.041015625
0 0.439453125 0.44140625 0.0576171875 0.0703125
1 0.6123046875 0.478515625 0.021484375 0.037109375
1 0.55859375 0.732421875 0.0234375 0.0439453125
1 0.2412109375 0.734375 0.0390625 0.072265625
1 0.0302734375 0.5693359375 0.0361328125 0.060546875
1 0.029296875 0.822265625 0.041015625 0.080078125
0 0.509765625 0.3330078125 0.0263671875 0.021484375
1 0.576171875 0.4306640625 0.0263671875 0.0361328125
1 0.466796875 0.6728515625 0.0185546875 0.0517578125
1 0.8994140625 0.544921875 0.029296875 0.037109375
1 0.97265625 0.6337890625 0.029296875 0.060546875
0 0.2529296875 0.373046875 0.052734375 0.0283203125
0 0.4775390625 0.3671875 0.029296875 0.025390625
0 0.3330078125 0.3974609375 0.056640625 0.033203125
1 0.1630859375 0.4716796875 0.033203125 0.0283203125
1 0.1611328125 0.390625 0.0126953125 0.0185546875
1 0.19140625 0.4931640625 0.017578125 0.029296875
1 0.103515625 0.4765625 0.041015625 0.0439453125
1 0.482421875 0.416015625 0.015625 0.0341796875