0 0.1923828125 0.748046875 0.1220703125 0.1591796875
0 0.509765625 0.4248046875 0.048828125 0.0595703125
1 0.587890625 0.8203125 0.048828125 0.0966796875
0 0.3388671875 0.7265625 0.099609375 0.119140625
1 0.7958984375 0.830078125 0.0546875 0.0908203125
1 0.63671875 0.7509765625 0.044921875 0.0673828125
0 0.48828125 0.3603515625 0.0419921875 0.033203125
0 0.5390625 0.34765625 0.041015625 0.033203125
1 0.556640625 0.4345703125 0.015625 0.0283203125
0 0.9248046875 0.57421875 0.115234375 0.076171875
1 0.8359375 0.6630859375 0.099609375 0.0888671875
1 0.6298828125 0.5654296875 0.037109375 0.052734375
1 0.6884765625 0.6513671875 0.0390625 0.078125
1 0.548828125 0.720703125 0.046875 0.0751953125
1 0.427734375 0.681640625 0.037109375 0.0576171875
1 0.92578125 0.8505859375 0.0830078125 0.0732421875
1 0.412109375 0.541015625 0.0283203125 0.044921875
1 0.3056640625 0.857421875 0.0361328125 0.064453125
1 0.0810546875 0.748046875 0.056640625 0.0966796875
1 0.5869140625 0.6103515625 0.0419921875 0.076171875
1 0.5791015625 0.4697265625 0.017578125 0.029296875
1 0.66015625 0.833984375 0.0517578125 0.099609375
0 0.5068359375 0.3369140625 0.033203125 0.033203125
1 0.7333984375 0.7138671875 0.0361328125 0.0625
1 0.623046875 0.5146484375 0.0283203125 0.0361328125
1 0.109375 0.548828125 0.0283203125 0.044921875
1 0.6416015625 0.6845703125 0.0419921875 0.046875
1 0.4833984375 0.509765625 0.0361328125 0.048828125
1 0.6982421875 0.748046875 0.056640625 0.0546875
1 0.59765625 0.48828125 0.0205078125 0.0390625
1 0.630859375 0.630859375 0.033203125 0.0419921875
1 0.5908203125 0.548828125 0.021484375 0.0390625
1 0.7353515625 0.5810546875 0.064453125 0.052734375
1 0.634765625 0.4921875 0.0185546875 0.025390625
1 0.720703125 0.4677734375 0.037109375 0.033203125
1 0.32421875 0.595703125 0.0546875 0.041015625
1 0.533203125 0.37109375 0.029296875 0.029296875
1 0.4208984375 0.4599609375 0.0263671875 0.029296875
1 0.8125 0.5498046875 0.0283203125 0.041015625
1 0.6328125 0.470703125 0.021484375 0.0283203125
1 0.5771484375 0.43359375 0.0205078125 0.0263671875
1 0.4375 0.517578125 0.025390625 0.037109375
1 0.8818359375 0.6044921875 0.033203125 0.041015625
1 0.025390625 0.8623046875 0.0341796875 0.056640625
1 0.55078125 0.529296875 0.033203125 0.052734375
1 0.6748046875 0.4638671875 0.03125 0.0341796875
1 0.451171875 0.373046875 0.017578125 0.029296875
1 0.03515625 0.767578125 0.0390625 0.056640625
1 0.5517578125 0.6083984375 0.025390625 0.0361328125
1 0.5234375 0.5205078125 0.0185546875 0.03125
1 0.853515625 0.53515625 0.0234375 0.029296875
1 0.5869140625 0.517578125 0.0205078125 0.029296875
1 0.677734375 0.572265625 0.068359375 0.0517578125
1 0.6826171875 0.6708984375 0.15625 0.2109375
1 0.8916015625 0.384765625 0.017578125 0.0283203125
1 0.830078125 0.58984375 0.060546875 0.048828125
1 0.578125 0.376953125 0.015625 0.03125
1 0.5966796875 0.4599609375 0.115234375 0.0732421875
1 0.029296875 0.564453125 0.033203125 0.0576171875
1 0.6533203125 0.5380859375 0.03125 0.0419921875
1 0.0615234375 0.478515625 0.0263671875 0.037109375
0 0.353515625 0.322265625 0.0341796875 0.0185546875
1 0.291015625 0.6123046875 0.0283203125 0.056640625
1 0.4619140625 0.716796875 0.0390625 0.107421875
1 0.9150390625 0.52734375 0.017578125 0.0205078125
1 0.8349609375 0.724609375 0.0263671875 0.083984375
1 0.7734375 0.57421875 0.03125 0.0419921875
1 0.544921875 0.3984375 0.013671875 0.025390625
1 0.2802734375 0.43359375 0.0361328125 0.0263671875
1 0.240234375 0.6142578125 0.0263671875 0.078125
1 0.9169921875 0.361328125 0.0341796875 0.025390625
1 0.103515625 0.4833984375 0.029296875 0.029296875
1 0.357421875 0.58203125 0.0341796875 0.0361328125
1 0.736328125 0.5478515625 0.0185546875 0.029296875
1 0.720703125 0.5498046875 0.017578125 0.03125
1 0.9345703125 0.6025390625 0.0185546875 0.0390625
0 0.24609375 0.3759765625 0.0703125 0.033203125