0 0.1923828125 0.748046875 0.125 0.162109375
0 0.51171875 0.41796875 0.0576171875 0.0546875
0 0.337890625 0.7265625 0.0986328125 0.119140625
0 0.35546875 0.4619140625 0.0986328125 0.0576171875
0 0.5400390625 0.3505859375 0.0419921875 0.0390625
1 0.068359375 0.541015625 0.0283203125 0.046875
0 0.490234375 0.359375 0.041015625 0.0341796875
1 0.61328125 0.494140625 0.044921875 0.0498046875
1 0.310546875 0.501953125 0.037109375 0.0361328125
1 0.076171875 0.76171875 0.0341796875 0.0576171875
1 0.490234375 0.546875 0.0390625 0.046875
1 0.306640625 0.833984375 0.046875 0.0908203125
1 0.4091796875 0.8076171875 0.046875 0.0625
1 0.146484375 0.501953125 0.0234375 0.0361328125
1 0.5546875 0.408203125 0.021484375 0.037109375
1 0.4755859375 0.4033203125 0.013671875 0.0283203125
1 0.1708984375 0.447265625 0.0234375 0.0283203125
1 0.5859375 0.4873046875 0.025390625 0.037109375
1 0.4296875 0.525390625 0.0341796875 0.0361328125
0 0.509765625 0.3330078125 0.03125 0.0283203125
1 0.68359375 0.564453125 0.033203125 0.037109375
1 0.2109375 0.482421875 0.021484375 0.029296875
1 0.431640625 0.6630859375 0.048828125 0.060546875
1 0.884765625 0.5703125 0.033203125 0.041015625
1 0.39453125 0.5107421875 0.048828125 0.041015625
1 0.544921875 0.5087890625 0.0498046875 0.0419921875
1 0.2470703125 0.45703125 0.0283203125 0.0361328125
1 0.4287109375 0.751953125 0.0361328125 0.046875
0 0.212890625 0.4228515625 0.083984375 0.0390625
1 0.455078125 0.7880859375 0.044921875 0.060546875
1 0.564453125 0.478515625 0.0283203125 0.0419921875
1 0.5791015625 0.39453125 0.017578125 0.029296875
1 0.658203125 0.56640625 0.03125 0.0390625
1 0.5556640625 0.44921875 0.0234375 0.029296875
1 0.2265625 0.466796875 0.021484375 0.0341796875
1 0.5166015625 0.4970703125 0.0205078125 0.037109375
1 0.5107421875 0.470703125 0.0185546875 0.029296875
1 0.6142578125 0.6162109375 0.0498046875 0.0830078125
1 0.4755859375 0.4794921875 0.0390625 0.041015625
1 0.4501953125 0.419921875 0.0126953125 0.0390625
1 0.091796875 0.646484375 0.0341796875 0.0517578125
1 0.1591796875 0.408203125 0.0185546875 0.025390625
0 0.232421875 0.3662109375 0.0595703125 0.0390625
1 0.416015625 0.5576171875 0.0390625 0.0283203125
1 0.5654296875 0.3642578125 0.015625 0.0283203125
1 0.14453125 0.470703125 0.0205078125 0.0263671875
1 0.7275390625 0.7099609375 0.0576171875 0.0703125
1 0.0224609375 0.7958984375 0.0234375 0.0703125
1 0.619140625 0.4619140625 0.0185546875 0.029296875
1 0.2060546875 0.359375 0.0126953125 0.021484375
1 0.818359375 0.5712890625 0.0673828125 0.044921875
1 0.0947265625 0.728515625 0.0263671875 0.048828125
1 0.05859375 0.482421875 0.0205078125 0.0341796875
1 0.34375 0.330078125 0.015625 0.0234375
0 0.9658203125 0.712890625 0.041015625 0.115234375
1 0.0185546875 0.4970703125 0.015625 0.0341796875
1 0.12890625 0.4296875 0.0205078125 0.021484375
1 0.6376953125 0.478515625 0.015625 0.03125
1 0.958984375 0.5703125 0.0546875 0.0595703125
0 0.185546875 0.3232421875 0.0361328125 0.025390625
1 0.45703125 0.3583984375 0.0205078125 0.0234375
0 0.197265625 0.875 0.107421875 0.0283203125
1 0.3271484375 0.35546875 0.017578125 0.029296875
1 0.5078125 0.50390625 0.2529296875 0.142578125
1 0.5888671875 0.455078125 0.0126953125 0.021484375
1 0.095703125 0.478515625 0.060546875 0.0419921875
1 0.4306640625 0.4658203125 0.017578125 0.021484375
1 0.0234375 0.55859375 0.021484375 0.0390625
1 0.583984375 0.3642578125 0.013671875 0.0283203125