0 0.3212890625 0.798828125 0.1484375 0.1767578125
1 0.162109375 0.5869140625 0.03125 0.060546875
0 0.1904296875 0.7275390625 0.1279296875 0.1513671875
1 0.3828125 0.5322265625 0.025390625 0.044921875
0 0.240234375 0.5078125 0.064453125 0.068359375
1 0.544921875 0.57421875 0.037109375 0.0576171875
1 0.404296875 0.455078125 0.021484375 0.0361328125
1 0.8232421875 0.58203125 0.083984375 0.0888671875
0 0.31640625 0.6474609375 0.0888671875 0.111328125
0 0.4111328125 0.390625 0.046875 0.0341796875
0 0.2255859375 0.5771484375 0.080078125 0.0888671875
1 0.6865234375 0.5498046875 0.0517578125 0.0595703125
1 0.83984375 0.830078125 0.0673828125 0.1044921875
1 0.943359375 0.681640625 0.083984375 0.095703125
1 0.68359375 0.470703125 0.029296875 0.0341796875
1 0.5634765625 0.392578125 0.017578125 0.025390625
0 0.505859375 0.3466796875 0.033203125 0.0341796875
0 0.3212890625 0.5517578125 0.0703125 0.078125
1 0.0458984375 0.5849609375 0.029296875 0.044921875
0 0.3271484375 0.4912109375 0.0673828125 0.060546875
0 0.4794921875 0.357421875 0.03125 0.0341796875
1 0.5078125 0.6455078125 0.0341796875 0.0595703125
1 0.7744140625 0.4873046875 0.029296875 0.025390625
1 0.1357421875 0.474609375 0.025390625 0.041015625
1 0.1533203125 0.490234375 0.021484375 0.037109375
1 0.580078125 0.4619140625 0.037109375 0.0361328125
1 0.0595703125 0.4814453125 0.025390625 0.037109375
0 0.2548828125 0.396484375 0.052734375 0.0576171875
1 0.1044921875 0.5654296875 0.025390625 0.0595703125
1 0.19140625 0.486328125 0.0205078125 0.0361328125
1 0.193359375 0.42578125 0.021484375 0.0263671875
1 0.099609375 0.6337890625 0.0361328125 0.060546875
1 0.6044921875 0.4580078125 0.015625 0.0283203125
1 0.59375 0.3974609375 0.0185546875 0.0234375
1 0.025390625 0.5634765625 0.0263671875 0.048828125
1 0.4287109375 0.4453125 0.017578125 0.0341796875
1 0.216796875 0.4130859375 0.03125 0.0361328125
1 0.150390625 0.416015625 0.03125 0.0390625
1 0.046875 0.853515625 0.046875 0.0732421875
0 0.53125 0.3291015625 0.0439453125 0.029296875
1 0.89453125 0.5849609375 0.044921875 0.060546875
1 0.099609375 0.7236328125 0.0439453125 0.087890625
0 0.3828125 0.357421875 0.046875 0.0263671875
1 0.2060546875 0.478515625 0.015625 0.033203125
1 0.828125 0.7548828125 0.0498046875 0.083984375
1 0.103515625 0.4150390625 0.015625 0.0234375
1 0.837890625 0.541015625 0.029296875 0.0419921875
1 0.349609375 0.3544921875 0.0234375 0.025390625
1 0.1748046875 0.53125 0.0283203125 0.0498046875
1 0.9658203125 0.603515625 0.037109375 0.0595703125
1 0.6884765625 0.669921875 0.029296875 0.0625
1 0.7119140625 0.521484375 0.0263671875 0.0361328125
1 0.1748046875 0.4658203125 0.0185546875 0.0341796875
1 0.638671875 0.44140625 0.03125 0.029296875
1 0.4736328125 0.4423828125 0.0185546875 0.0439453125
1 0.2900390625 0.3876953125 0.0234375 0.021484375
1 0.462890625 0.3388671875 0.0205078125 0.025390625
1 0.796875 0.490234375 0.0185546875 0.021484375
1 0.9677734375 0.517578125 0.0419921875 0.046875