0 0.140625 0.673828125 0.09375 0.099609375
0 0.591796875 0.66796875 0.134765625 0.158203125
0 0.1875 0.52734375 0.068359375 0.076171875
0 0.544921875 0.5517578125 0.083984375 0.087890625
1 0.8203125 0.583984375 0.068359375 0.072265625
1 0.638671875 0.5361328125 0.0234375 0.0341796875
1 0.6904296875 0.6416015625 0.041015625 0.0703125
1 0.7626953125 0.7216796875 0.0625 0.09375
0 0.3232421875 0.490234375 0.0595703125 0.0625
0 0.2939453125 0.4482421875 0.0498046875 0.046875
1 0.6396484375 0.591796875 0.0263671875 0.0625
1 0.556640625 0.494140625 0.0205078125 0.0390625
1 0.5029296875 0.6181640625 0.0341796875 0.0576171875
1 0.7294921875 0.5400390625 0.0439453125 0.044921875
1 0.689453125 0.556640625 0.044921875 0.052734375
1 0.8701171875 0.681640625 0.0810546875 0.091796875
1 0.7841796875 0.8232421875 0.068359375 0.1220703125
1 0.544921875 0.458984375 0.021484375 0.0390625
1 0.9443359375 0.689453125 0.076171875 0.087890625
1 0.470703125 0.515625 0.017578125 0.0341796875
1 0.4794921875 0.5830078125 0.037109375 0.0595703125
1 0.2802734375 0.73828125 0.0390625 0.048828125
1 0.908203125 0.8427734375 0.0673828125 0.091796875
1 0.2578125 0.5322265625 0.021484375 0.0390625
0 0.1884765625 0.369140625 0.0361328125 0.025390625
0 0.2607421875 0.40625 0.037109375 0.0341796875
0 0.185546875 0.3994140625 0.0390625 0.0361328125
0 0.2275390625 0.3583984375 0.029296875 0.0205078125
1 0.2392578125 0.4130859375 0.0185546875 0.0263671875
0 0.380859375 0.6103515625 0.1015625 0.1796875
0 0.9521484375 0.580078125 0.0673828125 0.0625
1 0.1416015625 0.4609375 0.0205078125 0.03125
1 0.541015625 0.4189453125 0.0185546875 0.03125
1 0.1220703125 0.53125 0.025390625 0.041015625
0 0.4814453125 0.458984375 0.046875 0.0576171875
0 0.2392578125 0.3876953125 0.037109375 0.0283203125
1 0.029296875 0.5634765625 0.033203125 0.048828125
0 0.51953125 0.4140625 0.0361328125 0.0625
1 0.2431640625 0.4560546875 0.017578125 0.03125
1 0.16796875 0.4345703125 0.017578125 0.025390625
1 0.58984375 0.431640625 0.017578125 0.025390625
1 0.896484375 0.5869140625 0.0390625 0.0546875
1 0.068359375 0.4765625 0.048828125 0.037109375
1 0.955078125 0.6279296875 0.0361328125 0.0498046875
1 0.7529296875 0.65625 0.037109375 0.068359375
1 0.119140625 0.421875 0.021484375 0.025390625
1 0.216796875 0.759765625 0.037109375 0.044921875
1 0.478515625 0.416015625 0.0185546875 0.025390625
0 0.2099609375 0.435546875 0.0419921875 0.037109375
1 0.900390625 0.7412109375 0.033203125 0.076171875
1 0.681640625 0.466796875 0.0341796875 0.025390625
0 0.5361328125 0.3564453125 0.03125 0.0341796875
1 0.099609375 0.755859375 0.03125 0.052734375
1 0.0234375 0.4853515625 0.025390625 0.0390625
1 0.8974609375 0.544921875 0.033203125 0.0341796875
0 0.482421875 0.3583984375 0.0205078125 0.0234375
1 0.5029296875 0.576171875 0.0185546875 0.0283203125
0 0.427734375 0.423828125 0.044921875 0.052734375
1 0.8134765625 0.537109375 0.0263671875 0.0439453125
1 0.2236328125 0.857421875 0.0439453125 0.0625