0 0.7900390625 0.744140625 0.1796875 0.1953125
0 0.546875 0.4951171875 0.0625 0.078125
0 0.220703125 0.5029296875 0.0625 0.068359375
1 0.150390625 0.4833984375 0.025390625 0.0390625
1 0.35546875 0.435546875 0.0234375 0.03125
1 0.24609375 0.646484375 0.0361328125 0.0576171875
1 0.62109375 0.5458984375 0.0361328125 0.048828125
1 0.1728515625 0.6650390625 0.0263671875 0.048828125
1 0.8193359375 0.576171875 0.080078125 0.0888671875
1 0.89453125 0.65234375 0.080078125 0.0703125
1 0.6826171875 0.544921875 0.0498046875 0.0498046875
1 0.5732421875 0.474609375 0.0185546875 0.033203125
1 0.412109375 0.45703125 0.0234375 0.029296875
1 0.2802734375 0.5068359375 0.029296875 0.044921875
1 0.1044921875 0.7080078125 0.03125 0.0498046875
1 0.7236328125 0.537109375 0.0498046875 0.048828125
1 0.1611328125 0.4541015625 0.021484375 0.0390625
0 0.5224609375 0.427734375 0.044921875 0.046875
1 0.162109375 0.41796875 0.0205078125 0.029296875
1 0.9521484375 0.69921875 0.0732421875 0.0859375
1 0.3701171875 0.5 0.041015625 0.0595703125
1 0.134765625 0.5498046875 0.025390625 0.041015625
1 0.21875 0.4384765625 0.021484375 0.029296875
1 0.263671875 0.5771484375 0.0341796875 0.0419921875
1 0.6005859375 0.4951171875 0.0234375 0.037109375
0 0.560546875 0.4072265625 0.03125 0.0390625
1 0.6474609375 0.6904296875 0.044921875 0.0498046875
1 0.267578125 0.447265625 0.0185546875 0.029296875
0 0.46484375 0.4296875 0.0361328125 0.037109375
1 0.220703125 0.4033203125 0.017578125 0.025390625
1 0.6376953125 0.767578125 0.078125 0.1298828125
1 0.6259765625 0.509765625 0.0234375 0.0390625
1 0.46875 0.455078125 0.0185546875 0.03125
1 0.1328125 0.416015625 0.025390625 0.0341796875
1 0.197265625 0.416015625 0.0185546875 0.029296875
1 0.6015625 0.4541015625 0.0185546875 0.029296875
1 0.0595703125 0.4794921875 0.025390625 0.037109375
1 0.4619140625 0.529296875 0.033203125 0.0419921875
1 0.6533203125 0.638671875 0.0439453125 0.0576171875
1 0.083984375 0.404296875 0.0185546875 0.021484375
1 0.896484375 0.541015625 0.03125 0.037109375
0 0.4892578125 0.3564453125 0.0283203125 0.025390625
1 0.365234375 0.4033203125 0.017578125 0.0341796875
1 0.455078125 0.3642578125 0.015625 0.025390625
1 0.201171875 0.447265625 0.0205078125 0.029296875
1 0.673828125 0.505859375 0.0263671875 0.041015625
0 0.2275390625 0.3515625 0.0263671875 0.0283203125
1 0.109375 0.4833984375 0.0341796875 0.033203125
0 0.5126953125 0.5712890625 0.0966796875 0.123046875
1 0.419921875 0.513671875 0.0361328125 0.064453125
1 0.7021484375 0.8388671875 0.0263671875 0.0498046875
1 0.412109375 0.4248046875 0.0205078125 0.0283203125
1 0.74609375 0.6396484375 0.048828125 0.0390625
1 0.955078125 0.630859375 0.041015625 0.052734375
1 0.1005859375 0.40625 0.013671875 0.021484375
1 0.2578125 0.3857421875 0.025390625 0.0341796875
1 0.181640625 0.380859375 0.009765625 0.013671875
0 0.322265625 0.400390625 0.0888671875 0.046875
0 0.533203125 0.353515625 0.025390625 0.0234375
1 0.8974609375 0.576171875 0.0419921875 0.0439453125
1 0.1484375 0.6015625 0.037109375 0.037109375
1 0.537109375 0.380859375 0.025390625 0.029296875
1 0.63671875 0.439453125 0.0390625 0.0341796875
1 0.1962890625 0.607421875 0.1826171875 0.1982421875
0 0.955078125 0.5810546875 0.060546875 0.0654296875
1 0.021484375 0.48828125 0.0205078125 0.0390625
0 0.5107421875 0.3974609375 0.0341796875 0.033203125
1 0.181640625 0.427734375 0.154296875 0.091796875
1 0.197265625 0.732421875 0.0439453125 0.0703125
1 0.0771484375 0.337890625 0.0205078125 0.0185546875
1 0.068359375 0.388671875 0.025390625 0.0234375
0 0.3466796875 0.3212890625 0.021484375 0.017578125
0 0.498046875 0.337890625 0.0263671875 0.021484375
1 0.708984375 0.7041015625 0.0263671875 0.0703125
0 0.5712890625 0.375 0.0263671875 0.03125