0 0.193359375 0.748046875 0.123046875 0.1611328125
0 0.5126953125 0.4228515625 0.0498046875 0.0517578125
0 0.337890625 0.7275390625 0.0986328125 0.1171875
1 0.609375 0.4931640625 0.037109375 0.048828125
1 0.0673828125 0.5390625 0.0283203125 0.046875
0 0.486328125 0.361328125 0.0419921875 0.029296875
1 0.306640625 0.833984375 0.048828125 0.0908203125
1 0.576171875 0.4892578125 0.025390625 0.046875
0 0.3095703125 0.470703125 0.099609375 0.064453125
0 0.5390625 0.3515625 0.041015625 0.041015625
1 0.0771484375 0.751953125 0.048828125 0.0859375
1 0.654296875 0.5302734375 0.025390625 0.048828125
1 0.0380859375 0.7529296875 0.0390625 0.078125
1 0.509765625 0.4736328125 0.033203125 0.046875
1 0.41015625 0.8046875 0.0546875 0.0654296875
0 0.09375 0.3935546875 0.0595703125 0.037109375
0 0.509765625 0.333984375 0.029296875 0.029296875
1 0.533203125 0.4765625 0.0234375 0.0439453125
1 0.646484375 0.486328125 0.021484375 0.0390625
1 0.564453125 0.376953125 0.0234375 0.033203125
1 0.552734375 0.470703125 0.0234375 0.0419921875
1 0.5654296875 0.43359375 0.0185546875 0.0263671875
1 0.458984375 0.783203125 0.037109375 0.056640625
1 0.5849609375 0.3779296875 0.0205078125 0.0283203125
1 0.4716796875 0.4453125 0.0283203125 0.041015625
1 0.48828125 0.5244140625 0.0576171875 0.0576171875
1 0.548828125 0.4169921875 0.0205078125 0.0283203125
1 0.439453125 0.53515625 0.048828125 0.048828125
1 0.619140625 0.4638671875 0.0205078125 0.0341796875
1 0.439453125 0.36328125 0.0185546875 0.0234375
1 0.84765625 0.6416015625 0.0419921875 0.0703125
1 0.1650390625 0.365234375 0.0107421875 0.015625
1 0.197265625 0.439453125 0.017578125 0.0263671875
1 0.419921875 0.7373046875 0.046875 0.052734375
1 0.1298828125 0.4169921875 0.0341796875 0.0283203125
1 0.068359375 0.478515625 0.03125 0.033203125
1 0.603515625 0.396484375 0.0185546875 0.033203125
1 0.4267578125 0.681640625 0.03125 0.033203125
1 0.5947265625 0.4658203125 0.017578125 0.025390625
1 0.6416015625 0.443359375 0.0234375 0.029296875
1 0.4755859375 0.4755859375 0.0234375 0.029296875
0 0.228515625 0.3671875 0.0576171875 0.0341796875
0 0.1953125 0.8759765625 0.109375 0.029296875
1 0.0244140625 0.580078125 0.0263671875 0.0703125
1 0.4375 0.7646484375 0.021484375 0.033203125
1 0.330078125 0.357421875 0.0234375 0.0263671875
1 0.0244140625 0.380859375 0.0263671875 0.03125
1 0.455078125 0.7177734375 0.0185546875 0.0234375
1 0.466796875 0.4208984375 0.017578125 0.0234375
1 0.0400390625 0.556640625 0.017578125 0.0361328125