0 0.609375 0.564453125 0.0966796875 0.1142578125
0 0.337890625 0.7265625 0.099609375 0.115234375
0 0.4931640625 0.537109375 0.0732421875 0.0888671875
1 0.78515625 0.572265625 0.0703125 0.0625
0 0.619140625 0.7529296875 0.134765625 0.171875
1 0.69140625 0.591796875 0.033203125 0.0654296875
0 0.4892578125 0.361328125 0.0341796875 0.03125
0 0.541015625 0.341796875 0.0341796875 0.03125
1 0.15625 0.5732421875 0.03125 0.0498046875
0 0.7734375 0.4853515625 0.130859375 0.0673828125
1 0.595703125 0.4873046875 0.0263671875 0.037109375
1 0.716796875 0.533203125 0.0419921875 0.048828125
0 0.509765625 0.333984375 0.03125 0.03125
1 0.849609375 0.76171875 0.064453125 0.091796875
1 0.919921875 0.693359375 0.099609375 0.076171875
1 0.72265625 0.7578125 0.0576171875 0.078125
1 0.7724609375 0.6748046875 0.0517578125 0.0751953125
1 0.6474609375 0.52734375 0.033203125 0.044921875
1 0.869140625 0.568359375 0.0546875 0.046875
0 0.2265625 0.353515625 0.0341796875 0.0341796875
0 0.5166015625 0.3857421875 0.0361328125 0.0283203125
1 0.962890625 0.623046875 0.0439453125 0.0673828125
1 0.521484375 0.474609375 0.021484375 0.029296875
1 0.830078125 0.560546875 0.0283203125 0.0341796875
1 0.9091796875 0.544921875 0.0283203125 0.0263671875
0 0.1923828125 0.826171875 0.140625 0.1298828125
1 0.861328125 0.65234375 0.060546875 0.0546875
1 0.1943359375 0.373046875 0.0205078125 0.0341796875
1 0.158203125 0.6220703125 0.025390625 0.0439453125
1 0.5400390625 0.66015625 0.0361328125 0.0703125
1 0.853515625 0.5361328125 0.033203125 0.0439453125
1 0.591796875 0.396484375 0.0234375 0.03125
1 0.1083984375 0.4853515625 0.0361328125 0.0361328125
1 0.572265625 0.443359375 0.0263671875 0.046875
0 0.4599609375 0.359375 0.029296875 0.0341796875
1 0.1533203125 0.4384765625 0.015625 0.029296875
0 0.548828125 0.4873046875 0.048828125 0.056640625
1 0.552734375 0.4541015625 0.013671875 0.0205078125
1 0.052734375 0.7041015625 0.041015625 0.0419921875
1 0.05859375 0.478515625 0.0234375 0.0419921875
1 0.033203125 0.580078125 0.041015625 0.083984375
1 0.5576171875 0.8232421875 0.0625 0.0810546875
1 0.42578125 0.7255859375 0.033203125 0.0888671875
1 0.021484375 0.482421875 0.025390625 0.046875
0 0.306640625 0.345703125 0.064453125 0.0732421875
1 0.6171875 0.4453125 0.015625 0.0283203125
0 0.4052734375 0.43359375 0.0576171875 0.0546875
1 0.466796875 0.4267578125 0.0205078125 0.037109375
1 0.1806640625 0.3564453125 0.013671875 0.021484375
0 0.4580078125 0.470703125 0.046875 0.0576171875
1 0.4423828125 0.3994140625 0.025390625 0.029296875