0 0.318359375 0.798828125 0.1533203125 0.1767578125
0 0.7275390625 0.779296875 0.1455078125 0.1953125
1 0.4833984375 0.5361328125 0.029296875 0.046875
1 0.6279296875 0.5810546875 0.037109375 0.056640625
0 0.240234375 0.513671875 0.0654296875 0.0810546875
1 0.6923828125 0.552734375 0.046875 0.060546875
0 0.544921875 0.5673828125 0.103515625 0.130859375
0 0.3125 0.650390625 0.09375 0.109375
1 0.794921875 0.7353515625 0.0439453125 0.0986328125
1 0.822265625 0.578125 0.0888671875 0.087890625
1 0.501953125 0.4775390625 0.025390625 0.0361328125
1 0.587890625 0.5478515625 0.025390625 0.044921875
1 0.482421875 0.42578125 0.03125 0.033203125
1 0.728515625 0.537109375 0.0419921875 0.0498046875
1 0.9462890625 0.685546875 0.076171875 0.083984375
1 0.408203125 0.396484375 0.0185546875 0.0283203125
1 0.8955078125 0.6396484375 0.083984375 0.0830078125
1 0.5634765625 0.3828125 0.0205078125 0.0283203125
0 0.505859375 0.3466796875 0.03125 0.041015625
1 0.193359375 0.5556640625 0.0341796875 0.048828125
0 0.48046875 0.357421875 0.033203125 0.0390625
1 0.3916015625 0.3896484375 0.0205078125 0.0263671875
0 0.326171875 0.4921875 0.068359375 0.0625
1 0.119140625 0.640625 0.0361328125 0.052734375
1 0.498046875 0.408203125 0.015625 0.025390625
1 0.591796875 0.3935546875 0.0185546875 0.0283203125
1 0.412109375 0.419921875 0.013671875 0.0263671875
1 0.44921875 0.421875 0.017578125 0.0283203125
1 0.435546875 0.8095703125 0.037109375 0.072265625
1 0.759765625 0.486328125 0.0439453125 0.033203125
0 0.16015625 0.447265625 0.0576171875 0.052734375
1 0.130859375 0.525390625 0.0283203125 0.037109375
1 0.5205078125 0.498046875 0.021484375 0.0234375
1 0.7197265625 0.6337890625 0.033203125 0.060546875
1 0.373046875 0.3798828125 0.0205078125 0.021484375
0 0.2529296875 0.3974609375 0.046875 0.0546875
1 0.3779296875 0.478515625 0.0185546875 0.033203125
0 0.9443359375 0.5361328125 0.0830078125 0.0595703125
1 0.16796875 0.587890625 0.0263671875 0.0546875
1 0.6533203125 0.47265625 0.037109375 0.0361328125
0 0.533203125 0.3427734375 0.0283203125 0.0263671875
1 0.177734375 0.517578125 0.025390625 0.0361328125
1 0.7060546875 0.521484375 0.025390625 0.0283203125
1 0.060546875 0.4814453125 0.025390625 0.037109375
1 0.6357421875 0.4443359375 0.046875 0.0361328125
1 0.037109375 0.58984375 0.048828125 0.0673828125
1 0.6796875 0.4384765625 0.021484375 0.0361328125
1 0.21484375 0.412109375 0.033203125 0.0361328125
1 0.4189453125 0.3642578125 0.025390625 0.025390625
1 0.2158203125 0.6435546875 0.037109375 0.072265625
1 0.89453125 0.583984375 0.0419921875 0.052734375
1 0.455078125 0.5029296875 0.0185546875 0.041015625
1 0.85546875 0.494140625 0.0361328125 0.0439453125
1 0.169921875 0.6396484375 0.0283203125 0.060546875
1 0.4423828125 0.361328125 0.0341796875 0.029296875
1 0.9619140625 0.626953125 0.0419921875 0.0576171875
1 0.193359375 0.4931640625 0.0205078125 0.033203125
1 0.349609375 0.3544921875 0.0234375 0.025390625