1 0.662109375 0.64453125 0.041015625 0.091796875
0 0.8037109375 0.7216796875 0.185546875 0.1845703125
0 0.5517578125 0.6240234375 0.1220703125 0.154296875
1 0.3134765625 0.5849609375 0.0263671875 0.0546875
1 0.1298828125 0.5078125 0.03125 0.041015625
1 0.357421875 0.6689453125 0.033203125 0.068359375
0 0.5888671875 0.5166015625 0.0751953125 0.095703125
1 0.2890625 0.669921875 0.0341796875 0.0595703125
1 0.6865234375 0.544921875 0.048828125 0.0546875
1 0.8173828125 0.572265625 0.078125 0.0810546875
0 0.5615234375 0.3837890625 0.033203125 0.0390625
1 0.3330078125 0.4990234375 0.021484375 0.0361328125
1 0.265625 0.5693359375 0.0283203125 0.048828125
1 0.208984375 0.44140625 0.017578125 0.0234375
1 0.1494140625 0.541015625 0.0263671875 0.0390625
1 0.298828125 0.509765625 0.021484375 0.0419921875
1 0.728515625 0.5380859375 0.0419921875 0.048828125
1 0.2255859375 0.552734375 0.0234375 0.044921875
1 0.224609375 0.509765625 0.0205078125 0.033203125
1 0.3779296875 0.552734375 0.025390625 0.0390625
1 0.373046875 0.623046875 0.029296875 0.0625
1 0.943359375 0.6845703125 0.0810546875 0.087890625
1 0.197265625 0.595703125 0.0263671875 0.0576171875
1 0.123046875 0.65625 0.046875 0.0751953125
1 0.265625 0.4677734375 0.021484375 0.0361328125
1 0.458984375 0.462890625 0.025390625 0.0341796875
1 0.0595703125 0.48046875 0.021484375 0.0361328125
1 0.2666015625 0.5078125 0.0205078125 0.041015625
0 0.6748046875 0.8291015625 0.171875 0.1201171875
1 0.1943359375 0.349609375 0.013671875 0.015625
1 0.177734375 0.5185546875 0.0341796875 0.041015625
1 0.2431640625 0.44921875 0.0205078125 0.029296875
1 0.1689453125 0.4736328125 0.0185546875 0.0283203125
0 0.5380859375 0.431640625 0.0390625 0.046875
0 0.52734375 0.3896484375 0.0390625 0.0361328125
0 0.4736328125 0.3740234375 0.0341796875 0.0419921875
1 0.181640625 0.4541015625 0.0283203125 0.033203125
1 0.361328125 0.4501953125 0.0185546875 0.03125
1 0.501953125 0.48046875 0.021484375 0.0390625
1 0.1455078125 0.474609375 0.021484375 0.037109375
1 0.1640625 0.3720703125 0.015625 0.0185546875
1 0.0302734375 0.560546875 0.0361328125 0.048828125
1 0.5966796875 0.44140625 0.0185546875 0.0263671875
1 0.125 0.3623046875 0.0126953125 0.015625
1 0.9072265625 0.5400390625 0.0234375 0.0361328125
1 0.5283203125 0.529296875 0.0283203125 0.044921875
1 0.1875 0.3818359375 0.0185546875 0.0234375
1 0.5849609375 0.580078125 0.029296875 0.048828125
1 0.0224609375 0.4794921875 0.0263671875 0.041015625
1 0.0927734375 0.40625 0.017578125 0.025390625
0 0.5439453125 0.3427734375 0.025390625 0.0234375
0 0.25390625 0.3896484375 0.0673828125 0.048828125
1 0.4931640625 0.529296875 0.017578125 0.0419921875
1 0.2783203125 0.755859375 0.03125 0.060546875
0 0.287109375 0.4267578125 0.0498046875 0.041015625
1 0.4501953125 0.38671875 0.0126953125 0.0234375
1 0.2041015625 0.755859375 0.0390625 0.0732421875
0 0.498046875 0.3349609375 0.0205078125 0.0205078125
1 0.609375 0.771484375 0.041015625 0.0595703125
1 0.2060546875 0.412109375 0.015625 0.0283203125
1 0.2080078125 0.4677734375 0.037109375 0.0390625
1 0.1171875 0.6044921875 0.0283203125 0.046875
1 0.2900390625 0.501953125 0.1298828125 0.0888671875
1 0.0595703125 0.759765625 0.052734375 0.078125
1 0.158203125 0.337890625 0.0205078125 0.0185546875
1 0.896484375 0.587890625 0.041015625 0.056640625
1 0.4755859375 0.669921875 0.033203125 0.0595703125
1 0.47265625 0.41796875 0.0234375 0.029296875
1 0.1591796875 0.84375 0.0595703125 0.072265625
1 0.578125 0.4228515625 0.0185546875 0.0361328125
1 0.13671875 0.4287109375 0.017578125 0.029296875
1 0.943359375 0.6064453125 0.0810546875 0.0654296875
1 0.9521484375 0.529296875 0.0205078125 0.0185546875
1 0.23828125 0.6123046875 0.283203125 0.197265625
1 0.603515625 0.666015625 0.0234375 0.048828125
1 0.025390625 0.373046875 0.0126953125 0.021484375
1 0.072265625 0.3955078125 0.013671875 0.021484375
1 0.423828125 0.5009765625 0.025390625 0.033203125
1 0.8154296875 0.537109375 0.025390625 0.0419921875
0 0.3505859375 0.3193359375 0.033203125 0.0205078125
1 0.0771484375 0.337890625 0.0205078125 0.0185546875
1 0.18359375 0.3544921875 0.0859375 0.056640625