0 0.1923828125 0.748046875 0.125 0.162109375
0 0.5126953125 0.4228515625 0.056640625 0.0517578125
0 0.337890625 0.728515625 0.0986328125 0.1201171875
0 0.341796875 0.47265625 0.1044921875 0.0703125
0 0.5546875 0.5068359375 0.134765625 0.064453125
0 0.5380859375 0.3515625 0.0419921875 0.041015625
1 0.08203125 0.75390625 0.0546875 0.0830078125
1 0.642578125 0.595703125 0.0751953125 0.060546875
1 0.361328125 0.5166015625 0.0419921875 0.0419921875
1 0.625 0.490234375 0.03125 0.0390625
1 0.298828125 0.5146484375 0.0341796875 0.0390625
1 0.498046875 0.46484375 0.029296875 0.0390625
1 0.431640625 0.6552734375 0.048828125 0.0703125
0 0.4912109375 0.349609375 0.0419921875 0.037109375
1 0.7216796875 0.576171875 0.0751953125 0.0673828125
1 0.4521484375 0.7666015625 0.0390625 0.0576171875
1 0.2490234375 0.494140625 0.0361328125 0.041015625
1 0.548828125 0.38671875 0.017578125 0.0263671875
1 0.5498046875 0.45703125 0.0439453125 0.0390625
1 0.30859375 0.833984375 0.048828125 0.095703125
1 0.455078125 0.87109375 0.041015625 0.0390625
1 0.466796875 0.3837890625 0.0185546875 0.0263671875
1 0.57421875 0.3759765625 0.0205078125 0.0263671875
1 0.404296875 0.3779296875 0.0107421875 0.0185546875
1 0.1650390625 0.4609375 0.0234375 0.03125
1 0.404296875 0.509765625 0.0419921875 0.0419921875
1 0.423828125 0.732421875 0.0498046875 0.078125
0 0.2353515625 0.3681640625 0.060546875 0.0361328125
1 0.115234375 0.5859375 0.044921875 0.103515625
1 0.251953125 0.4296875 0.03125 0.0283203125
1 0.1845703125 0.423828125 0.0185546875 0.0205078125
1 0.58984375 0.56640625 0.048828125 0.060546875
1 0.751953125 0.607421875 0.0263671875 0.0361328125
1 0.080078125 0.50390625 0.0234375 0.029296875
1 0.4501953125 0.3759765625 0.015625 0.0263671875
1 0.580078125 0.640625 0.033203125 0.056640625
1 0.154296875 0.4150390625 0.025390625 0.0234375
1 0.880859375 0.634765625 0.0341796875 0.03125
1 0.1181640625 0.4228515625 0.0205078125 0.0234375
1 0.296875 0.478515625 0.0185546875 0.0205078125
1 0.142578125 0.4443359375 0.017578125 0.0234375
1 0.435546875 0.3671875 0.015625 0.025390625
1 0.666015625 0.5185546875 0.0439453125 0.03125
0 0.798828125 0.5498046875 0.0732421875 0.046875
1 0.4765625 0.615234375 0.041015625 0.0595703125
1 0.966796875 0.5888671875 0.037109375 0.0498046875
1 0.5947265625 0.4658203125 0.017578125 0.021484375
1 0.517578125 0.8291015625 0.037109375 0.0673828125
1 0.607421875 0.650390625 0.0341796875 0.052734375
1 0.845703125 0.5615234375 0.046875 0.0361328125
1 0.0341796875 0.5859375 0.03125 0.087890625
1 0.462890625 0.7216796875 0.029296875 0.0439453125
1 0.177734375 0.326171875 0.0234375 0.021484375
1 0.056640625 0.478515625 0.017578125 0.033203125
1 0.1953125 0.4326171875 0.115234375 0.0810546875
0 0.939453125 0.5126953125 0.0908203125 0.0595703125
1 0.701171875 0.5283203125 0.037109375 0.041015625