0 0.1923828125 0.748046875 0.125 0.162109375
0 0.5126953125 0.4208984375 0.0498046875 0.0517578125
0 0.337890625 0.7275390625 0.0966796875 0.1201171875
0 0.4873046875 0.3564453125 0.0498046875 0.0439453125
0 0.541015625 0.353515625 0.0439453125 0.0439453125
0 0.826171875 0.572265625 0.1923828125 0.087890625
1 0.515625 0.4716796875 0.0439453125 0.046875
0 0.322265625 0.462890625 0.091796875 0.0546875
1 0.580078125 0.48828125 0.025390625 0.0361328125
1 0.1181640625 0.572265625 0.029296875 0.0419921875
1 0.0673828125 0.537109375 0.0283203125 0.037109375
1 0.5654296875 0.373046875 0.0283203125 0.0283203125
0 0.509765625 0.333984375 0.029296875 0.0283203125
1 0.6416015625 0.4970703125 0.029296875 0.0439453125
1 0.080078125 0.748046875 0.0439453125 0.0888671875
1 0.580078125 0.419921875 0.013671875 0.0263671875
1 0.49609375 0.5302734375 0.0390625 0.0517578125
1 0.23828125 0.4443359375 0.0205078125 0.0234375
1 0.1494140625 0.494140625 0.0205078125 0.037109375
1 0.1455078125 0.43359375 0.03125 0.033203125
1 0.376953125 0.353515625 0.015625 0.0205078125
1 0.47265625 0.466796875 0.0234375 0.0361328125
1 0.427734375 0.677734375 0.0439453125 0.0498046875
1 0.4150390625 0.8125 0.0361328125 0.046875
1 0.4580078125 0.783203125 0.0341796875 0.0576171875
1 0.513671875 0.3701171875 0.017578125 0.021484375
1 0.1796875 0.4580078125 0.0283203125 0.0341796875
1 0.3603515625 0.5068359375 0.0419921875 0.0390625
1 0.49609375 0.453125 0.017578125 0.0283203125
1 0.5634765625 0.46875 0.0205078125 0.03125
1 0.4375 0.361328125 0.015625 0.025390625
1 0.060546875 0.478515625 0.0234375 0.03125
1 0.087890625 0.416015625 0.017578125 0.025390625
1 0.5400390625 0.4765625 0.0205078125 0.0341796875
1 0.306640625 0.833984375 0.044921875 0.0859375
1 0.716796875 0.6044921875 0.0751953125 0.0498046875
1 0.412109375 0.470703125 0.0234375 0.025390625
1 0.623046875 0.486328125 0.0205078125 0.03125
1 0.595703125 0.376953125 0.0185546875 0.0263671875
1 0.1220703125 0.4091796875 0.021484375 0.0341796875
1 0.587890625 0.451171875 0.015625 0.0234375
1 0.162109375 0.3642578125 0.0107421875 0.0185546875
1 0.6005859375 0.498046875 0.017578125 0.0341796875
1 0.583984375 0.384765625 0.0107421875 0.0263671875
1 0.6181640625 0.4609375 0.0234375 0.0283203125
1 0.017578125 0.498046875 0.013671875 0.033203125
1 0.4228515625 0.7451171875 0.0517578125 0.0625
1 0.1611328125 0.333984375 0.021484375 0.0185546875
1 0.177734375 0.326171875 0.0205078125 0.021484375
1 0.185546875 0.4150390625 0.0126953125 0.013671875
0 0.2353515625 0.3662109375 0.060546875 0.0361328125
1 0.474609375 0.4189453125 0.03125 0.037109375
1 0.029296875 0.583984375 0.033203125 0.083984375
1 0.5830078125 0.361328125 0.0126953125 0.0205078125
1 0.5947265625 0.4658203125 0.013671875 0.0185546875
1 0.3203125 0.478515625 0.0126953125 0.0234375
1 0.5498046875 0.44140625 0.015625 0.0234375
1 0.1953125 0.322265625 0.0185546875 0.0205078125
1 0.634765625 0.443359375 0.0283203125 0.029296875
1 0.0224609375 0.373046875 0.017578125 0.021484375
1 0.890625 0.3837890625 0.015625 0.0263671875