0 0.3212890625 0.798828125 0.1484375 0.1767578125
0 0.619140625 0.625 0.109375 0.140625
1 0.693359375 0.5498046875 0.046875 0.056640625
0 0.3154296875 0.6494140625 0.09375 0.111328125
0 0.2412109375 0.509765625 0.060546875 0.076171875
1 0.5634765625 0.390625 0.017578125 0.025390625
0 0.490234375 0.5068359375 0.076171875 0.1044921875
1 0.8232421875 0.580078125 0.0908203125 0.0888671875
1 0.3798828125 0.3798828125 0.025390625 0.0283203125
0 0.5078125 0.349609375 0.0341796875 0.0419921875
1 0.892578125 0.6533203125 0.083984375 0.0810546875
1 0.4150390625 0.412109375 0.017578125 0.033203125
1 0.189453125 0.5263671875 0.0234375 0.0341796875
1 0.5498046875 0.4931640625 0.025390625 0.044921875
1 0.4482421875 0.427734375 0.015625 0.0283203125
0 0.328125 0.490234375 0.0654296875 0.0595703125
1 0.64453125 0.5625 0.0234375 0.041015625
1 0.72265625 0.7978515625 0.0419921875 0.0703125
0 0.3212890625 0.55078125 0.0703125 0.0830078125
1 0.55078125 0.4423828125 0.0205078125 0.0283203125
1 0.21484375 0.5908203125 0.0361328125 0.046875
1 0.431640625 0.482421875 0.0205078125 0.037109375
0 0.9375 0.5283203125 0.0966796875 0.083984375
1 0.9580078125 0.697265625 0.0625 0.072265625
1 0.181640625 0.5634765625 0.0283203125 0.044921875
1 0.404296875 0.5283203125 0.0283203125 0.046875
1 0.509765625 0.4638671875 0.0205078125 0.0283203125
1 0.12109375 0.548828125 0.029296875 0.0595703125
1 0.072265625 0.783203125 0.046875 0.0654296875
0 0.48046875 0.3583984375 0.0361328125 0.0390625
0 0.185546875 0.326171875 0.046875 0.0234375
1 0.59375 0.400390625 0.0126953125 0.0263671875
1 0.0654296875 0.4775390625 0.0341796875 0.033203125
0 0.2568359375 0.4033203125 0.048828125 0.041015625
1 0.1533203125 0.71875 0.03125 0.046875
1 0.8994140625 0.5810546875 0.0546875 0.056640625
1 0.431640625 0.39453125 0.015625 0.0234375
1 0.216796875 0.41796875 0.033203125 0.033203125
0 0.1640625 0.4580078125 0.0654296875 0.0498046875
0 0.23828125 0.330078125 0.0419921875 0.025390625
1 0.6279296875 0.4599609375 0.0341796875 0.0361328125
1 0.1884765625 0.611328125 0.0263671875 0.0439453125
1 0.892578125 0.3876953125 0.0205078125 0.03125
1 0.35546875 0.361328125 0.017578125 0.0205078125
1 0.611328125 0.5146484375 0.021484375 0.060546875
0 0.3251953125 0.376953125 0.0966796875 0.052734375
1 0.28125 0.36328125 0.015625 0.0205078125
0 0.5322265625 0.3427734375 0.0263671875 0.0234375
1 0.111328125 0.5009765625 0.033203125 0.0517578125
1 0.455078125 0.5009765625 0.0205078125 0.0419921875
0 0.3505859375 0.3212890625 0.033203125 0.017578125
1 0.1494140625 0.392578125 0.0205078125 0.021484375
1 0.7177734375 0.5107421875 0.0234375 0.037109375
1 0.3583984375 0.447265625 0.0234375 0.03125
1 0.6025390625 0.41796875 0.013671875 0.033203125
1 0.5458984375 0.779296875 0.048828125 0.0654296875
1 0.0322265625 0.576171875 0.0390625 0.0703125
1 0.0224609375 0.5185546875 0.0234375 0.0185546875
1 0.173828125 0.419921875 0.0234375 0.03125
0 0.4384765625 0.3720703125 0.044921875 0.037109375
1 0.841796875 0.5380859375 0.033203125 0.0361328125