0 0.193359375 0.75 0.123046875 0.162109375
0 0.3388671875 0.7275390625 0.099609375 0.1201171875
1 0.58203125 0.45703125 0.0234375 0.0419921875
1 0.599609375 0.53515625 0.044921875 0.0517578125
0 0.484375 0.357421875 0.056640625 0.0390625
0 0.509765625 0.4267578125 0.048828125 0.056640625
1 0.580078125 0.802734375 0.044921875 0.064453125
1 0.3876953125 0.4599609375 0.041015625 0.0390625
0 0.537109375 0.353515625 0.048828125 0.041015625
1 0.6650390625 0.8154296875 0.0517578125 0.087890625
1 0.6484375 0.4775390625 0.0341796875 0.0390625
1 0.673828125 0.7470703125 0.044921875 0.052734375
1 0.61328125 0.6240234375 0.048828125 0.060546875
1 0.5517578125 0.44140625 0.03125 0.0419921875
0 0.9111328125 0.576171875 0.150390625 0.0732421875
1 0.564453125 0.5615234375 0.0341796875 0.0576171875
1 0.4287109375 0.677734375 0.0390625 0.0625
1 0.091796875 0.76171875 0.0439453125 0.0703125
1 0.525390625 0.52734375 0.037109375 0.0517578125
1 0.306640625 0.85546875 0.0390625 0.064453125
1 0.7216796875 0.6884765625 0.037109375 0.064453125
1 0.748046875 0.8037109375 0.072265625 0.064453125
1 0.3427734375 0.4443359375 0.0390625 0.029296875
1 0.830078125 0.658203125 0.095703125 0.0751953125
1 0.966796875 0.6279296875 0.0419921875 0.056640625
1 0.615234375 0.8564453125 0.052734375 0.0654296875
1 0.599609375 0.4921875 0.0234375 0.037109375
1 0.689453125 0.8671875 0.041015625 0.0498046875
1 0.888671875 0.6181640625 0.048828125 0.0390625
1 0.421875 0.541015625 0.03125 0.056640625
0 0.529296875 0.6220703125 0.1044921875 0.1435546875
1 0.8017578125 0.7841796875 0.041015625 0.0595703125
1 0.626953125 0.5791015625 0.0341796875 0.0517578125
1 0.3271484375 0.5986328125 0.0517578125 0.0439453125
1 0.7041015625 0.623046875 0.029296875 0.0390625
1 0.751953125 0.4794921875 0.0498046875 0.037109375
1 0.666015625 0.619140625 0.029296875 0.056640625
1 0.6689453125 0.572265625 0.056640625 0.0517578125
1 0.763671875 0.607421875 0.0498046875 0.0419921875
1 0.0537109375 0.748046875 0.0361328125 0.0703125
1 0.4521484375 0.3740234375 0.0205078125 0.033203125
1 0.576171875 0.3779296875 0.0185546875 0.03125
1 0.634765625 0.439453125 0.041015625 0.0283203125
1 0.673828125 0.5322265625 0.0654296875 0.044921875
1 0.705078125 0.5810546875 0.0361328125 0.0439453125
1 0.373046875 0.58984375 0.064453125 0.0517578125
1 0.4521484375 0.5234375 0.0419921875 0.0439453125
1 0.4833984375 0.486328125 0.033203125 0.0361328125
1 0.126953125 0.5107421875 0.0185546875 0.0341796875
1 0.7880859375 0.54296875 0.0390625 0.0419921875
1 0.486328125 0.517578125 0.0283203125 0.0361328125
1 0.060546875 0.478515625 0.025390625 0.037109375
1 0.0302734375 0.830078125 0.0390625 0.1064453125
1 0.7578125 0.548828125 0.0341796875 0.060546875
0 0.2431640625 0.373046875 0.0673828125 0.0361328125
1 0.1044921875 0.484375 0.0283203125 0.0283203125
0 0.69140625 0.4677734375 0.044921875 0.0390625
0 0.923828125 0.4990234375 0.060546875 0.044921875
1 0.70703125 0.759765625 0.326171875 0.2421875
1 0.837890625 0.494140625 0.025390625 0.0341796875
1 0.9384765625 0.599609375 0.029296875 0.0390625
1 0.0498046875 0.689453125 0.025390625 0.0498046875
1 0.3427734375 0.42578125 0.013671875 0.0234375
0 0.3544921875 0.3203125 0.0341796875 0.0185546875
1 0.0244140625 0.3740234375 0.0107421875 0.0205078125
1 0.892578125 0.3720703125 0.0205078125 0.041015625
1 0.4970703125 0.466796875 0.021484375 0.029296875
1 0.5439453125 0.404296875 0.015625 0.0341796875
1 0.8818359375 0.8603515625 0.060546875 0.0576171875
1 0.509765625 0.478515625 0.208984375 0.1796875
1 0.732421875 0.587890625 0.03125 0.0498046875