0 0.193359375 0.74609375 0.1220703125 0.158203125
0 0.509765625 0.4208984375 0.046875 0.060546875
0 0.337890625 0.728515625 0.099609375 0.1220703125
1 0.0869140625 0.638671875 0.0263671875 0.0419921875
1 0.361328125 0.45703125 0.0263671875 0.0263671875
0 0.5791015625 0.6875 0.1298828125 0.150390625
1 0.5625 0.4677734375 0.021484375 0.033203125
1 0.498046875 0.6357421875 0.0390625 0.0498046875
1 0.080078125 0.767578125 0.0576171875 0.0751953125
1 0.599609375 0.49609375 0.0283203125 0.0390625
1 0.607421875 0.62109375 0.0390625 0.060546875
1 0.267578125 0.44140625 0.033203125 0.029296875
1 0.53125 0.373046875 0.0185546875 0.025390625
0 0.5400390625 0.3447265625 0.0390625 0.0263671875
1 0.8642578125 0.8212890625 0.083984375 0.080078125
1 0.8037109375 0.662109375 0.0517578125 0.056640625
0 0.490234375 0.36328125 0.041015625 0.033203125
1 0.30859375 0.857421875 0.0390625 0.0595703125
1 0.5029296875 0.556640625 0.0439453125 0.056640625
1 0.5478515625 0.373046875 0.017578125 0.0263671875
1 0.6357421875 0.501953125 0.0283203125 0.0341796875
1 0.912109375 0.6396484375 0.033203125 0.048828125
1 0.2626953125 0.4130859375 0.025390625 0.029296875
1 0.3828125 0.859375 0.068359375 0.0625
0 0.853515625 0.572265625 0.1767578125 0.060546875
1 0.5439453125 0.423828125 0.015625 0.0263671875
1 0.7685546875 0.865234375 0.0595703125 0.048828125
1 0.708984375 0.630859375 0.0341796875 0.0439453125
1 0.296875 0.4638671875 0.037109375 0.03125
1 0.36328125 0.5966796875 0.107421875 0.056640625
1 0.6630859375 0.6103515625 0.0419921875 0.0419921875
1 0.4296875 0.67578125 0.041015625 0.060546875
0 0.505859375 0.333984375 0.0390625 0.029296875
1 0.67578125 0.69921875 0.044921875 0.060546875
1 0.9599609375 0.6181640625 0.0546875 0.060546875
1 0.53125 0.51953125 0.037109375 0.033203125
1 0.5771484375 0.578125 0.0390625 0.056640625
1 0.2197265625 0.4169921875 0.0205078125 0.021484375
1 0.8466796875 0.6591796875 0.056640625 0.046875
1 0.5810546875 0.474609375 0.021484375 0.03125
1 0.685546875 0.5712890625 0.048828125 0.0546875
1 0.060546875 0.48046875 0.021484375 0.0361328125
1 0.5947265625 0.453125 0.0263671875 0.025390625
1 0.798828125 0.6044921875 0.0390625 0.056640625
1 0.7431640625 0.732421875 0.076171875 0.1064453125
1 0.892578125 0.376953125 0.017578125 0.0341796875
1 0.966796875 0.537109375 0.037109375 0.044921875
1 0.0400390625 0.73046875 0.033203125 0.0673828125
1 0.1103515625 0.4853515625 0.0390625 0.033203125
0 0.2353515625 0.36328125 0.0546875 0.033203125
1 0.4677734375 0.365234375 0.017578125 0.0283203125
1 0.92578125 0.5087890625 0.0390625 0.0361328125
1 0.814453125 0.48828125 0.0361328125 0.0361328125
1 0.552734375 0.482421875 0.150390625 0.103515625
1 0.61328125 0.4443359375 0.017578125 0.0205078125
1 0.5673828125 0.521484375 0.041015625 0.0390625
1 0.564453125 0.439453125 0.0185546875 0.029296875
1 0.6318359375 0.5654296875 0.0673828125 0.052734375
1 0.7490234375 0.6318359375 0.0390625 0.0546875
1 0.041015625 0.55859375 0.0185546875 0.029296875
1 0.5810546875 0.3740234375 0.015625 0.029296875
1 0.021484375 0.560546875 0.0185546875 0.0419921875
1 0.63671875 0.478515625 0.013671875 0.025390625
1 0.0341796875 0.857421875 0.0341796875 0.0595703125
1 0.736328125 0.7060546875 0.0234375 0.03125
1 0.751953125 0.498046875 0.0546875 0.0546875
1 0.4794921875 0.552734375 0.0185546875 0.0263671875
1 0.814453125 0.716796875 0.0283203125 0.080078125
1 0.037109375 0.470703125 0.037109375 0.037109375
1 0.4130859375 0.830078125 0.0205078125 0.037109375
1 0.177734375 0.326171875 0.021484375 0.0205078125