0 0.365234375 0.7724609375 0.115234375 0.1611328125
0 0.154296875 0.5625 0.0625 0.078125
0 0.6171875 0.6767578125 0.1279296875 0.146484375
1 0.62109375 0.5771484375 0.033203125 0.0546875
1 0.69140625 0.544921875 0.044921875 0.0498046875
1 0.7158203125 0.6591796875 0.0439453125 0.0595703125
0 0.603515625 0.484375 0.068359375 0.087890625
0 0.189453125 0.4736328125 0.0546875 0.0625
0 0.5029296875 0.5146484375 0.072265625 0.080078125
0 0.21875 0.6669921875 0.1435546875 0.1748046875
1 0.810546875 0.572265625 0.0673828125 0.068359375
1 0.548828125 0.470703125 0.017578125 0.0263671875
1 0.8486328125 0.7841796875 0.056640625 0.078125
1 0.6201171875 0.8125 0.0625 0.0751953125
1 0.501953125 0.638671875 0.03125 0.0498046875
1 0.939453125 0.681640625 0.0888671875 0.095703125
0 0.43359375 0.4638671875 0.060546875 0.0625
1 0.728515625 0.5390625 0.0419921875 0.0498046875
0 0.302734375 0.451171875 0.0517578125 0.0517578125
1 0.8662109375 0.595703125 0.0830078125 0.0703125
0 0.353515625 0.4892578125 0.0751953125 0.1123046875
1 0.287109375 0.556640625 0.0234375 0.048828125
0 0.439453125 0.41796875 0.0390625 0.048828125
0 0.2734375 0.4189453125 0.0439453125 0.0341796875
1 0.869140625 0.6611328125 0.068359375 0.068359375
1 0.146484375 0.6337890625 0.033203125 0.0517578125
1 0.560546875 0.431640625 0.021484375 0.0361328125
1 0.5380859375 0.61328125 0.0263671875 0.0419921875
1 0.4912109375 0.462890625 0.0234375 0.0341796875
0 0.7353515625 0.85546875 0.138671875 0.0673828125
0 0.1923828125 0.404296875 0.037109375 0.037109375
0 0.2275390625 0.3544921875 0.0263671875 0.025390625
1 0.142578125 0.45703125 0.0185546875 0.0263671875
1 0.591796875 0.427734375 0.0205078125 0.0263671875
1 0.5458984375 0.73046875 0.0419921875 0.0673828125
1 0.8671875 0.853515625 0.0595703125 0.0703125
1 0.2294921875 0.5234375 0.0283203125 0.0439453125
1 0.939453125 0.6123046875 0.064453125 0.052734375
0 0.5283203125 0.4462890625 0.052734375 0.064453125
1 0.6162109375 0.7470703125 0.029296875 0.041015625
1 0.064453125 0.478515625 0.033203125 0.0390625
1 0.630859375 0.861328125 0.0263671875 0.046875
1 0.025390625 0.55859375 0.0283203125 0.0419921875
1 0.8994140625 0.5439453125 0.033203125 0.037109375
1 0.5595703125 0.40234375 0.025390625 0.0361328125
0 0.08984375 0.7412109375 0.048828125 0.080078125
1 0.0302734375 0.478515625 0.0390625 0.0439453125
1 0.478515625 0.384765625 0.03125 0.044921875
0 0.3515625 0.3212890625 0.03125 0.017578125
1 0.9619140625 0.8740234375 0.029296875 0.033203125
1 0.974609375 0.6337890625 0.0263671875 0.0517578125
1 0.53515625 0.3798828125 0.0263671875 0.0283203125
1 0.681640625 0.5126953125 0.0234375 0.0283203125
1 0.4404296875 0.3623046875 0.015625 0.021484375
1 0.9619140625 0.736328125 0.029296875 0.076171875
0 0.1865234375 0.3525390625 0.029296875 0.0263671875
0 0.2373046875 0.3876953125 0.0625 0.0439453125
1 0.2060546875 0.5712890625 0.041015625 0.0419921875
1 0.2255859375 0.4990234375 0.017578125 0.017578125
1 0.109375 0.4853515625 0.037109375 0.033203125
1 0.955078125 0.529296875 0.017578125 0.015625
1 0.4951171875 0.4228515625 0.0283203125 0.033203125