0 0.6123046875 0.58203125 0.109375 0.1298828125
1 0.708984375 0.6015625 0.044921875 0.078125
0 0.4970703125 0.544921875 0.0751953125 0.091796875
0 0.3388671875 0.7255859375 0.099609375 0.111328125
0 0.5537109375 0.4970703125 0.060546875 0.0654296875
1 0.8095703125 0.69921875 0.0595703125 0.095703125
1 0.41796875 0.6689453125 0.033203125 0.0654296875
0 0.63671875 0.779296875 0.1455078125 0.162109375
1 0.59765625 0.494140625 0.033203125 0.048828125
0 0.4892578125 0.3603515625 0.0341796875 0.029296875
1 0.16015625 0.5751953125 0.033203125 0.068359375
0 0.5400390625 0.341796875 0.033203125 0.0283203125
1 0.8994140625 0.828125 0.0703125 0.083984375
1 0.658203125 0.5205078125 0.048828125 0.056640625
0 0.509765625 0.333984375 0.033203125 0.029296875
1 0.80859375 0.58984375 0.076171875 0.0546875
1 0.794921875 0.55078125 0.0341796875 0.0390625
1 0.744140625 0.587890625 0.0439453125 0.0625
1 0.923828125 0.7041015625 0.080078125 0.0576171875
0 0.1953125 0.81640625 0.109375 0.1455078125
1 0.873046875 0.5625 0.0595703125 0.0439453125
0 0.798828125 0.4873046875 0.1298828125 0.0595703125
1 0.556640625 0.701171875 0.0419921875 0.080078125
1 0.8271484375 0.556640625 0.0263671875 0.033203125
1 0.9775390625 0.634765625 0.0234375 0.060546875
0 0.228515625 0.3525390625 0.029296875 0.0361328125
1 0.7685546875 0.7958984375 0.068359375 0.0986328125
1 0.869140625 0.6533203125 0.072265625 0.0595703125
1 0.6650390625 0.5654296875 0.0263671875 0.041015625
1 0.0615234375 0.482421875 0.033203125 0.0361328125
1 0.904296875 0.5390625 0.03125 0.0341796875
1 0.03125 0.560546875 0.037109375 0.046875
1 0.150390625 0.51953125 0.0263671875 0.044921875
1 0.095703125 0.478515625 0.048828125 0.0419921875
1 0.453125 0.521484375 0.025390625 0.044921875
1 0.689453125 0.5439453125 0.037109375 0.0498046875
1 0.931640625 0.607421875 0.0546875 0.0419921875
1 0.525390625 0.8271484375 0.0419921875 0.0732421875
0 0.5166015625 0.3916015625 0.0361328125 0.0361328125
1 0.62890625 0.451171875 0.017578125 0.03125
1 0.4873046875 0.46484375 0.021484375 0.0361328125
0 0.0498046875 0.6953125 0.072265625 0.068359375
1 0.19140625 0.3720703125 0.029296875 0.0341796875
1 0.5478515625 0.443359375 0.0361328125 0.0390625
0 0.3896484375 0.4365234375 0.0517578125 0.0546875
1 0.591796875 0.396484375 0.0263671875 0.0341796875
1 0.021484375 0.482421875 0.025390625 0.0439453125
1 0.6953125 0.5107421875 0.025390625 0.0341796875
0 0.306640625 0.34375 0.0673828125 0.072265625
1 0.587890625 0.4462890625 0.03125 0.048828125
1 0.091796875 0.4072265625 0.0263671875 0.029296875
1 0.482421875 0.4296875 0.0234375 0.0439453125
1 0.4267578125 0.4462890625 0.0185546875 0.0263671875
1 0.9169921875 0.6455078125 0.0341796875 0.0439453125
1 0.2607421875 0.3359375 0.0126953125 0.021484375
1 0.873046875 0.611328125 0.2158203125 0.2060546875
1 0.548828125 0.7939453125 0.0498046875 0.025390625
1 0.021484375 0.373046875 0.017578125 0.0234375
1 0.453125 0.3603515625 0.0185546875 0.0263671875