0 0.322265625 0.80078125 0.1435546875 0.1767578125
0 0.078125 0.7900390625 0.103515625 0.1513671875
0 0.6748046875 0.7158203125 0.15625 0.2001953125
0 0.201171875 0.6767578125 0.103515625 0.119140625
0 0.240234375 0.5068359375 0.0625 0.0703125
0 0.3154296875 0.650390625 0.087890625 0.109375
1 0.728515625 0.53515625 0.0439453125 0.0419921875
0 0.224609375 0.578125 0.078125 0.0908203125
1 0.140625 0.5126953125 0.021484375 0.03125
1 0.818359375 0.5830078125 0.080078125 0.078125
0 0.5615234375 0.458984375 0.1015625 0.060546875
1 0.435546875 0.833984375 0.037109375 0.103515625
0 0.482421875 0.3544921875 0.0263671875 0.025390625
0 0.5029296875 0.3408203125 0.03125 0.025390625
0 0.3212890625 0.5498046875 0.0703125 0.0810546875
1 0.060546875 0.4833984375 0.021484375 0.029296875
0 0.3271484375 0.490234375 0.0673828125 0.0576171875
1 0.4990234375 0.4453125 0.017578125 0.025390625
1 0.1337890625 0.462890625 0.017578125 0.0234375
1 0.494140625 0.4208984375 0.0185546875 0.0263671875
1 0.5087890625 0.42578125 0.013671875 0.0263671875
1 0.5849609375 0.4130859375 0.017578125 0.0234375
1 0.6796875 0.5400390625 0.0283203125 0.0419921875
0 0.3515625 0.3212890625 0.03125 0.017578125
0 0.248046875 0.38671875 0.044921875 0.0390625
1 0.189453125 0.474609375 0.021484375 0.029296875
1 0.3876953125 0.4951171875 0.021484375 0.0439453125
1 0.9443359375 0.6845703125 0.080078125 0.0908203125
0 0.224609375 0.3564453125 0.025390625 0.015625
1 0.7021484375 0.548828125 0.0263671875 0.0419921875
1 0.1611328125 0.55859375 0.03125 0.0576171875
1 0.1875 0.509765625 0.025390625 0.033203125
0 0.525390625 0.322265625 0.0234375 0.017578125
1 0.931640625 0.6044921875 0.0439453125 0.041015625
1 0.0322265625 0.5927734375 0.0390625 0.064453125
1 0.4150390625 0.4599609375 0.0205078125 0.0390625
1 0.8984375 0.544921875 0.0341796875 0.03125
1 0.4833984375 0.3974609375 0.0234375 0.029296875
0 0.392578125 0.423828125 0.0205078125 0.029296875
1 0.89453125 0.57421875 0.0361328125 0.0390625
1 0.2080078125 0.4814453125 0.015625 0.037109375
1 0.1455078125 0.4443359375 0.015625 0.0234375
1 0.5732421875 0.37890625 0.03125 0.033203125
0 0.189453125 0.3837890625 0.029296875 0.0205078125
1 0.1376953125 0.4150390625 0.015625 0.0205078125
1 0.6376953125 0.44140625 0.037109375 0.0390625
1 0.455078125 0.349609375 0.0205078125 0.0263671875
1 0.197265625 0.42578125 0.017578125 0.0234375
0 0.4345703125 0.4248046875 0.037109375 0.0498046875
1 0.9638671875 0.591796875 0.03125 0.060546875
1 0.6708984375 0.4619140625 0.0361328125 0.033203125
0 0.0380859375 0.4677734375 0.0361328125 0.0390625