1 0.728515625 0.630859375 0.0390625 0.0498046875
0 0.6044921875 0.720703125 0.1533203125 0.1669921875
0 0.5537109375 0.4697265625 0.0673828125 0.0703125
0 0.197265625 0.6181640625 0.091796875 0.107421875
0 0.3505859375 0.6201171875 0.076171875 0.099609375
0 0.6103515625 0.5673828125 0.1201171875 0.119140625
1 0.103515625 0.69140625 0.03125 0.0517578125
1 0.423828125 0.5185546875 0.0283203125 0.041015625
1 0.8203125 0.580078125 0.083984375 0.0859375
1 0.2587890625 0.478515625 0.0234375 0.033203125
1 0.169921875 0.525390625 0.0361328125 0.0517578125
1 0.8896484375 0.6552734375 0.076171875 0.076171875
1 0.451171875 0.505859375 0.025390625 0.0419921875
1 0.4296875 0.7138671875 0.03125 0.052734375
1 0.7275390625 0.5380859375 0.044921875 0.0419921875
1 0.134765625 0.57421875 0.025390625 0.0390625
0 0.4814453125 0.552734375 0.078125 0.09375
1 0.958984375 0.6689453125 0.0546875 0.0810546875
1 0.8017578125 0.8037109375 0.052734375 0.091796875
1 0.689453125 0.541015625 0.046875 0.048828125
1 0.1513671875 0.4853515625 0.0185546875 0.0263671875
1 0.521484375 0.626953125 0.0419921875 0.064453125
0 0.498046875 0.3515625 0.0361328125 0.037109375
0 0.15625 0.4150390625 0.0595703125 0.0419921875
1 0.2900390625 0.4736328125 0.0205078125 0.037109375
0 0.521484375 0.3349609375 0.0361328125 0.029296875
1 0.515625 0.439453125 0.015625 0.037109375
1 0.248046875 0.7060546875 0.03125 0.046875
0 0.5478515625 0.3994140625 0.0419921875 0.0419921875
1 0.5869140625 0.4111328125 0.029296875 0.0439453125
1 0.1630859375 0.6982421875 0.0361328125 0.0595703125
1 0.8525390625 0.6552734375 0.029296875 0.0419921875
0 0.310546875 0.4482421875 0.056640625 0.046875
1 0.060546875 0.48046875 0.0263671875 0.0361328125
1 0.9267578125 0.609375 0.0439453125 0.037109375
1 0.931640625 0.705078125 0.0341796875 0.046875
1 0.298828125 0.716796875 0.021484375 0.037109375
1 0.201171875 0.451171875 0.0234375 0.0283203125
1 0.166015625 0.4599609375 0.0234375 0.0263671875
0 0.322265625 0.4013671875 0.076171875 0.041015625
1 0.447265625 0.3681640625 0.017578125 0.0263671875
1 0.0263671875 0.576171875 0.03125 0.0751953125
0 0.9521484375 0.57421875 0.0703125 0.0546875
0 0.5419921875 0.3720703125 0.03125 0.025390625
1 0.66015625 0.5966796875 0.0234375 0.041015625
1 0.8974609375 0.578125 0.044921875 0.046875
1 0.9609375 0.841796875 0.0439453125 0.060546875
1 0.3681640625 0.421875 0.013671875 0.021484375
1 0.2158203125 0.4130859375 0.015625 0.0263671875
1 0.638671875 0.4404296875 0.041015625 0.03125
1 0.095703125 0.751953125 0.0341796875 0.076171875
0 0.248046875 0.361328125 0.068359375 0.0419921875
1 0.861328125 0.5595703125 0.015625 0.021484375