0 0.1923828125 0.7490234375 0.125 0.1640625
0 0.513671875 0.421875 0.052734375 0.052734375
0 0.337890625 0.728515625 0.0986328125 0.119140625
0 0.4873046875 0.3603515625 0.0439453125 0.0361328125
0 0.537109375 0.3525390625 0.041015625 0.0419921875
1 0.591796875 0.4853515625 0.025390625 0.0390625
1 0.306640625 0.8359375 0.046875 0.09375
1 0.412109375 0.798828125 0.0546875 0.076171875
1 0.5947265625 0.55859375 0.033203125 0.048828125
1 0.427734375 0.681640625 0.037109375 0.041015625
1 0.427734375 0.455078125 0.0234375 0.0390625
1 0.076171875 0.7548828125 0.0439453125 0.072265625
1 0.119140625 0.6689453125 0.046875 0.0654296875
1 0.548828125 0.462890625 0.0205078125 0.0361328125
1 0.4580078125 0.78125 0.037109375 0.0625
1 0.5087890625 0.466796875 0.0234375 0.041015625
1 0.646484375 0.48828125 0.021484375 0.0361328125
1 0.0302734375 0.56640625 0.0390625 0.0673828125
0 0.0400390625 0.3759765625 0.0390625 0.0263671875
1 0.548828125 0.4345703125 0.0185546875 0.0283203125
1 0.5703125 0.3876953125 0.015625 0.0283203125
0 0.509765625 0.3310546875 0.0263671875 0.025390625
1 0.4736328125 0.451171875 0.025390625 0.03125
0 0.46484375 0.5126953125 0.126953125 0.072265625
1 0.5654296875 0.4541015625 0.0185546875 0.029296875
1 0.466796875 0.423828125 0.0185546875 0.0263671875
1 0.4384765625 0.4345703125 0.013671875 0.025390625
1 0.6240234375 0.54296875 0.029296875 0.0517578125
1 0.5302734375 0.4755859375 0.029296875 0.048828125
1 0.0556640625 0.4814453125 0.0205078125 0.03125
1 0.5859375 0.3876953125 0.015625 0.0283203125
1 0.421875 0.73828125 0.046875 0.0546875
1 0.1171875 0.404296875 0.021484375 0.0283203125
1 0.6201171875 0.462890625 0.0185546875 0.03125
0 0.966796875 0.5732421875 0.0390625 0.052734375
1 0.5849609375 0.4365234375 0.013671875 0.0205078125
1 0.0283203125 0.763671875 0.0283203125 0.0390625
1 0.60546875 0.4697265625 0.013671875 0.0234375
1 0.0693359375 0.55078125 0.029296875 0.0703125
0 0.1875 0.3251953125 0.037109375 0.025390625
1 0.4619140625 0.365234375 0.0234375 0.0283203125
0 0.1953125 0.84765625 0.130859375 0.0732421875
1 0.0234375 0.8203125 0.025390625 0.0595703125
1 0.6220703125 0.486328125 0.0185546875 0.021484375
0 0.234375 0.3720703125 0.0498046875 0.0283203125
1 0.166015625 0.36328125 0.013671875 0.017578125
1 0.5634765625 0.427734375 0.017578125 0.0283203125
1 0.330078125 0.359375 0.015625 0.0185546875