1 0.599609375 0.541015625 0.03125 0.052734375
1 0.755859375 0.6513671875 0.0517578125 0.068359375
0 0.4833984375 0.53515625 0.0830078125 0.080078125
0 0.201171875 0.5234375 0.068359375 0.09375
1 0.294921875 0.6650390625 0.0390625 0.076171875
1 0.681640625 0.583984375 0.046875 0.0517578125
0 0.5380859375 0.48046875 0.0673828125 0.0859375
1 0.396484375 0.712890625 0.037109375 0.0673828125
1 0.08984375 0.66796875 0.033203125 0.0517578125
0 0.5634765625 0.4130859375 0.0419921875 0.0517578125
0 0.349609375 0.5283203125 0.0654296875 0.078125
1 0.8193359375 0.5810546875 0.080078125 0.0810546875
0 0.1181640625 0.4130859375 0.0517578125 0.0390625
1 0.6298828125 0.560546875 0.025390625 0.0419921875
1 0.6455078125 0.646484375 0.037109375 0.0576171875
1 0.6025390625 0.490234375 0.0234375 0.0361328125
0 0.5361328125 0.625 0.125 0.134765625
1 0.7119140625 0.7998046875 0.064453125 0.1064453125
1 0.17578125 0.646484375 0.029296875 0.0576171875
0 0.32421875 0.4638671875 0.060546875 0.0498046875
1 0.494140625 0.4267578125 0.0283203125 0.046875
1 0.943359375 0.681640625 0.0810546875 0.091796875
1 0.787109375 0.76171875 0.0576171875 0.0673828125
1 0.455078125 0.490234375 0.021484375 0.0390625
1 0.7314453125 0.5380859375 0.037109375 0.0390625
1 0.689453125 0.53515625 0.041015625 0.044921875
1 0.5244140625 0.3974609375 0.0234375 0.0263671875
1 0.056640625 0.484375 0.0205078125 0.0283203125
0 0.5205078125 0.3486328125 0.025390625 0.025390625
1 0.7578125 0.833984375 0.056640625 0.087890625
1 0.1494140625 0.61328125 0.029296875 0.0390625
0 0.9072265625 0.841796875 0.1455078125 0.095703125
1 0.8720703125 0.666015625 0.072265625 0.0703125
1 0.298828125 0.5673828125 0.0263671875 0.041015625
1 0.400390625 0.45703125 0.0205078125 0.0419921875
1 0.5859375 0.390625 0.03125 0.037109375
1 0.443359375 0.3642578125 0.017578125 0.025390625
1 0.0390625 0.5634765625 0.021484375 0.0390625
1 0.1279296875 0.4404296875 0.025390625 0.03125
0 0.18359375 0.3583984375 0.029296875 0.0263671875
1 0.447265625 0.681640625 0.029296875 0.0576171875
1 0.1494140625 0.43359375 0.0234375 0.033203125
1 0.5400390625 0.779296875 0.048828125 0.068359375
0 0.216796875 0.3515625 0.03125 0.03125
1 0.927734375 0.611328125 0.0361328125 0.0390625
0 0.52734375 0.4306640625 0.044921875 0.0419921875
1 0.8955078125 0.5859375 0.037109375 0.0498046875
1 0.439453125 0.431640625 0.029296875 0.0341796875
1 0.1416015625 0.578125 0.017578125 0.0283203125
1 0.6376953125 0.4404296875 0.037109375 0.0341796875
1 0.560546875 0.470703125 0.017578125 0.0263671875
1 0.2333984375 0.5986328125 0.0234375 0.03125
1 0.6357421875 0.517578125 0.025390625 0.046875
1 0.060546875 0.759765625 0.041015625 0.060546875
0 0.4775390625 0.3759765625 0.0361328125 0.0390625
1 0.5986328125 0.4501953125 0.015625 0.025390625
1 0.974609375 0.634765625 0.029296875 0.064453125
1 0.1708984375 0.458984375 0.0263671875 0.03125
1 0.09375 0.4765625 0.052734375 0.041015625