0 0.5869140625 0.5458984375 0.0859375 0.107421875
0 0.337890625 0.724609375 0.0986328125 0.1123046875
0 0.7216796875 0.4765625 0.1123046875 0.072265625
1 0.66015625 0.53515625 0.0390625 0.0517578125
0 0.4833984375 0.517578125 0.060546875 0.080078125
1 0.720703125 0.615234375 0.048828125 0.080078125
1 0.150390625 0.6123046875 0.029296875 0.046875
0 0.576171875 0.7001953125 0.1328125 0.1591796875
1 0.8076171875 0.5732421875 0.068359375 0.0654296875
1 0.654296875 0.68359375 0.052734375 0.076171875
1 0.5869140625 0.474609375 0.0234375 0.0361328125
0 0.48828125 0.3623046875 0.033203125 0.0341796875
1 0.962890625 0.6240234375 0.0390625 0.0546875
1 0.9130859375 0.689453125 0.0546875 0.0625
1 0.775390625 0.673828125 0.0517578125 0.083984375
1 0.9609375 0.7001953125 0.0498046875 0.068359375
0 0.4541015625 0.470703125 0.0361328125 0.044921875
0 0.8388671875 0.8232421875 0.197265625 0.1279296875
1 0.5107421875 0.6123046875 0.03125 0.0595703125
1 0.90234375 0.6220703125 0.0732421875 0.0595703125
1 0.8505859375 0.65625 0.0673828125 0.052734375
1 0.626953125 0.517578125 0.021484375 0.029296875
0 0.509765625 0.333984375 0.029296875 0.029296875
1 0.9169921875 0.5390625 0.041015625 0.03125
0 0.5126953125 0.40625 0.052734375 0.0654296875
1 0.146484375 0.650390625 0.0283203125 0.046875
1 0.724609375 0.537109375 0.0439453125 0.044921875
1 0.7099609375 0.5078125 0.0263671875 0.037109375
1 0.419921875 0.79296875 0.0390625 0.091796875
0 0.353515625 0.3212890625 0.033203125 0.017578125
1 0.1650390625 0.458984375 0.029296875 0.037109375
0 0.537109375 0.4736328125 0.0546875 0.056640625
0 0.2041015625 0.8466796875 0.1201171875 0.083984375
1 0.8515625 0.763671875 0.052734375 0.078125
1 0.17578125 0.369140625 0.017578125 0.0205078125
1 0.2001953125 0.3857421875 0.021484375 0.0283203125
0 0.5419921875 0.3388671875 0.0341796875 0.03125
1 0.861328125 0.5576171875 0.0205078125 0.025390625
1 0.0576171875 0.482421875 0.025390625 0.03125
1 0.0283203125 0.716796875 0.037109375 0.0576171875
0 0.224609375 0.3544921875 0.0283203125 0.03125
1 0.822265625 0.5400390625 0.0263671875 0.033203125
1 0.380859375 0.447265625 0.0234375 0.03125
1 0.1396484375 0.7080078125 0.0361328125 0.0751953125
1 0.6279296875 0.4384765625 0.0185546875 0.0361328125
1 0.166015625 0.4287109375 0.03125 0.029296875
1 0.8896484375 0.3798828125 0.017578125 0.0341796875
1 0.1005859375 0.4150390625 0.0205078125 0.0205078125
1 0.0224609375 0.560546875 0.0205078125 0.0419921875
1 0.6669921875 0.498046875 0.015625 0.0263671875
1 0.021484375 0.4814453125 0.025390625 0.0439453125
1 0.4755859375 0.4267578125 0.0263671875 0.037109375
1 0.041015625 0.5576171875 0.021484375 0.037109375
1 0.392578125 0.48828125 0.015625 0.029296875
1 0.4951171875 0.44921875 0.021484375 0.0390625
1 0.6513671875 0.4619140625 0.021484375 0.0205078125
1 0.587890625 0.439453125 0.0234375 0.0361328125