0 0.1923828125 0.748046875 0.125 0.162109375
0 0.5107421875 0.4208984375 0.052734375 0.060546875
0 0.337890625 0.7275390625 0.0986328125 0.1201171875
1 0.0673828125 0.537109375 0.0283203125 0.0419921875
0 0.5185546875 0.5185546875 0.1123046875 0.0810546875
1 0.2880859375 0.470703125 0.029296875 0.0341796875
0 0.5390625 0.353515625 0.0439453125 0.044921875
0 0.044921875 0.376953125 0.052734375 0.029296875
1 0.078125 0.7529296875 0.056640625 0.087890625
1 0.3603515625 0.509765625 0.0390625 0.0390625
1 0.2470703125 0.4501953125 0.0283203125 0.0341796875
0 0.4892578125 0.353515625 0.0625 0.052734375
1 0.57421875 0.4873046875 0.033203125 0.041015625
1 0.45703125 0.78125 0.0361328125 0.0595703125
1 0.634765625 0.51171875 0.025390625 0.044921875
1 0.6083984375 0.4833984375 0.029296875 0.0419921875
1 0.158203125 0.4345703125 0.021484375 0.025390625
1 0.1044921875 0.4189453125 0.021484375 0.025390625
1 0.150390625 0.4609375 0.021484375 0.0341796875
1 0.6416015625 0.470703125 0.029296875 0.0390625
1 0.91796875 0.6005859375 0.0546875 0.044921875
1 0.2158203125 0.4775390625 0.041015625 0.044921875
1 0.595703125 0.3916015625 0.015625 0.0263671875
1 0.556640625 0.466796875 0.025390625 0.0361328125
1 0.181640625 0.484375 0.025390625 0.0341796875
1 0.0703125 0.4814453125 0.037109375 0.0341796875
1 0.306640625 0.8330078125 0.046875 0.087890625
1 0.4677734375 0.447265625 0.0263671875 0.0361328125
1 0.125 0.4052734375 0.021484375 0.0263671875
1 0.4150390625 0.7958984375 0.048828125 0.0732421875
1 0.564453125 0.369140625 0.029296875 0.03125
1 0.1123046875 0.5810546875 0.03125 0.0439453125
1 0.177734375 0.333984375 0.0234375 0.0234375
1 0.1943359375 0.4169921875 0.0205078125 0.0283203125
1 0.037109375 0.697265625 0.037109375 0.0498046875
1 0.548828125 0.548828125 0.0234375 0.03125
1 0.4296875 0.6669921875 0.0439453125 0.0498046875
1 0.423828125 0.736328125 0.052734375 0.0595703125
1 0.4580078125 0.359375 0.021484375 0.03125
1 0.5830078125 0.44921875 0.021484375 0.033203125
0 0.232421875 0.36328125 0.056640625 0.033203125
1 0.59375 0.4658203125 0.015625 0.025390625
1 0.0810546875 0.40234375 0.037109375 0.029296875
0 0.615234375 0.568359375 0.064453125 0.060546875
1 0.681640625 0.529296875 0.0263671875 0.0283203125
1 0.51953125 0.544921875 0.0205078125 0.037109375
1 0.2431640625 0.4208984375 0.017578125 0.0205078125
1 0.8916015625 0.384765625 0.017578125 0.0263671875
1 0.0302734375 0.5830078125 0.0263671875 0.083984375
1 0.029296875 0.748046875 0.0263671875 0.0576171875
1 0.681640625 0.4482421875 0.017578125 0.0185546875
1 0.46484375 0.421875 0.013671875 0.0185546875
0 0.1953125 0.875 0.087890625 0.0283203125
1 0.154296875 0.37890625 0.0361328125 0.029296875
1 0.548828125 0.443359375 0.017578125 0.0283203125
1 0.8271484375 0.6611328125 0.0576171875 0.037109375
1 0.060546875 0.345703125 0.0263671875 0.0205078125
1 0.6787109375 0.5810546875 0.0576171875 0.099609375