0 0.685546875 0.6279296875 0.134765625 0.140625
0 0.212890625 0.5751953125 0.080078125 0.083984375
0 0.537109375 0.462890625 0.060546875 0.0673828125
1 0.6826171875 0.5439453125 0.046875 0.046875
1 0.23046875 0.71484375 0.044921875 0.0859375
1 0.1025390625 0.6484375 0.0361328125 0.052734375
1 0.2822265625 0.6044921875 0.0361328125 0.056640625
0 0.5595703125 0.396484375 0.0341796875 0.044921875
1 0.572265625 0.58203125 0.029296875 0.0546875
1 0.154296875 0.509765625 0.021484375 0.0361328125
1 0.8203125 0.580078125 0.0810546875 0.0859375
1 0.384765625 0.501953125 0.025390625 0.046875
1 0.251953125 0.482421875 0.021484375 0.0390625
1 0.185546875 0.4873046875 0.0234375 0.0439453125
1 0.8896484375 0.6533203125 0.076171875 0.0751953125
1 0.126953125 0.5576171875 0.0263671875 0.041015625
1 0.6337890625 0.5537109375 0.0234375 0.0390625
1 0.587890625 0.642578125 0.0283203125 0.0517578125
0 0.2265625 0.3564453125 0.0283203125 0.025390625
1 0.298828125 0.5 0.0205078125 0.0341796875
1 0.5615234375 0.673828125 0.029296875 0.0498046875
1 0.3642578125 0.4560546875 0.0185546875 0.025390625
0 0.5205078125 0.416015625 0.0439453125 0.0361328125
1 0.7294921875 0.537109375 0.037109375 0.0439453125
1 0.849609375 0.849609375 0.0673828125 0.076171875
1 0.4091796875 0.4248046875 0.0185546875 0.021484375
1 0.9453125 0.6962890625 0.0625 0.0732421875
1 0.1640625 0.45703125 0.021484375 0.033203125
1 0.2236328125 0.451171875 0.0185546875 0.03125
1 0.228515625 0.4111328125 0.0185546875 0.03125
0 0.4921875 0.357421875 0.0341796875 0.037109375
1 0.611328125 0.5009765625 0.0361328125 0.044921875
1 0.896484375 0.541015625 0.033203125 0.0361328125
1 0.2470703125 0.427734375 0.0185546875 0.0283203125
1 0.1171875 0.419921875 0.025390625 0.029296875
1 0.05859375 0.48046875 0.0234375 0.0361328125
1 0.2255859375 0.501953125 0.0234375 0.0361328125
0 0.662109375 0.7861328125 0.173828125 0.177734375
1 0.1884765625 0.376953125 0.017578125 0.025390625
1 0.5859375 0.732421875 0.03125 0.0673828125
1 0.349609375 0.4189453125 0.013671875 0.021484375
1 0.470703125 0.443359375 0.017578125 0.0263671875
1 0.28125 0.4638671875 0.0185546875 0.0283203125
1 0.4287109375 0.396484375 0.017578125 0.021484375
0 0.5380859375 0.3505859375 0.029296875 0.033203125
1 0.021484375 0.4775390625 0.021484375 0.0361328125
1 0.740234375 0.8330078125 0.033203125 0.0654296875
0 0.4658203125 0.4111328125 0.0341796875 0.03125
1 0.7099609375 0.51171875 0.0390625 0.0361328125
1 0.111328125 0.4833984375 0.0390625 0.0361328125
1 0.2587890625 0.451171875 0.017578125 0.0361328125
1 0.265625 0.4033203125 0.015625 0.0185546875
1 0.59375 0.5615234375 0.0283203125 0.0361328125
1 0.634765625 0.4384765625 0.0390625 0.0361328125
1 0.224609375 0.470703125 0.1591796875 0.107421875
0 0.3525390625 0.3203125 0.033203125 0.0185546875
1 0.4365234375 0.3671875 0.017578125 0.021484375
1 0.546875 0.802734375 0.052734375 0.0390625
1 0.95703125 0.626953125 0.0419921875 0.052734375
1 0.455078125 0.4716796875 0.025390625 0.0341796875
1 0.458984375 0.369140625 0.0205078125 0.0283203125
1 0.8984375 0.5869140625 0.037109375 0.0517578125
0 0.142578125 0.3984375 0.056640625 0.03125
1 0.58984375 0.462890625 0.0517578125 0.056640625
1 0.890625 0.3857421875 0.015625 0.025390625
1 0.9541015625 0.53125 0.0205078125 0.015625
0 0.5205078125 0.328125 0.0283203125 0.021484375
1 0.158203125 0.8544921875 0.099609375 0.0654296875
0 0.244140625 0.3828125 0.087890625 0.0439453125
1 0.03125 0.5771484375 0.037109375 0.076171875
1 0.849609375 0.8046875 0.0263671875 0.025390625
1 0.537109375 0.3798828125 0.025390625 0.0283203125
1 0.0771484375 0.337890625 0.0205078125 0.0205078125
1 0.2353515625 0.380859375 0.017578125 0.015625
1 0.8154296875 0.5361328125 0.021484375 0.0341796875
1 0.9345703125 0.6484375 0.025390625 0.041015625
1 0.5966796875 0.548828125 0.1064453125 0.2685546875