0 0.193359375 0.748046875 0.123046875 0.162109375
1 0.080078125 0.7607421875 0.0439453125 0.068359375
0 0.33984375 0.7275390625 0.0986328125 0.1171875
0 0.5380859375 0.3544921875 0.0419921875 0.0439453125
0 0.513671875 0.421875 0.0546875 0.056640625
1 0.306640625 0.853515625 0.046875 0.060546875
0 0.138671875 0.4052734375 0.0654296875 0.0419921875
1 0.5166015625 0.474609375 0.0361328125 0.046875
1 0.2236328125 0.4521484375 0.021484375 0.0263671875
0 0.490234375 0.361328125 0.037109375 0.03125
1 0.6103515625 0.49609375 0.033203125 0.0361328125
1 0.57421875 0.3974609375 0.0205078125 0.033203125
1 0.412109375 0.8056640625 0.048828125 0.064453125
0 0.5087890625 0.333984375 0.029296875 0.029296875
1 0.4521484375 0.3701171875 0.017578125 0.0283203125
1 0.64453125 0.4912109375 0.0234375 0.0390625
1 0.4970703125 0.453125 0.0185546875 0.0341796875
1 0.552734375 0.44140625 0.0263671875 0.0361328125
1 0.15234375 0.431640625 0.0263671875 0.029296875
1 0.1103515625 0.6748046875 0.060546875 0.0654296875
1 0.58984375 0.4833984375 0.0205078125 0.0361328125
1 0.55078125 0.47265625 0.0205078125 0.0419921875
1 0.068359375 0.537109375 0.029296875 0.0498046875
1 0.45703125 0.7802734375 0.0390625 0.064453125
1 0.4658203125 0.455078125 0.037109375 0.0439453125
1 0.4267578125 0.701171875 0.041015625 0.068359375
1 0.9794921875 0.591796875 0.015625 0.048828125
1 0.416015625 0.4287109375 0.025390625 0.029296875
1 0.8984375 0.5615234375 0.046875 0.0361328125
0 0.7958984375 0.5576171875 0.1455078125 0.072265625
1 0.5654296875 0.3759765625 0.021484375 0.0234375
1 0.845703125 0.646484375 0.0390625 0.064453125
1 0.458984375 0.423828125 0.0283203125 0.029296875
0 0.3251953125 0.3955078125 0.078125 0.041015625
0 0.2333984375 0.37109375 0.0517578125 0.029296875
1 0.62109375 0.4619140625 0.017578125 0.029296875
1 0.677734375 0.5107421875 0.021484375 0.041015625
0 0.1982421875 0.8759765625 0.1064453125 0.029296875
1 0.0615234375 0.3828125 0.0107421875 0.015625
1 0.4560546875 0.4033203125 0.0126953125 0.025390625
1 0.4296875 0.357421875 0.009765625 0.015625
1 0.166015625 0.365234375 0.0126953125 0.013671875
1 0.248046875 0.35546875 0.013671875 0.0234375
1 0.1044921875 0.4716796875 0.025390625 0.041015625
1 0.177734375 0.3271484375 0.0185546875 0.0205078125
1 0.025390625 0.373046875 0.013671875 0.021484375
1 0.041015625 0.5546875 0.015625 0.0283203125
1 0.5478515625 0.416015625 0.013671875 0.0205078125
1 0.427734375 0.6474609375 0.0361328125 0.0576171875