0 0.3251953125 0.794921875 0.140625 0.1845703125
0 0.205078125 0.662109375 0.107421875 0.1201171875
1 0.5966796875 0.6982421875 0.041015625 0.0966796875
0 0.5400390625 0.466796875 0.060546875 0.0751953125
1 0.8193359375 0.572265625 0.080078125 0.0888671875
0 0.3212890625 0.578125 0.076171875 0.087890625
0 0.2275390625 0.560546875 0.0732421875 0.0859375
0 0.240234375 0.494140625 0.0546875 0.0595703125
1 0.708984375 0.6044921875 0.0439453125 0.0810546875
1 0.798828125 0.763671875 0.0595703125 0.0810546875
1 0.947265625 0.6845703125 0.076171875 0.09375
1 0.123046875 0.7041015625 0.037109375 0.0703125
0 0.458984375 0.44140625 0.056640625 0.0732421875
1 0.732421875 0.5400390625 0.044921875 0.0517578125
0 0.3046875 0.4658203125 0.0498046875 0.052734375
0 0.1630859375 0.44140625 0.0390625 0.044921875
1 0.162109375 0.474609375 0.03125 0.0341796875
1 0.60546875 0.498046875 0.0263671875 0.052734375
1 0.5712890625 0.451171875 0.0263671875 0.0361328125
1 0.7001953125 0.5537109375 0.037109375 0.044921875
1 0.0595703125 0.482421875 0.025390625 0.03125
0 0.193359375 0.384765625 0.03125 0.029296875
1 0.154296875 0.5595703125 0.0283203125 0.0439453125
0 0.232421875 0.447265625 0.056640625 0.0546875
1 0.564453125 0.4228515625 0.0341796875 0.0390625
1 0.419921875 0.4462890625 0.017578125 0.033203125
0 0.513671875 0.3330078125 0.0361328125 0.025390625
1 0.439453125 0.6845703125 0.044921875 0.083984375
1 0.7373046875 0.47265625 0.03125 0.0390625
1 0.6669921875 0.556640625 0.0283203125 0.056640625
0 0.08203125 0.6923828125 0.060546875 0.0810546875
1 0.7763671875 0.8681640625 0.072265625 0.044921875
1 0.8955078125 0.58203125 0.041015625 0.0576171875
1 0.5615234375 0.755859375 0.044921875 0.0732421875
1 0.2431640625 0.751953125 0.0419921875 0.0673828125
1 0.193359375 0.482421875 0.017578125 0.03125
0 0.33203125 0.3974609375 0.0576171875 0.029296875
0 0.298828125 0.4248046875 0.0546875 0.037109375
1 0.9296875 0.609375 0.052734375 0.0439453125
0 0.107421875 0.474609375 0.0498046875 0.048828125
0 0.03515625 0.8037109375 0.048828125 0.0830078125
0 0.5185546875 0.392578125 0.0341796875 0.0341796875
0 0.634765625 0.439453125 0.046875 0.041015625
1 0.6220703125 0.4912109375 0.015625 0.044921875
1 0.2802734375 0.7392578125 0.0205078125 0.037109375
1 0.0302734375 0.5712890625 0.0361328125 0.064453125
0 0.478515625 0.3662109375 0.0283203125 0.0234375
1 0.46484375 0.3916015625 0.017578125 0.0234375
1 0.1630859375 0.3974609375 0.013671875 0.0234375
0 0.3515625 0.3212890625 0.03125 0.017578125
1 0.1318359375 0.513671875 0.0263671875 0.046875
1 0.482421875 0.4384765625 0.017578125 0.029296875
1 0.6103515625 0.4658203125 0.0234375 0.03125
0 0.537109375 0.34765625 0.03125 0.0263671875