0 0.365234375 0.783203125 0.107421875 0.171875
0 0.732421875 0.64453125 0.1376953125 0.169921875
0 0.173828125 0.7353515625 0.123046875 0.111328125
0 0.5458984375 0.61328125 0.1044921875 0.123046875
0 0.3671875 0.576171875 0.068359375 0.0830078125
1 0.1728515625 0.58984375 0.0263671875 0.0546875
1 0.1357421875 0.5517578125 0.021484375 0.03125
1 0.1220703125 0.6171875 0.0283203125 0.046875
1 0.806640625 0.5810546875 0.0576171875 0.072265625
0 0.1572265625 0.4775390625 0.048828125 0.048828125
0 0.591796875 0.51953125 0.0986328125 0.1044921875
1 0.689453125 0.5458984375 0.046875 0.0546875
0 0.16796875 0.4189453125 0.048828125 0.041015625
1 0.546875 0.4560546875 0.0185546875 0.0341796875
1 0.890625 0.6474609375 0.078125 0.0830078125
0 0.45703125 0.501953125 0.076171875 0.0966796875
0 0.251953125 0.53125 0.0810546875 0.115234375
1 0.80859375 0.845703125 0.0576171875 0.0830078125
1 0.1962890625 0.640625 0.029296875 0.0654296875
0 0.279296875 0.41796875 0.0517578125 0.048828125
1 0.5302734375 0.5224609375 0.033203125 0.0517578125
1 0.845703125 0.6015625 0.041015625 0.0498046875
0 0.5078125 0.427734375 0.046875 0.0703125
1 0.962890625 0.6513671875 0.046875 0.0751953125
1 0.58203125 0.4609375 0.0234375 0.0283203125
1 0.0830078125 0.673828125 0.0341796875 0.072265625
1 0.7255859375 0.53515625 0.044921875 0.0517578125
0 0.1787109375 0.369140625 0.029296875 0.0419921875
1 0.572265625 0.416015625 0.017578125 0.03125
1 0.9296875 0.611328125 0.041015625 0.0439453125
1 0.2197265625 0.4736328125 0.0205078125 0.037109375
1 0.0390625 0.591796875 0.0341796875 0.0576171875
1 0.8974609375 0.5810546875 0.044921875 0.052734375
1 0.8603515625 0.5498046875 0.0263671875 0.037109375
0 0.509765625 0.3671875 0.0498046875 0.056640625
1 0.0654296875 0.4794921875 0.037109375 0.037109375
1 0.6650390625 0.501953125 0.017578125 0.0390625
0 0.5400390625 0.3408203125 0.0361328125 0.03125
0 0.4736328125 0.380859375 0.037109375 0.0439453125
0 0.234375 0.345703125 0.0283203125 0.0263671875
1 0.630859375 0.8701171875 0.0517578125 0.041015625
0 0.955078125 0.578125 0.0625 0.0595703125
0 0.4443359375 0.423828125 0.044921875 0.0595703125
1 0.26953125 0.490234375 0.0234375 0.0361328125
1 0.546875 0.373046875 0.015625 0.0283203125
1 0.626953125 0.443359375 0.025390625 0.037109375
1 0.470703125 0.6630859375 0.0283203125 0.060546875
0 0.240234375 0.435546875 0.0498046875 0.052734375
1 0.248046875 0.8486328125 0.0654296875 0.0654296875
1 0.59375 0.400390625 0.021484375 0.044921875
1 0.4384765625 0.361328125 0.017578125 0.0205078125