0 0.193359375 0.7490234375 0.123046875 0.1640625
0 0.51171875 0.4248046875 0.0517578125 0.0595703125
0 0.541015625 0.353515625 0.044921875 0.0439453125
0 0.337890625 0.7265625 0.0986328125 0.119140625
0 0.494140625 0.353515625 0.048828125 0.0439453125
0 0.134765625 0.400390625 0.0673828125 0.0361328125
1 0.306640625 0.8486328125 0.044921875 0.0654296875
1 0.2724609375 0.478515625 0.0263671875 0.0361328125
1 0.1865234375 0.4873046875 0.0205078125 0.0341796875
1 0.580078125 0.490234375 0.0263671875 0.0390625
0 0.787109375 0.5556640625 0.154296875 0.0703125
1 0.2666015625 0.5146484375 0.0419921875 0.048828125
1 0.333984375 0.486328125 0.0419921875 0.0419921875
1 0.41796875 0.498046875 0.048828125 0.0517578125
1 0.197265625 0.435546875 0.025390625 0.029296875
1 0.0673828125 0.5361328125 0.0283203125 0.041015625
1 0.49609375 0.5517578125 0.044921875 0.0439453125
1 0.5126953125 0.47265625 0.0283203125 0.0419921875
1 0.138671875 0.4501953125 0.025390625 0.0341796875
1 0.0751953125 0.7607421875 0.037109375 0.068359375
1 0.142578125 0.541015625 0.0263671875 0.037109375
1 0.5615234375 0.46875 0.0205078125 0.0341796875
1 0.466796875 0.439453125 0.015625 0.025390625
1 0.634765625 0.509765625 0.0234375 0.0439453125
1 0.2373046875 0.4150390625 0.03125 0.0263671875
1 0.541015625 0.478515625 0.021484375 0.0361328125
1 0.4150390625 0.8125 0.0361328125 0.052734375
1 0.5361328125 0.3916015625 0.0126953125 0.029296875
1 0.43359375 0.6787109375 0.0546875 0.1142578125
1 0.5556640625 0.4423828125 0.0263671875 0.03125
1 0.0322265625 0.580078125 0.0361328125 0.0810546875
0 0.0478515625 0.380859375 0.0546875 0.033203125
1 0.6376953125 0.474609375 0.021484375 0.0283203125
1 0.08984375 0.41015625 0.0263671875 0.029296875
1 0.4560546875 0.783203125 0.0439453125 0.0595703125
1 0.3154296875 0.4658203125 0.0283203125 0.025390625
1 0.5927734375 0.4658203125 0.017578125 0.0283203125
0 0.236328125 0.36328125 0.056640625 0.033203125
1 0.0263671875 0.759765625 0.0283203125 0.0751953125
1 0.1083984375 0.484375 0.0361328125 0.0341796875
1 0.607421875 0.5107421875 0.0419921875 0.0439453125
1 0.703125 0.603515625 0.0595703125 0.1044921875
1 0.4541015625 0.525390625 0.0205078125 0.0341796875
1 0.5830078125 0.36328125 0.021484375 0.0234375
1 0.060546875 0.482421875 0.0234375 0.0390625
1 0.849609375 0.666015625 0.041015625 0.048828125
1 0.6220703125 0.486328125 0.0185546875 0.021484375
1 0.0908203125 0.509765625 0.1533203125 0.1279296875
0 0.9677734375 0.5810546875 0.0361328125 0.041015625
1 0.04296875 0.6865234375 0.017578125 0.0234375
1 0.6396484375 0.443359375 0.033203125 0.0283203125
0 0.193359375 0.875 0.0966796875 0.0283203125
1 0.619140625 0.462890625 0.0205078125 0.029296875
1 0.0712890625 0.400390625 0.0107421875 0.0263671875
1 0.455078125 0.3603515625 0.0205078125 0.0205078125