0 0.193359375 0.7490234375 0.1220703125 0.1640625
0 0.51171875 0.4228515625 0.048828125 0.0517578125
0 0.337890625 0.7265625 0.0986328125 0.119140625
1 0.306640625 0.85546875 0.0439453125 0.064453125
0 0.5380859375 0.353515625 0.0419921875 0.0439453125
1 0.513671875 0.4736328125 0.029296875 0.0439453125
1 0.068359375 0.5341796875 0.0283203125 0.046875
1 0.56640625 0.57421875 0.029296875 0.060546875
1 0.263671875 0.431640625 0.0263671875 0.025390625
0 0.490234375 0.361328125 0.0390625 0.0341796875
1 0.296875 0.4814453125 0.03125 0.037109375
0 0.201171875 0.421875 0.0751953125 0.0439453125
1 0.61328125 0.4873046875 0.0390625 0.046875
1 0.5712890625 0.384765625 0.013671875 0.025390625
1 0.4111328125 0.8056640625 0.0498046875 0.0673828125
1 0.08203125 0.75390625 0.0517578125 0.076171875
1 0.2158203125 0.47265625 0.03125 0.0390625
1 0.8466796875 0.8154296875 0.0498046875 0.0810546875
1 0.5625 0.4375 0.0185546875 0.025390625
1 0.646484375 0.4892578125 0.0205078125 0.037109375
0 0.509765625 0.3330078125 0.029296875 0.0283203125
1 0.46875 0.4501953125 0.0283203125 0.041015625
1 0.4599609375 0.7841796875 0.0361328125 0.052734375
1 0.49609375 0.451171875 0.017578125 0.033203125
1 0.0791015625 0.400390625 0.0234375 0.0205078125
1 0.455078125 0.369140625 0.0185546875 0.029296875
1 0.5498046875 0.4736328125 0.021484375 0.041015625
1 0.3984375 0.4052734375 0.021484375 0.029296875
1 0.578125 0.4658203125 0.021484375 0.0341796875
1 0.4287109375 0.6689453125 0.0419921875 0.046875
1 0.126953125 0.3974609375 0.025390625 0.0205078125
1 0.1162109375 0.673828125 0.0361328125 0.041015625
1 0.466796875 0.4228515625 0.017578125 0.0263671875
1 0.1669921875 0.3662109375 0.0126953125 0.013671875
1 0.4375 0.365234375 0.0185546875 0.021484375
1 0.4208984375 0.7431640625 0.048828125 0.0546875
1 0.5927734375 0.388671875 0.013671875 0.021484375
1 0.845703125 0.6435546875 0.037109375 0.0625
1 0.46484375 0.3984375 0.013671875 0.021484375
1 0.02734375 0.5810546875 0.033203125 0.0595703125
0 0.9345703125 0.5712890625 0.1064453125 0.0703125
1 0.20703125 0.357421875 0.013671875 0.0205078125
1 0.0263671875 0.375 0.015625 0.0185546875
1 0.2841796875 0.361328125 0.0185546875 0.0263671875
1 0.0595703125 0.478515625 0.021484375 0.033203125
1 0.177734375 0.326171875 0.0205078125 0.021484375
1 0.9052734375 0.49609375 0.0263671875 0.029296875
1 0.5478515625 0.4169921875 0.013671875 0.021484375
1 0.228515625 0.3583984375 0.0126953125 0.017578125
1 0.6357421875 0.44140625 0.0341796875 0.0361328125
1 0.107421875 0.486328125 0.037109375 0.0341796875
1 0.0224609375 0.4716796875 0.0205078125 0.0341796875
0 0.18359375 0.8759765625 0.142578125 0.0263671875
1 0.3291015625 0.35546875 0.017578125 0.0263671875
1 0.24609375 0.353515625 0.0107421875 0.0234375