0 0.19140625 0.7490234375 0.123046875 0.1640625
0 0.5107421875 0.4228515625 0.0498046875 0.0517578125
0 0.337890625 0.7275390625 0.0986328125 0.1201171875
0 0.537109375 0.3544921875 0.044921875 0.0439453125
1 0.4140625 0.802734375 0.046875 0.068359375
0 0.490234375 0.3603515625 0.037109375 0.033203125
1 0.677734375 0.578125 0.0283203125 0.052734375
1 0.306640625 0.8349609375 0.046875 0.091796875
0 0.2685546875 0.45703125 0.087890625 0.0576171875
1 0.6123046875 0.498046875 0.03125 0.0361328125
1 0.0732421875 0.748046875 0.0625 0.099609375
1 0.646484375 0.48828125 0.021484375 0.0361328125
1 0.068359375 0.5380859375 0.029296875 0.0546875
1 0.513671875 0.47265625 0.033203125 0.0419921875
1 0.34375 0.51953125 0.052734375 0.048828125
0 0.509765625 0.3330078125 0.029296875 0.0283203125
1 0.4140625 0.513671875 0.0595703125 0.048828125
1 0.5400390625 0.4775390625 0.0263671875 0.0419921875
1 0.5654296875 0.509765625 0.021484375 0.0361328125
1 0.4970703125 0.453125 0.0185546875 0.03125
1 0.4599609375 0.783203125 0.0361328125 0.0546875
1 0.4677734375 0.4482421875 0.0263671875 0.0341796875
1 0.171875 0.427734375 0.03125 0.029296875
1 0.455078125 0.37109375 0.0185546875 0.029296875
1 0.4287109375 0.6845703125 0.044921875 0.0498046875
0 0.0634765625 0.3828125 0.0546875 0.021484375
1 0.3681640625 0.47265625 0.0390625 0.0390625
1 0.5634765625 0.4345703125 0.0205078125 0.021484375
1 0.166015625 0.365234375 0.013671875 0.0185546875
1 0.4658203125 0.419921875 0.015625 0.0283203125
1 0.421875 0.740234375 0.0498046875 0.0546875
1 0.56640625 0.375 0.0361328125 0.0341796875
1 0.5458984375 0.4150390625 0.013671875 0.017578125
1 0.619140625 0.462890625 0.0205078125 0.03125
1 0.560546875 0.46875 0.021484375 0.0341796875
1 0.0771484375 0.4013671875 0.0205078125 0.025390625
1 0.5087890625 0.515625 0.0263671875 0.046875
1 0.099609375 0.4072265625 0.017578125 0.0263671875
1 0.029296875 0.5546875 0.0361328125 0.0341796875
1 0.583984375 0.4619140625 0.021484375 0.033203125
1 0.2060546875 0.3564453125 0.0126953125 0.015625
0 0.3515625 0.318359375 0.0341796875 0.0185546875
1 0.0234375 0.373046875 0.015625 0.0234375
1 0.125 0.404296875 0.041015625 0.0283203125
1 0.0712890625 0.3408203125 0.013671875 0.015625
1 0.4599609375 0.3974609375 0.013671875 0.0234375
0 0.228515625 0.3642578125 0.0546875 0.0341796875
1 0.6396484375 0.443359375 0.029296875 0.0341796875
1 0.06640625 0.478515625 0.0419921875 0.0341796875
1 0.17578125 0.326171875 0.0205078125 0.021484375
0 0.1806640625 0.876953125 0.1328125 0.0283203125
1 0.3564453125 0.3984375 0.015625 0.025390625
1 0.455078125 0.71875 0.0185546875 0.025390625
1 0.8515625 0.41796875 0.0185546875 0.0263671875
1 0.107421875 0.4853515625 0.037109375 0.0361328125
1 0.0615234375 0.6875 0.0517578125 0.052734375
1 0.326171875 0.35546875 0.0283203125 0.029296875