0 0.1396484375 0.4267578125 0.044921875 0.041015625
0 0.361328125 0.572265625 0.072265625 0.0908203125
1 0.6865234375 0.5615234375 0.0517578125 0.0703125
1 0.6005859375 0.51953125 0.0263671875 0.044921875
1 0.6279296875 0.546875 0.0341796875 0.0625
0 0.5029296875 0.5849609375 0.1064453125 0.126953125
1 0.658203125 0.64453125 0.0390625 0.048828125
0 0.79296875 0.73046875 0.185546875 0.1953125
1 0.6484375 0.7158203125 0.037109375 0.0625
0 0.529296875 0.470703125 0.0673828125 0.0751953125
1 0.5927734375 0.4453125 0.013671875 0.025390625
1 0.7919921875 0.56640625 0.0341796875 0.0576171875
0 0.662109375 0.8193359375 0.177734375 0.138671875
1 0.275390625 0.8330078125 0.052734375 0.09375
0 0.2021484375 0.5732421875 0.080078125 0.115234375
1 0.888671875 0.6513671875 0.0732421875 0.0751953125
0 0.5615234375 0.40625 0.0390625 0.056640625
1 0.619140625 0.6787109375 0.0361328125 0.064453125
1 0.580078125 0.572265625 0.025390625 0.046875
1 0.306640625 0.6318359375 0.0390625 0.0576171875
0 0.4697265625 0.48828125 0.060546875 0.0703125
1 0.1083984375 0.70703125 0.033203125 0.0517578125
0 0.337890625 0.4833984375 0.0625 0.0546875
1 0.8447265625 0.6044921875 0.0390625 0.0439453125
0 0.0791015625 0.388671875 0.0361328125 0.029296875
1 0.2333984375 0.6767578125 0.033203125 0.046875
1 0.9599609375 0.662109375 0.0517578125 0.0751953125
1 0.150390625 0.7587890625 0.0419921875 0.0732421875
1 0.626953125 0.4990234375 0.0234375 0.033203125
1 0.732421875 0.537109375 0.033203125 0.037109375
1 0.634765625 0.4404296875 0.03125 0.03125
0 0.232421875 0.4619140625 0.0625 0.0576171875
0 0.248046875 0.3896484375 0.044921875 0.0419921875
1 0.494140625 0.419921875 0.0234375 0.0361328125
1 0.16796875 0.388671875 0.013671875 0.0283203125
1 0.556640625 0.48828125 0.0126953125 0.033203125
1 0.9326171875 0.701171875 0.041015625 0.0546875
1 0.5908203125 0.484375 0.021484375 0.03125
1 0.8955078125 0.587890625 0.0439453125 0.056640625
1 0.5810546875 0.384765625 0.021484375 0.0283203125
1 0.927734375 0.611328125 0.037109375 0.0390625
1 0.4384765625 0.365234375 0.017578125 0.0234375
0 0.5244140625 0.353515625 0.0390625 0.0341796875
1 0.060546875 0.48046875 0.0234375 0.0361328125
0 0.5595703125 0.375 0.0283203125 0.025390625
1 0.1083984375 0.6435546875 0.033203125 0.046875
1 0.5224609375 0.390625 0.017578125 0.0185546875
0 0.419921875 0.4296875 0.046875 0.0751953125
1 0.205078125 0.8125 0.0439453125 0.056640625
1 0.7119140625 0.5234375 0.0205078125 0.0341796875
1 0.037109375 0.837890625 0.046875 0.0830078125
0 0.2041015625 0.3427734375 0.033203125 0.0263671875
1 0.13671875 0.517578125 0.0263671875 0.0419921875
0 0.294921875 0.408203125 0.0576171875 0.0673828125
1 0.03125 0.5771484375 0.037109375 0.080078125
1 0.248046875 0.6279296875 0.0263671875 0.052734375
0 0.3408203125 0.3994140625 0.0439453125 0.0419921875
1 0.5341796875 0.3857421875 0.0126953125 0.0185546875
1 0.3037109375 0.591796875 0.0205078125 0.0283203125
0 0.478515625 0.376953125 0.0390625 0.0517578125
1 0.18359375 0.646484375 0.029296875 0.0576171875
1 0.111328125 0.482421875 0.0419921875 0.0361328125
1 0.84375 0.55859375 0.025390625 0.0517578125
1 0.9658203125 0.609375 0.037109375 0.037109375
1 0.623046875 0.6279296875 0.0283203125 0.046875
1 0.904296875 0.544921875 0.025390625 0.0283203125
1 0.2041015625 0.3701171875 0.013671875 0.021484375
0 0.158203125 0.47265625 0.044921875 0.048828125
0 0.5244140625 0.419921875 0.0419921875 0.0439453125