1 0.6298828125 0.54296875 0.037109375 0.0673828125
0 0.361328125 0.5673828125 0.068359375 0.087890625
0 0.138671875 0.423828125 0.044921875 0.0390625
1 0.685546875 0.5625 0.052734375 0.0751953125
0 0.8046875 0.7392578125 0.1904296875 0.2001953125
0 0.5068359375 0.587890625 0.1044921875 0.1279296875
1 0.5927734375 0.505859375 0.033203125 0.037109375
1 0.6005859375 0.5439453125 0.0234375 0.0498046875
1 0.6494140625 0.703125 0.0546875 0.09375
1 0.818359375 0.5849609375 0.076171875 0.080078125
0 0.53125 0.470703125 0.0654296875 0.0732421875
0 0.203125 0.5703125 0.078125 0.115234375
1 0.5830078125 0.564453125 0.0283203125 0.060546875
1 0.888671875 0.650390625 0.072265625 0.076171875
0 0.232421875 0.4619140625 0.064453125 0.0576171875
0 0.666015625 0.82421875 0.1767578125 0.1298828125
1 0.5927734375 0.447265625 0.017578125 0.0263671875
1 0.2783203125 0.802734375 0.056640625 0.138671875
0 0.5615234375 0.4013671875 0.0390625 0.0654296875
1 0.1142578125 0.6982421875 0.037109375 0.0595703125
1 0.5830078125 0.3916015625 0.0185546875 0.0263671875
0 0.0654296875 0.3857421875 0.052734375 0.03125
1 0.306640625 0.626953125 0.0341796875 0.0517578125
1 0.2353515625 0.669921875 0.033203125 0.044921875
1 0.9599609375 0.658203125 0.0517578125 0.0810546875
0 0.3369140625 0.4814453125 0.060546875 0.052734375
1 0.626953125 0.494140625 0.0234375 0.029296875
1 0.556640625 0.4892578125 0.013671875 0.0341796875
1 0.732421875 0.537109375 0.033203125 0.037109375
0 0.5244140625 0.423828125 0.0419921875 0.0439453125
0 0.443359375 0.4453125 0.03125 0.052734375
1 0.525390625 0.3896484375 0.033203125 0.0263671875
1 0.1669921875 0.388671875 0.015625 0.025390625
1 0.896484375 0.587890625 0.0419921875 0.056640625
0 0.46875 0.478515625 0.056640625 0.0576171875
1 0.927734375 0.6123046875 0.037109375 0.041015625
0 0.5234375 0.3564453125 0.041015625 0.041015625
1 0.6357421875 0.439453125 0.0341796875 0.033203125
1 0.060546875 0.48046875 0.0234375 0.0361328125
0 0.2919921875 0.408203125 0.0625 0.064453125
0 0.3388671875 0.3984375 0.0439453125 0.041015625
1 0.7099609375 0.5224609375 0.0205078125 0.0361328125
1 0.1083984375 0.638671875 0.0263671875 0.037109375
1 0.4013671875 0.4326171875 0.021484375 0.041015625
1 0.1474609375 0.47265625 0.0234375 0.0419921875
1 0.1806640625 0.490234375 0.0234375 0.0361328125
1 0.15234375 0.7431640625 0.044921875 0.1328125
0 0.1806640625 0.3603515625 0.0234375 0.0205078125
0 0.248046875 0.3896484375 0.048828125 0.044921875
0 0.2197265625 0.3525390625 0.0263671875 0.017578125
1 0.662109375 0.626953125 0.0361328125 0.0673828125
1 0.03125 0.5791015625 0.037109375 0.0830078125
1 0.037109375 0.826171875 0.0390625 0.080078125
1 0.13671875 0.515625 0.0263671875 0.041015625
1 0.2490234375 0.6298828125 0.0263671875 0.0595703125
1 0.66796875 0.521484375 0.017578125 0.0419921875
1 0.4716796875 0.42578125 0.025390625 0.033203125