0 0.1611328125 0.6572265625 0.1064453125 0.1142578125
0 0.583984375 0.6982421875 0.1279296875 0.150390625
0 0.34765625 0.6396484375 0.0859375 0.107421875
1 0.6826171875 0.693359375 0.046875 0.0703125
0 0.509765625 0.458984375 0.0498046875 0.056640625
0 0.3251953125 0.517578125 0.072265625 0.0751953125
1 0.728515625 0.681640625 0.0419921875 0.080078125
1 0.515625 0.619140625 0.03125 0.0625
1 0.677734375 0.5888671875 0.0576171875 0.0810546875
0 0.4765625 0.501953125 0.0654296875 0.072265625
1 0.7861328125 0.828125 0.072265625 0.099609375
1 0.6201171875 0.54296875 0.03125 0.0576171875
0 0.22265625 0.4951171875 0.0546875 0.0625
1 0.580078125 0.4794921875 0.0283203125 0.0439453125
1 0.5927734375 0.5791015625 0.0263671875 0.0517578125
1 0.8212890625 0.587890625 0.076171875 0.0751953125
1 0.576171875 0.544921875 0.0263671875 0.044921875
1 0.9443359375 0.6845703125 0.080078125 0.083984375
1 0.8779296875 0.6630859375 0.0810546875 0.0830078125
1 0.212890625 0.541015625 0.033203125 0.0576171875
1 0.423828125 0.490234375 0.0205078125 0.037109375
0 0.29296875 0.451171875 0.048828125 0.0517578125
1 0.6083984375 0.46484375 0.0205078125 0.033203125
1 0.708984375 0.55078125 0.021484375 0.0361328125
1 0.6181640625 0.630859375 0.0390625 0.0625
1 0.61328125 0.810546875 0.0703125 0.1279296875
1 0.0703125 0.75 0.0341796875 0.0654296875
0 0.4892578125 0.3564453125 0.041015625 0.0341796875
1 0.5615234375 0.607421875 0.029296875 0.041015625
1 0.611328125 0.501953125 0.0283203125 0.0419921875
1 0.095703125 0.5927734375 0.021484375 0.0390625
1 0.4072265625 0.4765625 0.0205078125 0.037109375
1 0.4228515625 0.4404296875 0.0234375 0.0341796875
1 0.515625 0.576171875 0.0283203125 0.0390625
0 0.4833984375 0.408203125 0.0390625 0.0517578125
1 0.2451171875 0.7548828125 0.0283203125 0.0625
1 0.09765625 0.6357421875 0.029296875 0.0595703125
1 0.890625 0.595703125 0.056640625 0.0595703125
1 0.1611328125 0.53125 0.021484375 0.037109375
1 0.248046875 0.451171875 0.0185546875 0.033203125
0 0.5576171875 0.4189453125 0.0341796875 0.046875
1 0.83203125 0.8076171875 0.0263671875 0.0439453125
0 0.2626953125 0.4072265625 0.0654296875 0.0390625
1 0.591796875 0.439453125 0.0185546875 0.0283203125
1 0.1474609375 0.4814453125 0.0263671875 0.0341796875
1 0.0595703125 0.4814453125 0.021484375 0.0341796875
1 0.8974609375 0.544921875 0.033203125 0.037109375
1 0.943359375 0.609375 0.072265625 0.0595703125
1 0.53125 0.41015625 0.025390625 0.0390625
1 0.8154296875 0.537109375 0.0283203125 0.044921875
1 0.974609375 0.7392578125 0.025390625 0.0810546875
1 0.5703125 0.568359375 0.130859375 0.173828125
1 0.4423828125 0.525390625 0.021484375 0.048828125
1 0.03125 0.486328125 0.0439453125 0.0439453125
1 0.634765625 0.4423828125 0.029296875 0.0341796875
1 0.03125 0.5791015625 0.037109375 0.076171875
1 0.44921875 0.3837890625 0.0107421875 0.0205078125
1 0.21484375 0.416015625 0.0390625 0.0341796875
1 0.18359375 0.46875 0.0263671875 0.037109375
1 0.8095703125 0.751953125 0.037109375 0.0283203125
1 0.7041015625 0.8740234375 0.0419921875 0.033203125
1 0.111328125 0.484375 0.0419921875 0.037109375
1 0.5576171875 0.380859375 0.0341796875 0.0419921875