0 0.2197265625 0.513671875 0.064453125 0.0732421875
1 0.166015625 0.6865234375 0.0283203125 0.0546875
0 0.5478515625 0.4970703125 0.064453125 0.0654296875
0 0.7705078125 0.7216796875 0.1748046875 0.181640625
1 0.259765625 0.603515625 0.033203125 0.0498046875
1 0.41015625 0.4541015625 0.0205078125 0.0263671875
1 0.240234375 0.671875 0.037109375 0.068359375
1 0.1484375 0.494140625 0.025390625 0.0390625
1 0.818359375 0.5732421875 0.0810546875 0.0908203125
1 0.2705078125 0.451171875 0.021484375 0.0341796875
1 0.68359375 0.544921875 0.0517578125 0.056640625
1 0.134765625 0.4189453125 0.0234375 0.0283203125
1 0.2822265625 0.515625 0.029296875 0.0498046875
1 0.166015625 0.4716796875 0.025390625 0.0341796875
0 0.5234375 0.427734375 0.046875 0.0498046875
1 0.904296875 0.654296875 0.0654296875 0.0654296875
1 0.1669921875 0.423828125 0.0185546875 0.025390625
1 0.5986328125 0.490234375 0.021484375 0.041015625
1 0.9521484375 0.7060546875 0.0732421875 0.09375
1 0.3544921875 0.4384765625 0.021484375 0.029296875
1 0.20703125 0.453125 0.0205078125 0.03125
1 0.1103515625 0.412109375 0.0234375 0.029296875
0 0.5595703125 0.40234375 0.0341796875 0.0390625
1 0.130859375 0.5673828125 0.0263671875 0.041015625
1 0.4609375 0.5234375 0.0341796875 0.052734375
0 0.4619140625 0.4296875 0.0390625 0.041015625
1 0.3798828125 0.4794921875 0.03125 0.052734375
1 0.7265625 0.623046875 0.041015625 0.0361328125
1 0.6181640625 0.5859375 0.0390625 0.0654296875
1 0.1845703125 0.3828125 0.0126953125 0.021484375
1 0.0859375 0.408203125 0.025390625 0.03125
1 0.62109375 0.5302734375 0.029296875 0.0390625
1 0.224609375 0.44140625 0.021484375 0.033203125
1 0.6357421875 0.7451171875 0.052734375 0.0810546875
1 0.060546875 0.4794921875 0.0263671875 0.037109375
1 0.5751953125 0.46875 0.0185546875 0.0283203125
1 0.224609375 0.4072265625 0.0185546875 0.0263671875
1 0.896484375 0.541015625 0.03125 0.0390625
1 0.2705078125 0.400390625 0.015625 0.025390625
1 0.201171875 0.421875 0.017578125 0.025390625
0 0.228515625 0.3505859375 0.025390625 0.029296875
1 0.095703125 0.736328125 0.029296875 0.037109375
1 0.6220703125 0.498046875 0.021484375 0.037109375
1 0.1083984375 0.4833984375 0.033203125 0.033203125
0 0.490234375 0.3564453125 0.0263671875 0.0283203125
1 0.658203125 0.8603515625 0.0546875 0.064453125
1 0.4521484375 0.365234375 0.013671875 0.0263671875
1 0.9541015625 0.6298828125 0.044921875 0.056640625
1 0.494140625 0.408203125 0.0185546875 0.0341796875
1 0.67578125 0.50390625 0.0263671875 0.0390625
1 0.6904296875 0.814453125 0.0283203125 0.041015625
1 0.6337890625 0.6484375 0.033203125 0.052734375
0 0.5341796875 0.35546875 0.0283203125 0.029296875
1 0.115234375 0.7060546875 0.0341796875 0.0625
1 0.412109375 0.4267578125 0.0205078125 0.03125
1 0.6376953125 0.439453125 0.037109375 0.0341796875
0 0.3525390625 0.3203125 0.029296875 0.021484375
0 0.5712890625 0.376953125 0.029296875 0.03125
1 0.8974609375 0.576171875 0.0419921875 0.0419921875
1 0.46484375 0.380859375 0.0263671875 0.0341796875
1 0.595703125 0.458984375 0.025390625 0.0361328125
1 0.2626953125 0.56640625 0.0283203125 0.0419921875
1 0.021484375 0.4873046875 0.0205078125 0.041015625
1 0.7138671875 0.515625 0.03125 0.03125
1 0.193359375 0.365234375 0.0107421875 0.015625
1 0.142578125 0.609375 0.0341796875 0.052734375
1 0.244140625 0.4951171875 0.013671875 0.021484375
1 0.1796875 0.330078125 0.0185546875 0.017578125
0 0.5166015625 0.3408203125 0.0263671875 0.0283203125
1 0.2314453125 0.4248046875 0.099609375 0.087890625
0 0.4599609375 0.3203125 0.0419921875 0.03125
1 0.0771484375 0.337890625 0.0205078125 0.0185546875
0 0.25390625 0.3671875 0.0390625 0.041015625
1 0.4248046875 0.509765625 0.0439453125 0.0673828125
0 0.3232421875 0.3984375 0.0908203125 0.0439453125
1 0.81640625 0.5341796875 0.0234375 0.0341796875
1 0.1904296875 0.646484375 0.177734375 0.154296875
0 0.095703125 0.3837890625 0.0625 0.029296875
1 0.0224609375 0.373046875 0.017578125 0.021484375
1 0.955078125 0.591796875 0.0361328125 0.0390625