0 0.322265625 0.798828125 0.1513671875 0.177734375
0 0.185546875 0.751953125 0.1220703125 0.154296875
1 0.7255859375 0.7236328125 0.0517578125 0.087890625
1 0.509765625 0.4306640625 0.0234375 0.029296875
1 0.150390625 0.6328125 0.033203125 0.0498046875
0 0.240234375 0.5087890625 0.0625 0.0703125
1 0.689453125 0.5498046875 0.0498046875 0.056640625
0 0.31640625 0.6494140625 0.0888671875 0.107421875
1 0.8212890625 0.583984375 0.0830078125 0.0859375
1 0.578125 0.7861328125 0.037109375 0.0654296875
0 0.2255859375 0.578125 0.080078125 0.087890625
1 0.3837890625 0.42578125 0.013671875 0.0234375
1 0.7197265625 0.63671875 0.029296875 0.0517578125
1 0.126953125 0.4873046875 0.029296875 0.0439453125
1 0.0498046875 0.587890625 0.03125 0.044921875
1 0.9443359375 0.685546875 0.080078125 0.083984375
0 0.50390625 0.345703125 0.033203125 0.0361328125
1 0.1025390625 0.646484375 0.0263671875 0.0517578125
1 0.8486328125 0.7998046875 0.0595703125 0.0908203125
1 0.623046875 0.58984375 0.021484375 0.0390625
0 0.3271484375 0.4912109375 0.0673828125 0.060546875
1 0.4990234375 0.603515625 0.048828125 0.0625
1 0.37890625 0.5634765625 0.0263671875 0.0517578125
1 0.1640625 0.5703125 0.025390625 0.041015625
0 0.3212890625 0.5517578125 0.0703125 0.078125
1 0.728515625 0.541015625 0.0390625 0.0361328125
1 0.607421875 0.455078125 0.0205078125 0.03125
1 0.59375 0.39453125 0.0185546875 0.0263671875
1 0.0771484375 0.7060546875 0.033203125 0.052734375
1 0.0712890625 0.4794921875 0.0517578125 0.0439453125
0 0.255859375 0.3974609375 0.056640625 0.0546875
0 0.4794921875 0.3564453125 0.03125 0.0341796875
1 0.5625 0.392578125 0.015625 0.0234375
1 0.9384765625 0.533203125 0.029296875 0.033203125
1 0.421875 0.427734375 0.021484375 0.03125
1 0.451171875 0.4287109375 0.015625 0.0263671875
1 0.55859375 0.416015625 0.013671875 0.0234375
1 0.5068359375 0.3681640625 0.017578125 0.0263671875
1 0.0263671875 0.560546875 0.0283203125 0.044921875
1 0.1572265625 0.5146484375 0.0234375 0.0361328125
0 0.5322265625 0.34375 0.029296875 0.025390625
1 0.89453125 0.5849609375 0.048828125 0.0576171875
1 0.708984375 0.78515625 0.0283203125 0.0390625
1 0.0517578125 0.830078125 0.041015625 0.0908203125
1 0.1513671875 0.423828125 0.0283203125 0.03125
1 0.216796875 0.412109375 0.033203125 0.037109375
1 0.2080078125 0.4814453125 0.0126953125 0.03125
1 0.380859375 0.365234375 0.0126953125 0.0185546875
1 0.470703125 0.638671875 0.0283203125 0.0517578125
1 0.392578125 0.384765625 0.0126953125 0.0205078125
1 0.970703125 0.52734375 0.0341796875 0.029296875
1 0.83984375 0.54296875 0.029296875 0.0390625
0 0.6337890625 0.439453125 0.044921875 0.0361328125
1 0.1845703125 0.482421875 0.041015625 0.0517578125
0 0.52734375 0.326171875 0.033203125 0.0205078125
1 0.470703125 0.494140625 0.0185546875 0.0263671875
1 0.099609375 0.603515625 0.03125 0.0517578125
1 0.3896484375 0.4873046875 0.013671875 0.025390625
1 0.119140625 0.42578125 0.0205078125 0.0263671875
1 0.6787109375 0.4404296875 0.0205078125 0.0283203125
1 0.0908203125 0.5849609375 0.150390625 0.158203125
1 0.9619140625 0.6259765625 0.044921875 0.060546875
1 0.9013671875 0.541015625 0.041015625 0.0546875
1 0.3740234375 0.3974609375 0.017578125 0.0361328125
1 0.17578125 0.421875 0.017578125 0.025390625