0 0.341796875 0.673828125 0.0986328125 0.123046875
0 0.623046875 0.6728515625 0.119140625 0.1484375
0 0.216796875 0.6025390625 0.080078125 0.095703125
1 0.384765625 0.544921875 0.0263671875 0.041015625
0 0.587890625 0.5478515625 0.072265625 0.107421875
0 0.3193359375 0.5263671875 0.064453125 0.072265625
1 0.8056640625 0.5986328125 0.0390625 0.056640625
0 0.1162109375 0.408203125 0.044921875 0.037109375
1 0.6337890625 0.5146484375 0.0234375 0.0419921875
1 0.7041015625 0.59375 0.033203125 0.068359375
1 0.7666015625 0.7373046875 0.060546875 0.109375
0 0.23046875 0.5068359375 0.064453125 0.064453125
0 0.2392578125 0.4580078125 0.0498046875 0.0439453125
1 0.658203125 0.5439453125 0.029296875 0.0439453125
1 0.6025390625 0.505859375 0.017578125 0.0263671875
0 0.478515625 0.4921875 0.048828125 0.0654296875
1 0.890625 0.658203125 0.087890625 0.078125
1 0.6884765625 0.5458984375 0.0390625 0.0546875
0 0.509765625 0.40625 0.037109375 0.0439453125
1 0.890625 0.79296875 0.0595703125 0.1171875
1 0.4267578125 0.4599609375 0.0185546875 0.033203125
1 0.865234375 0.591796875 0.080078125 0.072265625
0 0.498046875 0.341796875 0.0283203125 0.0283203125
1 0.4775390625 0.439453125 0.0205078125 0.0283203125
1 0.05859375 0.486328125 0.0263671875 0.0283203125
1 0.794921875 0.556640625 0.037109375 0.046875
0 0.2919921875 0.4384765625 0.0439453125 0.0390625
1 0.5185546875 0.5859375 0.0341796875 0.083984375
1 0.587890625 0.794921875 0.046875 0.080078125
1 0.576171875 0.46875 0.021484375 0.041015625
1 0.1640625 0.5673828125 0.025390625 0.0439453125
1 0.470703125 0.568359375 0.0263671875 0.080078125
0 0.2802734375 0.408203125 0.0517578125 0.037109375
1 0.54296875 0.4765625 0.0234375 0.041015625
0 0.1875 0.3681640625 0.03125 0.0263671875
1 0.826171875 0.560546875 0.0390625 0.048828125
1 0.1474609375 0.458984375 0.033203125 0.0419921875
1 0.9609375 0.7021484375 0.052734375 0.0673828125
1 0.42578125 0.49609375 0.0205078125 0.0390625
1 0.927734375 0.607421875 0.046875 0.041015625
1 0.59765625 0.4375 0.013671875 0.03125
1 0.068359375 0.7158203125 0.0390625 0.056640625
1 0.279296875 0.6123046875 0.021484375 0.041015625
1 0.7333984375 0.5439453125 0.0419921875 0.046875
1 0.1748046875 0.42578125 0.015625 0.0234375
1 0.748046875 0.669921875 0.041015625 0.0654296875
1 0.123046875 0.6474609375 0.0419921875 0.0576171875
1 0.0283203125 0.5615234375 0.03125 0.048828125
1 0.173828125 0.4658203125 0.029296875 0.0341796875
1 0.439453125 0.416015625 0.025390625 0.037109375
1 0.9736328125 0.6328125 0.03125 0.0625
0 0.1015625 0.826171875 0.1748046875 0.1376953125
1 0.552734375 0.4423828125 0.0205078125 0.037109375
1 0.115234375 0.59375 0.0341796875 0.041015625
1 0.7119140625 0.51953125 0.0234375 0.0390625
1 0.8974609375 0.546875 0.029296875 0.037109375
1 0.205078125 0.849609375 0.0546875 0.068359375
1 0.109375 0.486328125 0.037109375 0.0341796875
1 0.474609375 0.3662109375 0.0185546875 0.033203125
0 0.3505859375 0.318359375 0.029296875 0.015625
0 0.248046875 0.333984375 0.0390625 0.0234375