0 0.193359375 0.7490234375 0.123046875 0.1611328125
0 0.513671875 0.4248046875 0.0517578125 0.0498046875
0 0.33984375 0.7265625 0.0986328125 0.119140625
1 0.611328125 0.59375 0.0361328125 0.056640625
1 0.666015625 0.564453125 0.033203125 0.0546875
0 0.486328125 0.36328125 0.048828125 0.033203125
1 0.068359375 0.5341796875 0.0283203125 0.046875
0 0.5380859375 0.3515625 0.0390625 0.037109375
1 0.53515625 0.515625 0.0234375 0.041015625
1 0.5693359375 0.509765625 0.0234375 0.0390625
1 0.625 0.498046875 0.025390625 0.041015625
1 0.505859375 0.537109375 0.0234375 0.0390625
1 0.08984375 0.7509765625 0.0546875 0.080078125
1 0.4794921875 0.458984375 0.037109375 0.041015625
1 0.603515625 0.525390625 0.0234375 0.037109375
1 0.4169921875 0.791015625 0.056640625 0.087890625
1 0.6435546875 0.5341796875 0.0185546875 0.0341796875
0 0.0537109375 0.3876953125 0.0517578125 0.0283203125
1 0.5732421875 0.48046875 0.015625 0.029296875
1 0.3076171875 0.8330078125 0.046875 0.087890625
1 0.4560546875 0.787109375 0.03125 0.0498046875
0 0.509765625 0.33203125 0.0283203125 0.0263671875
1 0.4130859375 0.4423828125 0.0234375 0.0341796875
1 0.1484375 0.466796875 0.015625 0.0263671875
1 0.427734375 0.6728515625 0.0341796875 0.044921875
1 0.42578125 0.423828125 0.017578125 0.029296875
1 0.4658203125 0.431640625 0.0185546875 0.0283203125
1 0.6025390625 0.4931640625 0.017578125 0.033203125
1 0.55078125 0.4599609375 0.0234375 0.0361328125
1 0.248046875 0.361328125 0.015625 0.0205078125
1 0.3916015625 0.390625 0.017578125 0.025390625
1 0.404296875 0.37890625 0.015625 0.0205078125
1 0.5498046875 0.435546875 0.0185546875 0.025390625
1 0.2138671875 0.48828125 0.0185546875 0.0361328125
1 0.5654296875 0.4501953125 0.015625 0.03125
1 0.029296875 0.5634765625 0.0341796875 0.0546875
1 0.37890625 0.361328125 0.017578125 0.0205078125
1 0.5458984375 0.5986328125 0.033203125 0.072265625
1 0.5654296875 0.3994140625 0.0185546875 0.029296875
0 0.314453125 0.392578125 0.091796875 0.0390625
1 0.337890625 0.353515625 0.013671875 0.0205078125
1 0.6044921875 0.443359375 0.015625 0.0234375
1 0.1669921875 0.3642578125 0.0126953125 0.015625
1 0.228515625 0.462890625 0.025390625 0.0390625
1 0.6494140625 0.48046875 0.017578125 0.0263671875
1 0.8955078125 0.572265625 0.0283203125 0.0361328125
1 0.4521484375 0.36328125 0.017578125 0.0234375
1 0.541015625 0.486328125 0.0966796875 0.109375
1 0.2041015625 0.359375 0.013671875 0.0185546875
1 0.0634765625 0.498046875 0.0205078125 0.0263671875
1 0.638671875 0.4453125 0.03125 0.0283203125
0 0.2255859375 0.4326171875 0.0703125 0.046875
1 0.025390625 0.79296875 0.0361328125 0.0888671875
1 0.431640625 0.365234375 0.0126953125 0.0263671875
1 0.923828125 0.55078125 0.0263671875 0.0263671875
1 0.5888671875 0.3818359375 0.009765625 0.0205078125
1 0.1328125 0.421875 0.015625 0.021484375
1 0.4267578125 0.716796875 0.041015625 0.056640625
1 0.228515625 0.357421875 0.0126953125 0.0205078125
1 0.58984375 0.466796875 0.017578125 0.0341796875
0 0.197265625 0.875 0.0966796875 0.0283203125
1 0.099609375 0.517578125 0.0234375 0.052734375
1 0.1796875 0.3271484375 0.021484375 0.0205078125
1 0.474609375 0.333984375 0.0126953125 0.017578125
1 0.548828125 0.41796875 0.0126953125 0.0205078125
1 0.9775390625 0.6181640625 0.0205078125 0.0576171875
1 0.560546875 0.3759765625 0.0234375 0.0263671875