0 0.3232421875 0.798828125 0.140625 0.1767578125
1 0.7119140625 0.603515625 0.0390625 0.060546875
1 0.6630859375 0.6259765625 0.029296875 0.048828125
0 0.201171875 0.67578125 0.099609375 0.1171875
0 0.1572265625 0.494140625 0.0546875 0.0546875
0 0.5234375 0.435546875 0.052734375 0.0595703125
1 0.5908203125 0.595703125 0.0341796875 0.0673828125
0 0.31640625 0.62109375 0.0830078125 0.1015625
1 0.486328125 0.525390625 0.0234375 0.0498046875
0 0.4755859375 0.451171875 0.044921875 0.0595703125
1 0.7509765625 0.7353515625 0.0546875 0.0732421875
1 0.69140625 0.5322265625 0.033203125 0.0361328125
1 0.7978515625 0.576171875 0.044921875 0.064453125
0 0.2255859375 0.576171875 0.080078125 0.087890625
1 0.6376953125 0.5703125 0.0283203125 0.0498046875
1 0.6083984375 0.517578125 0.0234375 0.044921875
1 0.6669921875 0.712890625 0.041015625 0.064453125
1 0.1630859375 0.5625 0.033203125 0.0625
1 0.369140625 0.4658203125 0.0185546875 0.0341796875
0 0.3125 0.4833984375 0.052734375 0.060546875
1 0.947265625 0.6875 0.0732421875 0.083984375
1 0.728515625 0.8525390625 0.052734375 0.0703125
0 0.240234375 0.5068359375 0.0595703125 0.064453125
1 0.564453125 0.45703125 0.017578125 0.029296875
1 0.609375 0.734375 0.0341796875 0.0654296875
1 0.5947265625 0.458984375 0.0205078125 0.037109375
1 0.810546875 0.84765625 0.048828125 0.0732421875
1 0.7099609375 0.5546875 0.0205078125 0.0341796875
1 0.1103515625 0.52734375 0.0263671875 0.0390625
1 0.89453125 0.8427734375 0.064453125 0.0888671875
1 0.84375 0.6005859375 0.0439453125 0.048828125
1 0.6533203125 0.86328125 0.046875 0.0517578125
1 0.04296875 0.59765625 0.029296875 0.0517578125
1 0.841796875 0.5556640625 0.041015625 0.048828125
0 0.2041015625 0.4072265625 0.0419921875 0.044921875
1 0.4814453125 0.41015625 0.015625 0.033203125
1 0.1220703125 0.689453125 0.037109375 0.0546875
1 0.9658203125 0.8369140625 0.0439453125 0.0888671875
0 0.5205078125 0.384765625 0.0341796875 0.033203125
1 0.564453125 0.427734375 0.0205078125 0.037109375
1 0.619140625 0.4853515625 0.0205078125 0.033203125
1 0.1083984375 0.6201171875 0.033203125 0.0439453125
1 0.48828125 0.3828125 0.017578125 0.0341796875
1 0.17578125 0.828125 0.0419921875 0.0625
1 0.42578125 0.392578125 0.013671875 0.021484375
0 0.048828125 0.7890625 0.068359375 0.0751953125
0 0.5166015625 0.333984375 0.0390625 0.029296875
1 0.6337890625 0.4638671875 0.017578125 0.0341796875
0 0.490234375 0.353515625 0.033203125 0.03125
1 0.150390625 0.3916015625 0.021484375 0.0263671875
1 0.462890625 0.4189453125 0.015625 0.025390625
1 0.876953125 0.662109375 0.0810546875 0.078125
1 0.1005859375 0.5634765625 0.029296875 0.044921875
1 0.443359375 0.4091796875 0.0185546875 0.03125
1 0.240234375 0.642578125 0.0263671875 0.046875
1 0.931640625 0.611328125 0.0576171875 0.0517578125
1 0.640625 0.533203125 0.025390625 0.03125
1 0.18359375 0.4521484375 0.017578125 0.0263671875
0 0.21875 0.345703125 0.0341796875 0.03125
1 0.59375 0.392578125 0.0185546875 0.033203125
1 0.0244140625 0.560546875 0.0234375 0.0419921875
1 0.4609375 0.3671875 0.0283203125 0.03125
1 0.66015625 0.5849609375 0.126953125 0.1640625
1 0.068359375 0.341796875 0.0107421875 0.015625
1 0.89453125 0.5849609375 0.0390625 0.060546875
1 0.080078125 0.4814453125 0.0419921875 0.037109375
0 0.294921875 0.4052734375 0.0576171875 0.060546875
0 0.3486328125 0.3212890625 0.025390625 0.017578125
1 0.1875 0.3798828125 0.021484375 0.037109375
1 0.646484375 0.8056640625 0.029296875 0.044921875
1 0.7470703125 0.693359375 0.0283203125 0.037109375
1 0.583984375 0.5380859375 0.0205078125 0.0390625
1 0.974609375 0.630859375 0.025390625 0.0595703125
1 0.900390625 0.7294921875 0.0283203125 0.068359375
1 0.021484375 0.47265625 0.0205078125 0.0234375
1 0.2685546875 0.865234375 0.0439453125 0.0498046875