0 0.1904296875 0.75 0.1279296875 0.166015625
0 0.509765625 0.421875 0.046875 0.0625
0 0.3369140625 0.728515625 0.0986328125 0.1220703125
0 0.490234375 0.361328125 0.0390625 0.0341796875
1 0.099609375 0.572265625 0.0263671875 0.0595703125
1 0.5634765625 0.47265625 0.0263671875 0.033203125
0 0.5400390625 0.34765625 0.0390625 0.033203125
1 0.6025390625 0.49609375 0.0263671875 0.0390625
1 0.5478515625 0.4326171875 0.0205078125 0.0283203125
1 0.4912109375 0.537109375 0.0263671875 0.0390625
1 0.529296875 0.373046875 0.015625 0.021484375
1 0.6337890625 0.587890625 0.0576171875 0.0595703125
1 0.6376953125 0.505859375 0.025390625 0.041015625
1 0.408203125 0.8193359375 0.0517578125 0.0732421875
1 0.568359375 0.5830078125 0.0439453125 0.056640625
1 0.779296875 0.650390625 0.048828125 0.0546875
1 0.078125 0.7548828125 0.0498046875 0.083984375
1 0.408203125 0.4619140625 0.03125 0.029296875
1 0.638671875 0.66015625 0.041015625 0.0673828125
1 0.529296875 0.5205078125 0.0234375 0.037109375
0 0.6044921875 0.7431640625 0.1435546875 0.173828125
1 0.716796875 0.634765625 0.076171875 0.0654296875
0 0.81640625 0.572265625 0.1796875 0.0673828125
1 0.427734375 0.5029296875 0.03125 0.0341796875
0 0.5078125 0.333984375 0.03125 0.029296875
1 0.8134765625 0.78125 0.0673828125 0.0908203125
1 0.6513671875 0.466796875 0.03125 0.0341796875
1 0.427734375 0.6728515625 0.0390625 0.064453125
1 0.5283203125 0.701171875 0.037109375 0.078125
1 0.3935546875 0.6181640625 0.041015625 0.060546875
1 0.5478515625 0.373046875 0.017578125 0.025390625
1 0.5302734375 0.4501953125 0.013671875 0.021484375
1 0.482421875 0.6005859375 0.0546875 0.0673828125
1 0.0234375 0.5634765625 0.021484375 0.0419921875
1 0.7177734375 0.759765625 0.0546875 0.0751953125
1 0.064453125 0.4853515625 0.0341796875 0.029296875
1 0.296875 0.4423828125 0.03125 0.0283203125
1 0.921875 0.626953125 0.125 0.076171875
1 0.8916015625 0.380859375 0.0205078125 0.03125
1 0.841796875 0.4931640625 0.0439453125 0.0419921875
1 0.400390625 0.369140625 0.0234375 0.0263671875
1 0.1611328125 0.408203125 0.0185546875 0.021484375
1 0.564453125 0.4462890625 0.021484375 0.0263671875
1 0.306640625 0.841796875 0.0439453125 0.0703125
1 0.4541015625 0.373046875 0.0234375 0.0263671875
1 0.451171875 0.5185546875 0.025390625 0.046875
1 0.1748046875 0.341796875 0.0185546875 0.0185546875
1 0.2275390625 0.4462890625 0.0263671875 0.0263671875
1 0.9130859375 0.5029296875 0.0263671875 0.041015625
1 0.361328125 0.59375 0.033203125 0.0439453125
1 0.587890625 0.5478515625 0.0283203125 0.044921875
1 0.853515625 0.861328125 0.068359375 0.056640625
1 0.5087890625 0.5009765625 0.033203125 0.044921875
1 0.9658203125 0.5888671875 0.041015625 0.0439453125
1 0.107421875 0.486328125 0.029296875 0.03125
1 0.78125 0.544921875 0.0283203125 0.03125
1 0.412109375 0.7568359375 0.0341796875 0.0361328125
1 0.943359375 0.556640625 0.03125 0.0361328125
1 0.830078125 0.623046875 0.037109375 0.0517578125
1 0.5810546875 0.3759765625 0.021484375 0.029296875
1 0.7880859375 0.48046875 0.0234375 0.0263671875
1 0.2177734375 0.3564453125 0.0107421875 0.015625
1 0.5986328125 0.4853515625 0.1220703125 0.1044921875
1 0.041015625 0.5556640625 0.015625 0.0263671875
1 0.6533203125 0.5546875 0.025390625 0.0439453125
1 0.068359375 0.6650390625 0.03125 0.0546875
1 0.5361328125 0.404296875 0.015625 0.021484375
0 0.181640625 0.873046875 0.1201171875 0.03125
1 0.4541015625 0.455078125 0.0361328125 0.041015625
1 0.52734375 0.6416015625 0.0361328125 0.0546875
0 0.240234375 0.3740234375 0.060546875 0.033203125
1 0.03515625 0.470703125 0.0390625 0.037109375