0 0.591796875 0.44140625 0.0654296875 0.0576171875
0 0.5478515625 0.494140625 0.0703125 0.0810546875
0 0.638671875 0.6201171875 0.119140625 0.130859375
0 0.333984375 0.7958984375 0.1298828125 0.1455078125
1 0.1796875 0.6015625 0.0283203125 0.056640625
0 0.490234375 0.3603515625 0.037109375 0.033203125
1 0.15234375 0.4697265625 0.0263671875 0.0390625
1 0.1474609375 0.4423828125 0.0263671875 0.025390625
1 0.7412109375 0.646484375 0.0419921875 0.0732421875
1 0.62890625 0.5234375 0.0361328125 0.0654296875
1 0.6904296875 0.548828125 0.0341796875 0.037109375
1 0.8017578125 0.5908203125 0.0341796875 0.041015625
1 0.79296875 0.76953125 0.0546875 0.0673828125
0 0.6875 0.7900390625 0.193359375 0.1953125
1 0.064453125 0.478515625 0.03125 0.0361328125
1 0.595703125 0.4755859375 0.015625 0.033203125
1 0.197265625 0.376953125 0.0205078125 0.029296875
1 0.896484375 0.8193359375 0.0859375 0.107421875
1 0.7314453125 0.5341796875 0.037109375 0.037109375
1 0.236328125 0.431640625 0.0419921875 0.0673828125
1 0.44921875 0.3828125 0.017578125 0.021484375
1 0.791015625 0.5595703125 0.029296875 0.0439453125
1 0.369140625 0.42578125 0.0234375 0.029296875
0 0.130859375 0.408203125 0.056640625 0.0439453125
1 0.765625 0.599609375 0.037109375 0.046875
1 0.8291015625 0.560546875 0.0263671875 0.03125
1 0.7060546875 0.513671875 0.0185546875 0.025390625
1 0.1484375 0.5341796875 0.03125 0.0439453125
1 0.96484375 0.708984375 0.0419921875 0.0673828125
1 0.888671875 0.646484375 0.09375 0.072265625
0 0.224609375 0.357421875 0.025390625 0.0263671875
1 0.2265625 0.580078125 0.025390625 0.060546875
1 0.37890625 0.455078125 0.0234375 0.03125
1 0.48046875 0.4306640625 0.0234375 0.0390625
1 0.505859375 0.451171875 0.0263671875 0.0419921875
1 0.451171875 0.515625 0.0361328125 0.041015625
1 0.177734375 0.3642578125 0.0283203125 0.0283203125
0 0.5732421875 0.396484375 0.0439453125 0.0419921875
1 0.431640625 0.404296875 0.0205078125 0.03125
0 0.95703125 0.5791015625 0.0576171875 0.0576171875
1 0.1904296875 0.5224609375 0.021484375 0.0390625
1 0.6171875 0.4619140625 0.0126953125 0.017578125
1 0.2138671875 0.4189453125 0.021484375 0.0341796875
1 0.8193359375 0.6357421875 0.076171875 0.078125
0 0.53515625 0.3388671875 0.044921875 0.0341796875
1 0.84765625 0.6025390625 0.0361328125 0.033203125
1 0.18359375 0.5537109375 0.107421875 0.1455078125
1 0.9345703125 0.7490234375 0.0283203125 0.060546875
1 0.486328125 0.5791015625 0.109375 0.1201171875
1 0.646484375 0.4423828125 0.041015625 0.0341796875
1 0.455078125 0.462890625 0.0439453125 0.0390625
1 0.462890625 0.4248046875 0.017578125 0.037109375
1 0.8935546875 0.5849609375 0.037109375 0.048828125
1 0.1455078125 0.5048828125 0.015625 0.0185546875
0 0.25 0.333984375 0.03125 0.025390625
1 0.669921875 0.498046875 0.0185546875 0.037109375
1 0.0302734375 0.5771484375 0.0361328125 0.0859375
1 0.2041015625 0.353515625 0.017578125 0.0234375
1 0.1943359375 0.4873046875 0.017578125 0.0283203125
1 0.5078125 0.412109375 0.125 0.115234375