0 0.3251953125 0.7998046875 0.1376953125 0.177734375
0 0.4970703125 0.5009765625 0.0654296875 0.076171875
1 0.6474609375 0.5537109375 0.029296875 0.0546875
0 0.240234375 0.49609375 0.0546875 0.064453125
0 0.322265625 0.587890625 0.076171875 0.0908203125
0 0.201171875 0.6630859375 0.0966796875 0.107421875
0 0.53515625 0.45703125 0.0576171875 0.0732421875
1 0.55859375 0.646484375 0.029296875 0.0595703125
1 0.8212890625 0.845703125 0.0576171875 0.078125
1 0.677734375 0.580078125 0.0390625 0.0625
0 0.1640625 0.4580078125 0.0439453125 0.046875
1 0.1591796875 0.490234375 0.021484375 0.0341796875
1 0.8154296875 0.576171875 0.0751953125 0.080078125
0 0.30859375 0.4697265625 0.048828125 0.0546875
1 0.7470703125 0.6845703125 0.041015625 0.0654296875
1 0.4423828125 0.7685546875 0.037109375 0.068359375
0 0.228515625 0.568359375 0.0751953125 0.0830078125
1 0.873046875 0.8154296875 0.046875 0.087890625
1 0.7197265625 0.8349609375 0.0517578125 0.0859375
1 0.7177734375 0.7421875 0.0361328125 0.056640625
1 0.5673828125 0.443359375 0.025390625 0.0283203125
1 0.12890625 0.482421875 0.0205078125 0.03125
1 0.58984375 0.4912109375 0.0234375 0.0390625
1 0.6123046875 0.478515625 0.0185546875 0.041015625
1 0.1279296875 0.541015625 0.0283203125 0.0361328125
1 0.4736328125 0.4443359375 0.0341796875 0.0361328125
1 0.94921875 0.685546875 0.0703125 0.0888671875
1 0.705078125 0.55078125 0.0283203125 0.0419921875
1 0.146484375 0.583984375 0.0341796875 0.0576171875
1 0.5078125 0.439453125 0.021484375 0.0283203125
1 0.0595703125 0.4833984375 0.025390625 0.029296875
1 0.8935546875 0.6533203125 0.078125 0.0810546875
1 0.189453125 0.5205078125 0.0205078125 0.037109375
0 0.302734375 0.431640625 0.0576171875 0.0390625
0 0.6328125 0.44140625 0.0498046875 0.0419921875
1 0.2353515625 0.81640625 0.0419921875 0.0703125
1 0.134765625 0.7421875 0.0390625 0.052734375
1 0.5537109375 0.4228515625 0.0263671875 0.033203125
1 0.591796875 0.4111328125 0.013671875 0.0283203125
1 0.029296875 0.564453125 0.0341796875 0.0517578125
1 0.064453125 0.716796875 0.0341796875 0.0546875
1 0.896484375 0.5791015625 0.0390625 0.048828125
1 0.416015625 0.431640625 0.0126953125 0.0283203125
1 0.9287109375 0.607421875 0.0517578125 0.0390625
1 0.8681640625 0.744140625 0.0419921875 0.0654296875
0 0.5185546875 0.388671875 0.03125 0.033203125
0 0.029296875 0.8369140625 0.0390625 0.095703125
0 0.482421875 0.369140625 0.0234375 0.021484375
0 0.537109375 0.3447265625 0.0341796875 0.029296875
1 0.4970703125 0.41796875 0.021484375 0.033203125
1 0.0927734375 0.7001953125 0.0205078125 0.041015625
1 0.900390625 0.544921875 0.0283203125 0.0361328125
0 0.1962890625 0.392578125 0.0390625 0.0341796875
0 0.33203125 0.3974609375 0.060546875 0.0361328125
1 0.1162109375 0.509765625 0.0205078125 0.0234375
0 0.3525390625 0.3212890625 0.033203125 0.017578125
0 0.22265625 0.373046875 0.033203125 0.037109375
1 0.4423828125 0.390625 0.015625 0.021484375
1 0.6826171875 0.5263671875 0.021484375 0.037109375
1 0.173828125 0.416015625 0.0185546875 0.0341796875
1 0.263671875 0.861328125 0.037109375 0.0517578125
1 0.044921875 0.3447265625 0.009765625 0.013671875
1 0.1728515625 0.3681640625 0.013671875 0.029296875
0 0.482421875 0.3466796875 0.052734375 0.041015625
1 0.693359375 0.4560546875 0.0341796875 0.0341796875
1 0.0234375 0.3740234375 0.015625 0.0234375