0 0.19140625 0.7490234375 0.123046875 0.1640625
0 0.51171875 0.4228515625 0.048828125 0.0517578125
0 0.337890625 0.7265625 0.0986328125 0.119140625
1 0.306640625 0.8544921875 0.0439453125 0.0654296875
0 0.5380859375 0.353515625 0.0419921875 0.0419921875
1 0.0673828125 0.537109375 0.0283203125 0.0517578125
0 0.4892578125 0.3603515625 0.037109375 0.033203125
1 0.513671875 0.4716796875 0.03125 0.046875
1 0.2822265625 0.474609375 0.029296875 0.0390625
1 0.1015625 0.6845703125 0.0625 0.068359375
1 0.61328125 0.486328125 0.0390625 0.048828125
1 0.0751953125 0.7607421875 0.037109375 0.068359375
1 0.5712890625 0.384765625 0.013671875 0.0234375
1 0.412109375 0.8076171875 0.046875 0.0595703125
0 0.1904296875 0.416015625 0.072265625 0.0390625
1 0.46875 0.4501953125 0.0283203125 0.041015625
1 0.5634765625 0.4375 0.0205078125 0.025390625
1 0.5888671875 0.392578125 0.015625 0.025390625
1 0.646484375 0.4892578125 0.0205078125 0.037109375
1 0.2001953125 0.462890625 0.03125 0.041015625
0 0.5107421875 0.33203125 0.0283203125 0.0263671875
1 0.458984375 0.7841796875 0.037109375 0.052734375
1 0.49609375 0.4501953125 0.017578125 0.03125
1 0.076171875 0.400390625 0.025390625 0.0234375
1 0.5498046875 0.47265625 0.021484375 0.0419921875
1 0.466796875 0.419921875 0.015625 0.0283203125
1 0.1103515625 0.400390625 0.0205078125 0.0205078125
1 0.244140625 0.4208984375 0.0263671875 0.029296875
1 0.58203125 0.599609375 0.029296875 0.076171875
1 0.4287109375 0.6689453125 0.0419921875 0.0498046875
1 0.5771484375 0.4658203125 0.0205078125 0.0341796875
1 0.845703125 0.6357421875 0.0361328125 0.078125
1 0.212890625 0.4384765625 0.0205078125 0.0234375
1 0.3984375 0.4091796875 0.025390625 0.0341796875
1 0.4208984375 0.7421875 0.048828125 0.056640625
1 0.1669921875 0.3662109375 0.0126953125 0.013671875
0 0.923828125 0.5712890625 0.125 0.076171875
1 0.4638671875 0.3994140625 0.0126953125 0.0205078125
1 0.46484375 0.365234375 0.0205078125 0.0263671875
1 0.4384765625 0.3642578125 0.0205078125 0.021484375
1 0.20703125 0.357421875 0.013671875 0.017578125
1 0.0595703125 0.478515625 0.021484375 0.0361328125
0 0.1962890625 0.876953125 0.1201171875 0.0283203125
1 0.0283203125 0.576171875 0.03125 0.0703125
1 0.177734375 0.326171875 0.0205078125 0.021484375
1 0.5947265625 0.4677734375 0.017578125 0.0234375
1 0.228515625 0.3583984375 0.0126953125 0.017578125
1 0.904296875 0.49609375 0.029296875 0.029296875
1 0.255859375 0.388671875 0.025390625 0.037109375
1 0.849609375 0.416015625 0.0185546875 0.0263671875
1 0.5478515625 0.41796875 0.013671875 0.0234375
1 0.330078125 0.3564453125 0.0185546875 0.025390625
1 0.046875 0.7119140625 0.0439453125 0.0673828125
1 0.634765625 0.443359375 0.0361328125 0.0361328125
1 0.0732421875 0.3388671875 0.015625 0.0185546875
1 0.248046875 0.353515625 0.013671875 0.0234375
1 0.8896484375 0.8662109375 0.048828125 0.048828125