0 0.189453125 0.75 0.1279296875 0.166015625
0 0.5107421875 0.42578125 0.046875 0.0546875
0 0.33984375 0.728515625 0.1015625 0.119140625
1 0.583984375 0.59375 0.0341796875 0.056640625
1 0.822265625 0.66015625 0.0576171875 0.060546875
1 0.494140625 0.541015625 0.052734375 0.060546875
1 0.376953125 0.4794921875 0.0439453125 0.041015625
1 0.314453125 0.447265625 0.0361328125 0.037109375
0 0.5400390625 0.353515625 0.044921875 0.046875
1 0.4765625 0.599609375 0.0341796875 0.056640625
1 0.583984375 0.453125 0.0234375 0.0341796875
0 0.869140625 0.57421875 0.181640625 0.0673828125
0 0.4853515625 0.3603515625 0.0517578125 0.033203125
1 0.6533203125 0.673828125 0.0498046875 0.0654296875
1 0.2685546875 0.4296875 0.03125 0.03125
1 0.4306640625 0.6748046875 0.0419921875 0.0625
1 0.697265625 0.724609375 0.0546875 0.072265625
1 0.732421875 0.8271484375 0.041015625 0.064453125
1 0.5400390625 0.5556640625 0.0390625 0.048828125
1 0.7265625 0.623046875 0.046875 0.056640625
1 0.6044921875 0.865234375 0.052734375 0.0498046875
1 0.708984375 0.5048828125 0.0341796875 0.037109375
1 0.7861328125 0.7509765625 0.056640625 0.0673828125
1 0.076171875 0.765625 0.044921875 0.078125
1 0.6015625 0.4814453125 0.025390625 0.0341796875
1 0.44140625 0.5380859375 0.0390625 0.048828125
0 0.552734375 0.6591796875 0.1220703125 0.1533203125
1 0.9716796875 0.6259765625 0.03125 0.048828125
1 0.4150390625 0.4609375 0.0361328125 0.03125
1 0.5615234375 0.44921875 0.017578125 0.029296875
1 0.076171875 0.6796875 0.0361328125 0.0498046875
1 0.5400390625 0.5107421875 0.033203125 0.041015625
1 0.669921875 0.615234375 0.0654296875 0.0625
1 0.8935546875 0.63671875 0.0625 0.076171875
1 0.4521484375 0.373046875 0.017578125 0.0263671875
1 0.8896484375 0.8642578125 0.0703125 0.052734375
1 0.94140625 0.6279296875 0.0390625 0.052734375
1 0.54296875 0.423828125 0.017578125 0.03125
1 0.6376953125 0.50390625 0.021484375 0.0390625
1 0.3056640625 0.833984375 0.0419921875 0.0908203125
1 0.349609375 0.615234375 0.0419921875 0.0576171875
1 0.4384765625 0.36328125 0.017578125 0.0263671875
1 0.646484375 0.5615234375 0.0498046875 0.0546875
1 0.7666015625 0.6435546875 0.0419921875 0.0595703125
1 0.791015625 0.4873046875 0.0498046875 0.037109375
1 0.57421875 0.392578125 0.017578125 0.029296875
1 0.603515625 0.5478515625 0.0419921875 0.0419921875
1 0.58203125 0.5146484375 0.0419921875 0.044921875
1 0.0634765625 0.4794921875 0.0263671875 0.0341796875
1 0.705078125 0.54296875 0.0517578125 0.0546875
1 0.888671875 0.3837890625 0.015625 0.029296875
1 0.970703125 0.5576171875 0.029296875 0.0439453125
1 0.69140625 0.8701171875 0.0576171875 0.041015625
1 0.732421875 0.4736328125 0.025390625 0.03125
1 0.48828125 0.498046875 0.0234375 0.0341796875
1 0.732421875 0.5634765625 0.025390625 0.0419921875
0 0.5068359375 0.333984375 0.0390625 0.029296875
1 0.0322265625 0.5595703125 0.0419921875 0.0498046875
1 0.8271484375 0.865234375 0.064453125 0.0517578125
0 0.029296875 0.763671875 0.037109375 0.0703125
1 0.755859375 0.650390625 0.228515625 0.1982421875
0 0.2431640625 0.373046875 0.0673828125 0.0341796875
1 0.0390625 0.4736328125 0.03125 0.0341796875
1 0.1044921875 0.484375 0.0283203125 0.0283203125
1 0.576171875 0.3671875 0.017578125 0.0283203125
1 0.376953125 0.8720703125 0.029296875 0.041015625
1 0.869140625 0.4990234375 0.0185546875 0.0361328125
0 0.353515625 0.322265625 0.0341796875 0.0185546875
1 0.1416015625 0.47265625 0.0205078125 0.0390625
0 0.3017578125 0.3720703125 0.0595703125 0.041015625
1 0.583984375 0.4267578125 0.017578125 0.03125
1 0.8193359375 0.6015625 0.029296875 0.0498046875
1 0.068359375 0.634765625 0.017578125 0.033203125
1 0.642578125 0.44140625 0.048828125 0.033203125
1 0.177734375 0.326171875 0.021484375 0.0185546875
1 0.5625 0.4111328125 0.078125 0.083984375
1 0.5390625 0.501953125 0.228515625 0.208984375
1 0.125 0.4033203125 0.021484375 0.0185546875
1 0.912109375 0.509765625 0.041015625 0.041015625
0 0.1904296875 0.873046875 0.1220703125 0.033203125