1 0.623046875 0.525390625 0.029296875 0.0576171875
1 0.59375 0.5126953125 0.03125 0.046875
0 0.36328125 0.591796875 0.080078125 0.1015625
1 0.666015625 0.5537109375 0.0361328125 0.0546875
0 0.1455078125 0.4306640625 0.0439453125 0.0419921875
0 0.7490234375 0.681640625 0.1669921875 0.166015625
1 0.5673828125 0.55078125 0.025390625 0.048828125
0 0.6416015625 0.798828125 0.1669921875 0.177734375
1 0.6171875 0.6591796875 0.056640625 0.087890625
1 0.818359375 0.5849609375 0.0751953125 0.0732421875
0 0.1962890625 0.59375 0.091796875 0.1220703125
0 0.52734375 0.462890625 0.064453125 0.078125
0 0.466796875 0.4873046875 0.064453125 0.0751953125
0 0.4990234375 0.5712890625 0.091796875 0.111328125
1 0.888671875 0.646484375 0.072265625 0.0751953125
0 0.5625 0.3974609375 0.041015625 0.0703125
1 0.49609375 0.416015625 0.013671875 0.0263671875
1 0.3046875 0.6669921875 0.0341796875 0.046875
1 0.6982421875 0.548828125 0.03125 0.044921875
1 0.232421875 0.7109375 0.029296875 0.052734375
0 0.341796875 0.4912109375 0.064453125 0.0576171875
0 0.2373046875 0.470703125 0.0625 0.0625
1 0.7314453125 0.537109375 0.037109375 0.0439453125
0 0.0908203125 0.392578125 0.0498046875 0.029296875
1 0.9599609375 0.662109375 0.0517578125 0.078125
1 0.591796875 0.451171875 0.0185546875 0.0361328125
1 0.091796875 0.755859375 0.052734375 0.078125
1 0.533203125 0.38671875 0.0234375 0.0263671875
1 0.63671875 0.439453125 0.0361328125 0.033203125
1 0.62109375 0.58984375 0.0361328125 0.0517578125
1 0.25390625 0.4052734375 0.029296875 0.0263671875
1 0.537109375 0.59765625 0.0185546875 0.060546875
0 0.296875 0.41015625 0.0625 0.0732421875
1 0.896484375 0.587890625 0.0419921875 0.052734375
1 0.1806640625 0.49609375 0.0263671875 0.0419921875
1 0.927734375 0.611328125 0.037109375 0.0390625
1 0.4384765625 0.365234375 0.017578125 0.021484375
1 0.1318359375 0.5283203125 0.0263671875 0.046875
1 0.056640625 0.4833984375 0.0205078125 0.033203125
1 0.923828125 0.6845703125 0.0419921875 0.0498046875
1 0.1748046875 0.3896484375 0.0185546875 0.0263671875
0 0.443359375 0.4404296875 0.03125 0.0498046875
1 0.302734375 0.62890625 0.0341796875 0.048828125
0 0.181640625 0.365234375 0.021484375 0.0234375
1 0.1484375 0.4892578125 0.0185546875 0.041015625
0 0.9541015625 0.580078125 0.064453125 0.0625
1 0.0283203125 0.560546875 0.03125 0.0419921875
1 0.2607421875 0.8603515625 0.052734375 0.0576171875
1 0.623046875 0.4873046875 0.0234375 0.037109375
0 0.216796875 0.359375 0.03125 0.025390625
0 0.4033203125 0.42578125 0.021484375 0.0361328125
0 0.525390625 0.3544921875 0.046875 0.041015625
1 0.466796875 0.3876953125 0.0263671875 0.037109375
1 0.1357421875 0.744140625 0.037109375 0.076171875