0 0.1953125 0.7265625 0.119140625 0.1591796875
0 0.521484375 0.45703125 0.060546875 0.060546875
1 0.158203125 0.568359375 0.033203125 0.0517578125
0 0.341796875 0.7177734375 0.0966796875 0.1201171875
0 0.5380859375 0.3486328125 0.0361328125 0.0341796875
1 0.6796875 0.5439453125 0.03125 0.041015625
1 0.7138671875 0.603515625 0.03125 0.0546875
1 0.068359375 0.52734375 0.0263671875 0.0419921875
1 0.0859375 0.6962890625 0.0498046875 0.060546875
1 0.5029296875 0.533203125 0.025390625 0.048828125
1 0.5830078125 0.5712890625 0.0341796875 0.0517578125
0 0.4921875 0.3583984375 0.037109375 0.0361328125
1 0.66796875 0.6005859375 0.0361328125 0.0576171875
1 0.3515625 0.5205078125 0.0283203125 0.0439453125
1 0.6455078125 0.5712890625 0.0283203125 0.048828125
1 0.6865234375 0.7001953125 0.0361328125 0.0595703125
1 0.591796875 0.517578125 0.0234375 0.0361328125
1 0.5693359375 0.390625 0.017578125 0.025390625
1 0.76171875 0.677734375 0.0517578125 0.068359375
1 0.5439453125 0.5419921875 0.0283203125 0.046875
1 0.5283203125 0.6064453125 0.0283203125 0.0654296875
1 0.8388671875 0.8203125 0.0751953125 0.1220703125
1 0.42578125 0.4345703125 0.0205078125 0.0341796875
1 0.53125 0.37109375 0.021484375 0.0234375
1 0.388671875 0.6015625 0.0361328125 0.052734375
1 0.6044921875 0.474609375 0.021484375 0.029296875
0 0.0947265625 0.3955078125 0.0517578125 0.041015625
1 0.5859375 0.404296875 0.015625 0.025390625
1 0.412109375 0.7255859375 0.0341796875 0.0546875
1 0.912109375 0.6044921875 0.0419921875 0.072265625
1 0.8623046875 0.59765625 0.068359375 0.0703125
1 0.9677734375 0.5947265625 0.0390625 0.0576171875
1 0.716796875 0.8076171875 0.0498046875 0.0810546875
0 0.5107421875 0.333984375 0.03125 0.029296875
1 0.408203125 0.443359375 0.0185546875 0.03125
1 0.798828125 0.5625 0.0673828125 0.0498046875
1 0.029296875 0.564453125 0.0361328125 0.0546875
1 0.4697265625 0.39453125 0.013671875 0.0263671875
1 0.8955078125 0.560546875 0.0341796875 0.0439453125
1 0.4189453125 0.40625 0.025390625 0.0341796875
1 0.390625 0.4443359375 0.0185546875 0.029296875
1 0.4873046875 0.5810546875 0.037109375 0.0654296875
1 0.3681640625 0.44140625 0.0205078125 0.033203125
1 0.44140625 0.3623046875 0.0205078125 0.025390625
1 0.306640625 0.830078125 0.033203125 0.048828125
1 0.49609375 0.439453125 0.013671875 0.029296875
1 0.0859375 0.576171875 0.025390625 0.052734375
1 0.6650390625 0.5205078125 0.0205078125 0.041015625
1 0.091796875 0.767578125 0.0390625 0.064453125
1 0.060546875 0.4814453125 0.0234375 0.037109375
1 0.927734375 0.5556640625 0.033203125 0.0546875
0 0.185546875 0.326171875 0.0595703125 0.025390625
1 0.458984375 0.365234375 0.021484375 0.0263671875
1 0.7470703125 0.4775390625 0.0283203125 0.033203125
1 0.6015625 0.3828125 0.015625 0.021484375
1 0.6767578125 0.6357421875 0.025390625 0.037109375
1 0.248046875 0.359375 0.015625 0.0185546875
1 0.060546875 0.630859375 0.0546875 0.0498046875
1 0.212890625 0.359375 0.0126953125 0.0185546875
1 0.5576171875 0.3779296875 0.0185546875 0.0283203125
1 0.1103515625 0.4892578125 0.0390625 0.041015625
1 0.46875 0.5224609375 0.015625 0.0234375
1 0.021484375 0.814453125 0.021484375 0.048828125
1 0.025390625 0.373046875 0.0126953125 0.021484375
0 0.1982421875 0.875 0.115234375 0.025390625
1 0.58984375 0.3798828125 0.013671875 0.021484375
1 0.20703125 0.3974609375 0.013671875 0.0263671875
0 0.353515625 0.3212890625 0.0390625 0.0205078125
1 0.7138671875 0.509765625 0.0283203125 0.0517578125
1 0.166015625 0.36328125 0.013671875 0.013671875
1 0.869140625 0.8720703125 0.041015625 0.037109375
0 0.0361328125 0.466796875 0.046875 0.0361328125