1 0.720703125 0.65234375 0.046875 0.0830078125
0 0.513671875 0.580078125 0.095703125 0.111328125
1 0.6328125 0.541015625 0.03125 0.052734375
0 0.595703125 0.712890625 0.1484375 0.171875
1 0.693359375 0.5478515625 0.052734375 0.0546875
1 0.201171875 0.5693359375 0.0263671875 0.044921875
0 0.548828125 0.501953125 0.0751953125 0.095703125
1 0.6142578125 0.5048828125 0.025390625 0.041015625
1 0.126953125 0.56640625 0.0263671875 0.0517578125
0 0.33984375 0.490234375 0.0546875 0.060546875
1 0.376953125 0.5615234375 0.0263671875 0.0576171875
1 0.818359375 0.576171875 0.0810546875 0.0859375
1 0.41015625 0.451171875 0.017578125 0.029296875
1 0.4169921875 0.5126953125 0.025390625 0.046875
0 0.30859375 0.44140625 0.044921875 0.0390625
1 0.65625 0.626953125 0.041015625 0.0732421875
1 0.2841796875 0.580078125 0.03125 0.052734375
0 0.330078125 0.822265625 0.140625 0.125
1 0.158203125 0.529296875 0.029296875 0.0517578125
1 0.8974609375 0.662109375 0.080078125 0.0810546875
1 0.7294921875 0.5341796875 0.037109375 0.037109375
1 0.783203125 0.6865234375 0.0546875 0.0703125
0 0.5576171875 0.4091796875 0.0498046875 0.072265625
1 0.4775390625 0.517578125 0.029296875 0.041015625
1 0.279296875 0.5 0.0263671875 0.037109375
0 0.51171875 0.3583984375 0.0390625 0.033203125
0 0.224609375 0.345703125 0.029296875 0.0283203125
1 0.4970703125 0.4482421875 0.0283203125 0.037109375
1 0.611328125 0.474609375 0.0205078125 0.025390625
1 0.720703125 0.59375 0.029296875 0.046875
1 0.7880859375 0.814453125 0.060546875 0.095703125
1 0.9560546875 0.671875 0.056640625 0.0810546875
1 0.208984375 0.453125 0.013671875 0.025390625
0 0.193359375 0.349609375 0.033203125 0.0283203125
0 0.087890625 0.400390625 0.041015625 0.03125
1 0.029296875 0.560546875 0.033203125 0.0439453125
1 0.517578125 0.4111328125 0.0185546875 0.025390625
1 0.130859375 0.609375 0.0283203125 0.052734375
1 0.927734375 0.611328125 0.0419921875 0.041015625
1 0.224609375 0.509765625 0.0263671875 0.048828125
1 0.923828125 0.8388671875 0.0732421875 0.0908203125
1 0.439453125 0.505859375 0.0263671875 0.037109375
1 0.4404296875 0.3642578125 0.0185546875 0.025390625
0 0.1767578125 0.771484375 0.1220703125 0.0859375
1 0.0673828125 0.478515625 0.041015625 0.0390625
0 0.4599609375 0.431640625 0.0546875 0.052734375
0 0.1240234375 0.681640625 0.044921875 0.1142578125
1 0.37890625 0.6552734375 0.0361328125 0.0703125
1 0.896484375 0.5771484375 0.0419921875 0.0419921875
1 0.861328125 0.5576171875 0.017578125 0.021484375
1 0.173828125 0.8505859375 0.060546875 0.0703125
1 0.904296875 0.544921875 0.017578125 0.025390625
1 0.587890625 0.39453125 0.03125 0.0390625
1 0.13671875 0.4453125 0.0234375 0.03125
1 0.283203125 0.548828125 0.0185546875 0.0283203125
0 0.3251953125 0.400390625 0.072265625 0.0361328125
1 0.5751953125 0.3671875 0.0283203125 0.0283203125
1 0.2060546875 0.427734375 0.0185546875 0.025390625
1 0.4599609375 0.724609375 0.0390625 0.0830078125
1 0.6962890625 0.521484375 0.013671875 0.025390625
1 0.826171875 0.53515625 0.0205078125 0.0390625