0 0.193359375 0.7412109375 0.1220703125 0.1669921875
1 0.154296875 0.591796875 0.0341796875 0.052734375
0 0.33984375 0.724609375 0.0986328125 0.1201171875
0 0.5185546875 0.447265625 0.0595703125 0.0673828125
1 0.537109375 0.53125 0.0263671875 0.0439453125
0 0.4853515625 0.3623046875 0.044921875 0.0341796875
1 0.361328125 0.5400390625 0.029296875 0.044921875
1 0.642578125 0.6005859375 0.033203125 0.060546875
0 0.5380859375 0.3486328125 0.0361328125 0.0341796875
1 0.568359375 0.5537109375 0.0283203125 0.048828125
1 0.7939453125 0.783203125 0.0654296875 0.1044921875
1 0.49609375 0.517578125 0.0263671875 0.0390625
1 0.5029296875 0.56640625 0.0283203125 0.044921875
1 0.6611328125 0.5361328125 0.0283203125 0.037109375
1 0.0673828125 0.5322265625 0.0283203125 0.048828125
1 0.5869140625 0.490234375 0.029296875 0.0419921875
1 0.4208984375 0.427734375 0.0205078125 0.0341796875
1 0.568359375 0.392578125 0.0185546875 0.029296875
1 0.9326171875 0.59375 0.078125 0.0810546875
0 0.509765625 0.3330078125 0.029296875 0.0283203125
0 0.099609375 0.400390625 0.0654296875 0.0419921875
1 0.4140625 0.744140625 0.037109375 0.0654296875
1 0.806640625 0.5576171875 0.064453125 0.0439453125
1 0.533203125 0.3720703125 0.0185546875 0.025390625
1 0.30859375 0.837890625 0.044921875 0.0576171875
1 0.03125 0.685546875 0.0341796875 0.0439453125
1 0.689453125 0.5732421875 0.03125 0.0625
1 0.0732421875 0.720703125 0.052734375 0.0751953125
1 0.6015625 0.4658203125 0.0185546875 0.0341796875
1 0.7216796875 0.4755859375 0.025390625 0.0263671875
1 0.681640625 0.744140625 0.037109375 0.0546875
1 0.404296875 0.43359375 0.0185546875 0.033203125
1 0.7255859375 0.6318359375 0.0517578125 0.0673828125
1 0.845703125 0.580078125 0.048828125 0.048828125
1 0.787109375 0.720703125 0.0419921875 0.060546875
1 0.24609375 0.361328125 0.017578125 0.0185546875
1 0.44921875 0.3779296875 0.013671875 0.025390625
1 0.44140625 0.48828125 0.0205078125 0.0361328125
1 0.6640625 0.658203125 0.037109375 0.0654296875
1 0.400390625 0.6083984375 0.0361328125 0.0546875
1 0.021484375 0.572265625 0.0205078125 0.041015625
1 0.423828125 0.6953125 0.0390625 0.0498046875
1 0.630859375 0.533203125 0.025390625 0.0546875
1 0.365234375 0.4306640625 0.025390625 0.0390625
1 0.8857421875 0.5888671875 0.0341796875 0.037109375
1 0.1123046875 0.486328125 0.03125 0.03125
1 0.4111328125 0.404296875 0.015625 0.021484375
1 0.5146484375 0.373046875 0.0234375 0.0234375
1 0.72265625 0.859375 0.044921875 0.0595703125
1 0.546875 0.5830078125 0.0283203125 0.056640625
1 0.166015625 0.36328125 0.015625 0.013671875
1 0.1474609375 0.689453125 0.0205078125 0.029296875
1 0.587890625 0.3994140625 0.0126953125 0.033203125
1 0.71484375 0.5107421875 0.0234375 0.046875
1 0.5458984375 0.521484375 0.1201171875 0.1328125
1 0.9755859375 0.599609375 0.0234375 0.0263671875
1 0.0390625 0.5556640625 0.015625 0.029296875
1 0.4443359375 0.40234375 0.017578125 0.0263671875
1 0.0224609375 0.8271484375 0.0234375 0.0673828125
1 0.212890625 0.359375 0.013671875 0.0185546875
0 0.2041015625 0.328125 0.044921875 0.021484375
1 0.462890625 0.4599609375 0.017578125 0.0419921875
1 0.0224609375 0.373046875 0.017578125 0.0205078125
1 0.681640625 0.44140625 0.0283203125 0.029296875
1 0.4951171875 0.4853515625 0.021484375 0.0390625
1 0.873046875 0.8818359375 0.0263671875 0.017578125
1 0.5029296875 0.390625 0.009765625 0.03125
1 0.3974609375 0.5791015625 0.017578125 0.0205078125
1 0.5380859375 0.7421875 0.0732421875 0.119140625
0 0.1923828125 0.875 0.1123046875 0.0283203125
1 0.4296875 0.3623046875 0.009765625 0.0185546875
1 0.89453125 0.5068359375 0.033203125 0.0576171875
0 0.3564453125 0.3203125 0.0439453125 0.0185546875
1 0.39453125 0.3671875 0.0107421875 0.009765625
1 0.08984375 0.505859375 0.013671875 0.0341796875