0 0.19140625 0.7490234375 0.123046875 0.1611328125
0 0.515625 0.4345703125 0.052734375 0.052734375
0 0.3388671875 0.7275390625 0.0966796875 0.1171875
1 0.646484375 0.5966796875 0.041015625 0.0498046875
0 0.537109375 0.3505859375 0.041015625 0.0390625
0 0.486328125 0.361328125 0.044921875 0.033203125
1 0.09765625 0.71875 0.0517578125 0.078125
1 0.0673828125 0.533203125 0.0283203125 0.044921875
1 0.2109375 0.462890625 0.03125 0.0419921875
1 0.5302734375 0.552734375 0.0234375 0.052734375
1 0.57421875 0.525390625 0.0234375 0.046875
1 0.58984375 0.48046875 0.0205078125 0.0361328125
1 0.49609375 0.46875 0.0263671875 0.041015625
1 0.595703125 0.673828125 0.0419921875 0.0888671875
0 0.5107421875 0.3330078125 0.03125 0.0283203125
1 0.611328125 0.544921875 0.0185546875 0.0439453125
1 0.6474609375 0.4970703125 0.017578125 0.0341796875
1 0.4560546875 0.7802734375 0.041015625 0.0673828125
1 0.4072265625 0.3896484375 0.0234375 0.029296875
1 0.4677734375 0.4345703125 0.017578125 0.025390625
1 0.4296875 0.43359375 0.0185546875 0.0263671875
1 0.5576171875 0.4375 0.03125 0.0439453125
1 0.6591796875 0.5458984375 0.025390625 0.0517578125
1 0.4208984375 0.66015625 0.0361328125 0.0576171875
1 0.6259765625 0.515625 0.033203125 0.046875
1 0.412109375 0.8076171875 0.044921875 0.0595703125
1 0.3076171875 0.8603515625 0.037109375 0.048828125
0 0.197265625 0.4228515625 0.078125 0.044921875
1 0.6611328125 0.646484375 0.046875 0.056640625
1 0.248046875 0.361328125 0.0205078125 0.0205078125
1 0.0615234375 0.4794921875 0.033203125 0.041015625
1 0.423828125 0.4580078125 0.0205078125 0.0283203125
1 0.853515625 0.5849609375 0.0263671875 0.0419921875
1 0.3779296875 0.3837890625 0.0185546875 0.0234375
1 0.548828125 0.5283203125 0.0263671875 0.041015625
0 0.19140625 0.32421875 0.0419921875 0.0234375
1 0.564453125 0.4716796875 0.0283203125 0.046875
1 0.7119140625 0.5927734375 0.029296875 0.060546875
1 0.0234375 0.56640625 0.025390625 0.0546875
1 0.388671875 0.3623046875 0.017578125 0.0185546875
1 0.615234375 0.447265625 0.033203125 0.0341796875
1 0.455078125 0.3642578125 0.0234375 0.0283203125
1 0.021484375 0.830078125 0.021484375 0.046875
1 0.1435546875 0.455078125 0.015625 0.025390625
1 0.6435546875 0.4453125 0.03125 0.0283203125
1 0.4208984375 0.7333984375 0.0361328125 0.044921875
1 0.5224609375 0.8203125 0.0263671875 0.0498046875
1 0.880859375 0.6796875 0.0390625 0.0625
1 0.560546875 0.40625 0.0185546875 0.0341796875
1 0.166015625 0.36328125 0.013671875 0.013671875
1 0.56640625 0.380859375 0.0205078125 0.0205078125
0 0.9091796875 0.59765625 0.0908203125 0.0732421875
1 0.546875 0.501953125 0.0185546875 0.0283203125
1 0.330078125 0.357421875 0.013671875 0.021484375
0 0.1982421875 0.8759765625 0.09375 0.0263671875
1 0.228515625 0.357421875 0.0126953125 0.0234375
1 0.1083984375 0.412109375 0.0234375 0.0263671875
1 0.5595703125 0.833984375 0.0625 0.1044921875
1 0.5966796875 0.509765625 0.162109375 0.1845703125
1 0.2119140625 0.359375 0.0107421875 0.0185546875
1 0.9609375 0.615234375 0.03125 0.060546875