0 0.3212890625 0.798828125 0.1484375 0.1748046875
0 0.1240234375 0.580078125 0.076171875 0.0859375
0 0.6064453125 0.625 0.1279296875 0.1376953125
0 0.203125 0.669921875 0.099609375 0.109375
0 0.240234375 0.509765625 0.064453125 0.0732421875
1 0.5849609375 0.529296875 0.0263671875 0.0498046875
1 0.8193359375 0.5791015625 0.0830078125 0.0830078125
1 0.6328125 0.548828125 0.0341796875 0.0751953125
0 0.31640625 0.6494140625 0.0888671875 0.111328125
1 0.5126953125 0.5283203125 0.025390625 0.0498046875
0 0.3193359375 0.5419921875 0.0673828125 0.078125
1 0.6943359375 0.5458984375 0.0517578125 0.048828125
0 0.2236328125 0.5771484375 0.0751953125 0.0888671875
1 0.607421875 0.4931640625 0.0185546875 0.029296875
1 0.947265625 0.6865234375 0.0732421875 0.0830078125
1 0.1298828125 0.669921875 0.0439453125 0.080078125
1 0.896484375 0.6513671875 0.080078125 0.0751953125
0 0.3212890625 0.474609375 0.064453125 0.0576171875
1 0.541015625 0.482421875 0.0185546875 0.033203125
1 0.484375 0.447265625 0.015625 0.033203125
1 0.4091796875 0.619140625 0.025390625 0.060546875
0 0.5224609375 0.4140625 0.044921875 0.0595703125
1 0.033203125 0.603515625 0.041015625 0.0625
1 0.482421875 0.533203125 0.025390625 0.041015625
1 0.5751953125 0.474609375 0.021484375 0.033203125
1 0.37890625 0.5302734375 0.0234375 0.044921875
1 0.90234375 0.537109375 0.0419921875 0.0439453125
1 0.15625 0.458984375 0.021484375 0.0263671875
1 0.103515625 0.7158203125 0.0361328125 0.0654296875
1 0.5556640625 0.5205078125 0.0234375 0.041015625
0 0.302734375 0.40234375 0.060546875 0.060546875
1 0.177734375 0.7529296875 0.064453125 0.0625
1 0.0654296875 0.7568359375 0.072265625 0.0888671875
0 0.5107421875 0.3427734375 0.083984375 0.0546875
1 0.189453125 0.38671875 0.021484375 0.0234375
1 0.1884765625 0.5009765625 0.0234375 0.0361328125
1 0.9306640625 0.615234375 0.0419921875 0.046875
0 0.078125 0.646484375 0.0439453125 0.0751953125
1 0.5517578125 0.5146484375 0.150390625 0.095703125
0 0.189453125 0.458984375 0.0341796875 0.044921875
1 0.07421875 0.4814453125 0.0517578125 0.0439453125
1 0.115234375 0.421875 0.015625 0.0185546875
0 0.9580078125 0.5791015625 0.0595703125 0.060546875
1 0.97265625 0.6396484375 0.0263671875 0.048828125
1 0.1767578125 0.408203125 0.021484375 0.03125
1 0.83203125 0.8154296875 0.048828125 0.068359375
1 0.150390625 0.380859375 0.0205078125 0.029296875
1 0.2099609375 0.4052734375 0.013671875 0.0263671875
0 0.205078125 0.3583984375 0.046875 0.033203125
1 0.2470703125 0.4052734375 0.037109375 0.033203125
1 0.642578125 0.4423828125 0.025390625 0.0283203125
1 0.421875 0.4150390625 0.0185546875 0.0263671875
1 0.021484375 0.560546875 0.0185546875 0.0419921875
1 0.455078125 0.5048828125 0.021484375 0.046875
1 0.818359375 0.5361328125 0.0234375 0.037109375
1 0.380859375 0.4951171875 0.0107421875 0.015625
1 0.720703125 0.513671875 0.0205078125 0.0419921875
1 0.041015625 0.5595703125 0.015625 0.025390625