0 0.1923828125 0.7490234375 0.125 0.1640625
0 0.5126953125 0.4228515625 0.0498046875 0.0546875
0 0.337890625 0.7265625 0.0966796875 0.119140625
0 0.541015625 0.353515625 0.046875 0.044921875
0 0.2998046875 0.4560546875 0.087890625 0.052734375
1 0.4716796875 0.455078125 0.03125 0.046875
1 0.580078125 0.4873046875 0.0283203125 0.041015625
1 0.4140625 0.8115234375 0.037109375 0.048828125
0 0.7734375 0.568359375 0.1904296875 0.0830078125
1 0.51953125 0.47265625 0.048828125 0.048828125
1 0.080078125 0.751953125 0.0439453125 0.0810546875
1 0.126953125 0.552734375 0.0263671875 0.0439453125
1 0.427734375 0.6787109375 0.0439453125 0.0517578125
1 0.458984375 0.7841796875 0.0390625 0.0595703125
1 0.306640625 0.833984375 0.048828125 0.087890625
0 0.509765625 0.333984375 0.033203125 0.029296875
1 0.6357421875 0.50390625 0.0283203125 0.048828125
1 0.576171875 0.3798828125 0.015625 0.0283203125
1 0.330078125 0.4970703125 0.0390625 0.041015625
1 0.3779296875 0.455078125 0.03125 0.0341796875
1 0.552734375 0.470703125 0.021484375 0.041015625
1 0.4970703125 0.451171875 0.0185546875 0.03125
1 0.068359375 0.537109375 0.0283203125 0.0390625
0 0.4921875 0.3603515625 0.041015625 0.033203125
1 0.1533203125 0.48828125 0.0185546875 0.029296875
1 0.1328125 0.427734375 0.0185546875 0.0234375
1 0.173828125 0.455078125 0.0283203125 0.033203125
1 0.22265625 0.4326171875 0.0234375 0.03125
1 0.6435546875 0.470703125 0.021484375 0.0283203125
1 0.0595703125 0.478515625 0.025390625 0.03125
1 0.423828125 0.529296875 0.0361328125 0.037109375
1 0.841796875 0.630859375 0.0419921875 0.0732421875
1 0.6005859375 0.4970703125 0.0205078125 0.041015625
1 0.419921875 0.7412109375 0.046875 0.0576171875
1 0.578125 0.421875 0.015625 0.03125
1 0.47265625 0.4169921875 0.0263671875 0.03125
1 0.1767578125 0.326171875 0.0185546875 0.021484375
1 0.44140625 0.3603515625 0.0205078125 0.029296875
1 0.619140625 0.4609375 0.021484375 0.0283203125
1 0.16796875 0.4140625 0.017578125 0.041015625
1 0.587890625 0.44921875 0.015625 0.0263671875
1 0.3837890625 0.353515625 0.0205078125 0.025390625
1 0.107421875 0.484375 0.033203125 0.0283203125
1 0.068359375 0.3984375 0.0283203125 0.0341796875
1 0.4560546875 0.7177734375 0.0185546875 0.0234375
0 0.072265625 0.505859375 0.1220703125 0.107421875
1 0.3291015625 0.359375 0.017578125 0.021484375
0 0.2353515625 0.365234375 0.0576171875 0.0341796875
1 0.029296875 0.583984375 0.03125 0.0830078125
1 0.1953125 0.322265625 0.0185546875 0.0205078125
1 0.58203125 0.3603515625 0.0107421875 0.017578125
1 0.1591796875 0.36328125 0.021484375 0.0205078125
1 0.634765625 0.634765625 0.0546875 0.076171875
1 0.595703125 0.466796875 0.015625 0.0205078125
0 0.1962890625 0.875 0.095703125 0.0283203125
1 0.0185546875 0.4951171875 0.015625 0.03125
1 0.5498046875 0.4423828125 0.015625 0.025390625
1 0.630859375 0.4443359375 0.025390625 0.0263671875
1 0.8916015625 0.384765625 0.017578125 0.025390625
1 0.099609375 0.39453125 0.015625 0.0205078125
1 0.111328125 0.416015625 0.017578125 0.03125
1 0.5166015625 0.4482421875 0.017578125 0.021484375
1 0.4677734375 0.345703125 0.017578125 0.0234375
1 0.0234375 0.373046875 0.021484375 0.0234375