1 0.68359375 0.5986328125 0.0517578125 0.0751953125
0 0.5263671875 0.455078125 0.056640625 0.068359375
0 0.5693359375 0.427734375 0.048828125 0.060546875
1 0.25 0.544921875 0.025390625 0.0517578125
0 0.580078125 0.5390625 0.0859375 0.0966796875
1 0.7314453125 0.69921875 0.0625 0.0888671875
1 0.2626953125 0.4697265625 0.025390625 0.0390625
1 0.134765625 0.552734375 0.025390625 0.041015625
1 0.1767578125 0.5322265625 0.021484375 0.0361328125
0 0.19921875 0.4443359375 0.0576171875 0.048828125
1 0.791015625 0.564453125 0.0361328125 0.0546875
1 0.8349609375 0.6416015625 0.076171875 0.0703125
0 0.576171875 0.646484375 0.142578125 0.150390625
1 0.6328125 0.548828125 0.0283203125 0.0595703125
1 0.41796875 0.4716796875 0.029296875 0.037109375
1 0.7734375 0.8076171875 0.068359375 0.15625
1 0.173828125 0.396484375 0.015625 0.025390625
1 0.142578125 0.4287109375 0.0205078125 0.0234375
0 0.4560546875 0.470703125 0.046875 0.0517578125
1 0.205078125 0.3984375 0.015625 0.021484375
1 0.228515625 0.4130859375 0.0185546875 0.029296875
1 0.6875 0.548828125 0.0439453125 0.046875
1 0.427734375 0.5087890625 0.021484375 0.0576171875
1 0.1201171875 0.6884765625 0.041015625 0.0576171875
1 0.19921875 0.6201171875 0.0263671875 0.041015625
1 0.7265625 0.53515625 0.0439453125 0.0517578125
1 0.1630859375 0.498046875 0.0263671875 0.041015625
1 0.5009765625 0.43359375 0.017578125 0.033203125
1 0.12109375 0.4111328125 0.0205078125 0.03125
1 0.365234375 0.423828125 0.0283203125 0.029296875
0 0.4697265625 0.5283203125 0.0673828125 0.09375
1 0.150390625 0.4716796875 0.0205078125 0.03125
1 0.7158203125 0.611328125 0.0283203125 0.052734375
1 0.947265625 0.6171875 0.0732421875 0.078125
1 0.9521484375 0.701171875 0.076171875 0.109375
1 0.1923828125 0.376953125 0.0126953125 0.0234375
1 0.1611328125 0.712890625 0.037109375 0.0732421875
1 0.830078125 0.5625 0.03125 0.041015625
1 0.080078125 0.40234375 0.0263671875 0.0263671875
0 0.490234375 0.357421875 0.03125 0.0263671875
1 0.4853515625 0.41796875 0.0205078125 0.033203125
1 0.10546875 0.4833984375 0.033203125 0.033203125
1 0.021484375 0.4765625 0.021484375 0.037109375
0 0.236328125 0.33203125 0.0263671875 0.0205078125
0 0.494140625 0.337890625 0.025390625 0.0205078125
0 0.228515625 0.3740234375 0.0498046875 0.0361328125
1 0.8486328125 0.6015625 0.041015625 0.037109375
1 0.6064453125 0.4873046875 0.021484375 0.041015625
1 0.9736328125 0.8525390625 0.0283203125 0.0546875
1 0.244140625 0.4931640625 0.0205078125 0.0390625
1 0.05859375 0.478515625 0.0234375 0.0361328125
1 0.0283203125 0.564453125 0.03125 0.0546875
1 0.376953125 0.4501953125 0.0234375 0.037109375
1 0.89453125 0.5849609375 0.0419921875 0.0546875
1 0.4501953125 0.689453125 0.0341796875 0.0810546875
1 0.365234375 0.400390625 0.0185546875 0.025390625
1 0.2548828125 0.39453125 0.025390625 0.0263671875
1 0.896484375 0.5380859375 0.029296875 0.044921875
1 0.5908203125 0.3955078125 0.0283203125 0.03125
1 0.86328125 0.556640625 0.029296875 0.0498046875
0 0.509765625 0.408203125 0.03125 0.03125
1 0.552734375 0.3828125 0.017578125 0.0341796875
1 0.173828125 0.3662109375 0.0107421875 0.0205078125
0 0.537109375 0.404296875 0.029296875 0.037109375
1 0.0263671875 0.373046875 0.015625 0.021484375