0 0.173828125 0.59375 0.0859375 0.09375
1 0.634765625 0.634765625 0.044921875 0.0673828125
0 0.525390625 0.5576171875 0.083984375 0.1064453125
1 0.7158203125 0.634765625 0.0439453125 0.068359375
1 0.6650390625 0.7431640625 0.048828125 0.091796875
0 0.345703125 0.5537109375 0.0703125 0.0859375
1 0.7919921875 0.7705078125 0.0810546875 0.119140625
1 0.59765625 0.521484375 0.033203125 0.056640625
1 0.6904296875 0.568359375 0.041015625 0.064453125
1 0.8212890625 0.58203125 0.064453125 0.0732421875
1 0.51171875 0.666015625 0.0390625 0.064453125
0 0.310546875 0.4775390625 0.0595703125 0.060546875
0 0.6669921875 0.8427734375 0.150390625 0.091796875
1 0.5859375 0.7294921875 0.0439453125 0.099609375
1 0.943359375 0.68359375 0.0830078125 0.0888671875
1 0.5986328125 0.4736328125 0.025390625 0.03125
1 0.6328125 0.5224609375 0.0341796875 0.0546875
0 0.2197265625 0.4638671875 0.044921875 0.052734375
0 0.27734375 0.427734375 0.044921875 0.0439453125
1 0.6806640625 0.65625 0.0419921875 0.056640625
0 0.482421875 0.3681640625 0.0419921875 0.0419921875
1 0.134765625 0.5244140625 0.025390625 0.044921875
1 0.2646484375 0.5419921875 0.0234375 0.041015625
0 0.1982421875 0.416015625 0.0439453125 0.041015625
1 0.873046875 0.6669921875 0.0751953125 0.078125
0 0.4775390625 0.423828125 0.044921875 0.0517578125
1 0.724609375 0.53515625 0.0498046875 0.0517578125
1 0.076171875 0.6865234375 0.0263671875 0.0419921875
1 0.521484375 0.431640625 0.013671875 0.0341796875
1 0.595703125 0.4423828125 0.013671875 0.025390625
0 0.25 0.390625 0.041015625 0.037109375
1 0.171875 0.4990234375 0.021484375 0.033203125
1 0.0615234375 0.4794921875 0.029296875 0.037109375
0 0.103515625 0.80859375 0.1455078125 0.154296875
1 0.6298828125 0.5693359375 0.0283203125 0.0419921875
1 0.552734375 0.43359375 0.017578125 0.033203125
1 0.435546875 0.517578125 0.0205078125 0.033203125
1 0.107421875 0.6162109375 0.021484375 0.033203125
1 0.552734375 0.3935546875 0.0185546875 0.03125
1 0.0283203125 0.5791015625 0.0341796875 0.0673828125
1 0.4912109375 0.548828125 0.0205078125 0.0341796875
1 0.8896484375 0.59765625 0.0546875 0.0546875
1 0.4296875 0.4814453125 0.021484375 0.0439453125
1 0.2548828125 0.755859375 0.0341796875 0.0703125
1 0.5068359375 0.4013671875 0.0263671875 0.037109375
0 0.947265625 0.58203125 0.0751953125 0.0703125
1 0.4365234375 0.435546875 0.013671875 0.033203125
0 0.5361328125 0.34765625 0.0439453125 0.0361328125
1 0.623046875 0.4814453125 0.021484375 0.037109375
0 0.193359375 0.384765625 0.0361328125 0.0263671875
1 0.8525390625 0.552734375 0.033203125 0.044921875
1 0.0322265625 0.4873046875 0.0419921875 0.0439453125
1 0.822265625 0.5361328125 0.025390625 0.0439453125
1 0.591796875 0.4033203125 0.0205078125 0.0283203125
1 0.1513671875 0.3955078125 0.0185546875 0.0283203125
1 0.15625 0.458984375 0.0439453125 0.0419921875
1 0.9736328125 0.6416015625 0.025390625 0.048828125
0 0.3525390625 0.3203125 0.0361328125 0.0185546875
1 0.658203125 0.6162109375 0.146484375 0.326171875
1 0.9013671875 0.5517578125 0.03125 0.052734375
1 0.8095703125 0.6923828125 0.037109375 0.068359375
1 0.6376953125 0.439453125 0.041015625 0.0361328125
1 0.0966796875 0.478515625 0.052734375 0.0439453125
1 0.4423828125 0.3974609375 0.03125 0.0361328125