0 0.1923828125 0.748046875 0.1220703125 0.162109375
0 0.51171875 0.423828125 0.048828125 0.052734375
0 0.337890625 0.7255859375 0.0966796875 0.1201171875
1 0.513671875 0.474609375 0.03125 0.0439453125
0 0.537109375 0.353515625 0.0439453125 0.0439453125
1 0.306640625 0.8564453125 0.0419921875 0.0625
1 0.0771484375 0.7626953125 0.0390625 0.068359375
1 0.263671875 0.466796875 0.029296875 0.037109375
1 0.109375 0.6826171875 0.0439453125 0.052734375
1 0.068359375 0.529296875 0.029296875 0.052734375
1 0.412109375 0.8017578125 0.052734375 0.072265625
0 0.1748046875 0.4140625 0.072265625 0.041015625
1 0.224609375 0.4140625 0.03125 0.03125
1 0.5771484375 0.3935546875 0.0234375 0.03125
0 0.4892578125 0.361328125 0.037109375 0.03125
0 0.509765625 0.3330078125 0.029296875 0.0283203125
1 0.6435546875 0.490234375 0.021484375 0.0390625
1 0.466796875 0.451171875 0.03125 0.041015625
1 0.5517578125 0.44140625 0.021484375 0.033203125
1 0.6103515625 0.4912109375 0.0361328125 0.048828125
1 0.458984375 0.7841796875 0.0361328125 0.056640625
1 0.55078125 0.47265625 0.0205078125 0.0419921875
1 0.4658203125 0.419921875 0.0185546875 0.029296875
1 0.1796875 0.458984375 0.0185546875 0.0283203125
1 0.587890625 0.48046875 0.0205078125 0.0390625
1 0.609375 0.6787109375 0.03125 0.0703125
1 0.427734375 0.7021484375 0.0439453125 0.064453125
1 0.595703125 0.3935546875 0.017578125 0.0283203125
1 0.455078125 0.365234375 0.0185546875 0.029296875
1 0.8447265625 0.6416015625 0.0390625 0.0732421875
0 0.8857421875 0.5673828125 0.15625 0.0751953125
1 0.0947265625 0.396484375 0.0205078125 0.0205078125
1 0.404296875 0.41796875 0.0234375 0.029296875
1 0.20703125 0.35546875 0.013671875 0.0205078125
1 0.166015625 0.365234375 0.0126953125 0.0126953125
1 0.6201171875 0.462890625 0.0185546875 0.03125
1 0.966796875 0.5576171875 0.037109375 0.0498046875
0 0.232421875 0.359375 0.0546875 0.037109375
1 0.060546875 0.4794921875 0.0234375 0.037109375
0 0.185546875 0.8759765625 0.1376953125 0.029296875
1 0.1845703125 0.439453125 0.021484375 0.021484375
1 0.03515625 0.5810546875 0.044921875 0.068359375
0 0.318359375 0.3916015625 0.0859375 0.048828125
1 0.439453125 0.3642578125 0.0185546875 0.025390625
1 0.330078125 0.35546875 0.0185546875 0.0263671875
1 0.5478515625 0.4169921875 0.013671875 0.021484375
1 0.025390625 0.373046875 0.013671875 0.0205078125
1 0.4384765625 0.7666015625 0.0205078125 0.0361328125
1 0.025390625 0.4638671875 0.0283203125 0.0341796875
1 0.177734375 0.326171875 0.0205078125 0.0234375
1 0.427734375 0.646484375 0.0341796875 0.052734375