0 0.142578125 0.7119140625 0.1328125 0.1513671875
0 0.333984375 0.732421875 0.1142578125 0.1455078125
0 0.775390625 0.7919921875 0.2158203125 0.1904296875
1 0.6083984375 0.599609375 0.0390625 0.068359375
0 0.337890625 0.55078125 0.0732421875 0.0859375
0 0.533203125 0.61328125 0.0859375 0.1142578125
0 0.5068359375 0.439453125 0.048828125 0.0546875
0 0.490234375 0.3525390625 0.03125 0.033203125
1 0.6943359375 0.5458984375 0.0517578125 0.0546875
0 0.224609375 0.5185546875 0.0576171875 0.068359375
1 0.712890625 0.669921875 0.0390625 0.0576171875
1 0.6552734375 0.5849609375 0.029296875 0.0576171875
1 0.8251953125 0.5751953125 0.0908203125 0.0908203125
1 0.6318359375 0.548828125 0.0263671875 0.044921875
0 0.3017578125 0.4697265625 0.052734375 0.0517578125
1 0.6689453125 0.669921875 0.037109375 0.0625
1 0.4833984375 0.5546875 0.029296875 0.0498046875
1 0.568359375 0.470703125 0.025390625 0.0390625
1 0.423828125 0.4755859375 0.0419921875 0.0517578125
1 0.876953125 0.6572265625 0.0810546875 0.0859375
1 0.58984375 0.513671875 0.0234375 0.0419921875
1 0.947265625 0.6865234375 0.076171875 0.0859375
0 0.2705078125 0.4091796875 0.0439453125 0.03125
1 0.234375 0.591796875 0.0341796875 0.044921875
0 0.494140625 0.400390625 0.0439453125 0.046875
1 0.533203125 0.5458984375 0.0234375 0.033203125
1 0.548828125 0.689453125 0.0390625 0.080078125
1 0.623046875 0.7548828125 0.037109375 0.0595703125
1 0.7568359375 0.4775390625 0.029296875 0.029296875
1 0.1474609375 0.541015625 0.0263671875 0.0419921875
1 0.134765625 0.5830078125 0.033203125 0.0654296875
1 0.5302734375 0.40234375 0.013671875 0.0234375
1 0.876953125 0.8056640625 0.076171875 0.1015625
1 0.974609375 0.748046875 0.0263671875 0.080078125
1 0.5947265625 0.447265625 0.0205078125 0.033203125
1 0.939453125 0.61328125 0.0908203125 0.0830078125
1 0.0615234375 0.697265625 0.029296875 0.0546875
1 0.8974609375 0.5439453125 0.033203125 0.03125
1 0.259765625 0.48046875 0.0185546875 0.033203125
0 0.552734375 0.412109375 0.033203125 0.0439453125
0 0.19140625 0.3388671875 0.0234375 0.021484375
1 0.658203125 0.849609375 0.0703125 0.072265625
1 0.4287109375 0.43359375 0.029296875 0.0517578125
1 0.89453125 0.57421875 0.0390625 0.0390625
1 0.583984375 0.419921875 0.025390625 0.0341796875
1 0.0302734375 0.5625 0.0361328125 0.046875
0 0.5341796875 0.34765625 0.03125 0.0263671875
1 0.150390625 0.509765625 0.0205078125 0.0341796875
0 0.4599609375 0.4658203125 0.044921875 0.046875
1 0.470703125 0.369140625 0.025390625 0.0263671875
1 0.8173828125 0.53515625 0.025390625 0.0419921875
0 0.349609375 0.3193359375 0.03125 0.017578125
1 0.3916015625 0.4384765625 0.0234375 0.0361328125
1 0.0595703125 0.482421875 0.021484375 0.0361328125
1 0.439453125 0.400390625 0.0107421875 0.0185546875
1 0.634765625 0.443359375 0.03125 0.033203125
1 0.4775390625 0.5048828125 0.0234375 0.03125
0 0.2177734375 0.4462890625 0.0390625 0.0263671875
1 0.306640625 0.53125 0.0185546875 0.03125
1 0.224609375 0.416015625 0.037109375 0.03125
1 0.025390625 0.8427734375 0.033203125 0.0830078125
0 0.173828125 0.501953125 0.029296875 0.0439453125