0 0.3212890625 0.798828125 0.1513671875 0.1767578125
1 0.529296875 0.6455078125 0.03125 0.0654296875
1 0.6103515625 0.6162109375 0.0361328125 0.0576171875
1 0.689453125 0.5498046875 0.046875 0.052734375
1 0.654296875 0.728515625 0.033203125 0.052734375
1 0.6025390625 0.796875 0.048828125 0.103515625
1 0.55078125 0.4990234375 0.0205078125 0.0419921875
0 0.240234375 0.509765625 0.0625 0.0751953125
1 0.7177734375 0.708984375 0.0419921875 0.0732421875
1 0.564453125 0.3916015625 0.015625 0.0234375
0 0.31640625 0.650390625 0.0888671875 0.109375
1 0.8212890625 0.5810546875 0.0830078125 0.083984375
0 0.2236328125 0.5830078125 0.078125 0.087890625
1 0.3779296875 0.615234375 0.0341796875 0.064453125
1 0.728515625 0.6396484375 0.0341796875 0.0517578125
0 0.416015625 0.3974609375 0.0439453125 0.0419921875
1 0.9443359375 0.689453125 0.0830078125 0.083984375
1 0.623046875 0.564453125 0.03125 0.046875
1 0.513671875 0.416015625 0.0126953125 0.021484375
0 0.3271484375 0.490234375 0.0673828125 0.0595703125
0 0.3212890625 0.55078125 0.0703125 0.080078125
0 0.505859375 0.3466796875 0.033203125 0.037109375
0 0.255859375 0.3955078125 0.056640625 0.052734375
1 0.146484375 0.6044921875 0.03125 0.052734375
1 0.064453125 0.48046875 0.0361328125 0.0390625
1 0.9033203125 0.546875 0.041015625 0.041015625
1 0.408203125 0.4404296875 0.0205078125 0.0283203125
1 0.1181640625 0.6953125 0.0419921875 0.0654296875
0 0.38671875 0.3681640625 0.0361328125 0.0263671875
1 0.5087890625 0.3701171875 0.017578125 0.025390625
1 0.115234375 0.5185546875 0.021484375 0.037109375
0 0.1767578125 0.794921875 0.115234375 0.1533203125
1 0.59375 0.396484375 0.0185546875 0.0263671875
0 0.48046875 0.357421875 0.033203125 0.037109375
1 0.1357421875 0.4775390625 0.021484375 0.029296875
1 0.462890625 0.4091796875 0.0185546875 0.0341796875
1 0.6904296875 0.4638671875 0.041015625 0.037109375
1 0.8017578125 0.8623046875 0.046875 0.056640625
1 0.8662109375 0.865234375 0.0390625 0.052734375
1 0.544921875 0.419921875 0.015625 0.025390625
0 0.533203125 0.3291015625 0.046875 0.029296875
0 0.3544921875 0.345703125 0.041015625 0.029296875
1 0.89453125 0.5869140625 0.044921875 0.0576171875
1 0.087890625 0.685546875 0.025390625 0.0390625
1 0.0419921875 0.576171875 0.021484375 0.052734375
1 0.1865234375 0.50390625 0.029296875 0.044921875
1 0.787109375 0.4755859375 0.0205078125 0.0361328125
1 0.2265625 0.3359375 0.0126953125 0.025390625
1 0.1474609375 0.412109375 0.0263671875 0.0361328125
1 0.9609375 0.52734375 0.0439453125 0.0263671875
1 0.8427734375 0.5419921875 0.0234375 0.0283203125
1 0.2138671875 0.4140625 0.037109375 0.041015625
1 0.158203125 0.5576171875 0.0263671875 0.037109375
1 0.1826171875 0.466796875 0.03125 0.0361328125
1 0.61328125 0.431640625 0.0263671875 0.0341796875
1 0.470703125 0.6240234375 0.025390625 0.0673828125
1 0.8642578125 0.419921875 0.0341796875 0.0341796875
1 0.3505859375 0.3623046875 0.0107421875 0.0185546875
1 0.431640625 0.611328125 0.0390625 0.0390625
1 0.2080078125 0.462890625 0.021484375 0.0390625
1 0.169921875 0.419921875 0.029296875 0.033203125
1 0.7138671875 0.521484375 0.025390625 0.037109375
1 0.625 0.529296875 0.025390625 0.0341796875
1 0.2470703125 0.34375 0.009765625 0.0185546875
0 0.162109375 0.3232421875 0.0419921875 0.0283203125
0 0.494140625 0.3173828125 0.0361328125 0.0185546875