0 0.5712890625 0.4365234375 0.0517578125 0.064453125
0 0.5263671875 0.453125 0.056640625 0.072265625
1 0.19921875 0.591796875 0.0234375 0.0439453125
0 0.5927734375 0.669921875 0.1455078125 0.166015625
1 0.703125 0.6201171875 0.0595703125 0.083984375
1 0.2490234375 0.5205078125 0.029296875 0.052734375
1 0.658203125 0.556640625 0.033203125 0.056640625
1 0.1396484375 0.53125 0.0263671875 0.0439453125
1 0.828125 0.642578125 0.072265625 0.068359375
1 0.5927734375 0.494140625 0.0263671875 0.033203125
1 0.2421875 0.48046875 0.025390625 0.033203125
1 0.1591796875 0.4716796875 0.03125 0.056640625
1 0.791015625 0.5634765625 0.0361328125 0.0517578125
1 0.810546875 0.845703125 0.064453125 0.0810546875
1 0.751953125 0.73046875 0.048828125 0.0732421875
1 0.1767578125 0.673828125 0.03125 0.0546875
0 0.587890625 0.5498046875 0.087890625 0.09375
1 0.431640625 0.4873046875 0.0185546875 0.037109375
1 0.1630859375 0.384765625 0.0205078125 0.03125
1 0.2197265625 0.392578125 0.0205078125 0.025390625
1 0.1748046875 0.5166015625 0.021484375 0.0361328125
1 0.201171875 0.38671875 0.025390625 0.029296875
1 0.4853515625 0.416015625 0.0205078125 0.0361328125
1 0.2587890625 0.455078125 0.0263671875 0.041015625
1 0.75 0.6611328125 0.0341796875 0.0498046875
1 0.728515625 0.533203125 0.0419921875 0.046875
1 0.3671875 0.423828125 0.025390625 0.029296875
1 0.115234375 0.41796875 0.041015625 0.0361328125
0 0.470703125 0.537109375 0.0703125 0.09375
1 0.626953125 0.5302734375 0.0185546875 0.0361328125
0 0.4619140625 0.4619140625 0.048828125 0.0576171875
1 0.955078125 0.708984375 0.068359375 0.1064453125
0 0.185546875 0.4296875 0.0498046875 0.037109375
1 0.6953125 0.548828125 0.025390625 0.0341796875
1 0.8291015625 0.564453125 0.029296875 0.037109375
1 0.974609375 0.6396484375 0.029296875 0.0419921875
1 0.1240234375 0.6474609375 0.0361328125 0.0576171875
1 0.609375 0.4765625 0.021484375 0.0341796875
0 0.490234375 0.3583984375 0.03125 0.029296875
1 0.93359375 0.634765625 0.0517578125 0.048828125
1 0.3798828125 0.4501953125 0.025390625 0.037109375
1 0.4638671875 0.4140625 0.0185546875 0.03125
1 0.892578125 0.583984375 0.0390625 0.0517578125
1 0.0283203125 0.56640625 0.03125 0.0546875
1 0.021484375 0.4755859375 0.021484375 0.029296875
0 0.326171875 0.404296875 0.1064453125 0.0595703125
1 0.10546875 0.484375 0.029296875 0.0283203125
1 0.251953125 0.38671875 0.033203125 0.0390625
1 0.0576171875 0.478515625 0.021484375 0.0361328125
1 0.591796875 0.3984375 0.025390625 0.0283203125
1 0.197265625 0.4775390625 0.1376953125 0.1455078125
1 0.185546875 0.7880859375 0.0546875 0.091796875
1 0.1767578125 0.36328125 0.009765625 0.017578125
1 0.84765625 0.599609375 0.033203125 0.03125
1 0.896484375 0.5390625 0.0263671875 0.0439453125
1 0.0849609375 0.3984375 0.048828125 0.037109375
1 0.4501953125 0.6806640625 0.037109375 0.0703125
1 0.8623046875 0.5556640625 0.0283203125 0.048828125
1 0.626953125 0.4990234375 0.0185546875 0.033203125
1 0.025390625 0.373046875 0.013671875 0.021484375
1 0.5341796875 0.412109375 0.025390625 0.029296875
1 0.677734375 0.50390625 0.029296875 0.0419921875
1 0.443359375 0.4287109375 0.0283203125 0.0361328125
1 0.8935546875 0.369140625 0.0185546875 0.0390625