0 0.1923828125 0.75 0.125 0.162109375
0 0.3388671875 0.7275390625 0.099609375 0.1171875
1 0.52734375 0.6826171875 0.048828125 0.0654296875
1 0.611328125 0.6884765625 0.041015625 0.064453125
0 0.51171875 0.427734375 0.044921875 0.0546875
1 0.564453125 0.7607421875 0.044921875 0.0908203125
1 0.708984375 0.6875 0.0419921875 0.0654296875
1 0.86328125 0.66796875 0.080078125 0.080078125
1 0.8349609375 0.775390625 0.0703125 0.083984375
1 0.7998046875 0.65625 0.0625 0.0751953125
0 0.537109375 0.3486328125 0.0439453125 0.0341796875
1 0.5771484375 0.443359375 0.0263671875 0.044921875
0 0.48828125 0.3603515625 0.0419921875 0.033203125
1 0.6328125 0.490234375 0.025390625 0.0361328125
1 0.4287109375 0.6787109375 0.0390625 0.060546875
1 0.634765625 0.787109375 0.046875 0.099609375
1 0.580078125 0.572265625 0.037109375 0.0546875
1 0.427734375 0.53515625 0.0283203125 0.048828125
1 0.0791015625 0.7587890625 0.044921875 0.076171875
1 0.55859375 0.439453125 0.017578125 0.03125
1 0.603515625 0.48828125 0.0263671875 0.0361328125
0 0.9296875 0.5791015625 0.115234375 0.060546875
1 0.3056640625 0.861328125 0.0361328125 0.0546875
1 0.515625 0.515625 0.0439453125 0.0595703125
1 0.7177734375 0.6298828125 0.0390625 0.046875
1 0.560546875 0.5400390625 0.0263671875 0.044921875
1 0.3310546875 0.4287109375 0.025390625 0.029296875
0 0.5068359375 0.3369140625 0.0361328125 0.033203125
1 0.6630859375 0.705078125 0.0419921875 0.046875
1 0.9462890625 0.6357421875 0.076171875 0.072265625
1 0.751953125 0.7626953125 0.041015625 0.068359375
1 0.669921875 0.6328125 0.033203125 0.0498046875
1 0.33203125 0.5927734375 0.107421875 0.0517578125
1 0.4560546875 0.513671875 0.037109375 0.0517578125
1 0.611328125 0.5537109375 0.0439453125 0.0517578125
1 0.6533203125 0.5244140625 0.037109375 0.0419921875
1 0.451171875 0.373046875 0.0185546875 0.029296875
1 0.48046875 0.4365234375 0.0234375 0.0361328125
1 0.7333984375 0.5869140625 0.0576171875 0.0546875
1 0.03125 0.7880859375 0.041015625 0.064453125
1 0.6533203125 0.4599609375 0.03125 0.0361328125
1 0.548828125 0.37109375 0.015625 0.0234375
1 0.69921875 0.466796875 0.048828125 0.037109375
1 0.095703125 0.587890625 0.029296875 0.046875
1 0.482421875 0.505859375 0.0263671875 0.0439453125
1 0.841796875 0.587890625 0.037109375 0.0419921875
1 0.61328125 0.59765625 0.0263671875 0.0419921875
1 0.837890625 0.529296875 0.033203125 0.0419921875
1 0.537109375 0.5869140625 0.025390625 0.0390625
1 0.6533203125 0.5810546875 0.0283203125 0.0341796875
1 0.5908203125 0.517578125 0.0283203125 0.0341796875
1 0.265625 0.6005859375 0.037109375 0.033203125
1 0.759765625 0.5537109375 0.029296875 0.0361328125
1 0.353515625 0.4482421875 0.0234375 0.021484375
1 0.5029296875 0.4765625 0.0283203125 0.03125
1 0.078125 0.478515625 0.0625 0.041015625
1 0.671875 0.666015625 0.1875 0.2158203125
1 0.029296875 0.564453125 0.033203125 0.0517578125
0 0.9345703125 0.5126953125 0.103515625 0.0625
1 0.216796875 0.6337890625 0.046875 0.064453125
1 0.462890625 0.7255859375 0.0341796875 0.0986328125
1 0.8916015625 0.380859375 0.017578125 0.033203125
1 0.5771484375 0.3759765625 0.017578125 0.033203125
1 0.076171875 0.337890625 0.015625 0.0205078125
0 0.353515625 0.3212890625 0.0341796875 0.017578125
1 0.806640625 0.490234375 0.076171875 0.046875
1 0.59765625 0.455078125 0.013671875 0.033203125
1 0.59765625 0.4560546875 0.154296875 0.130859375
1 0.0234375 0.3740234375 0.0126953125 0.0234375
1 0.4912109375 0.5947265625 0.029296875 0.0361328125
0 0.185546875 0.32421875 0.0419921875 0.0263671875
1 0.7275390625 0.55078125 0.0205078125 0.029296875
1 0.5458984375 0.400390625 0.013671875 0.0283203125
1 0.28125 0.4140625 0.056640625 0.03125
1 0.4541015625 0.458984375 0.0205078125 0.03125
1 0.783203125 0.8642578125 0.03125 0.052734375
1 0.7939453125 0.5751953125 0.0283203125 0.0341796875
1 0.52734375 0.400390625 0.013671875 0.0341796875
1 0.408203125 0.50390625 0.0205078125 0.033203125
1 0.6826171875 0.5146484375 0.025390625 0.033203125
1 0.4560546875 0.576171875 0.052734375 0.0703125