0 0.326171875 0.80078125 0.1484375 0.1767578125
0 0.19921875 0.6787109375 0.1015625 0.1171875
0 0.515625 0.5068359375 0.09375 0.0986328125
1 0.689453125 0.5439453125 0.048828125 0.0595703125
0 0.2255859375 0.580078125 0.080078125 0.091796875
1 0.162109375 0.5068359375 0.021484375 0.0361328125
1 0.8203125 0.5712890625 0.083984375 0.091796875
0 0.31640625 0.650390625 0.091796875 0.109375
0 0.2412109375 0.5166015625 0.064453125 0.0673828125
0 0.505859375 0.345703125 0.0361328125 0.0361328125
1 0.728515625 0.537109375 0.0439453125 0.044921875
1 0.896484375 0.65625 0.0859375 0.087890625
1 0.123046875 0.53125 0.025390625 0.037109375
0 0.3212890625 0.546875 0.0703125 0.0810546875
1 0.5751953125 0.6962890625 0.041015625 0.091796875
1 0.033203125 0.5859375 0.044921875 0.0654296875
1 0.587890625 0.404296875 0.013671875 0.0234375
0 0.4443359375 0.41796875 0.0517578125 0.0517578125
1 0.1884765625 0.4892578125 0.0234375 0.0498046875
0 0.478515625 0.359375 0.0361328125 0.0341796875
1 0.0703125 0.478515625 0.0439453125 0.0390625
1 0.958984375 0.6962890625 0.056640625 0.0830078125
1 0.544921875 0.38671875 0.015625 0.0234375
1 0.5634765625 0.3916015625 0.0234375 0.033203125
1 0.478515625 0.3974609375 0.015625 0.0361328125
0 0.408203125 0.3896484375 0.052734375 0.029296875
1 0.4453125 0.751953125 0.0439453125 0.0966796875
1 0.89453125 0.576171875 0.0361328125 0.0390625
1 0.173828125 0.4638671875 0.025390625 0.0283203125
1 0.6064453125 0.8349609375 0.046875 0.091796875
1 0.12890625 0.6357421875 0.0419921875 0.056640625
1 0.09375 0.72265625 0.0341796875 0.0546875
1 0.150390625 0.419921875 0.021484375 0.0283203125
1 0.146484375 0.4560546875 0.0205078125 0.021484375
1 0.501953125 0.380859375 0.015625 0.025390625
0 0.19140625 0.41015625 0.0576171875 0.044921875
1 0.9130859375 0.5380859375 0.0673828125 0.048828125
1 0.6337890625 0.44140625 0.044921875 0.0361328125
0 0.2568359375 0.4130859375 0.0390625 0.029296875
1 0.232421875 0.7705078125 0.0419921875 0.0810546875
0 0.533203125 0.3291015625 0.041015625 0.029296875
1 0.0947265625 0.6708984375 0.017578125 0.033203125
1 0.158203125 0.5751953125 0.0283203125 0.046875
1 0.5361328125 0.7421875 0.0498046875 0.115234375
1 0.3515625 0.443359375 0.015625 0.0263671875
1 0.142578125 0.4814453125 0.021484375 0.037109375
0 0.3115234375 0.4375 0.0732421875 0.087890625
1 0.1279296875 0.427734375 0.025390625 0.0234375
1 0.36328125 0.3544921875 0.017578125 0.021484375
1 0.9716796875 0.6318359375 0.0341796875 0.0673828125
1 0.107421875 0.4111328125 0.0205078125 0.025390625
1 0.423828125 0.361328125 0.025390625 0.0205078125
1 0.9638671875 0.529296875 0.0439453125 0.0419921875
1 0.111328125 0.4716796875 0.0595703125 0.052734375