0 0.6875 0.61328125 0.140625 0.1357421875
0 0.576171875 0.490234375 0.0703125 0.087890625
1 0.224609375 0.55078125 0.03125 0.044921875
0 0.61328125 0.7490234375 0.1513671875 0.1953125
1 0.35546875 0.5654296875 0.0263671875 0.0439453125
1 0.3798828125 0.7685546875 0.0341796875 0.0625
1 0.2666015625 0.58203125 0.0263671875 0.0517578125
1 0.263671875 0.6650390625 0.0361328125 0.060546875
1 0.3955078125 0.6259765625 0.03125 0.0546875
1 0.31640625 0.705078125 0.029296875 0.048828125
1 0.19921875 0.744140625 0.033203125 0.052734375
1 0.3076171875 0.59375 0.025390625 0.0439453125
1 0.2109375 0.642578125 0.0283203125 0.0498046875
1 0.177734375 0.505859375 0.0234375 0.041015625
1 0.8193359375 0.580078125 0.0859375 0.095703125
0 0.30859375 0.451171875 0.0546875 0.0498046875
1 0.564453125 0.603515625 0.0283203125 0.052734375
0 0.2021484375 0.4638671875 0.0517578125 0.046875
1 0.150390625 0.525390625 0.0234375 0.041015625
1 0.685546875 0.54296875 0.0517578125 0.044921875
1 0.0927734375 0.708984375 0.0361328125 0.048828125
0 0.517578125 0.5751953125 0.09375 0.130859375
1 0.109375 0.560546875 0.03125 0.041015625
1 0.494140625 0.490234375 0.0205078125 0.0419921875
1 0.27734375 0.5224609375 0.0234375 0.0419921875
1 0.2392578125 0.4482421875 0.0185546875 0.0283203125
1 0.521484375 0.486328125 0.025390625 0.046875
1 0.943359375 0.681640625 0.083984375 0.09375
1 0.734375 0.5380859375 0.03125 0.0390625
1 0.3701171875 0.4853515625 0.0185546875 0.0390625
1 0.1591796875 0.388671875 0.0185546875 0.0205078125
0 0.2734375 0.404296875 0.0595703125 0.041015625
1 0.1767578125 0.5830078125 0.0341796875 0.046875
1 0.240234375 0.5146484375 0.021484375 0.033203125
1 0.2705078125 0.4931640625 0.021484375 0.029296875
1 0.580078125 0.419921875 0.033203125 0.0498046875
1 0.2158203125 0.4970703125 0.025390625 0.03125
0 0.564453125 0.37890625 0.0341796875 0.0419921875
0 0.4794921875 0.3642578125 0.037109375 0.046875
1 0.12109375 0.603515625 0.029296875 0.0439453125
0 0.5107421875 0.3486328125 0.0439453125 0.041015625
0 0.873046875 0.8154296875 0.212890625 0.1435546875
0 0.439453125 0.4375 0.048828125 0.0751953125
1 0.15234375 0.470703125 0.0205078125 0.0361328125
1 0.4755859375 0.404296875 0.029296875 0.037109375
1 0.5205078125 0.4189453125 0.015625 0.021484375
1 0.943359375 0.6103515625 0.076171875 0.064453125
1 0.1396484375 0.42578125 0.0205078125 0.0263671875
1 0.853515625 0.6572265625 0.0341796875 0.0517578125
1 0.314453125 0.6474609375 0.017578125 0.0390625
1 0.587890625 0.591796875 0.0283203125 0.0595703125
1 0.640625 0.44140625 0.041015625 0.0361328125
0 0.5341796875 0.3876953125 0.0341796875 0.03125
1 0.326171875 0.673828125 0.015625 0.037109375
1 0.896484375 0.5869140625 0.041015625 0.0576171875
1 0.123046875 0.40234375 0.0205078125 0.029296875
1 0.86328125 0.5673828125 0.0263671875 0.046875
0 0.541015625 0.421875 0.037109375 0.0439453125
1 0.1953125 0.4033203125 0.021484375 0.0341796875
1 0.8974609375 0.54296875 0.029296875 0.0390625
1 0.251953125 0.6044921875 0.138671875 0.177734375
1 0.3447265625 0.8525390625 0.060546875 0.0703125
1 0.3486328125 0.3974609375 0.037109375 0.029296875
1 0.259765625 0.845703125 0.048828125 0.0810546875
1 0.05859375 0.48046875 0.0205078125 0.0361328125
1 0.0615234375 0.841796875 0.0830078125 0.0986328125
1 0.5263671875 0.6630859375 0.0341796875 0.0732421875
1 0.0302734375 0.576171875 0.0361328125 0.078125
1 0.6796875 0.51171875 0.0283203125 0.033203125
1 0.14453125 0.568359375 0.1171875 0.169921875
1 0.6787109375 0.4384765625 0.0205078125 0.0361328125