0 0.759765625 0.763671875 0.166015625 0.1982421875
1 0.673828125 0.572265625 0.044921875 0.078125
0 0.572265625 0.5234375 0.078125 0.103515625
1 0.8095703125 0.583984375 0.0625 0.076171875
0 0.65625 0.458984375 0.099609375 0.0625
0 0.4736328125 0.5068359375 0.0625 0.0888671875
1 0.7255859375 0.5625 0.048828125 0.0654296875
0 0.3388671875 0.7314453125 0.103515625 0.119140625
1 0.625 0.52734375 0.0341796875 0.060546875
0 0.48828125 0.3603515625 0.0361328125 0.029296875
1 0.7314453125 0.63671875 0.0439453125 0.060546875
1 0.212890625 0.396484375 0.0263671875 0.03125
0 0.5146484375 0.328125 0.029296875 0.025390625
1 0.943359375 0.6923828125 0.0810546875 0.0810546875
1 0.88671875 0.64453125 0.095703125 0.0859375
1 0.8310546875 0.744140625 0.041015625 0.056640625
1 0.9638671875 0.619140625 0.041015625 0.0576171875
0 0.541015625 0.3427734375 0.03125 0.0234375
1 0.91015625 0.541015625 0.0576171875 0.041015625
1 0.20703125 0.4638671875 0.017578125 0.03125
1 0.841796875 0.55078125 0.037109375 0.048828125
1 0.1796875 0.4833984375 0.025390625 0.0390625
1 0.0595703125 0.482421875 0.025390625 0.029296875
1 0.125 0.4248046875 0.021484375 0.025390625
1 0.5712890625 0.4482421875 0.0205078125 0.0341796875
0 0.236328125 0.3681640625 0.0595703125 0.0361328125
0 0.240234375 0.3408203125 0.033203125 0.025390625
1 0.138671875 0.4482421875 0.0205078125 0.03125
0 0.4912109375 0.33984375 0.0263671875 0.017578125
1 0.37890625 0.4501953125 0.0234375 0.037109375
1 0.1064453125 0.4794921875 0.0341796875 0.037109375
1 0.181640625 0.451171875 0.0205078125 0.0263671875
1 0.59375 0.427734375 0.015625 0.0283203125
1 0.3583984375 0.423828125 0.0234375 0.0283203125
0 0.35546875 0.3212890625 0.0361328125 0.017578125
1 0.181640625 0.384765625 0.013671875 0.021484375
0 0.4541015625 0.4521484375 0.048828125 0.060546875
0 0.544921875 0.64453125 0.1142578125 0.1328125
1 0.6748046875 0.5087890625 0.03125 0.0419921875
1 0.427734375 0.4384765625 0.015625 0.029296875
0 0.5771484375 0.4091796875 0.0361328125 0.041015625
1 0.712890625 0.513671875 0.033203125 0.044921875
0 0.052734375 0.380859375 0.0341796875 0.021484375
1 0.8935546875 0.5849609375 0.041015625 0.048828125
1 0.59765625 0.3984375 0.017578125 0.0341796875
1 0.49609375 0.439453125 0.0205078125 0.0361328125
1 0.845703125 0.6015625 0.0361328125 0.0341796875
1 0.021484375 0.478515625 0.025390625 0.0419921875
1 0.4560546875 0.365234375 0.0185546875 0.029296875
1 0.09765625 0.404296875 0.0234375 0.0283203125
1 0.890625 0.384765625 0.015625 0.025390625
1 0.5205078125 0.4619140625 0.041015625 0.044921875
1 0.9521484375 0.85546875 0.0673828125 0.0673828125
0 0.517578125 0.369140625 0.029296875 0.025390625
1 0.62109375 0.4716796875 0.013671875 0.025390625
1 0.0244140625 0.560546875 0.0234375 0.0439453125