1 0.630859375 0.560546875 0.0283203125 0.060546875
0 0.3203125 0.796875 0.146484375 0.177734375
0 0.7373046875 0.7373046875 0.171875 0.208984375
1 0.6943359375 0.5458984375 0.048828125 0.0517578125
0 0.220703125 0.607421875 0.083984375 0.095703125
0 0.314453125 0.6494140625 0.0888671875 0.111328125
1 0.486328125 0.482421875 0.0361328125 0.048828125
1 0.546875 0.6181640625 0.037109375 0.0546875
1 0.8203125 0.580078125 0.0810546875 0.0810546875
1 0.5625 0.3916015625 0.015625 0.0234375
1 0.6572265625 0.466796875 0.0263671875 0.0341796875
1 0.947265625 0.689453125 0.076171875 0.076171875
1 0.595703125 0.451171875 0.0263671875 0.0341796875
1 0.548828125 0.5126953125 0.0263671875 0.052734375
1 0.1162109375 0.7158203125 0.029296875 0.056640625
0 0.240234375 0.5107421875 0.0654296875 0.078125
1 0.158203125 0.556640625 0.0283203125 0.0498046875
1 0.609375 0.806640625 0.037109375 0.0751953125
1 0.4267578125 0.60546875 0.052734375 0.0576171875
1 0.447265625 0.423828125 0.015625 0.03125
1 0.119140625 0.513671875 0.025390625 0.037109375
1 0.490234375 0.5625 0.0234375 0.0341796875
0 0.3203125 0.5478515625 0.072265625 0.080078125
1 0.892578125 0.64453125 0.0751953125 0.0703125
1 0.5908203125 0.3974609375 0.015625 0.0234375
0 0.3271484375 0.490234375 0.0703125 0.0595703125
1 0.09765625 0.5263671875 0.0234375 0.037109375
1 0.111328125 0.6083984375 0.025390625 0.0390625
1 0.16796875 0.517578125 0.0205078125 0.037109375
1 0.1845703125 0.484375 0.037109375 0.0498046875
0 0.4794921875 0.3603515625 0.0341796875 0.0361328125
1 0.5068359375 0.3662109375 0.0205078125 0.029296875
1 0.0791015625 0.4755859375 0.048828125 0.0419921875
1 0.17578125 0.4296875 0.0263671875 0.037109375
1 0.109375 0.416015625 0.025390625 0.0390625
1 0.44921875 0.470703125 0.029296875 0.048828125
1 0.5732421875 0.58984375 0.0283203125 0.048828125
1 0.154296875 0.4169921875 0.0263671875 0.037109375
1 0.1611328125 0.6943359375 0.0341796875 0.0576171875
1 0.7314453125 0.541015625 0.037109375 0.0439453125
1 0.412109375 0.693359375 0.0361328125 0.0517578125
1 0.2177734375 0.412109375 0.029296875 0.0361328125
1 0.1142578125 0.6435546875 0.0283203125 0.046875
1 0.5068359375 0.4453125 0.017578125 0.0283203125
0 0.533203125 0.3564453125 0.0341796875 0.037109375
0 0.5048828125 0.3388671875 0.03125 0.0283203125
0 0.2548828125 0.396484375 0.0498046875 0.048828125
1 0.486328125 0.4404296875 0.017578125 0.0185546875
1 0.025390625 0.5615234375 0.0263671875 0.0419921875
0 0.0654296875 0.390625 0.0595703125 0.037109375
0 0.3291015625 0.3564453125 0.0859375 0.0439453125
1 0.966796875 0.5244140625 0.041015625 0.033203125
1 0.142578125 0.384765625 0.015625 0.021484375
1 0.505859375 0.5146484375 0.017578125 0.0546875
1 0.943359375 0.6083984375 0.0673828125 0.0517578125
1 0.2060546875 0.458984375 0.021484375 0.037109375
1 0.46875 0.6689453125 0.025390625 0.0654296875
1 0.138671875 0.509765625 0.111328125 0.1201171875
1 0.8916015625 0.384765625 0.017578125 0.0263671875
1 0.896484375 0.5869140625 0.0498046875 0.0576171875
1 0.677734375 0.4375 0.0185546875 0.03125
1 0.5478515625 0.4755859375 0.0205078125 0.033203125
1 0.513671875 0.5234375 0.146484375 0.212890625
1 0.740234375 0.47265625 0.0263671875 0.029296875
1 0.841796875 0.537109375 0.0263671875 0.03125
1 0.2060546875 0.3251953125 0.009765625 0.015625
1 0.3857421875 0.3798828125 0.0341796875 0.0283203125
1 0.0224609375 0.3720703125 0.0205078125 0.025390625