0 0.66015625 0.7666015625 0.1611328125 0.2138671875
0 0.150390625 0.6181640625 0.080078125 0.0888671875
0 0.5732421875 0.599609375 0.099609375 0.1171875
1 0.615234375 0.556640625 0.0283203125 0.0498046875
1 0.7138671875 0.6171875 0.037109375 0.0498046875
1 0.8212890625 0.583984375 0.0703125 0.072265625
1 0.8623046875 0.666015625 0.056640625 0.064453125
1 0.310546875 0.6923828125 0.03125 0.0595703125
0 0.1875 0.4970703125 0.0654296875 0.068359375
1 0.7919921875 0.7080078125 0.0498046875 0.0625
1 0.5673828125 0.498046875 0.021484375 0.0390625
1 0.9013671875 0.85546875 0.083984375 0.0703125
1 0.2548828125 0.6083984375 0.0341796875 0.0888671875
1 0.9443359375 0.69140625 0.080078125 0.080078125
1 0.54296875 0.6787109375 0.048828125 0.0576171875
1 0.791015625 0.791015625 0.0576171875 0.1171875
0 0.3115234375 0.470703125 0.0546875 0.0576171875
1 0.71484375 0.703125 0.0390625 0.052734375
0 0.490234375 0.486328125 0.064453125 0.076171875
0 0.185546875 0.7373046875 0.1640625 0.1875
1 0.494140625 0.6435546875 0.0341796875 0.052734375
1 0.412109375 0.44921875 0.029296875 0.048828125
0 0.2001953125 0.4208984375 0.0595703125 0.048828125
1 0.494140625 0.5302734375 0.0263671875 0.048828125
1 0.689453125 0.546875 0.048828125 0.056640625
0 0.732421875 0.48046875 0.126953125 0.0673828125
1 0.7275390625 0.537109375 0.044921875 0.0498046875
0 0.275390625 0.4345703125 0.0654296875 0.046875
1 0.0283203125 0.564453125 0.0341796875 0.048828125
0 0.23828125 0.388671875 0.0703125 0.0498046875
0 0.3662109375 0.5361328125 0.0859375 0.140625
0 0.181640625 0.384765625 0.048828125 0.041015625
0 0.4765625 0.369140625 0.0283203125 0.0263671875
0 0.359375 0.85546875 0.119140625 0.0673828125
0 0.9306640625 0.5859375 0.1142578125 0.099609375
1 0.23046875 0.47265625 0.0205078125 0.0361328125
1 0.0908203125 0.7451171875 0.041015625 0.0654296875
1 0.537109375 0.408203125 0.0263671875 0.0439453125
1 0.4833984375 0.595703125 0.0390625 0.060546875
1 0.5244140625 0.443359375 0.0419921875 0.0595703125
1 0.146484375 0.486328125 0.03125 0.046875
1 0.662109375 0.50390625 0.0185546875 0.033203125
1 0.8134765625 0.5380859375 0.029296875 0.044921875
1 0.8994140625 0.544921875 0.033203125 0.037109375
0 0.5849609375 0.453125 0.0517578125 0.0625
1 0.1240234375 0.41796875 0.0263671875 0.0419921875
1 0.07421875 0.474609375 0.0546875 0.044921875
1 0.025390625 0.4833984375 0.029296875 0.0419921875
1 0.4541015625 0.50390625 0.0205078125 0.0419921875
1 0.974609375 0.634765625 0.0263671875 0.0576171875
1 0.1494140625 0.40234375 0.013671875 0.0263671875
1 0.435546875 0.4326171875 0.0361328125 0.041015625
1 0.2548828125 0.87109375 0.052734375 0.0390625
1 0.9013671875 0.724609375 0.03125 0.0810546875
0 0.185546875 0.357421875 0.03125 0.021484375
1 0.025390625 0.859375 0.0283203125 0.046875
0 0.2265625 0.353515625 0.0283203125 0.021484375
1 0.6787109375 0.4384765625 0.017578125 0.033203125