0 0.341796875 0.6767578125 0.0986328125 0.125
0 0.619140625 0.673828125 0.1220703125 0.1435546875
0 0.2158203125 0.603515625 0.0810546875 0.0966796875
1 0.701171875 0.5849609375 0.0341796875 0.064453125
0 0.591796875 0.5458984375 0.076171875 0.107421875
1 0.634765625 0.517578125 0.025390625 0.044921875
0 0.3193359375 0.5283203125 0.064453125 0.072265625
1 0.8857421875 0.7861328125 0.0625 0.119140625
1 0.384765625 0.5458984375 0.0263671875 0.0390625
0 0.1181640625 0.408203125 0.044921875 0.037109375
1 0.8896484375 0.6533203125 0.0888671875 0.078125
1 0.6572265625 0.546875 0.0263671875 0.037109375
0 0.2392578125 0.4599609375 0.0498046875 0.044921875
1 0.8056640625 0.599609375 0.0361328125 0.052734375
0 0.2314453125 0.5078125 0.0654296875 0.0654296875
1 0.763671875 0.716796875 0.060546875 0.125
1 0.5146484375 0.599609375 0.029296875 0.0654296875
1 0.4765625 0.4375 0.021484375 0.0283203125
1 0.46875 0.576171875 0.021484375 0.0546875
1 0.8642578125 0.591796875 0.0810546875 0.0732421875
0 0.509765625 0.4052734375 0.0390625 0.044921875
1 0.68359375 0.544921875 0.033203125 0.046875
0 0.498046875 0.3427734375 0.0283203125 0.029296875
1 0.421875 0.431640625 0.021484375 0.0361328125
1 0.05859375 0.486328125 0.0263671875 0.0283203125
1 0.58203125 0.7822265625 0.044921875 0.0830078125
1 0.794921875 0.556640625 0.037109375 0.048828125
1 0.595703125 0.490234375 0.025390625 0.0439453125
0 0.29296875 0.4384765625 0.0419921875 0.0390625
1 0.4248046875 0.494140625 0.021484375 0.0419921875
1 0.59765625 0.439453125 0.013671875 0.03125
1 0.1640625 0.568359375 0.025390625 0.0439453125
0 0.4765625 0.4892578125 0.046875 0.0625
0 0.1884765625 0.3681640625 0.029296875 0.0263671875
1 0.572265625 0.453125 0.0234375 0.037109375
0 0.279296875 0.408203125 0.052734375 0.037109375
1 0.9609375 0.701171875 0.052734375 0.0703125
1 0.0625 0.7314453125 0.0283203125 0.046875
1 0.826171875 0.560546875 0.0390625 0.046875
1 0.853515625 0.5517578125 0.03125 0.046875
1 0.734375 0.5419921875 0.041015625 0.046875
1 0.927734375 0.60546875 0.044921875 0.0390625
1 0.125 0.6513671875 0.052734375 0.0625
1 0.541015625 0.470703125 0.033203125 0.0576171875
1 0.6298828125 0.599609375 0.015625 0.0263671875
1 0.576171875 0.4794921875 0.0185546875 0.025390625
1 0.1474609375 0.458984375 0.0263671875 0.0439453125
1 0.521484375 0.55078125 0.0361328125 0.048828125
1 0.2861328125 0.611328125 0.03125 0.048828125
1 0.029296875 0.568359375 0.033203125 0.0576171875
1 0.439453125 0.416015625 0.0234375 0.037109375
1 0.1142578125 0.5927734375 0.037109375 0.044921875
1 0.5673828125 0.716796875 0.037109375 0.068359375
1 0.97265625 0.6318359375 0.029296875 0.064453125
1 0.173828125 0.466796875 0.029296875 0.0341796875
1 0.712890625 0.517578125 0.025390625 0.0390625
0 0.091796875 0.826171875 0.166015625 0.1357421875
1 0.0751953125 0.6982421875 0.0283203125 0.041015625
1 0.109375 0.486328125 0.037109375 0.0341796875
1 0.4755859375 0.3662109375 0.0205078125 0.033203125
0 0.248046875 0.333984375 0.041015625 0.0234375
1 0.478515625 0.40234375 0.025390625 0.0361328125
1 0.17578125 0.42578125 0.013671875 0.0234375
1 0.8974609375 0.5478515625 0.029296875 0.0390625
1 0.6337890625 0.486328125 0.017578125 0.03125