0 0.5947265625 0.6962890625 0.138671875 0.154296875
0 0.1943359375 0.6328125 0.0986328125 0.115234375
0 0.34765625 0.6435546875 0.0830078125 0.119140625
0 0.55078125 0.466796875 0.060546875 0.0625
1 0.771484375 0.740234375 0.046875 0.115234375
1 0.431640625 0.736328125 0.03125 0.0576171875
0 0.599609375 0.564453125 0.111328125 0.1220703125
1 0.0986328125 0.720703125 0.037109375 0.056640625
1 0.4501953125 0.49609375 0.025390625 0.0390625
1 0.708984375 0.609375 0.041015625 0.0595703125
1 0.8193359375 0.5859375 0.0732421875 0.068359375
1 0.2626953125 0.486328125 0.025390625 0.033203125
1 0.16796875 0.537109375 0.033203125 0.056640625
1 0.494140625 0.611328125 0.044921875 0.068359375
0 0.5205078125 0.3330078125 0.03125 0.025390625
1 0.958984375 0.666015625 0.052734375 0.076171875
1 0.724609375 0.5380859375 0.0498046875 0.048828125
0 0.498046875 0.3515625 0.0361328125 0.037109375
1 0.685546875 0.5419921875 0.0361328125 0.046875
1 0.130859375 0.580078125 0.0263671875 0.0576171875
1 0.8896484375 0.6533203125 0.0859375 0.0810546875
1 0.5869140625 0.412109375 0.0263671875 0.0390625
1 0.248046875 0.7333984375 0.029296875 0.048828125
0 0.31640625 0.4501953125 0.0576171875 0.0498046875
0 0.5419921875 0.373046875 0.03125 0.0234375
1 0.41796875 0.509765625 0.0205078125 0.03125
1 0.935546875 0.8544921875 0.046875 0.0654296875
1 0.1484375 0.486328125 0.0185546875 0.033203125
0 0.2646484375 0.416015625 0.0859375 0.037109375
1 0.646484375 0.591796875 0.025390625 0.044921875
1 0.65625 0.5419921875 0.025390625 0.0498046875
1 0.1494140625 0.7451171875 0.0263671875 0.0439453125
1 0.080078125 0.8017578125 0.03125 0.052734375
1 0.298828125 0.716796875 0.0361328125 0.0732421875
1 0.498046875 0.462890625 0.0234375 0.046875
1 0.060546875 0.48046875 0.0263671875 0.0361328125
1 0.9267578125 0.6083984375 0.0439453125 0.0361328125
1 0.931640625 0.7080078125 0.03125 0.041015625
1 0.513671875 0.44140625 0.015625 0.0361328125
1 0.2978515625 0.4794921875 0.0205078125 0.041015625
0 0.9521484375 0.57421875 0.0703125 0.0546875
1 0.029296875 0.578125 0.0361328125 0.0810546875
1 0.533203125 0.41015625 0.0205078125 0.0361328125
1 0.4384765625 0.3642578125 0.017578125 0.025390625
1 0.3671875 0.4267578125 0.015625 0.0283203125
0 0.5673828125 0.3701171875 0.0283203125 0.025390625
1 0.205078125 0.455078125 0.021484375 0.0263671875
1 0.896484375 0.5771484375 0.0439453125 0.044921875
1 0.552734375 0.513671875 0.0205078125 0.0263671875
1 0.6396484375 0.439453125 0.0419921875 0.0361328125
0 0.1767578125 0.41015625 0.087890625 0.044921875
1 0.791015625 0.5498046875 0.025390625 0.041015625
0 0.23046875 0.3486328125 0.0419921875 0.025390625
1 0.294921875 0.759765625 0.025390625 0.0390625
1 0.259765625 0.46484375 0.013671875 0.0205078125
1 0.904296875 0.8212890625 0.0283203125 0.076171875
1 0.904296875 0.7353515625 0.041015625 0.091796875
1 0.16015625 0.841796875 0.0419921875 0.0673828125
1 0.10546875 0.484375 0.033203125 0.03125