0 0.330078125 0.740234375 0.1171875 0.158203125
0 0.560546875 0.5009765625 0.068359375 0.0859375
0 0.212890625 0.638671875 0.095703125 0.109375
1 0.693359375 0.5439453125 0.048828125 0.056640625
0 0.556640625 0.580078125 0.083984375 0.099609375
1 0.6220703125 0.4970703125 0.025390625 0.041015625
1 0.6533203125 0.58203125 0.037109375 0.060546875
0 0.146484375 0.4208984375 0.037109375 0.0390625
0 0.2314453125 0.5390625 0.068359375 0.078125
0 0.322265625 0.552734375 0.072265625 0.0810546875
1 0.5771484375 0.4619140625 0.0263671875 0.0361328125
1 0.4853515625 0.5625 0.029296875 0.0595703125
1 0.806640625 0.59375 0.0498046875 0.0625
0 0.5068359375 0.3388671875 0.033203125 0.03125
0 0.298828125 0.44921875 0.044921875 0.0517578125
0 0.240234375 0.474609375 0.0517578125 0.056640625
1 0.486328125 0.50390625 0.0234375 0.0361328125
0 0.5126953125 0.40234375 0.037109375 0.0419921875
1 0.513671875 0.4775390625 0.0234375 0.033203125
1 0.7490234375 0.6357421875 0.048828125 0.068359375
1 0.609375 0.46875 0.021484375 0.0341796875
1 0.638671875 0.529296875 0.017578125 0.041015625
1 0.40234375 0.6103515625 0.0234375 0.048828125
1 0.841796875 0.556640625 0.048828125 0.056640625
1 0.798828125 0.732421875 0.0517578125 0.083984375
1 0.7333984375 0.5439453125 0.0419921875 0.046875
1 0.43359375 0.4921875 0.0205078125 0.041015625
0 0.4609375 0.4521484375 0.041015625 0.0517578125
0 0.189453125 0.376953125 0.03125 0.0341796875
1 0.947265625 0.6884765625 0.076171875 0.0859375
1 0.892578125 0.64453125 0.0732421875 0.080078125
1 0.576171875 0.5419921875 0.0283203125 0.03125
1 0.1328125 0.650390625 0.0283203125 0.041015625
1 0.8935546875 0.5791015625 0.037109375 0.048828125
1 0.0595703125 0.482421875 0.025390625 0.033203125
1 0.5927734375 0.421875 0.013671875 0.0341796875
1 0.4619140625 0.3642578125 0.0205078125 0.0283203125
1 0.78125 0.6640625 0.03125 0.052734375
1 0.568359375 0.4287109375 0.0234375 0.0419921875
1 0.48046875 0.3583984375 0.013671875 0.0234375
0 0.5537109375 0.375 0.029296875 0.03125
0 0.1416015625 0.4814453125 0.033203125 0.052734375
1 0.826171875 0.4931640625 0.0419921875 0.0390625
1 0.029296875 0.560546875 0.033203125 0.044921875
1 0.486328125 0.4296875 0.017578125 0.041015625
0 0.2255859375 0.3544921875 0.0234375 0.025390625
1 0.8974609375 0.544921875 0.029296875 0.0361328125
0 0.9501953125 0.576171875 0.0751953125 0.0576171875
0 0.291015625 0.4130859375 0.044921875 0.029296875
1 0.9580078125 0.626953125 0.0439453125 0.0595703125
1 0.255859375 0.6826171875 0.033203125 0.0654296875
0 0.1640625 0.341796875 0.0283203125 0.025390625
1 0.447265625 0.3994140625 0.0205078125 0.033203125
1 0.5361328125 0.421875 0.021484375 0.037109375
0 0.0791015625 0.728515625 0.0517578125 0.0751953125
1 0.4130859375 0.4375 0.017578125 0.0341796875
0 0.455078125 0.5390625 0.0419921875 0.09375
1 0.529296875 0.5078125 0.0205078125 0.0439453125
1 0.1904296875 0.46875 0.015625 0.0283203125
0 0.240234375 0.341796875 0.0234375 0.0205078125
1 0.109375 0.626953125 0.021484375 0.037109375
1 0.8173828125 0.537109375 0.021484375 0.0390625