0 0.193359375 0.748046875 0.126953125 0.1640625
0 0.337890625 0.728515625 0.0986328125 0.119140625
0 0.3955078125 0.474609375 0.1064453125 0.064453125
1 0.4892578125 0.5732421875 0.0595703125 0.052734375
0 0.5107421875 0.4130859375 0.0439453125 0.0361328125
1 0.142578125 0.513671875 0.0283203125 0.052734375
1 0.4091796875 0.8056640625 0.046875 0.076171875
0 0.5380859375 0.34765625 0.0390625 0.033203125
1 0.3076171875 0.833984375 0.046875 0.091796875
1 0.078125 0.740234375 0.052734375 0.1015625
1 0.15625 0.44921875 0.025390625 0.033203125
1 0.193359375 0.4580078125 0.0263671875 0.037109375
1 0.2763671875 0.470703125 0.03125 0.037109375
0 0.4921875 0.357421875 0.041015625 0.033203125
1 0.232421875 0.48828125 0.0283203125 0.0419921875
1 0.4921875 0.5244140625 0.0498046875 0.048828125
1 0.455078125 0.7822265625 0.0439453125 0.0703125
1 0.56640625 0.541015625 0.0419921875 0.048828125
1 0.6845703125 0.6083984375 0.0439453125 0.0419921875
1 0.6337890625 0.5029296875 0.0263671875 0.041015625
1 0.068359375 0.529296875 0.0283203125 0.0439453125
1 0.720703125 0.5625 0.0234375 0.03125
1 0.748046875 0.568359375 0.044921875 0.0517578125
1 0.978515625 0.720703125 0.0185546875 0.0576171875
1 0.4228515625 0.7392578125 0.0419921875 0.046875
1 0.1865234375 0.4150390625 0.029296875 0.0263671875
1 0.42578125 0.67578125 0.0361328125 0.048828125
1 0.126953125 0.419921875 0.0185546875 0.0283203125
1 0.443359375 0.4130859375 0.0126953125 0.0263671875
0 0.509765625 0.33203125 0.0341796875 0.0263671875
1 0.69140625 0.6923828125 0.0703125 0.0654296875
1 0.5224609375 0.4931640625 0.0419921875 0.0361328125
1 0.4794921875 0.404296875 0.0126953125 0.029296875
1 0.5478515625 0.4072265625 0.017578125 0.033203125
1 0.4580078125 0.716796875 0.025390625 0.0419921875
1 0.552734375 0.4462890625 0.021484375 0.0263671875
1 0.5771484375 0.4873046875 0.0263671875 0.03125
0 0.23046875 0.3623046875 0.0576171875 0.0283203125
1 0.509765625 0.4658203125 0.0234375 0.0341796875
1 0.146484375 0.40625 0.0283203125 0.025390625
1 0.533203125 0.560546875 0.0341796875 0.056640625
1 0.107421875 0.482421875 0.0341796875 0.0361328125
1 0.076171875 0.4013671875 0.025390625 0.0283203125
1 0.6201171875 0.4619140625 0.0185546875 0.029296875
1 0.4326171875 0.5205078125 0.021484375 0.0341796875
1 0.955078125 0.5771484375 0.052734375 0.0390625
1 0.580078125 0.392578125 0.013671875 0.0283203125
1 0.552734375 0.369140625 0.021484375 0.029296875
1 0.5947265625 0.4677734375 0.017578125 0.0234375
1 0.1767578125 0.326171875 0.021484375 0.021484375
1 0.49609375 0.4521484375 0.017578125 0.0234375
1 0.451171875 0.6630859375 0.03125 0.0576171875
1 0.0234375 0.5595703125 0.021484375 0.0439453125
1 0.58984375 0.4521484375 0.0107421875 0.0205078125
0 0.1875 0.875 0.1220703125 0.03125
1 0.3642578125 0.474609375 0.0185546875 0.0263671875
1 0.041015625 0.5537109375 0.0205078125 0.029296875
1 0.5244140625 0.8349609375 0.0263671875 0.060546875
1 0.3525390625 0.3251953125 0.029296875 0.025390625
1 0.853515625 0.6591796875 0.0390625 0.037109375
1 0.58203125 0.623046875 0.029296875 0.076171875
1 0.5478515625 0.515625 0.201171875 0.15625
1 0.376953125 0.3232421875 0.0185546875 0.021484375
1 0.060546875 0.482421875 0.0234375 0.041015625
1 0.068359375 0.6728515625 0.0361328125 0.060546875
1 0.544921875 0.609375 0.021484375 0.072265625
1 0.5927734375 0.8466796875 0.0361328125 0.0498046875
1 0.025390625 0.373046875 0.017578125 0.0234375
1 0.1962890625 0.322265625 0.0205078125 0.0185546875