0 0.7314453125 0.6748046875 0.15625 0.162109375
1 0.6826171875 0.544921875 0.052734375 0.0498046875
1 0.2119140625 0.751953125 0.044921875 0.0810546875
1 0.2529296875 0.6552734375 0.037109375 0.0517578125
1 0.283203125 0.5546875 0.03125 0.041015625
0 0.216796875 0.5390625 0.0751953125 0.078125
1 0.814453125 0.578125 0.0732421875 0.0751953125
0 0.5458984375 0.478515625 0.060546875 0.0732421875
1 0.1767578125 0.470703125 0.025390625 0.041015625
1 0.62109375 0.521484375 0.0263671875 0.041015625
1 0.162109375 0.490234375 0.0205078125 0.0361328125
1 0.603515625 0.6201171875 0.0361328125 0.052734375
1 0.1220703125 0.595703125 0.03125 0.0517578125
1 0.359375 0.4423828125 0.021484375 0.0283203125
0 0.521484375 0.421875 0.0439453125 0.0439453125
1 0.728515625 0.537109375 0.041015625 0.046875
0 0.5576171875 0.3994140625 0.037109375 0.044921875
0 0.4677734375 0.423828125 0.0419921875 0.0419921875
1 0.283203125 0.4736328125 0.0205078125 0.0341796875
1 0.1376953125 0.521484375 0.025390625 0.041015625
1 0.888671875 0.654296875 0.078125 0.076171875
1 0.1923828125 0.3759765625 0.015625 0.0263671875
1 0.951171875 0.7060546875 0.076171875 0.103515625
1 0.5087890625 0.458984375 0.0205078125 0.03125
1 0.1357421875 0.7060546875 0.0341796875 0.052734375
0 0.2275390625 0.3505859375 0.0263671875 0.0234375
1 0.576171875 0.4619140625 0.0185546875 0.0361328125
1 0.595703125 0.5458984375 0.0341796875 0.0517578125
1 0.40625 0.439453125 0.021484375 0.0283203125
1 0.380859375 0.482421875 0.0283203125 0.0439453125
1 0.212890625 0.4375 0.021484375 0.0283203125
1 0.21484375 0.4736328125 0.0234375 0.0341796875
1 0.275390625 0.443359375 0.0263671875 0.03125
1 0.6162109375 0.689453125 0.0361328125 0.0576171875
1 0.236328125 0.45703125 0.021484375 0.0361328125
1 0.05859375 0.48046875 0.0234375 0.0361328125
1 0.896484375 0.541015625 0.03125 0.0361328125
1 0.1484375 0.41796875 0.015625 0.0263671875
1 0.470703125 0.4462890625 0.015625 0.0234375
0 0.498046875 0.34765625 0.0361328125 0.0390625
0 0.3525390625 0.3193359375 0.029296875 0.0205078125
1 0.236328125 0.4150390625 0.0185546875 0.0263671875
1 0.626953125 0.814453125 0.0546875 0.0986328125
1 0.162109375 0.443359375 0.03125 0.029296875
1 0.021484375 0.4853515625 0.021484375 0.0390625
1 0.92578125 0.6083984375 0.0546875 0.0546875
1 0.119140625 0.416015625 0.021484375 0.0283203125
1 0.419921875 0.4091796875 0.0234375 0.0283203125
1 0.224609375 0.455078125 0.1328125 0.0830078125
0 0.5126953125 0.3828125 0.0341796875 0.0341796875
1 0.111328125 0.4833984375 0.037109375 0.033203125
1 0.453125 0.47265625 0.0283203125 0.0390625
1 0.6162109375 0.57421875 0.029296875 0.048828125
1 0.634765625 0.4384765625 0.0419921875 0.0361328125
0 0.232421875 0.373046875 0.046875 0.03125
1 0.9716796875 0.6328125 0.0341796875 0.0654296875
1 0.896484375 0.5732421875 0.041015625 0.037109375
1 0.447265625 0.6708984375 0.03125 0.0673828125
0 0.48046875 0.541015625 0.0888671875 0.107421875
1 0.58984375 0.728515625 0.0361328125 0.068359375
1 0.296875 0.4052734375 0.046875 0.029296875
1 0.67578125 0.509765625 0.0263671875 0.0341796875
1 0.544921875 0.806640625 0.0576171875 0.0595703125
1 0.4638671875 0.361328125 0.0283203125 0.0341796875
1 0.255859375 0.6162109375 0.0263671875 0.0419921875
1 0.0771484375 0.337890625 0.0205078125 0.0185546875
1 0.8212890625 0.5380859375 0.029296875 0.0390625
1 0.029296875 0.560546875 0.0341796875 0.0498046875
1 0.61328125 0.4853515625 0.0234375 0.0361328125
1 0.673828125 0.7314453125 0.0498046875 0.0654296875
0 0.521484375 0.3310546875 0.029296875 0.025390625
1 0.890625 0.3857421875 0.015625 0.025390625
1 0.9521484375 0.53125 0.0205078125 0.015625
1 0.125 0.6611328125 0.037109375 0.0595703125
1 0.5888671875 0.404296875 0.0283203125 0.037109375
1 0.6796875 0.4384765625 0.0185546875 0.0361328125