0 0.193359375 0.748046875 0.1220703125 0.162109375
0 0.5078125 0.421875 0.0625 0.052734375
0 0.337890625 0.728515625 0.0986328125 0.1220703125
1 0.2861328125 0.470703125 0.025390625 0.033203125
1 0.138671875 0.53515625 0.0234375 0.0361328125
0 0.486328125 0.353515625 0.068359375 0.0546875
1 0.580078125 0.4921875 0.0283203125 0.041015625
1 0.0673828125 0.537109375 0.0283203125 0.0419921875
1 0.515625 0.498046875 0.037109375 0.0439453125
1 0.611328125 0.4990234375 0.029296875 0.0390625
0 0.544921875 0.3544921875 0.056640625 0.0498046875
1 0.642578125 0.4951171875 0.0263671875 0.052734375
0 0.931640625 0.58203125 0.109375 0.0859375
1 0.083984375 0.63671875 0.0341796875 0.0546875
1 0.646484375 0.572265625 0.033203125 0.044921875
1 0.2333984375 0.439453125 0.0263671875 0.029296875
0 0.3955078125 0.484375 0.1123046875 0.0625
1 0.15625 0.4619140625 0.0185546875 0.033203125
1 0.474609375 0.5361328125 0.0361328125 0.041015625
1 0.185546875 0.4189453125 0.0283203125 0.0283203125
1 0.494140625 0.455078125 0.0205078125 0.03125
1 0.076171875 0.76171875 0.0361328125 0.0673828125
1 0.470703125 0.4482421875 0.033203125 0.041015625
1 0.4169921875 0.810546875 0.0341796875 0.056640625
1 0.5380859375 0.4658203125 0.0263671875 0.037109375
1 0.4580078125 0.78515625 0.0341796875 0.0517578125
1 0.4267578125 0.705078125 0.046875 0.078125
1 0.306640625 0.8525390625 0.044921875 0.064453125
1 0.0693359375 0.48046875 0.0390625 0.0361328125
1 0.142578125 0.4052734375 0.025390625 0.0205078125
1 0.681640625 0.5703125 0.0390625 0.037109375
1 0.123046875 0.4189453125 0.0205078125 0.03125
1 0.1962890625 0.46484375 0.033203125 0.0390625
1 0.1611328125 0.369140625 0.0126953125 0.017578125
1 0.560546875 0.4521484375 0.015625 0.0234375
1 0.560546875 0.474609375 0.0234375 0.0361328125
1 0.5859375 0.359375 0.015625 0.021484375
1 0.634765625 0.4453125 0.0361328125 0.03125
1 0.0810546875 0.4033203125 0.0283203125 0.025390625
1 0.685546875 0.5185546875 0.033203125 0.0341796875
1 0.513671875 0.44921875 0.021484375 0.0263671875
1 0.3505859375 0.3427734375 0.013671875 0.017578125
1 0.5625 0.4736328125 0.181640625 0.0908203125
1 0.1552734375 0.423828125 0.0263671875 0.0185546875
1 0.9423828125 0.626953125 0.052734375 0.0419921875
1 0.8916015625 0.3837890625 0.017578125 0.0263671875
0 0.232421875 0.3623046875 0.0546875 0.03125
1 0.5869140625 0.4482421875 0.017578125 0.025390625
1 0.830078125 0.6533203125 0.0673828125 0.052734375
1 0.025390625 0.375 0.0126953125 0.0185546875
1 0.06640625 0.388671875 0.0234375 0.021484375
1 0.59375 0.4658203125 0.0126953125 0.0185546875
0 0.201171875 0.875 0.0859375 0.0283203125
1 0.1767578125 0.330078125 0.0283203125 0.0205078125
1 0.107421875 0.484375 0.0341796875 0.0341796875
1 0.5498046875 0.4423828125 0.015625 0.025390625
1 0.7236328125 0.453125 0.015625 0.041015625
1 0.427734375 0.6455078125 0.03125 0.0498046875
1 0.03125 0.58203125 0.0283203125 0.0830078125