0 0.3193359375 0.798828125 0.1513671875 0.177734375
0 0.1923828125 0.7138671875 0.119140625 0.134765625
1 0.564453125 0.5751953125 0.0361328125 0.072265625
1 0.1630859375 0.580078125 0.0263671875 0.0517578125
1 0.41015625 0.462890625 0.0234375 0.033203125
0 0.3173828125 0.6484375 0.0908203125 0.109375
1 0.6884765625 0.5478515625 0.0517578125 0.0576171875
0 0.240234375 0.5078125 0.064453125 0.068359375
1 0.822265625 0.5810546875 0.0859375 0.087890625
0 0.2255859375 0.5771484375 0.080078125 0.0888671875
0 0.408203125 0.3896484375 0.046875 0.0390625
1 0.390625 0.4130859375 0.0185546875 0.029296875
1 0.51171875 0.650390625 0.033203125 0.056640625
1 0.9443359375 0.681640625 0.0830078125 0.09375
1 0.3818359375 0.517578125 0.0205078125 0.0361328125
1 0.7314453125 0.5400390625 0.037109375 0.0390625
0 0.3212890625 0.548828125 0.0703125 0.080078125
0 0.505859375 0.345703125 0.033203125 0.0341796875
0 0.4794921875 0.357421875 0.03125 0.0341796875
1 0.5625 0.392578125 0.015625 0.0234375
0 0.3271484375 0.4912109375 0.0673828125 0.060546875
1 0.86328125 0.837890625 0.0673828125 0.0966796875
1 0.0615234375 0.484375 0.033203125 0.03125
1 0.599609375 0.458984375 0.0361328125 0.044921875
1 0.0458984375 0.5849609375 0.0263671875 0.044921875
1 0.15234375 0.486328125 0.0234375 0.033203125
1 0.6962890625 0.4755859375 0.0419921875 0.0361328125
1 0.1044921875 0.568359375 0.021484375 0.0341796875
0 0.2548828125 0.3955078125 0.052734375 0.0625
1 0.1904296875 0.486328125 0.021484375 0.037109375
1 0.5927734375 0.3984375 0.017578125 0.021484375
1 0.134765625 0.4755859375 0.013671875 0.029296875
0 0.5302734375 0.330078125 0.044921875 0.03125
1 0.095703125 0.4091796875 0.017578125 0.0283203125
1 0.103515625 0.71484375 0.0390625 0.0732421875
1 0.89453125 0.583984375 0.044921875 0.0595703125
1 0.216796875 0.4140625 0.0283203125 0.0341796875
1 0.640625 0.443359375 0.0341796875 0.029296875
1 0.1708984375 0.421875 0.0205078125 0.0283203125
0 0.1767578125 0.529296875 0.0283203125 0.0517578125
0 0.384765625 0.357421875 0.041015625 0.0263671875
1 0.150390625 0.416015625 0.03125 0.041015625
1 0.9658203125 0.599609375 0.037109375 0.0546875
1 0.212890625 0.8203125 0.0498046875 0.0595703125
1 0.0556640625 0.8310546875 0.0361328125 0.0810546875
1 0.1015625 0.62890625 0.0341796875 0.064453125
1 0.412109375 0.361328125 0.0283203125 0.025390625
1 0.478515625 0.451171875 0.013671875 0.0361328125
0 0.935546875 0.521484375 0.0966796875 0.068359375
0 0.037109375 0.4677734375 0.037109375 0.0361328125
0 0.451171875 0.44140625 0.056640625 0.0673828125
1 0.021484375 0.564453125 0.0205078125 0.052734375
1 0.8037109375 0.4912109375 0.013671875 0.0205078125
0 0.494140625 0.318359375 0.0361328125 0.021484375
1 0.8671875 0.4248046875 0.025390625 0.025390625