0 0.193359375 0.751953125 0.125 0.1640625
0 0.5146484375 0.4384765625 0.0517578125 0.0517578125
1 0.6396484375 0.568359375 0.029296875 0.0546875
0 0.33984375 0.7275390625 0.0986328125 0.1171875
1 0.7607421875 0.76953125 0.056640625 0.080078125
1 0.5595703125 0.4833984375 0.021484375 0.0390625
1 0.4013671875 0.6240234375 0.041015625 0.0517578125
0 0.4873046875 0.3623046875 0.046875 0.0341796875
0 0.537109375 0.34765625 0.037109375 0.033203125
1 0.576171875 0.615234375 0.033203125 0.0654296875
1 0.583984375 0.5615234375 0.0419921875 0.060546875
1 0.6943359375 0.669921875 0.0419921875 0.0673828125
1 0.0673828125 0.5380859375 0.0283203125 0.044921875
1 0.583984375 0.513671875 0.029296875 0.0419921875
1 0.115234375 0.6826171875 0.052734375 0.068359375
1 0.4560546875 0.771484375 0.041015625 0.0625
1 0.412109375 0.802734375 0.046875 0.0673828125
1 0.4208984375 0.439453125 0.017578125 0.033203125
1 0.689453125 0.603515625 0.0283203125 0.046875
1 0.8359375 0.57421875 0.0595703125 0.0732421875
1 0.396484375 0.4111328125 0.029296875 0.037109375
1 0.470703125 0.466796875 0.0234375 0.0341796875
1 0.423828125 0.7216796875 0.041015625 0.052734375
0 0.1640625 0.4150390625 0.072265625 0.044921875
1 0.623046875 0.505859375 0.025390625 0.0361328125
1 0.962890625 0.6123046875 0.048828125 0.068359375
1 0.58203125 0.4384765625 0.017578125 0.033203125
1 0.4384765625 0.4716796875 0.0234375 0.0439453125
1 0.3076171875 0.8369140625 0.0498046875 0.0859375
1 0.7880859375 0.685546875 0.0390625 0.052734375
1 0.501953125 0.48828125 0.0234375 0.0419921875
1 0.59765625 0.490234375 0.017578125 0.0341796875
0 0.509765625 0.3330078125 0.03125 0.0283203125
1 0.41796875 0.3984375 0.013671875 0.0283203125
1 0.896484375 0.62109375 0.0361328125 0.0546875
1 0.064453125 0.482421875 0.0341796875 0.0439453125
1 0.6455078125 0.4892578125 0.0185546875 0.03125
1 0.705078125 0.8330078125 0.056640625 0.087890625
1 0.455078125 0.3701171875 0.021484375 0.0283203125
1 0.853515625 0.65625 0.0361328125 0.046875
1 0.6015625 0.396484375 0.0185546875 0.0263671875
1 0.4921875 0.4326171875 0.0126953125 0.0283203125
1 0.0224609375 0.826171875 0.0234375 0.0576171875
1 0.0302734375 0.5625 0.0390625 0.0595703125
1 0.216796875 0.4462890625 0.015625 0.029296875
1 0.248046875 0.361328125 0.0205078125 0.0205078125
1 0.5322265625 0.3994140625 0.013671875 0.0263671875
1 0.029296875 0.669921875 0.0361328125 0.052734375
1 0.408203125 0.36328125 0.0126953125 0.0205078125
1 0.3974609375 0.3798828125 0.017578125 0.0185546875
1 0.5166015625 0.369140625 0.0205078125 0.0234375
1 0.166015625 0.36328125 0.013671875 0.013671875
1 0.5654296875 0.380859375 0.0185546875 0.0234375
1 0.46484375 0.431640625 0.013671875 0.025390625
0 0.638671875 0.453125 0.037109375 0.037109375
1 0.375 0.3955078125 0.015625 0.021484375
1 0.111328125 0.4873046875 0.0341796875 0.03125
1 0.560546875 0.4375 0.015625 0.03125
1 0.02734375 0.763671875 0.029296875 0.041015625
1 0.9208984375 0.685546875 0.048828125 0.0751953125
1 0.3701171875 0.3623046875 0.0185546875 0.025390625
1 0.5888671875 0.375 0.015625 0.0185546875
1 0.498046875 0.4501953125 0.203125 0.140625
1 0.6806640625 0.5107421875 0.0205078125 0.0341796875
1 0.623046875 0.556640625 0.134765625 0.2216796875
1 0.08203125 0.4033203125 0.0205078125 0.025390625
0 0.1953125 0.875 0.0966796875 0.0283203125
1 0.6796875 0.439453125 0.0185546875 0.033203125
1 0.4208984375 0.677734375 0.0361328125 0.0517578125
1 0.025390625 0.373046875 0.0107421875 0.0205078125
1 0.4736328125 0.337890625 0.0126953125 0.017578125
1 0.4541015625 0.50390625 0.0205078125 0.0390625
1 0.740234375 0.5283203125 0.0185546875 0.0498046875
1 0.228515625 0.357421875 0.0126953125 0.021484375
1 0.451171875 0.671875 0.03125 0.0595703125