0 0.19140625 0.748046875 0.123046875 0.1640625
0 0.4912109375 0.3583984375 0.0390625 0.0361328125
0 0.33984375 0.7265625 0.0986328125 0.119140625
1 0.5146484375 0.474609375 0.033203125 0.048828125
1 0.306640625 0.8525390625 0.048828125 0.0703125
1 0.1845703125 0.435546875 0.025390625 0.029296875
0 0.537109375 0.3544921875 0.041015625 0.0439453125
0 0.1064453125 0.39453125 0.0654296875 0.0361328125
0 0.513671875 0.419921875 0.0595703125 0.0595703125
1 0.412109375 0.7998046875 0.056640625 0.072265625
1 0.0771484375 0.763671875 0.0419921875 0.0654296875
1 0.6123046875 0.49609375 0.03125 0.0390625
1 0.0654296875 0.54296875 0.0283203125 0.0390625
1 0.5380859375 0.4765625 0.0263671875 0.0439453125
0 0.5087890625 0.333984375 0.029296875 0.029296875
1 0.572265625 0.4091796875 0.013671875 0.0283203125
1 0.466796875 0.4521484375 0.03125 0.0419921875
1 0.42578125 0.4404296875 0.0205078125 0.0341796875
1 0.552734375 0.4384765625 0.0234375 0.033203125
1 0.1162109375 0.66796875 0.048828125 0.0576171875
1 0.4970703125 0.44921875 0.0185546875 0.029296875
1 0.64453125 0.4892578125 0.0234375 0.041015625
1 0.58984375 0.4833984375 0.0205078125 0.0390625
1 0.455078125 0.3671875 0.0205078125 0.0283203125
1 0.427734375 0.6513671875 0.037109375 0.0625
1 0.560546875 0.4658203125 0.0234375 0.041015625
1 0.4580078125 0.7802734375 0.041015625 0.064453125
1 0.443359375 0.419921875 0.015625 0.0283203125
1 0.0302734375 0.58984375 0.0390625 0.0576171875
1 0.421875 0.7353515625 0.0498046875 0.0576171875
1 0.9150390625 0.580078125 0.0390625 0.044921875
1 0.6201171875 0.466796875 0.0185546875 0.033203125
1 0.46484375 0.4228515625 0.0205078125 0.0234375
1 0.0576171875 0.478515625 0.0185546875 0.033203125
1 0.025390625 0.8232421875 0.0283203125 0.0654296875
1 0.845703125 0.6396484375 0.03125 0.0703125
1 0.2041015625 0.3583984375 0.013671875 0.017578125
0 0.7099609375 0.5458984375 0.1357421875 0.0703125
1 0.166015625 0.365234375 0.0126953125 0.0126953125
0 0.2333984375 0.3701171875 0.0546875 0.03125
1 0.0654296875 0.509765625 0.0185546875 0.03125
1 0.857421875 0.564453125 0.046875 0.0517578125
1 0.228515625 0.357421875 0.0126953125 0.0205078125
0 0.193359375 0.8759765625 0.0986328125 0.029296875
1 0.546875 0.4169921875 0.015625 0.021484375
1 0.158203125 0.583984375 0.0283203125 0.0595703125
1 0.06640625 0.626953125 0.0361328125 0.0419921875
0 0.185546875 0.326171875 0.037109375 0.0234375