0 0.3193359375 0.7998046875 0.1455078125 0.1748046875
1 0.3955078125 0.5537109375 0.0341796875 0.048828125
0 0.5849609375 0.5634765625 0.0859375 0.107421875
1 0.18359375 0.544921875 0.0390625 0.056640625
1 0.693359375 0.55078125 0.046875 0.0576171875
0 0.31640625 0.650390625 0.091796875 0.109375
1 0.5634765625 0.3916015625 0.017578125 0.0263671875
1 0.5185546875 0.4638671875 0.0283203125 0.037109375
1 0.560546875 0.4326171875 0.0234375 0.041015625
1 0.1279296875 0.54296875 0.025390625 0.0419921875
1 0.822265625 0.5751953125 0.087890625 0.087890625
0 0.2412109375 0.51171875 0.060546875 0.076171875
1 0.177734375 0.5966796875 0.0263671875 0.037109375
1 0.892578125 0.654296875 0.0732421875 0.068359375
1 0.650390625 0.6865234375 0.03125 0.0576171875
0 0.5078125 0.345703125 0.03125 0.0341796875
1 0.1181640625 0.5791015625 0.0263671875 0.033203125
1 0.0634765625 0.4775390625 0.029296875 0.033203125
1 0.388671875 0.384765625 0.025390625 0.03125
1 0.2265625 0.5927734375 0.03125 0.0576171875
1 0.5830078125 0.48828125 0.0185546875 0.0390625
1 0.4423828125 0.3828125 0.015625 0.025390625
1 0.595703125 0.4013671875 0.0126953125 0.025390625
1 0.373046875 0.4716796875 0.025390625 0.03125
0 0.466796875 0.4755859375 0.0703125 0.080078125
1 0.419921875 0.416015625 0.017578125 0.025390625
1 0.0419921875 0.580078125 0.025390625 0.048828125
0 0.3271484375 0.490234375 0.064453125 0.0576171875
1 0.4736328125 0.435546875 0.021484375 0.021484375
1 0.4140625 0.453125 0.0185546875 0.0283203125
1 0.9462890625 0.6875 0.076171875 0.083984375
0 0.4794921875 0.357421875 0.0341796875 0.041015625
1 0.49609375 0.482421875 0.017578125 0.0390625
0 0.9384765625 0.521484375 0.091796875 0.072265625
1 0.1953125 0.669921875 0.041015625 0.0830078125
1 0.416015625 0.3828125 0.0205078125 0.0283203125
0 0.3212890625 0.55078125 0.0703125 0.0830078125
1 0.1923828125 0.4228515625 0.025390625 0.029296875
1 0.505859375 0.4267578125 0.0205078125 0.0283203125
1 0.71875 0.4638671875 0.021484375 0.03125
1 0.126953125 0.4931640625 0.0234375 0.033203125
1 0.2177734375 0.4169921875 0.029296875 0.03125
1 0.169921875 0.51171875 0.0234375 0.0361328125
0 0.2568359375 0.404296875 0.048828125 0.0419921875
1 0.892578125 0.587890625 0.0439453125 0.0546875
0 0.54296875 0.3359375 0.0361328125 0.0283203125
1 0.943359375 0.609375 0.0810546875 0.0654296875
1 0.6748046875 0.83203125 0.037109375 0.0830078125
1 0.353515625 0.3525390625 0.0185546875 0.029296875
1 0.7158203125 0.5126953125 0.0341796875 0.041015625
1 0.28125 0.36328125 0.015625 0.0205078125
0 0.1650390625 0.466796875 0.060546875 0.052734375
1 0.462890625 0.4892578125 0.015625 0.025390625
1 0.2470703125 0.3603515625 0.0341796875 0.0234375
1 0.1484375 0.392578125 0.021484375 0.0234375
1 0.2060546875 0.4638671875 0.0185546875 0.0341796875
1 0.1337890625 0.720703125 0.0205078125 0.029296875
1 0.0224609375 0.51953125 0.0234375 0.0205078125
0 0.1787109375 0.326171875 0.0419921875 0.0234375
1 0.6796875 0.4375 0.021484375 0.0341796875
0 0.3515625 0.322265625 0.0341796875 0.0185546875
0 0.220703125 0.326171875 0.0419921875 0.025390625