0 0.599609375 0.6826171875 0.138671875 0.166015625
0 0.1435546875 0.662109375 0.0908203125 0.0966796875
1 0.8193359375 0.583984375 0.0703125 0.076171875
0 0.55078125 0.564453125 0.0830078125 0.0908203125
1 0.701171875 0.662109375 0.0439453125 0.0703125
1 0.775390625 0.70703125 0.0546875 0.1201171875
1 0.646484375 0.607421875 0.03125 0.064453125
0 0.185546875 0.5224609375 0.076171875 0.076171875
1 0.6455078125 0.55078125 0.0283203125 0.0419921875
1 0.412109375 0.4384765625 0.025390625 0.0361328125
1 0.880859375 0.6708984375 0.0751953125 0.0732421875
0 0.322265625 0.4873046875 0.0576171875 0.0625
1 0.509765625 0.626953125 0.0341796875 0.0498046875
1 0.27734375 0.7099609375 0.0419921875 0.0517578125
0 0.291015625 0.4462890625 0.0546875 0.044921875
1 0.728515625 0.5380859375 0.0439453125 0.044921875
1 0.703125 0.6123046875 0.041015625 0.0439453125
1 0.9423828125 0.69140625 0.083984375 0.091796875
1 0.5673828125 0.50390625 0.021484375 0.0390625
1 0.5830078125 0.4443359375 0.037109375 0.0361328125
1 0.912109375 0.7607421875 0.068359375 0.087890625
0 0.4833984375 0.4638671875 0.0517578125 0.0625
1 0.4736328125 0.51953125 0.021484375 0.0390625
1 0.798828125 0.7724609375 0.037109375 0.064453125
1 0.548828125 0.4677734375 0.0234375 0.044921875
0 0.376953125 0.5927734375 0.0986328125 0.173828125
1 0.9404296875 0.84375 0.041015625 0.087890625
1 0.2548828125 0.51953125 0.021484375 0.0361328125
0 0.224609375 0.376953125 0.037109375 0.029296875
1 0.0615234375 0.478515625 0.033203125 0.0361328125
1 0.240234375 0.416015625 0.0234375 0.029296875
0 0.689453125 0.4716796875 0.052734375 0.0283203125
1 0.1396484375 0.462890625 0.017578125 0.029296875
0 0.1845703125 0.3955078125 0.041015625 0.037109375
0 0.1884765625 0.369140625 0.0361328125 0.025390625
1 0.482421875 0.59375 0.037109375 0.0654296875
1 0.544921875 0.4072265625 0.0205078125 0.033203125
1 0.6875 0.541015625 0.041015625 0.044921875
1 0.5576171875 0.4345703125 0.0185546875 0.0283203125
1 0.1328125 0.5146484375 0.025390625 0.0546875
0 0.951171875 0.580078125 0.068359375 0.064453125
1 0.80859375 0.845703125 0.064453125 0.0810546875
0 0.203125 0.4287109375 0.052734375 0.0419921875
0 0.2275390625 0.357421875 0.029296875 0.0205078125
1 0.029296875 0.5634765625 0.033203125 0.048828125
1 0.8955078125 0.587890625 0.041015625 0.052734375
0 0.63671875 0.462890625 0.064453125 0.0576171875
1 0.8984375 0.5458984375 0.0341796875 0.0361328125
1 0.9736328125 0.642578125 0.025390625 0.044921875
1 0.478515625 0.41796875 0.0185546875 0.0263671875
1 0.11328125 0.419921875 0.029296875 0.0263671875
1 0.662109375 0.875 0.033203125 0.03125
0 0.466796875 0.3896484375 0.0341796875 0.044921875
1 0.8134765625 0.5380859375 0.0263671875 0.044921875
1 0.1474609375 0.416015625 0.033203125 0.029296875
1 0.228515625 0.755859375 0.0439453125 0.0732421875
1 0.240234375 0.4482421875 0.0205078125 0.0341796875
0 0.5205078125 0.416015625 0.037109375 0.0654296875
1 0.935546875 0.654296875 0.0234375 0.041015625
0 0.5361328125 0.3525390625 0.03125 0.029296875