0 0.193359375 0.7490234375 0.123046875 0.1611328125
0 0.51171875 0.423828125 0.048828125 0.0498046875
0 0.33984375 0.7255859375 0.0986328125 0.1201171875
0 0.486328125 0.361328125 0.048828125 0.033203125
1 0.068359375 0.533203125 0.0283203125 0.044921875
1 0.5361328125 0.517578125 0.025390625 0.041015625
0 0.5380859375 0.3505859375 0.0390625 0.0361328125
1 0.6162109375 0.5947265625 0.0390625 0.0673828125
1 0.5703125 0.509765625 0.021484375 0.041015625
1 0.6689453125 0.568359375 0.0341796875 0.0576171875
1 0.482421875 0.4619140625 0.0341796875 0.0419921875
1 0.625 0.5009765625 0.021484375 0.0361328125
1 0.646484375 0.537109375 0.0205078125 0.0361328125
1 0.416015625 0.791015625 0.0546875 0.087890625
1 0.0908203125 0.751953125 0.052734375 0.078125
1 0.5068359375 0.5439453125 0.0263671875 0.041015625
1 0.416015625 0.44140625 0.021484375 0.0361328125
1 0.6162109375 0.5390625 0.0361328125 0.041015625
0 0.509765625 0.3310546875 0.0283203125 0.025390625
1 0.146484375 0.4638671875 0.0185546875 0.0283203125
1 0.4560546875 0.787109375 0.03125 0.0517578125
1 0.572265625 0.478515625 0.015625 0.029296875
1 0.3076171875 0.8369140625 0.0498046875 0.0859375
1 0.3916015625 0.392578125 0.017578125 0.025390625
1 0.466796875 0.431640625 0.0205078125 0.0263671875
1 0.216796875 0.4775390625 0.03125 0.0517578125
1 0.6494140625 0.4814453125 0.017578125 0.0283203125
0 0.0556640625 0.3857421875 0.0517578125 0.025390625
1 0.248046875 0.3623046875 0.015625 0.0185546875
1 0.548828125 0.4365234375 0.017578125 0.0263671875
1 0.4052734375 0.3798828125 0.013671875 0.021484375
1 0.5654296875 0.3984375 0.0185546875 0.0283203125
1 0.5654296875 0.451171875 0.015625 0.029296875
1 0.427734375 0.673828125 0.033203125 0.0419921875
1 0.5478515625 0.615234375 0.033203125 0.056640625
0 0.3125 0.392578125 0.09375 0.0419921875
1 0.59375 0.478515625 0.0185546875 0.03125
1 0.42578125 0.412109375 0.017578125 0.0234375
1 0.166015625 0.3642578125 0.013671875 0.015625
1 0.607421875 0.505859375 0.017578125 0.029296875
1 0.6064453125 0.443359375 0.015625 0.0234375
1 0.37890625 0.3623046875 0.017578125 0.0185546875
1 0.029296875 0.5634765625 0.0341796875 0.0546875
1 0.5546875 0.462890625 0.015625 0.0234375
1 0.453125 0.3623046875 0.0185546875 0.025390625
1 0.337890625 0.353515625 0.013671875 0.0205078125
1 0.9765625 0.626953125 0.0185546875 0.041015625
1 0.6396484375 0.4462890625 0.029296875 0.029296875
1 0.203125 0.359375 0.015625 0.0185546875
1 0.431640625 0.3642578125 0.0126953125 0.025390625
1 0.212890625 0.369140625 0.0126953125 0.0263671875
1 0.025390625 0.7919921875 0.0361328125 0.087890625
1 0.0595703125 0.482421875 0.021484375 0.0361328125
1 0.5888671875 0.3828125 0.0126953125 0.021484375
1 0.9248046875 0.5478515625 0.015625 0.0263671875
1 0.130859375 0.4228515625 0.015625 0.0234375
1 0.228515625 0.357421875 0.0126953125 0.0205078125
1 0.4267578125 0.7158203125 0.041015625 0.056640625
0 0.197265625 0.875 0.095703125 0.0283203125
1 0.9599609375 0.59765625 0.017578125 0.0419921875
1 0.5517578125 0.580078125 0.021484375 0.037109375
1 0.474609375 0.3330078125 0.0126953125 0.015625
1 0.890625 0.5732421875 0.0283203125 0.0439453125
1 0.099609375 0.517578125 0.0234375 0.0517578125
1 0.853515625 0.66796875 0.0390625 0.064453125
0 0.353515625 0.318359375 0.037109375 0.0205078125
1 0.548828125 0.41796875 0.0126953125 0.0205078125