0 0.19140625 0.748046875 0.123046875 0.1611328125
0 0.33984375 0.7275390625 0.0986328125 0.1171875
0 0.115234375 0.396484375 0.0673828125 0.0361328125
1 0.3076171875 0.8525390625 0.0498046875 0.0703125
0 0.5380859375 0.353515625 0.0419921875 0.0419921875
1 0.06640625 0.54296875 0.029296875 0.0419921875
1 0.5166015625 0.474609375 0.0361328125 0.046875
1 0.4111328125 0.7998046875 0.0595703125 0.0751953125
1 0.193359375 0.4365234375 0.0263671875 0.033203125
0 0.5126953125 0.423828125 0.046875 0.056640625
0 0.490234375 0.361328125 0.037109375 0.03125
1 0.080078125 0.7578125 0.046875 0.072265625
1 0.572265625 0.4140625 0.0126953125 0.021484375
1 0.609375 0.4921875 0.041015625 0.0498046875
1 0.1162109375 0.669921875 0.048828125 0.060546875
1 0.64453125 0.4921875 0.0234375 0.041015625
0 0.5087890625 0.3330078125 0.029296875 0.0283203125
1 0.552734375 0.44140625 0.025390625 0.0361328125
1 0.427734375 0.697265625 0.046875 0.0751953125
1 0.423828125 0.439453125 0.0185546875 0.033203125
1 0.4970703125 0.453125 0.0185546875 0.03125
1 0.4697265625 0.453125 0.0361328125 0.0439453125
1 0.5498046875 0.474609375 0.021484375 0.0419921875
1 0.453125 0.37109375 0.0185546875 0.029296875
1 0.45703125 0.779296875 0.0390625 0.0625
1 0.029296875 0.5908203125 0.0361328125 0.0595703125
1 0.9111328125 0.58203125 0.046875 0.044921875
1 0.4482421875 0.4072265625 0.015625 0.0263671875
1 0.4443359375 0.4306640625 0.013671875 0.017578125
1 0.134765625 0.421875 0.021484375 0.025390625
0 0.732421875 0.5498046875 0.1455078125 0.072265625
1 0.9189453125 0.541015625 0.0185546875 0.025390625
1 0.9453125 0.580078125 0.03125 0.052734375
1 0.6201171875 0.4638671875 0.0185546875 0.03125
1 0.4658203125 0.419921875 0.0185546875 0.021484375
1 0.068359375 0.478515625 0.0341796875 0.033203125
0 0.232421875 0.369140625 0.052734375 0.033203125
0 0.3212890625 0.392578125 0.0830078125 0.046875
1 0.1669921875 0.365234375 0.0126953125 0.017578125
1 0.8076171875 0.53125 0.03125 0.052734375
1 0.13671875 0.619140625 0.0390625 0.0439453125
1 0.8466796875 0.65234375 0.037109375 0.0546875
1 0.0654296875 0.5087890625 0.0185546875 0.033203125
1 0.634765625 0.4453125 0.037109375 0.025390625
1 0.0283203125 0.8310546875 0.037109375 0.072265625
1 0.595703125 0.46875 0.013671875 0.021484375
0 0.1982421875 0.8759765625 0.103515625 0.029296875
1 0.0185546875 0.474609375 0.015625 0.0234375
1 0.4296875 0.357421875 0.009765625 0.015625
1 0.3310546875 0.3564453125 0.0185546875 0.025390625
1 0.2275390625 0.3564453125 0.0107421875 0.0185546875
1 0.177734375 0.3271484375 0.0205078125 0.0205078125
1 0.5478515625 0.416015625 0.013671875 0.0205078125