0 0.322265625 0.7998046875 0.1455078125 0.1748046875
0 0.201171875 0.67578125 0.107421875 0.1171875
0 0.240234375 0.505859375 0.0625 0.068359375
1 0.134765625 0.5751953125 0.03125 0.0498046875
0 0.224609375 0.5771484375 0.078125 0.0888671875
0 0.3154296875 0.6494140625 0.087890625 0.107421875
0 0.5048828125 0.3427734375 0.037109375 0.029296875
1 0.818359375 0.583984375 0.0810546875 0.080078125
0 0.578125 0.5849609375 0.109375 0.142578125
1 0.7255859375 0.53515625 0.048828125 0.044921875
0 0.3212890625 0.55078125 0.0703125 0.080078125
1 0.400390625 0.5859375 0.0234375 0.0625
0 0.326171875 0.490234375 0.0654296875 0.0576171875
1 0.060546875 0.484375 0.021484375 0.0283203125
1 0.134765625 0.625 0.0390625 0.0625
1 0.19140625 0.48828125 0.0205078125 0.0361328125
0 0.4814453125 0.3564453125 0.0283203125 0.0283203125
1 0.1650390625 0.470703125 0.048828125 0.0498046875
1 0.94921875 0.6845703125 0.0703125 0.087890625
1 0.931640625 0.603515625 0.056640625 0.048828125
1 0.6806640625 0.541015625 0.029296875 0.0419921875
1 0.12890625 0.486328125 0.017578125 0.029296875
1 0.892578125 0.65234375 0.078125 0.080078125
1 0.044921875 0.5791015625 0.03125 0.0576171875
0 0.5341796875 0.3291015625 0.0439453125 0.029296875
0 0.48828125 0.4384765625 0.0703125 0.0546875
1 0.3486328125 0.6953125 0.037109375 0.0439453125
1 0.896484375 0.546875 0.0390625 0.037109375
1 0.1953125 0.4267578125 0.021484375 0.025390625
1 0.5458984375 0.4384765625 0.0205078125 0.044921875
0 0.2392578125 0.384765625 0.068359375 0.041015625
0 0.4189453125 0.408203125 0.037109375 0.041015625
1 0.1796875 0.8662109375 0.046875 0.048828125
1 0.2080078125 0.484375 0.015625 0.037109375
1 0.5029296875 0.40234375 0.0126953125 0.0205078125
0 0.19140625 0.390625 0.029296875 0.021484375
1 0.951171875 0.517578125 0.0390625 0.041015625
0 0.3515625 0.3203125 0.03125 0.015625
0 0.177734375 0.525390625 0.0263671875 0.044921875
1 0.8505859375 0.548828125 0.029296875 0.0439453125
1 0.2197265625 0.4228515625 0.0263671875 0.0263671875
0 0.064453125 0.8310546875 0.1015625 0.119140625
1 0.150390625 0.41796875 0.029296875 0.029296875
1 0.5888671875 0.4208984375 0.009765625 0.0205078125
1 0.552734375 0.39453125 0.0185546875 0.0390625
1 0.099609375 0.4794921875 0.033203125 0.037109375
1 0.3828125 0.396484375 0.0185546875 0.03125
1 0.591796875 0.400390625 0.017578125 0.029296875
1 0.89453125 0.587890625 0.033203125 0.0546875
1 0.505859375 0.380859375 0.017578125 0.025390625
0 0.2578125 0.4091796875 0.041015625 0.0283203125
1 0.888671875 0.3857421875 0.013671875 0.0283203125