0 0.7041015625 0.693359375 0.1513671875 0.1640625
1 0.1826171875 0.529296875 0.025390625 0.0439453125
0 0.560546875 0.5078125 0.068359375 0.09375
0 0.3359375 0.7490234375 0.1123046875 0.126953125
1 0.67578125 0.5849609375 0.0419921875 0.0546875
0 0.6220703125 0.451171875 0.083984375 0.0625
1 0.8154296875 0.5751953125 0.0751953125 0.0751953125
1 0.85546875 0.7822265625 0.060546875 0.091796875
1 0.611328125 0.501953125 0.0283203125 0.041015625
0 0.48828125 0.3603515625 0.0361328125 0.029296875
1 0.6484375 0.55859375 0.0341796875 0.0576171875
1 0.19140625 0.40234375 0.017578125 0.033203125
1 0.1103515625 0.478515625 0.029296875 0.037109375
1 0.865234375 0.654296875 0.0595703125 0.0576171875
1 0.6875 0.54296875 0.037109375 0.0419921875
1 0.740234375 0.5908203125 0.052734375 0.0498046875
1 0.728515625 0.533203125 0.0361328125 0.0390625
1 0.705078125 0.513671875 0.0185546875 0.0283203125
1 0.9658203125 0.705078125 0.0439453125 0.072265625
0 0.451171875 0.451171875 0.052734375 0.064453125
1 0.060546875 0.478515625 0.0263671875 0.0341796875
1 0.234375 0.419921875 0.021484375 0.0263671875
1 0.1923828125 0.4755859375 0.0185546875 0.0263671875
1 0.5498046875 0.56640625 0.037109375 0.060546875
1 0.150390625 0.482421875 0.0234375 0.029296875
1 0.146484375 0.455078125 0.0205078125 0.03125
1 0.564453125 0.447265625 0.013671875 0.0234375
1 0.1220703125 0.4189453125 0.021484375 0.025390625
1 0.3798828125 0.44921875 0.025390625 0.0390625
1 0.1826171875 0.357421875 0.0126953125 0.021484375
1 0.361328125 0.4248046875 0.0341796875 0.0341796875
1 0.923828125 0.708984375 0.03125 0.046875
0 0.943359375 0.564453125 0.0888671875 0.064453125
0 0.3515625 0.3212890625 0.03125 0.017578125
0 0.091796875 0.396484375 0.0654296875 0.041015625
1 0.455078125 0.515625 0.03125 0.0625
1 0.564453125 0.4228515625 0.0185546875 0.029296875
1 0.943359375 0.5341796875 0.0390625 0.025390625
0 0.236328125 0.365234375 0.0595703125 0.041015625
1 0.216796875 0.498046875 0.017578125 0.029296875
1 0.671875 0.4951171875 0.0185546875 0.0341796875
1 0.919921875 0.6103515625 0.046875 0.0546875
1 0.2177734375 0.3935546875 0.0205078125 0.0283203125
0 0.517578125 0.3251953125 0.033203125 0.021484375
1 0.4248046875 0.416015625 0.0283203125 0.033203125
1 0.0283203125 0.4697265625 0.0341796875 0.0390625
0 0.744140625 0.849609375 0.1435546875 0.080078125
1 0.185546875 0.494140625 0.087890625 0.091796875
1 0.025390625 0.564453125 0.025390625 0.0517578125
1 0.9619140625 0.6240234375 0.0361328125 0.0546875
1 0.2412109375 0.353515625 0.0107421875 0.021484375
1 0.1982421875 0.3525390625 0.0126953125 0.0234375
0 0.2578125 0.3330078125 0.0341796875 0.021484375
1 0.59765625 0.4033203125 0.013671875 0.021484375
1 0.4541015625 0.3701171875 0.017578125 0.0341796875
1 0.849609375 0.55078125 0.025390625 0.0419921875
1 0.1796875 0.4970703125 0.015625 0.0185546875
1 0.484375 0.435546875 0.03125 0.046875
0 0.234375 0.337890625 0.025390625 0.015625
1 0.5908203125 0.4638671875 0.0126953125 0.03125