1 0.7216796875 0.697265625 0.0498046875 0.0732421875
1 0.5458984375 0.7138671875 0.0390625 0.068359375
0 0.3740234375 0.666015625 0.0859375 0.1142578125
0 0.6865234375 0.7958984375 0.1669921875 0.1796875
0 0.1572265625 0.51953125 0.0576171875 0.064453125
1 0.8740234375 0.853515625 0.064453125 0.072265625
1 0.8095703125 0.580078125 0.068359375 0.0751953125
1 0.115234375 0.6435546875 0.03125 0.052734375
0 0.234375 0.62109375 0.1279296875 0.1484375
0 0.5185546875 0.5537109375 0.0810546875 0.1015625
1 0.6083984375 0.4736328125 0.0205078125 0.0341796875
0 0.6416015625 0.5458984375 0.0830078125 0.091796875
1 0.576171875 0.4453125 0.025390625 0.037109375
1 0.0751953125 0.751953125 0.03125 0.052734375
1 0.4951171875 0.458984375 0.0185546875 0.033203125
1 0.943359375 0.6845703125 0.0810546875 0.087890625
0 0.548828125 0.4736328125 0.0625 0.0751953125
1 0.728515625 0.5361328125 0.0439453125 0.0498046875
1 0.701171875 0.55078125 0.0283203125 0.0390625
0 0.2900390625 0.4345703125 0.0517578125 0.0439453125
1 0.5966796875 0.6640625 0.0439453125 0.068359375
1 0.6875 0.521484375 0.03125 0.0439453125
1 0.5869140625 0.412109375 0.0263671875 0.0439453125
1 0.427734375 0.494140625 0.044921875 0.052734375
1 0.0302734375 0.80859375 0.0390625 0.060546875
0 0.4384765625 0.4306640625 0.0361328125 0.0517578125
0 0.3408203125 0.462890625 0.0751953125 0.0966796875
1 0.853515625 0.654296875 0.033203125 0.0419921875
1 0.1318359375 0.419921875 0.013671875 0.025390625
1 0.232421875 0.513671875 0.0205078125 0.033203125
1 0.0263671875 0.5732421875 0.03125 0.068359375
1 0.216796875 0.7939453125 0.029296875 0.046875
1 0.84765625 0.55859375 0.0361328125 0.0546875
1 0.201171875 0.498046875 0.033203125 0.0625
1 0.1611328125 0.744140625 0.0341796875 0.048828125
1 0.259765625 0.4814453125 0.0185546875 0.03125
1 0.5458984375 0.416015625 0.017578125 0.033203125
1 0.1982421875 0.560546875 0.0185546875 0.041015625
0 0.236328125 0.3818359375 0.048828125 0.0361328125
1 0.2119140625 0.7509765625 0.0390625 0.0546875
1 0.451171875 0.3642578125 0.0185546875 0.0283203125
1 0.9306640625 0.6103515625 0.044921875 0.0419921875
0 0.5087890625 0.40625 0.048828125 0.056640625
1 0.0634765625 0.478515625 0.0390625 0.041015625
0 0.1845703125 0.39453125 0.041015625 0.033203125
1 0.888671875 0.591796875 0.0625 0.0595703125
0 0.173828125 0.3701171875 0.041015625 0.03125
1 0.029296875 0.4765625 0.041015625 0.0439453125
1 0.455078125 0.4697265625 0.037109375 0.044921875
1 0.609375 0.859375 0.052734375 0.0595703125
1 0.1591796875 0.7080078125 0.025390625 0.037109375
0 0.9345703125 0.521484375 0.0810546875 0.052734375
1 0.458984375 0.505859375 0.0234375 0.0439453125
0 0.5693359375 0.3779296875 0.0419921875 0.046875
1 0.9599609375 0.630859375 0.0361328125 0.056640625
1 0.9033203125 0.54296875 0.021484375 0.029296875
0 0.9560546875 0.5751953125 0.0625 0.052734375
1 0.1142578125 0.408203125 0.021484375 0.0263671875
1 0.607421875 0.517578125 0.021484375 0.0517578125
1 0.0791015625 0.3388671875 0.0205078125 0.0185546875
1 0.4794921875 0.376953125 0.037109375 0.0576171875
1 0.107421875 0.486328125 0.0341796875 0.033203125