0 0.193359375 0.7509765625 0.123046875 0.1640625
0 0.5107421875 0.423828125 0.0498046875 0.056640625
0 0.337890625 0.7275390625 0.0986328125 0.1171875
0 0.8134765625 0.7890625 0.1767578125 0.177734375
1 0.5146484375 0.654296875 0.0361328125 0.0751953125
1 0.5478515625 0.5947265625 0.029296875 0.060546875
0 0.611328125 0.6865234375 0.1435546875 0.1513671875
1 0.40625 0.517578125 0.0341796875 0.056640625
1 0.47265625 0.6279296875 0.029296875 0.046875
1 0.55078125 0.5205078125 0.0263671875 0.0498046875
1 0.4296875 0.681640625 0.037109375 0.0625
0 0.5390625 0.349609375 0.0439453125 0.0361328125
1 0.6162109375 0.48046875 0.0263671875 0.029296875
1 0.7470703125 0.638671875 0.0439453125 0.0517578125
1 0.673828125 0.591796875 0.0546875 0.0625
1 0.6962890625 0.6474609375 0.0517578125 0.0673828125
0 0.9189453125 0.580078125 0.134765625 0.0673828125
1 0.8427734375 0.6611328125 0.064453125 0.068359375
1 0.5947265625 0.53515625 0.060546875 0.0673828125
0 0.48828125 0.349609375 0.0703125 0.0576171875
1 0.0791015625 0.7529296875 0.044921875 0.0810546875
1 0.6240234375 0.599609375 0.0361328125 0.0546875
1 0.59375 0.4482421875 0.0810546875 0.0654296875
1 0.9599609375 0.6689453125 0.044921875 0.083984375
1 0.7939453125 0.5888671875 0.103515625 0.056640625
1 0.689453125 0.533203125 0.0751953125 0.044921875
1 0.650390625 0.455078125 0.0361328125 0.0390625
1 0.5830078125 0.5947265625 0.046875 0.0546875
0 0.458984375 0.4873046875 0.064453125 0.087890625
1 0.509765625 0.544921875 0.021484375 0.0361328125
1 0.7548828125 0.5498046875 0.0341796875 0.0341796875
1 0.1875 0.599609375 0.0283203125 0.0703125
1 0.2919921875 0.599609375 0.103515625 0.0546875
1 0.525390625 0.5166015625 0.0185546875 0.029296875
1 0.705078125 0.4658203125 0.0205078125 0.0283203125
1 0.46875 0.4248046875 0.0185546875 0.03125
1 0.0244140625 0.5625 0.0234375 0.0498046875
0 0.3515625 0.3212890625 0.03125 0.017578125
1 0.494140625 0.44921875 0.017578125 0.0234375
1 0.591796875 0.4970703125 0.029296875 0.0341796875
1 0.4453125 0.427734375 0.015625 0.0234375
1 0.794921875 0.560546875 0.0263671875 0.0361328125
1 0.6474609375 0.529296875 0.0263671875 0.0361328125
1 0.794921875 0.498046875 0.0390625 0.03125
1 0.412109375 0.474609375 0.015625 0.0283203125
1 0.9150390625 0.521484375 0.0234375 0.029296875
1 0.5498046875 0.3720703125 0.015625 0.0283203125
1 0.052734375 0.677734375 0.029296875 0.0673828125
1 0.03125 0.826171875 0.041015625 0.1044921875
1 0.0673828125 0.4794921875 0.0439453125 0.037109375
1 0.5322265625 0.3818359375 0.013671875 0.029296875
1 0.5087890625 0.482421875 0.048828125 0.068359375
1 0.423828125 0.4462890625 0.0439453125 0.0263671875
1 0.10546875 0.486328125 0.033203125 0.033203125
1 0.5595703125 0.4111328125 0.015625 0.03125
1 0.072265625 0.337890625 0.0107421875 0.0185546875
1 0.4423828125 0.3564453125 0.021484375 0.0283203125