1 0.662109375 0.6044921875 0.044921875 0.0654296875
1 0.6708984375 0.6748046875 0.048828125 0.078125
0 0.119140625 0.7587890625 0.1201171875 0.138671875
1 0.6044921875 0.517578125 0.0283203125 0.056640625
0 0.181640625 0.5673828125 0.0810546875 0.083984375
1 0.76171875 0.6669921875 0.064453125 0.0966796875
0 0.5478515625 0.6005859375 0.1015625 0.1201171875
1 0.72265625 0.6201171875 0.0263671875 0.046875
1 0.6220703125 0.5615234375 0.03125 0.0517578125
0 0.525390625 0.509765625 0.068359375 0.0673828125
0 0.3369140625 0.5263671875 0.064453125 0.0751953125
1 0.798828125 0.5751953125 0.044921875 0.0625
1 0.8740234375 0.833984375 0.091796875 0.107421875
0 0.3046875 0.4677734375 0.056640625 0.0517578125
1 0.9404296875 0.6826171875 0.087890625 0.0908203125
1 0.6904296875 0.5537109375 0.0498046875 0.0576171875
1 0.16015625 0.4814453125 0.0234375 0.03125
0 0.4814453125 0.37109375 0.0439453125 0.044921875
1 0.5244140625 0.4375 0.0234375 0.046875
1 0.6279296875 0.8173828125 0.0625 0.125
1 0.1396484375 0.50390625 0.0205078125 0.0361328125
1 0.841796875 0.5791015625 0.046875 0.080078125
0 0.4775390625 0.43359375 0.044921875 0.048828125
1 0.548828125 0.7138671875 0.044921875 0.0654296875
0 0.216796875 0.4580078125 0.0439453125 0.041015625
1 0.7197265625 0.748046875 0.044921875 0.0751953125
1 0.6396484375 0.7490234375 0.044921875 0.0517578125
1 0.7275390625 0.5380859375 0.0419921875 0.044921875
0 0.1962890625 0.4091796875 0.048828125 0.0439453125
1 0.267578125 0.646484375 0.03125 0.0654296875
0 0.248046875 0.3896484375 0.046875 0.044921875
0 0.2724609375 0.4208984375 0.0419921875 0.0419921875
1 0.734375 0.8369140625 0.0654296875 0.1015625
0 0.5908203125 0.4443359375 0.068359375 0.0546875
1 0.435546875 0.5009765625 0.0234375 0.044921875
1 0.06640625 0.478515625 0.0390625 0.037109375
1 0.5517578125 0.3916015625 0.0185546875 0.029296875
1 0.115234375 0.5732421875 0.0234375 0.0341796875
0 0.5302734375 0.3544921875 0.044921875 0.037109375
0 0.439453125 0.416015625 0.0439453125 0.046875
1 0.8974609375 0.5830078125 0.0419921875 0.0498046875
1 0.0947265625 0.6162109375 0.033203125 0.0419921875
0 0.458984375 0.55078125 0.0498046875 0.0703125
1 0.611328125 0.4677734375 0.0205078125 0.033203125
1 0.1484375 0.384765625 0.015625 0.0205078125
1 0.4541015625 0.3779296875 0.0205078125 0.0283203125
1 0.822265625 0.537109375 0.0283203125 0.0419921875
0 0.947265625 0.58203125 0.0732421875 0.0673828125
1 0.873046875 0.763671875 0.0361328125 0.0595703125
1 0.1015625 0.48046875 0.0341796875 0.0361328125
1 0.638671875 0.529296875 0.021484375 0.029296875
1 0.025390625 0.5615234375 0.0263671875 0.044921875
1 0.974609375 0.63671875 0.029296875 0.0576171875
0 0.580078125 0.388671875 0.0390625 0.056640625
1 0.6162109375 0.4482421875 0.013671875 0.0185546875
1 0.6435546875 0.4453125 0.0283203125 0.025390625
1 0.255859375 0.501953125 0.0205078125 0.03125
1 0.171875 0.4189453125 0.015625 0.021484375
1 0.9716796875 0.7392578125 0.025390625 0.0810546875
1 0.17578125 0.4580078125 0.013671875 0.021484375