1 0.5947265625 0.5224609375 0.029296875 0.0546875
0 0.36328125 0.6015625 0.080078125 0.099609375
0 0.6298828125 0.7861328125 0.1591796875 0.197265625
0 0.72265625 0.654296875 0.154296875 0.1513671875
0 0.150390625 0.4345703125 0.0439453125 0.041015625
1 0.3017578125 0.666015625 0.041015625 0.0751953125
1 0.5615234375 0.537109375 0.0263671875 0.044921875
1 0.8193359375 0.5830078125 0.080078125 0.0810546875
1 0.6005859375 0.6171875 0.0517578125 0.1220703125
1 0.62109375 0.5224609375 0.0263671875 0.048828125
0 0.197265625 0.611328125 0.0908203125 0.1279296875
0 0.48828125 0.5595703125 0.1015625 0.115234375
0 0.5234375 0.4521484375 0.0625 0.0830078125
1 0.6572265625 0.5400390625 0.029296875 0.0546875
1 0.5849609375 0.4892578125 0.0205078125 0.03125
0 0.4609375 0.478515625 0.056640625 0.0625
1 0.890625 0.6474609375 0.072265625 0.076171875
0 0.564453125 0.4091796875 0.037109375 0.046875
1 0.4951171875 0.4072265625 0.0185546875 0.029296875
0 0.0966796875 0.396484375 0.056640625 0.033203125
0 0.240234375 0.470703125 0.0654296875 0.0673828125
1 0.7255859375 0.53125 0.0517578125 0.0595703125
0 0.3447265625 0.4970703125 0.064453125 0.0595703125
1 0.228515625 0.734375 0.03125 0.046875
1 0.53125 0.3828125 0.021484375 0.025390625
1 0.5908203125 0.4306640625 0.015625 0.0263671875
1 0.587890625 0.4619140625 0.0205078125 0.029296875
1 0.9619140625 0.6552734375 0.048828125 0.0732421875
1 0.1787109375 0.390625 0.017578125 0.025390625
0 0.30078125 0.4111328125 0.064453125 0.0751953125
0 0.560546875 0.373046875 0.0283203125 0.0283203125
1 0.6357421875 0.44140625 0.037109375 0.033203125
0 0.482421875 0.37109375 0.033203125 0.0419921875
1 0.12890625 0.5458984375 0.0234375 0.0390625
1 0.8955078125 0.5869140625 0.041015625 0.0546875
1 0.0810546875 0.7626953125 0.056640625 0.056640625
1 0.935546875 0.6982421875 0.0439453125 0.056640625
0 0.197265625 0.34765625 0.033203125 0.029296875
1 0.1826171875 0.51171875 0.021484375 0.044921875
0 0.244140625 0.384765625 0.0595703125 0.0419921875
1 0.837890625 0.5 0.0361328125 0.025390625
1 0.927734375 0.611328125 0.037109375 0.0390625
0 0.5244140625 0.345703125 0.0361328125 0.0263671875
1 0.146484375 0.4697265625 0.015625 0.0263671875
1 0.58203125 0.3798828125 0.0234375 0.03125
0 0.1806640625 0.3662109375 0.0263671875 0.0234375
1 0.4541015625 0.37109375 0.0205078125 0.0234375
1 0.0615234375 0.48046875 0.0263671875 0.0361328125
1 0.1455078125 0.513671875 0.015625 0.0234375
1 0.6865234375 0.53125 0.029296875 0.037109375
1 0.6201171875 0.4833984375 0.021484375 0.033203125
1 0.0244140625 0.5595703125 0.0263671875 0.0439453125
1 0.9052734375 0.544921875 0.0205078125 0.0263671875
1 0.4423828125 0.412109375 0.0185546875 0.021484375
0 0.408203125 0.419921875 0.0283203125 0.03125
0 0.955078125 0.580078125 0.0625 0.0595703125