0 0.322265625 0.80078125 0.1435546875 0.1767578125
0 0.1005859375 0.66796875 0.0859375 0.111328125
0 0.19921875 0.6767578125 0.1044921875 0.119140625
1 0.564453125 0.470703125 0.03125 0.046875
1 0.208984375 0.8349609375 0.0419921875 0.0673828125
0 0.240234375 0.509765625 0.064453125 0.072265625
1 0.8955078125 0.6513671875 0.087890625 0.087890625
0 0.3173828125 0.6494140625 0.0908203125 0.111328125
1 0.8193359375 0.576171875 0.0859375 0.0908203125
1 0.5302734375 0.47265625 0.0234375 0.0361328125
1 0.6904296875 0.541015625 0.0498046875 0.0576171875
0 0.224609375 0.5771484375 0.078125 0.0888671875
0 0.259765625 0.408203125 0.0576171875 0.0419921875
0 0.4765625 0.361328125 0.0439453125 0.0390625
0 0.5009765625 0.505859375 0.095703125 0.1015625
1 0.595703125 0.4462890625 0.0185546875 0.0263671875
1 0.427734375 0.4677734375 0.025390625 0.0419921875
0 0.326171875 0.4912109375 0.068359375 0.064453125
1 0.5068359375 0.451171875 0.0234375 0.0234375
0 0.3212890625 0.5517578125 0.0703125 0.0810546875
1 0.533203125 0.447265625 0.0205078125 0.0283203125
1 0.900390625 0.54296875 0.041015625 0.0419921875
1 0.5849609375 0.5224609375 0.029296875 0.0576171875
1 0.4794921875 0.4189453125 0.021484375 0.037109375
0 0.5234375 0.333984375 0.0498046875 0.0361328125
0 0.0615234375 0.767578125 0.0517578125 0.091796875
1 0.9609375 0.69921875 0.052734375 0.076171875
1 0.6357421875 0.4423828125 0.041015625 0.037109375
1 0.1884765625 0.5009765625 0.0263671875 0.044921875
1 0.1435546875 0.458984375 0.025390625 0.0263671875
1 0.5576171875 0.4326171875 0.0185546875 0.025390625
1 0.892578125 0.5888671875 0.0419921875 0.0595703125
1 0.146484375 0.392578125 0.021484375 0.021484375
0 0.708984375 0.482421875 0.1064453125 0.064453125
1 0.5087890625 0.42578125 0.0234375 0.0361328125
1 0.4287109375 0.6826171875 0.033203125 0.0595703125
1 0.1455078125 0.7255859375 0.041015625 0.044921875
1 0.470703125 0.6748046875 0.029296875 0.0625
1 0.2216796875 0.4111328125 0.021484375 0.03125
1 0.421875 0.435546875 0.015625 0.025390625
1 0.181640625 0.4189453125 0.0205078125 0.03125
1 0.9326171875 0.611328125 0.0439453125 0.048828125
0 0.3515625 0.3203125 0.03125 0.015625
1 0.150390625 0.4111328125 0.015625 0.025390625
1 0.0615234375 0.4794921875 0.029296875 0.037109375
1 0.650390625 0.478515625 0.0234375 0.0546875
1 0.1533203125 0.78125 0.037109375 0.083984375
1 0.9189453125 0.5146484375 0.037109375 0.033203125
1 0.16015625 0.5029296875 0.0205078125 0.03125
1 0.39453125 0.619140625 0.0361328125 0.080078125
1 0.81640625 0.5341796875 0.0263671875 0.041015625
1 0.0234375 0.5634765625 0.025390625 0.0517578125
1 0.1328125 0.8427734375 0.068359375 0.0859375
1 0.97265625 0.630859375 0.033203125 0.0625
0 0.068359375 0.322265625 0.0361328125 0.0205078125
0 0.228515625 0.341796875 0.0283203125 0.021484375
1 0.529296875 0.3759765625 0.0341796875 0.029296875
1 0.1083984375 0.486328125 0.0361328125 0.0341796875
1 0.541015625 0.529296875 0.013671875 0.033203125
1 0.208984375 0.77734375 0.046875 0.064453125
0 0.173828125 0.384765625 0.0546875 0.037109375
1 0.19921875 0.462890625 0.0361328125 0.048828125
1 0.107421875 0.421875 0.0185546875 0.0283203125