0 0.318359375 0.7998046875 0.150390625 0.1748046875
0 0.5703125 0.54296875 0.0810546875 0.1015625
0 0.31640625 0.6474609375 0.091796875 0.107421875
1 0.181640625 0.548828125 0.041015625 0.0498046875
1 0.541015625 0.427734375 0.021484375 0.041015625
1 0.5068359375 0.4482421875 0.0263671875 0.0341796875
1 0.228515625 0.630859375 0.0361328125 0.0546875
1 0.6455078125 0.775390625 0.0439453125 0.064453125
1 0.818359375 0.56640625 0.0810546875 0.080078125
1 0.6943359375 0.55078125 0.044921875 0.060546875
1 0.4306640625 0.470703125 0.0234375 0.0390625
0 0.240234375 0.5166015625 0.060546875 0.076171875
1 0.37890625 0.564453125 0.0419921875 0.0576171875
1 0.1279296875 0.544921875 0.025390625 0.041015625
1 0.5634765625 0.3896484375 0.0205078125 0.0263671875
1 0.384765625 0.484375 0.03125 0.037109375
1 0.177734375 0.595703125 0.03125 0.0654296875
1 0.5068359375 0.365234375 0.017578125 0.029296875
1 0.3916015625 0.384765625 0.0205078125 0.0283203125
1 0.5693359375 0.466796875 0.0234375 0.041015625
1 0.486328125 0.466796875 0.021484375 0.041015625
0 0.4794921875 0.35546875 0.0341796875 0.0361328125
0 0.3271484375 0.4892578125 0.064453125 0.056640625
0 0.3212890625 0.5517578125 0.0703125 0.0810546875
1 0.1103515625 0.5009765625 0.0361328125 0.033203125
1 0.0615234375 0.4775390625 0.0263671875 0.033203125
1 0.404296875 0.451171875 0.0283203125 0.0390625
0 0.216796875 0.330078125 0.048828125 0.033203125
1 0.8955078125 0.654296875 0.078125 0.078125
0 0.505859375 0.341796875 0.0283203125 0.0283203125
1 0.115234375 0.595703125 0.029296875 0.037109375
1 0.19140625 0.4248046875 0.033203125 0.03125
0 0.537109375 0.337890625 0.046875 0.0341796875
1 0.0380859375 0.5859375 0.0419921875 0.0751953125
1 0.6904296875 0.4619140625 0.0283203125 0.033203125
1 0.4384765625 0.4384765625 0.0205078125 0.029296875
1 0.4091796875 0.3798828125 0.025390625 0.03125
1 0.595703125 0.4013671875 0.013671875 0.0283203125
1 0.1728515625 0.4853515625 0.0361328125 0.0361328125
0 0.25390625 0.3984375 0.0546875 0.0595703125
1 0.33984375 0.353515625 0.029296875 0.029296875
1 0.9560546875 0.693359375 0.0625 0.0888671875
1 0.205078125 0.462890625 0.017578125 0.03125
1 0.4638671875 0.423828125 0.015625 0.021484375
1 0.8935546875 0.5869140625 0.046875 0.0576171875
1 0.4697265625 0.451171875 0.0234375 0.044921875
1 0.373046875 0.35546875 0.0205078125 0.0263671875
1 0.486328125 0.412109375 0.017578125 0.0341796875
1 0.587890625 0.396484375 0.009765625 0.0185546875
0 0.9375 0.5234375 0.09375 0.072265625
1 0.4580078125 0.451171875 0.1220703125 0.083984375
1 0.548828125 0.76171875 0.048828125 0.0830078125
1 0.1923828125 0.701171875 0.041015625 0.072265625
1 0.6240234375 0.626953125 0.0263671875 0.060546875
0 0.1630859375 0.345703125 0.064453125 0.0439453125
1 0.287109375 0.3603515625 0.0341796875 0.0263671875
1 0.3515625 0.6171875 0.021484375 0.046875
1 0.767578125 0.4853515625 0.056640625 0.0361328125