0 0.548828125 0.494140625 0.072265625 0.0830078125
0 0.591796875 0.4423828125 0.0673828125 0.052734375
1 0.7509765625 0.6513671875 0.0546875 0.0810546875
1 0.177734375 0.599609375 0.0283203125 0.056640625
1 0.681640625 0.560546875 0.0419921875 0.0654296875
1 0.7939453125 0.779296875 0.056640625 0.091796875
0 0.6396484375 0.6240234375 0.1201171875 0.1298828125
0 0.490234375 0.359375 0.037109375 0.0341796875
0 0.33203125 0.791015625 0.126953125 0.142578125
1 0.630859375 0.525390625 0.0361328125 0.0654296875
1 0.791015625 0.55859375 0.03125 0.0419921875
1 0.8046875 0.595703125 0.041015625 0.0498046875
1 0.1474609375 0.5322265625 0.029296875 0.044921875
1 0.1513671875 0.470703125 0.025390625 0.037109375
1 0.857421875 0.6513671875 0.0439453125 0.0498046875
1 0.146484375 0.4423828125 0.0283203125 0.025390625
1 0.73046875 0.52734375 0.0419921875 0.048828125
1 0.3671875 0.4248046875 0.0283203125 0.03125
1 0.90234375 0.8369140625 0.0888671875 0.095703125
1 0.9658203125 0.7060546875 0.0439453125 0.072265625
1 0.2470703125 0.447265625 0.021484375 0.037109375
1 0.70703125 0.5126953125 0.0205078125 0.025390625
1 0.44921875 0.380859375 0.017578125 0.021484375
0 0.69140625 0.79296875 0.1953125 0.1923828125
1 0.197265625 0.3779296875 0.0205078125 0.0283203125
1 0.0625 0.478515625 0.0283203125 0.0361328125
1 0.4736328125 0.505859375 0.03125 0.044921875
1 0.2275390625 0.578125 0.0263671875 0.068359375
1 0.7646484375 0.599609375 0.044921875 0.052734375
1 0.595703125 0.478515625 0.017578125 0.0361328125
1 0.8447265625 0.556640625 0.0263671875 0.044921875
1 0.2392578125 0.4189453125 0.021484375 0.03125
0 0.130859375 0.4091796875 0.0546875 0.0439453125
1 0.431640625 0.404296875 0.0205078125 0.03125
1 0.505859375 0.451171875 0.0283203125 0.0439453125
1 0.4814453125 0.4306640625 0.025390625 0.0390625
1 0.9296875 0.634765625 0.037109375 0.048828125
1 0.595703125 0.5048828125 0.013671875 0.0283203125
1 0.37890625 0.455078125 0.0234375 0.029296875
1 0.19140625 0.5302734375 0.0234375 0.0546875
1 0.6181640625 0.4638671875 0.0107421875 0.0185546875
0 0.224609375 0.357421875 0.0263671875 0.025390625
0 0.572265625 0.39453125 0.0419921875 0.0390625
1 0.8466796875 0.6015625 0.0341796875 0.0341796875
1 0.1728515625 0.359375 0.013671875 0.0185546875
1 0.453125 0.4638671875 0.03125 0.0341796875
1 0.1826171875 0.5537109375 0.1064453125 0.142578125
0 0.5361328125 0.337890625 0.046875 0.033203125
1 0.2138671875 0.4189453125 0.021484375 0.0341796875
1 0.6728515625 0.4951171875 0.0205078125 0.03125
1 0.501953125 0.576171875 0.0751953125 0.0986328125
1 0.4716796875 0.400390625 0.025390625 0.0390625
1 0.89453125 0.5849609375 0.0390625 0.048828125
1 0.0244140625 0.564453125 0.0234375 0.0498046875
1 0.8115234375 0.556640625 0.0234375 0.0263671875
1 0.646484375 0.44140625 0.041015625 0.033203125
1 0.0244140625 0.470703125 0.0263671875 0.0361328125
1 0.63671875 0.8056640625 0.0390625 0.0888671875
1 0.509765625 0.416015625 0.119140625 0.1064453125
1 0.455078125 0.359375 0.0205078125 0.0185546875
1 0.1953125 0.4853515625 0.015625 0.0263671875
1 0.2021484375 0.353515625 0.0205078125 0.025390625
1 0.0234375 0.373046875 0.015625 0.021484375
1 0.908203125 0.638671875 0.1533203125 0.1748046875
1 0.8623046875 0.55859375 0.015625 0.0205078125
1 0.681640625 0.439453125 0.021484375 0.033203125
1 0.59765625 0.5361328125 0.0390625 0.0625
0 0.25 0.333984375 0.03125 0.025390625