1 0.173828125 0.6416015625 0.029296875 0.0517578125
1 0.111328125 0.685546875 0.03125 0.052734375
0 0.548828125 0.501953125 0.064453125 0.0751953125
0 0.806640625 0.7666015625 0.1904296875 0.201171875
0 0.2197265625 0.4951171875 0.060546875 0.0654296875
1 0.6826171875 0.546875 0.0498046875 0.052734375
1 0.818359375 0.57421875 0.078125 0.0859375
1 0.666015625 0.7705078125 0.0439453125 0.0751953125
1 0.458984375 0.5224609375 0.029296875 0.044921875
1 0.154296875 0.4755859375 0.021484375 0.0419921875
1 0.248046875 0.6240234375 0.0341796875 0.0546875
1 0.2802734375 0.50390625 0.0263671875 0.0390625
0 0.521484375 0.4208984375 0.0439453125 0.0419921875
1 0.7236328125 0.537109375 0.0498046875 0.0498046875
1 0.26171875 0.419921875 0.017578125 0.029296875
1 0.6328125 0.587890625 0.037109375 0.0654296875
1 0.0947265625 0.4091796875 0.017578125 0.0283203125
1 0.35546875 0.4345703125 0.0234375 0.03125
1 0.4140625 0.458984375 0.025390625 0.0361328125
1 0.3916015625 0.4892578125 0.0234375 0.046875
1 0.6611328125 0.654296875 0.046875 0.0625
1 0.9541015625 0.6953125 0.0732421875 0.0810546875
0 0.560546875 0.4052734375 0.03125 0.0419921875
1 0.7646484375 0.65234375 0.0419921875 0.033203125
1 0.6220703125 0.517578125 0.037109375 0.048828125
1 0.2626953125 0.443359375 0.0185546875 0.029296875
1 0.888671875 0.654296875 0.080078125 0.064453125
1 0.212890625 0.4296875 0.0205078125 0.0341796875
1 0.265625 0.560546875 0.0341796875 0.0439453125
1 0.599609375 0.484375 0.0283203125 0.046875
1 0.1376953125 0.5380859375 0.025390625 0.0390625
0 0.515625 0.580078125 0.1064453125 0.1279296875
1 0.193359375 0.4140625 0.015625 0.0283203125
1 0.630859375 0.82421875 0.0390625 0.080078125
1 0.060546875 0.4794921875 0.0263671875 0.037109375
0 0.4638671875 0.4287109375 0.0341796875 0.0361328125
0 0.490234375 0.357421875 0.029296875 0.0263671875
1 0.208984375 0.7216796875 0.0419921875 0.046875
1 0.197265625 0.443359375 0.0185546875 0.0283203125
1 0.896484375 0.541015625 0.03125 0.0361328125
0 0.2275390625 0.353515625 0.0263671875 0.0283203125
1 0.1552734375 0.416015625 0.017578125 0.029296875
1 0.365234375 0.4033203125 0.017578125 0.0341796875
1 0.228515625 0.416015625 0.0185546875 0.03125
1 0.1240234375 0.416015625 0.029296875 0.0263671875
0 0.3193359375 0.404296875 0.0986328125 0.0546875
1 0.181640625 0.3779296875 0.0107421875 0.015625
1 0.71484375 0.865234375 0.0263671875 0.0517578125
1 0.9501953125 0.630859375 0.0498046875 0.056640625
0 0.0712890625 0.3896484375 0.060546875 0.0419921875
1 0.3740234375 0.462890625 0.0361328125 0.0517578125
1 0.138671875 0.646484375 0.0576171875 0.0888671875
1 0.673828125 0.505859375 0.0283203125 0.0419921875
1 0.41015625 0.4248046875 0.0205078125 0.03125
0 0.533203125 0.3525390625 0.0263671875 0.0234375
1 0.1513671875 0.580078125 0.0341796875 0.046875
1 0.8974609375 0.576171875 0.0419921875 0.0419921875
1 0.021484375 0.484375 0.0205078125 0.0439453125
0 0.572265625 0.3779296875 0.0283203125 0.03125
1 0.4541015625 0.365234375 0.013671875 0.0283203125
1 0.8193359375 0.5361328125 0.029296875 0.037109375
1 0.216796875 0.400390625 0.013671875 0.0234375
1 0.517578125 0.46484375 0.03125 0.0390625
1 0.255859375 0.3818359375 0.021484375 0.029296875
0 0.3525390625 0.3193359375 0.029296875 0.017578125
1 0.63671875 0.4404296875 0.0419921875 0.0341796875
1 0.0771484375 0.337890625 0.0205078125 0.0185546875
1 0.1083984375 0.4853515625 0.033203125 0.033203125
1 0.0234375 0.373046875 0.015625 0.0234375
1 0.537109375 0.3798828125 0.0283203125 0.03125
1 0.955078125 0.591796875 0.03125 0.037109375
1 0.591796875 0.416015625 0.015625 0.0234375