0 0.322265625 0.798828125 0.150390625 0.1767578125
1 0.568359375 0.720703125 0.0419921875 0.1015625
1 0.7373046875 0.796875 0.0595703125 0.083984375
1 0.513671875 0.59765625 0.03125 0.0546875
1 0.607421875 0.6552734375 0.03125 0.0576171875
1 0.7939453125 0.7685546875 0.046875 0.0810546875
1 0.5751953125 0.6025390625 0.0283203125 0.0673828125
1 0.591796875 0.533203125 0.0234375 0.0419921875
0 0.3154296875 0.650390625 0.0908203125 0.107421875
1 0.8232421875 0.5830078125 0.078125 0.0810546875
0 0.240234375 0.509765625 0.064453125 0.0751953125
1 0.3837890625 0.6376953125 0.033203125 0.0498046875
0 0.22265625 0.5849609375 0.080078125 0.0888671875
1 0.693359375 0.552734375 0.0439453125 0.0439453125
1 0.5625 0.3916015625 0.015625 0.0234375
0 0.3203125 0.546875 0.072265625 0.0810546875
1 0.3955078125 0.4013671875 0.021484375 0.0283203125
1 0.08984375 0.7109375 0.0546875 0.109375
1 0.9482421875 0.6904296875 0.0751953125 0.072265625
1 0.1123046875 0.5244140625 0.0283203125 0.0517578125
1 0.591796875 0.3955078125 0.017578125 0.025390625
1 0.1357421875 0.6337890625 0.025390625 0.048828125
0 0.3271484375 0.490234375 0.0673828125 0.0595703125
1 0.1357421875 0.4833984375 0.021484375 0.0263671875
1 0.7607421875 0.484375 0.03125 0.03125
1 0.892578125 0.6416015625 0.0751953125 0.0732421875
1 0.6669921875 0.6474609375 0.037109375 0.064453125
0 0.5048828125 0.341796875 0.03125 0.0283203125
1 0.525390625 0.4912109375 0.0185546875 0.033203125
1 0.5205078125 0.408203125 0.015625 0.0263671875
1 0.1796875 0.509765625 0.0341796875 0.044921875
0 0.48046875 0.3583984375 0.033203125 0.033203125
1 0.158203125 0.5791015625 0.033203125 0.044921875
1 0.427734375 0.3994140625 0.013671875 0.029296875
1 0.7275390625 0.5361328125 0.044921875 0.046875
1 0.0439453125 0.5830078125 0.025390625 0.0439453125
1 0.6923828125 0.84375 0.056640625 0.087890625
1 0.3779296875 0.392578125 0.021484375 0.033203125
0 0.5439453125 0.3349609375 0.037109375 0.0263671875
1 0.498046875 0.4111328125 0.0185546875 0.025390625
1 0.5068359375 0.3662109375 0.017578125 0.0263671875
1 0.67578125 0.4619140625 0.0263671875 0.0390625
1 0.9169921875 0.52734375 0.0439453125 0.0361328125
1 0.435546875 0.576171875 0.0205078125 0.044921875
1 0.677734375 0.5966796875 0.0341796875 0.046875
1 0.0712890625 0.48046875 0.033203125 0.033203125
0 0.3828125 0.365234375 0.0341796875 0.029296875
0 0.2548828125 0.3984375 0.052734375 0.052734375
1 0.443359375 0.3935546875 0.021484375 0.037109375
1 0.9677734375 0.5283203125 0.0361328125 0.0283203125
1 0.146484375 0.412109375 0.025390625 0.0263671875
1 0.6357421875 0.443359375 0.0283203125 0.03125
1 0.8916015625 0.384765625 0.017578125 0.0283203125
1 0.2431640625 0.3583984375 0.017578125 0.0205078125
1 0.896484375 0.5849609375 0.044921875 0.0576171875
1 0.216796875 0.4111328125 0.029296875 0.037109375
0 0.3505859375 0.3466796875 0.0361328125 0.03125
1 0.6142578125 0.4326171875 0.03125 0.0341796875
1 0.021484375 0.5634765625 0.021484375 0.048828125
1 0.4267578125 0.6201171875 0.0439453125 0.052734375
1 0.03125 0.845703125 0.0439453125 0.080078125
1 0.841796875 0.5380859375 0.0234375 0.033203125
1 0.59375 0.5 0.021484375 0.03125
1 0.220703125 0.85546875 0.064453125 0.0732421875
1 0.95703125 0.626953125 0.0361328125 0.052734375
0 0.3505859375 0.322265625 0.0263671875 0.017578125
1 0.1796875 0.4736328125 0.0439453125 0.0439453125
0 0.109375 0.4853515625 0.041015625 0.0390625
1 0.2080078125 0.4609375 0.021484375 0.037109375