0 0.1923828125 0.748046875 0.125 0.162109375
0 0.337890625 0.7265625 0.0986328125 0.119140625
1 0.068359375 0.541015625 0.0283203125 0.048828125
1 0.611328125 0.49609375 0.037109375 0.044921875
0 0.490234375 0.359375 0.041015625 0.0341796875
1 0.146484375 0.498046875 0.0234375 0.0341796875
0 0.5400390625 0.3505859375 0.0419921875 0.0390625
1 0.306640625 0.498046875 0.037109375 0.044921875
0 0.3466796875 0.458984375 0.099609375 0.056640625
1 0.5751953125 0.48828125 0.03125 0.0419921875
1 0.673828125 0.5615234375 0.0341796875 0.033203125
1 0.4111328125 0.8134765625 0.041015625 0.0517578125
1 0.208984375 0.474609375 0.0263671875 0.0419921875
0 0.5107421875 0.416015625 0.0439453125 0.041015625
1 0.3095703125 0.84765625 0.046875 0.0673828125
1 0.076171875 0.76171875 0.033203125 0.0576171875
0 0.208984375 0.4208984375 0.076171875 0.0361328125
1 0.474609375 0.404296875 0.015625 0.029296875
1 0.556640625 0.419921875 0.0205078125 0.037109375
1 0.63671875 0.5068359375 0.0234375 0.0419921875
1 0.541015625 0.505859375 0.0439453125 0.0419921875
0 0.509765625 0.33203125 0.03125 0.0263671875
1 0.431640625 0.6630859375 0.048828125 0.064453125
1 0.1669921875 0.447265625 0.025390625 0.0263671875
1 0.38671875 0.509765625 0.048828125 0.0419921875
1 0.484375 0.548828125 0.041015625 0.044921875
1 0.5087890625 0.4931640625 0.0263671875 0.0419921875
1 0.451171875 0.4228515625 0.013671875 0.0390625
1 0.423828125 0.5107421875 0.029296875 0.041015625
1 0.5556640625 0.4501953125 0.0234375 0.0283203125
1 0.2431640625 0.455078125 0.0263671875 0.0361328125
1 0.423828125 0.7509765625 0.046875 0.0517578125
1 0.455078125 0.787109375 0.044921875 0.0625
1 0.5791015625 0.39453125 0.017578125 0.029296875
1 0.095703125 0.638671875 0.0361328125 0.0517578125
1 0.5947265625 0.4697265625 0.017578125 0.029296875
1 0.966796875 0.587890625 0.033203125 0.0283203125
0 0.1279296875 0.4140625 0.072265625 0.0439453125
1 0.498046875 0.4580078125 0.017578125 0.03125
1 0.4697265625 0.3798828125 0.017578125 0.021484375
0 0.232421875 0.3671875 0.0576171875 0.037109375
1 0.6044921875 0.5908203125 0.052734375 0.046875
1 0.1171875 0.4306640625 0.015625 0.017578125
1 0.14453125 0.4677734375 0.017578125 0.0205078125
1 0.6494140625 0.560546875 0.0263671875 0.037109375
1 0.4248046875 0.474609375 0.03125 0.0419921875
0 0.4296875 0.5654296875 0.083984375 0.0595703125
1 0.619140625 0.4619140625 0.0205078125 0.033203125
1 0.4365234375 0.365234375 0.017578125 0.021484375
1 0.564453125 0.365234375 0.017578125 0.03125
1 0.8564453125 0.5478515625 0.037109375 0.0361328125
1 0.2060546875 0.3583984375 0.0126953125 0.0205078125
0 0.966796875 0.71484375 0.0390625 0.1171875
1 0.0234375 0.791015625 0.025390625 0.060546875
1 0.0947265625 0.728515625 0.029296875 0.048828125
1 0.7451171875 0.7255859375 0.0498046875 0.0546875
1 0.021484375 0.4609375 0.0185546875 0.0283203125
1 0.0185546875 0.49609375 0.015625 0.0361328125
1 0.935546875 0.580078125 0.0419921875 0.0361328125
1 0.05859375 0.482421875 0.0205078125 0.0341796875
1 0.02734375 0.5869140625 0.029296875 0.076171875
1 0.310546875 0.46484375 0.021484375 0.0234375
0 0.185546875 0.32421875 0.0361328125 0.0234375
1 0.5634765625 0.638671875 0.0263671875 0.0517578125
0 0.1982421875 0.875 0.109375 0.0283203125
1 0.0859375 0.40234375 0.0283203125 0.0234375
1 0.5048828125 0.5009765625 0.2626953125 0.138671875
1 0.8076171875 0.576171875 0.0595703125 0.029296875
1 0.587890625 0.638671875 0.03125 0.0654296875
1 0.8359375 0.662109375 0.0751953125 0.0439453125
1 0.25 0.3349609375 0.025390625 0.0263671875
1 0.3544921875 0.326171875 0.025390625 0.021484375
1 0.0966796875 0.4794921875 0.052734375 0.037109375
1 0.5751953125 0.5966796875 0.0185546875 0.046875