0 0.607421875 0.6533203125 0.1201171875 0.140625
0 0.158203125 0.57421875 0.0751953125 0.080078125
0 0.3603515625 0.7998046875 0.1298828125 0.171875
1 0.689453125 0.54296875 0.046875 0.048828125
1 0.814453125 0.728515625 0.046875 0.072265625
1 0.689453125 0.625 0.037109375 0.052734375
1 0.6044921875 0.552734375 0.0341796875 0.052734375
1 0.498046875 0.630859375 0.03125 0.0439453125
1 0.791015625 0.564453125 0.03125 0.052734375
0 0.189453125 0.478515625 0.056640625 0.0625
0 0.201171875 0.6865234375 0.162109375 0.185546875
1 0.546875 0.470703125 0.0185546875 0.0341796875
1 0.861328125 0.662109375 0.0517578125 0.0595703125
0 0.7265625 0.83984375 0.177734375 0.0986328125
0 0.5966796875 0.474609375 0.0654296875 0.0859375
0 0.5 0.51171875 0.072265625 0.0859375
1 0.236328125 0.5419921875 0.029296875 0.041015625
1 0.9453125 0.6962890625 0.078125 0.080078125
1 0.5244140625 0.5791015625 0.0361328125 0.048828125
1 0.7294921875 0.5400390625 0.0439453125 0.044921875
0 0.3017578125 0.4541015625 0.052734375 0.0517578125
1 0.2939453125 0.5830078125 0.025390625 0.0439453125
1 0.833984375 0.85546875 0.060546875 0.0703125
1 0.935546875 0.837890625 0.0810546875 0.0966796875
0 0.427734375 0.458984375 0.0576171875 0.060546875
1 0.59765625 0.767578125 0.0546875 0.087890625
1 0.8232421875 0.5966796875 0.0439453125 0.056640625
0 0.2744140625 0.423828125 0.0517578125 0.0361328125
0 0.4404296875 0.4140625 0.041015625 0.046875
1 0.4970703125 0.453125 0.037109375 0.0439453125
0 0.3642578125 0.5048828125 0.078125 0.119140625
1 0.134765625 0.6572265625 0.0361328125 0.0546875
1 0.908203125 0.6513671875 0.052734375 0.068359375
1 0.8837890625 0.5947265625 0.0673828125 0.064453125
0 0.1865234375 0.3544921875 0.029296875 0.025390625
1 0.544921875 0.794921875 0.0498046875 0.046875
1 0.029296875 0.564453125 0.033203125 0.046875
0 0.193359375 0.4052734375 0.041015625 0.033203125
1 0.3505859375 0.552734375 0.0234375 0.0283203125
1 0.8427734375 0.5576171875 0.029296875 0.052734375
1 0.1484375 0.447265625 0.0185546875 0.025390625
1 0.5888671875 0.4052734375 0.0185546875 0.0361328125
1 0.1982421875 0.580078125 0.03125 0.0390625
1 0.529296875 0.6904296875 0.048828125 0.083984375
1 0.099609375 0.4189453125 0.015625 0.021484375
0 0.228515625 0.353515625 0.0283203125 0.0263671875
1 0.552734375 0.423828125 0.015625 0.029296875
1 0.9287109375 0.611328125 0.0390625 0.0390625
1 0.8974609375 0.546875 0.0361328125 0.0341796875
0 0.466796875 0.37890625 0.029296875 0.033203125
0 0.244140625 0.3837890625 0.0439453125 0.0361328125
1 0.0673828125 0.779296875 0.037109375 0.052734375
1 0.5634765625 0.3994140625 0.0234375 0.029296875
1 0.8134765625 0.54296875 0.029296875 0.044921875
1 0.458984375 0.74609375 0.0361328125 0.0859375
1 0.1474609375 0.392578125 0.017578125 0.0263671875
1 0.9541015625 0.630859375 0.033203125 0.044921875
1 0.0302734375 0.4794921875 0.0390625 0.046875
0 0.5107421875 0.3984375 0.037109375 0.041015625
1 0.59765625 0.71875 0.0234375 0.0341796875
1 0.5263671875 0.4404296875 0.0439453125 0.056640625
1 0.1962890625 0.787109375 0.091796875 0.0732421875