0 0.193359375 0.748046875 0.1220703125 0.1611328125
0 0.5126953125 0.421875 0.0498046875 0.052734375
0 0.337890625 0.7275390625 0.0986328125 0.1201171875
0 0.6162109375 0.5517578125 0.169921875 0.087890625
0 0.5400390625 0.3525390625 0.0419921875 0.0419921875
1 0.146484375 0.494140625 0.0234375 0.041015625
1 0.0673828125 0.537109375 0.0283203125 0.0419921875
1 0.2509765625 0.4677734375 0.029296875 0.033203125
1 0.310546875 0.494140625 0.0361328125 0.041015625
0 0.4892578125 0.361328125 0.037109375 0.03125
1 0.517578125 0.470703125 0.041015625 0.044921875
1 0.306640625 0.833984375 0.048828125 0.0908203125
1 0.4150390625 0.80859375 0.0390625 0.060546875
1 0.5771484375 0.384765625 0.0205078125 0.03125
1 0.6171875 0.48828125 0.0439453125 0.0419921875
1 0.4697265625 0.431640625 0.0234375 0.0263671875
1 0.560546875 0.396484375 0.015625 0.0263671875
1 0.427734375 0.681640625 0.0439453125 0.0517578125
1 0.4169921875 0.54296875 0.03125 0.048828125
1 0.576171875 0.4892578125 0.033203125 0.041015625
1 0.458984375 0.783203125 0.037109375 0.060546875
1 0.15625 0.4619140625 0.0185546875 0.029296875
1 0.0810546875 0.7568359375 0.0439453125 0.076171875
0 0.509765625 0.333984375 0.03125 0.0283203125
1 0.552734375 0.470703125 0.021484375 0.0419921875
1 0.5166015625 0.373046875 0.017578125 0.0205078125
1 0.978515625 0.5927734375 0.0185546875 0.044921875
1 0.4951171875 0.4541015625 0.0185546875 0.029296875
1 0.1064453125 0.41796875 0.015625 0.0263671875
1 0.8955078125 0.5791015625 0.0595703125 0.0517578125
1 0.30859375 0.427734375 0.017578125 0.0205078125
1 0.419921875 0.7412109375 0.048828125 0.064453125
1 0.06640625 0.474609375 0.0419921875 0.0361328125
1 0.1083984375 0.392578125 0.0234375 0.021484375
0 0.232421875 0.4287109375 0.0703125 0.044921875
1 0.6455078125 0.46875 0.0185546875 0.0283203125
1 0.4560546875 0.71484375 0.021484375 0.029296875
0 0.234375 0.3662109375 0.0595703125 0.0361328125
1 0.455078125 0.361328125 0.015625 0.0205078125
1 0.5888671875 0.4482421875 0.015625 0.025390625
1 0.595703125 0.4658203125 0.015625 0.021484375
1 0.16015625 0.431640625 0.0205078125 0.046875
1 0.5703125 0.4287109375 0.015625 0.029296875
1 0.619140625 0.4599609375 0.0185546875 0.0263671875
1 0.1767578125 0.3271484375 0.0185546875 0.0205078125
1 0.029296875 0.595703125 0.0283203125 0.064453125
1 0.412109375 0.361328125 0.013671875 0.017578125
1 0.5498046875 0.4423828125 0.015625 0.025390625
1 0.01953125 0.458984375 0.017578125 0.029296875
1 0.5166015625 0.44921875 0.017578125 0.0205078125
1 0.166015625 0.361328125 0.015625 0.0234375
1 0.8916015625 0.384765625 0.017578125 0.0234375
0 0.1884765625 0.875 0.1142578125 0.0283203125
1 0.1943359375 0.3232421875 0.017578125 0.0185546875
1 0.12109375 0.361328125 0.017578125 0.0205078125
1 0.0576171875 0.3857421875 0.015625 0.0185546875
1 0.8623046875 0.578125 0.021484375 0.03125
1 0.142578125 0.794921875 0.0283203125 0.064453125
1 0.2607421875 0.439453125 0.0185546875 0.017578125
1 0.068359375 0.33984375 0.015625 0.017578125