0 0.193359375 0.748046875 0.126953125 0.162109375
0 0.5107421875 0.423828125 0.0595703125 0.056640625
0 0.3388671875 0.728515625 0.103515625 0.1201171875
0 0.7041015625 0.533203125 0.154296875 0.068359375
1 0.1611328125 0.5166015625 0.025390625 0.0419921875
0 0.5400390625 0.345703125 0.0390625 0.0263671875
1 0.580078125 0.486328125 0.0263671875 0.0390625
0 0.4501953125 0.505859375 0.1279296875 0.0751953125
1 0.8310546875 0.60546875 0.072265625 0.076171875
1 0.63671875 0.498046875 0.0263671875 0.041015625
1 0.5390625 0.4697265625 0.0283203125 0.0361328125
1 0.4736328125 0.455078125 0.0185546875 0.0234375
0 0.4912109375 0.361328125 0.0390625 0.033203125
1 0.560546875 0.552734375 0.056640625 0.0390625
0 0.5087890625 0.333984375 0.033203125 0.029296875
1 0.5166015625 0.599609375 0.060546875 0.0751953125
1 0.486328125 0.544921875 0.0263671875 0.0283203125
1 0.732421875 0.603515625 0.0986328125 0.0751953125
1 0.30859375 0.853515625 0.0419921875 0.0625
1 0.42578125 0.705078125 0.044921875 0.060546875
1 0.53125 0.3720703125 0.021484375 0.025390625
1 0.888671875 0.5830078125 0.048828125 0.052734375
1 0.083984375 0.623046875 0.033203125 0.0654296875
1 0.369140625 0.537109375 0.056640625 0.056640625
1 0.08203125 0.748046875 0.0576171875 0.0966796875
1 0.1474609375 0.4208984375 0.0263671875 0.029296875
1 0.9638671875 0.6318359375 0.0439453125 0.0517578125
1 0.228515625 0.439453125 0.03125 0.0263671875
1 0.029296875 0.763671875 0.037109375 0.0751953125
1 0.55078125 0.373046875 0.0205078125 0.025390625
1 0.2646484375 0.4736328125 0.029296875 0.0341796875
1 0.458984375 0.365234375 0.03125 0.029296875
1 0.4130859375 0.556640625 0.044921875 0.044921875
1 0.4560546875 0.78125 0.0498046875 0.078125
1 0.642578125 0.5849609375 0.0576171875 0.048828125
1 0.5576171875 0.4560546875 0.021484375 0.0341796875
1 0.3759765625 0.4658203125 0.0361328125 0.0283203125
1 0.5751953125 0.373046875 0.015625 0.0263671875
1 0.6064453125 0.4853515625 0.021484375 0.044921875
1 0.73046875 0.814453125 0.080078125 0.1201171875
1 0.05859375 0.4794921875 0.0205078125 0.0341796875
1 0.775390625 0.5732421875 0.0263671875 0.041015625
1 0.029296875 0.6103515625 0.03125 0.064453125
1 0.025390625 0.4775390625 0.03125 0.0390625
1 0.7958984375 0.546875 0.0390625 0.0341796875
1 0.431640625 0.646484375 0.0439453125 0.0595703125
0 0.908203125 0.513671875 0.0654296875 0.0517578125
1 0.1787109375 0.3251953125 0.0234375 0.021484375
1 0.3505859375 0.3515625 0.029296875 0.025390625
1 0.705078125 0.72265625 0.03125 0.0830078125
0 0.2412109375 0.37890625 0.060546875 0.033203125
1 0.126953125 0.4755859375 0.025390625 0.0263671875
1 0.3837890625 0.32421875 0.017578125 0.0205078125
1 0.474609375 0.619140625 0.037109375 0.087890625
0 0.353515625 0.322265625 0.033203125 0.0185546875
1 0.8330078125 0.560546875 0.025390625 0.037109375
1 0.6435546875 0.55078125 0.0283203125 0.029296875
1 0.9716796875 0.548828125 0.03125 0.044921875
1 0.599609375 0.3623046875 0.0263671875 0.021484375
1 0.4599609375 0.7265625 0.029296875 0.046875
1 0.9345703125 0.556640625 0.056640625 0.0361328125
0 0.216796875 0.8759765625 0.1171875 0.029296875