0 0.322265625 0.798828125 0.146484375 0.177734375
1 0.7080078125 0.681640625 0.041015625 0.080078125
0 0.185546875 0.755859375 0.119140625 0.1484375
1 0.146484375 0.640625 0.0361328125 0.052734375
1 0.60546875 0.572265625 0.0263671875 0.0419921875
1 0.6875 0.552734375 0.052734375 0.0625
0 0.240234375 0.5078125 0.0625 0.068359375
0 0.31640625 0.6494140625 0.0888671875 0.107421875
1 0.8212890625 0.583984375 0.0859375 0.0859375
0 0.2255859375 0.580078125 0.080078125 0.087890625
1 0.09765625 0.6357421875 0.0234375 0.037109375
1 0.5625 0.392578125 0.015625 0.021484375
1 0.826171875 0.767578125 0.052734375 0.072265625
1 0.56640625 0.751953125 0.0361328125 0.060546875
1 0.9443359375 0.6865234375 0.0830078125 0.0859375
1 0.685546875 0.7373046875 0.0439453125 0.068359375
0 0.5048828125 0.345703125 0.03125 0.0341796875
1 0.046875 0.5771484375 0.03125 0.0517578125
1 0.5947265625 0.4453125 0.0263671875 0.0341796875
1 0.501953125 0.4248046875 0.0205078125 0.0283203125
0 0.326171875 0.4912109375 0.0654296875 0.060546875
0 0.3212890625 0.5517578125 0.0703125 0.078125
1 0.3828125 0.404296875 0.0185546875 0.0283203125
1 0.6650390625 0.5302734375 0.0205078125 0.029296875
1 0.0625 0.4814453125 0.03125 0.037109375
0 0.2568359375 0.396484375 0.0576171875 0.0546875
1 0.3779296875 0.576171875 0.025390625 0.0439453125
1 0.4189453125 0.4228515625 0.021484375 0.033203125
1 0.1630859375 0.5673828125 0.029296875 0.0595703125
0 0.48046875 0.35546875 0.033203125 0.033203125
1 0.5927734375 0.3974609375 0.017578125 0.0234375
1 0.5478515625 0.42578125 0.017578125 0.0263671875
1 0.4501953125 0.423828125 0.015625 0.03125
1 0.125 0.494140625 0.025390625 0.0439453125
1 0.1494140625 0.4228515625 0.0263671875 0.029296875
1 0.4912109375 0.62890625 0.0390625 0.0576171875
1 0.728515625 0.541015625 0.0390625 0.0361328125
1 0.89453125 0.5859375 0.048828125 0.0595703125
0 0.3642578125 0.3505859375 0.046875 0.033203125
1 0.5078125 0.369140625 0.015625 0.025390625
0 0.5322265625 0.3447265625 0.029296875 0.0234375
1 0.15625 0.517578125 0.025390625 0.0419921875
1 0.173828125 0.48828125 0.0185546875 0.033203125
1 0.025390625 0.5615234375 0.025390625 0.044921875
0 0.3984375 0.375 0.037109375 0.0283203125
1 0.216796875 0.4130859375 0.033203125 0.0361328125
1 0.8330078125 0.853515625 0.0595703125 0.068359375
1 0.482421875 0.580078125 0.0361328125 0.03125
1 0.841796875 0.5419921875 0.025390625 0.03125
1 0.19140625 0.498046875 0.0205078125 0.03125
0 0.52734375 0.326171875 0.033203125 0.0205078125
1 0.0751953125 0.7138671875 0.041015625 0.0654296875
1 0.2080078125 0.482421875 0.015625 0.03125
1 0.69921875 0.6103515625 0.029296875 0.0673828125
1 0.357421875 0.400390625 0.0107421875 0.0185546875
1 0.3544921875 0.6171875 0.0185546875 0.041015625
1 0.96484375 0.5966796875 0.044921875 0.0595703125
1 0.1748046875 0.421875 0.0185546875 0.025390625
0 0.0419921875 0.845703125 0.0498046875 0.0810546875
1 0.90234375 0.54296875 0.033203125 0.0517578125
1 0.3896484375 0.48828125 0.013671875 0.0234375
1 0.548828125 0.4130859375 0.1201171875 0.0732421875
1 0.677734375 0.439453125 0.021484375 0.029296875
0 0.6328125 0.4384765625 0.046875 0.0361328125
1 0.759765625 0.8671875 0.0283203125 0.046875