0 0.1845703125 0.708984375 0.125 0.1533203125
0 0.548828125 0.630859375 0.115234375 0.134765625
0 0.34765625 0.7236328125 0.107421875 0.140625
1 0.69921875 0.6279296875 0.0419921875 0.0654296875
1 0.6484375 0.5537109375 0.03125 0.048828125
1 0.689453125 0.546875 0.046875 0.046875
0 0.568359375 0.53125 0.0908203125 0.1123046875
1 0.4130859375 0.484375 0.0205078125 0.03125
1 0.2724609375 0.5234375 0.0263671875 0.0341796875
1 0.802734375 0.69921875 0.0576171875 0.0673828125
1 0.435546875 0.818359375 0.03125 0.064453125
1 0.8193359375 0.5751953125 0.0830078125 0.078125
0 0.466796875 0.517578125 0.0751953125 0.111328125
1 0.376953125 0.4853515625 0.0185546875 0.0390625
1 0.6240234375 0.5166015625 0.0205078125 0.0361328125
0 0.5419921875 0.4580078125 0.056640625 0.0498046875
0 0.3291015625 0.4658203125 0.0546875 0.056640625
1 0.5732421875 0.455078125 0.021484375 0.0361328125
1 0.158203125 0.568359375 0.0263671875 0.044921875
1 0.6103515625 0.5546875 0.0205078125 0.046875
1 0.1455078125 0.5185546875 0.021484375 0.037109375
1 0.494140625 0.4501953125 0.021484375 0.037109375
1 0.732421875 0.541015625 0.0390625 0.0439453125
1 0.8896484375 0.6513671875 0.080078125 0.087890625
1 0.953125 0.673828125 0.0654296875 0.091796875
1 0.2548828125 0.4521484375 0.021484375 0.033203125
1 0.162109375 0.4638671875 0.017578125 0.025390625
1 0.3251953125 0.548828125 0.03125 0.0439453125
1 0.107421875 0.6787109375 0.029296875 0.044921875
1 0.591796875 0.4111328125 0.013671875 0.0283203125
0 0.50390625 0.3642578125 0.033203125 0.0283203125
0 0.55078125 0.39453125 0.0419921875 0.0419921875
1 0.92578125 0.861328125 0.0419921875 0.0576171875
1 0.8564453125 0.837890625 0.0625 0.0966796875
1 0.2001953125 0.5087890625 0.021484375 0.048828125
0 0.6630859375 0.80859375 0.169921875 0.158203125
1 0.2158203125 0.478515625 0.021484375 0.0361328125
1 0.5146484375 0.435546875 0.0205078125 0.0439453125
0 0.173828125 0.4248046875 0.046875 0.0283203125
1 0.1630859375 0.4990234375 0.0205078125 0.0234375
0 0.224609375 0.349609375 0.029296875 0.021484375
1 0.8017578125 0.6494140625 0.03125 0.0361328125
1 0.8046875 0.857421875 0.0498046875 0.0703125
1 0.0673828125 0.478515625 0.041015625 0.0390625
0 0.3203125 0.400390625 0.083984375 0.0390625
1 0.037109375 0.8515625 0.0419921875 0.072265625
1 0.927734375 0.6142578125 0.041015625 0.0439453125
0 0.111328125 0.4140625 0.0517578125 0.041015625
1 0.0322265625 0.5751953125 0.0419921875 0.0810546875
1 0.7099609375 0.525390625 0.0205078125 0.03125
1 0.4423828125 0.447265625 0.021484375 0.0390625
1 0.8955078125 0.5771484375 0.041015625 0.0419921875
1 0.2509765625 0.859375 0.0673828125 0.0625
1 0.904296875 0.5458984375 0.017578125 0.0234375
1 0.1748046875 0.8271484375 0.0751953125 0.111328125
0 0.3525390625 0.3212890625 0.033203125 0.017578125
1 0.455078125 0.6572265625 0.029296875 0.064453125
1 0.8251953125 0.537109375 0.021484375 0.0390625
1 0.1259765625 0.625 0.0859375 0.134765625