0 0.603515625 0.5654296875 0.0986328125 0.119140625
1 0.7763671875 0.681640625 0.052734375 0.0810546875
0 0.494140625 0.5390625 0.0732421875 0.0908203125
0 0.337890625 0.7255859375 0.099609375 0.1142578125
1 0.7685546875 0.5869140625 0.052734375 0.0546875
0 0.6220703125 0.7578125 0.1376953125 0.171875
1 0.693359375 0.560546875 0.037109375 0.0498046875
1 0.859375 0.7763671875 0.0654296875 0.083984375
1 0.654296875 0.537109375 0.0419921875 0.0517578125
1 0.919921875 0.693359375 0.0966796875 0.0732421875
1 0.158203125 0.6005859375 0.0341796875 0.0703125
1 0.15234375 0.546875 0.0263671875 0.041015625
0 0.48828125 0.361328125 0.0361328125 0.03125
0 0.541015625 0.33984375 0.0341796875 0.029296875
0 0.509765625 0.333984375 0.033203125 0.029296875
0 0.228515625 0.3564453125 0.0341796875 0.037109375
1 0.9638671875 0.6240234375 0.0439453125 0.064453125
1 0.5224609375 0.474609375 0.0234375 0.033203125
1 0.8681640625 0.568359375 0.0517578125 0.044921875
1 0.193359375 0.376953125 0.021484375 0.0283203125
1 0.712890625 0.529296875 0.0390625 0.048828125
1 0.5966796875 0.4873046875 0.0283203125 0.041015625
1 0.8447265625 0.65234375 0.095703125 0.060546875
1 0.9111328125 0.54296875 0.0283203125 0.0263671875
1 0.150390625 0.431640625 0.021484375 0.033203125
1 0.828125 0.55859375 0.0283203125 0.033203125
0 0.1962890625 0.8251953125 0.138671875 0.130859375
0 0.779296875 0.484375 0.1279296875 0.0654296875
0 0.5498046875 0.490234375 0.052734375 0.0625
1 0.7333984375 0.7578125 0.064453125 0.0966796875
1 0.544921875 0.6669921875 0.0361328125 0.068359375
1 0.060546875 0.4833984375 0.029296875 0.033203125
1 0.8056640625 0.595703125 0.0419921875 0.041015625
1 0.42578125 0.7060546875 0.033203125 0.1123046875
0 0.517578125 0.380859375 0.037109375 0.033203125
1 0.033203125 0.578125 0.041015625 0.0810546875
1 0.0576171875 0.7021484375 0.037109375 0.044921875
1 0.552734375 0.4541015625 0.0126953125 0.0205078125
1 0.1083984375 0.486328125 0.0361328125 0.0341796875
0 0.4072265625 0.435546875 0.0546875 0.052734375
1 0.181640625 0.353515625 0.0126953125 0.0185546875
0 0.4580078125 0.474609375 0.0498046875 0.0654296875
0 0.4423828125 0.3974609375 0.0283203125 0.029296875
1 0.619140625 0.447265625 0.015625 0.029296875
1 0.923828125 0.7568359375 0.029296875 0.048828125
1 0.5908203125 0.39453125 0.025390625 0.0361328125
0 0.1865234375 0.3232421875 0.0390625 0.021484375
1 0.021484375 0.482421875 0.025390625 0.046875
1 0.916015625 0.6396484375 0.033203125 0.0419921875
1 0.892578125 0.380859375 0.0185546875 0.03125
0 0.3076171875 0.3466796875 0.0654296875 0.072265625
1 0.888671875 0.595703125 0.0361328125 0.041015625
1 0.5751953125 0.447265625 0.0283203125 0.052734375
1 0.455078125 0.361328125 0.0205078125 0.0283203125
1 0.2587890625 0.3359375 0.013671875 0.025390625
1 0.4833984375 0.4443359375 0.0234375 0.044921875
1 0.021484375 0.373046875 0.0185546875 0.0234375