0 0.193359375 0.7490234375 0.123046875 0.1640625
0 0.51171875 0.4208984375 0.044921875 0.048828125
0 0.337890625 0.728515625 0.099609375 0.119140625
1 0.267578125 0.474609375 0.037109375 0.0439453125
1 0.4091796875 0.802734375 0.052734375 0.0703125
0 0.486328125 0.361328125 0.0390625 0.03125
1 0.162109375 0.603515625 0.037109375 0.0546875
1 0.3046875 0.853515625 0.0439453125 0.0673828125
0 0.4736328125 0.515625 0.140625 0.0751953125
1 0.548828125 0.4931640625 0.021484375 0.0419921875
1 0.0673828125 0.529296875 0.025390625 0.0439453125
1 0.078125 0.7578125 0.0498046875 0.078125
0 0.537109375 0.353515625 0.041015625 0.0419921875
0 0.509765625 0.333984375 0.029296875 0.029296875
1 0.5615234375 0.451171875 0.0234375 0.0341796875
1 0.609375 0.49609375 0.041015625 0.048828125
1 0.458984375 0.7822265625 0.0390625 0.060546875
1 0.5693359375 0.5732421875 0.0576171875 0.0498046875
1 0.568359375 0.412109375 0.0185546875 0.03125
1 0.646484375 0.48828125 0.0205078125 0.0361328125
1 0.1123046875 0.5859375 0.03125 0.0498046875
1 0.427734375 0.677734375 0.0439453125 0.0517578125
1 0.0615234375 0.4765625 0.029296875 0.03125
0 0.208984375 0.427734375 0.0673828125 0.041015625
1 0.4755859375 0.4619140625 0.0361328125 0.0361328125
1 0.3857421875 0.3935546875 0.021484375 0.03125
1 0.419921875 0.7373046875 0.044921875 0.052734375
1 0.0263671875 0.78515625 0.0341796875 0.080078125
1 0.021484375 0.568359375 0.0185546875 0.0517578125
1 0.5654296875 0.376953125 0.025390625 0.0283203125
1 0.40625 0.3779296875 0.0126953125 0.021484375
1 0.2470703125 0.357421875 0.0126953125 0.0205078125
0 0.06640625 0.50390625 0.111328125 0.1142578125
0 0.0693359375 0.599609375 0.0888671875 0.0908203125
1 0.634765625 0.4482421875 0.041015625 0.041015625
1 0.455078125 0.4384765625 0.025390625 0.029296875
0 0.185546875 0.32421875 0.0390625 0.0263671875
1 0.4560546875 0.361328125 0.025390625 0.029296875
1 0.548828125 0.419921875 0.015625 0.0234375
1 0.47265625 0.66015625 0.033203125 0.060546875
1 0.509765625 0.6005859375 0.0546875 0.0830078125
1 0.025390625 0.373046875 0.0126953125 0.0205078125
0 0.1923828125 0.875 0.099609375 0.0283203125
1 0.0390625 0.556640625 0.0185546875 0.0341796875
1 0.58984375 0.376953125 0.017578125 0.0234375
1 0.2373046875 0.33984375 0.021484375 0.0205078125
1 0.37109375 0.359375 0.0205078125 0.0283203125
1 0.228515625 0.3544921875 0.0107421875 0.021484375