0 0.1923828125 0.748046875 0.125 0.162109375
0 0.513671875 0.423828125 0.0517578125 0.052734375
0 0.337890625 0.7265625 0.0986328125 0.119140625
0 0.498046875 0.5302734375 0.154296875 0.0830078125
0 0.5390625 0.353515625 0.0439453125 0.041015625
1 0.306640625 0.501953125 0.029296875 0.044921875
0 0.189453125 0.416015625 0.0625 0.037109375
1 0.611328125 0.49609375 0.03125 0.0419921875
1 0.4150390625 0.810546875 0.0390625 0.0517578125
1 0.068359375 0.533203125 0.029296875 0.048828125
1 0.5615234375 0.396484375 0.0234375 0.0341796875
1 0.4697265625 0.4541015625 0.033203125 0.0419921875
1 0.51171875 0.4736328125 0.033203125 0.041015625
0 0.486328125 0.361328125 0.0419921875 0.03125
1 0.640625 0.498046875 0.03125 0.056640625
1 0.5390625 0.4716796875 0.025390625 0.0439453125
1 0.1494140625 0.4619140625 0.0263671875 0.0361328125
0 0.509765625 0.333984375 0.03125 0.0283203125
1 0.580078125 0.48828125 0.021484375 0.0390625
1 0.3056640625 0.8349609375 0.044921875 0.091796875
1 0.427734375 0.6953125 0.044921875 0.0654296875
1 0.24609375 0.462890625 0.0263671875 0.03125
1 0.0771484375 0.755859375 0.0390625 0.080078125
1 0.458984375 0.7841796875 0.0361328125 0.056640625
1 0.564453125 0.451171875 0.017578125 0.0263671875
1 0.619140625 0.4638671875 0.0205078125 0.0283203125
1 0.646484375 0.470703125 0.017578125 0.021484375
1 0.2109375 0.447265625 0.0185546875 0.021484375
1 0.1650390625 0.365234375 0.013671875 0.0185546875
1 0.068359375 0.4775390625 0.037109375 0.033203125
1 0.2734375 0.4033203125 0.015625 0.021484375
1 0.8466796875 0.638671875 0.037109375 0.064453125
1 0.5498046875 0.447265625 0.0185546875 0.0283203125
1 0.1220703125 0.3935546875 0.03125 0.021484375
1 0.587890625 0.4541015625 0.0185546875 0.0263671875
1 0.431640625 0.36328125 0.021484375 0.0263671875
1 0.0205078125 0.4951171875 0.0185546875 0.037109375
1 0.1318359375 0.423828125 0.0205078125 0.03125
1 0.861328125 0.576171875 0.072265625 0.046875
1 0.216796875 0.4189453125 0.0126953125 0.0185546875
1 0.779296875 0.556640625 0.041015625 0.056640625
1 0.6357421875 0.4443359375 0.0439453125 0.029296875
1 0.1767578125 0.3271484375 0.0185546875 0.0205078125
1 0.025390625 0.375 0.013671875 0.0185546875
1 0.966796875 0.5712890625 0.0390625 0.0390625
1 0.4375 0.7646484375 0.021484375 0.0361328125
1 0.466796875 0.4208984375 0.013671875 0.0205078125
1 0.078125 0.408203125 0.015625 0.0263671875
1 0.146484375 0.4208984375 0.0126953125 0.0234375
1 0.517578125 0.5810546875 0.021484375 0.0498046875
1 0.107421875 0.486328125 0.0341796875 0.03125
1 0.1953125 0.322265625 0.015625 0.017578125
0 0.1962890625 0.876953125 0.1201171875 0.0283203125
1 0.6630859375 0.51171875 0.0205078125 0.0390625
1 0.455078125 0.716796875 0.0205078125 0.025390625
1 0.0693359375 0.33984375 0.013671875 0.017578125
1 0.248046875 0.35546875 0.0107421875 0.0234375
1 0.517578125 0.44921875 0.017578125 0.0205078125
1 0.328125 0.3544921875 0.015625 0.025390625
1 0.20703125 0.357421875 0.0107421875 0.021484375
1 0.05859375 0.3828125 0.0107421875 0.0185546875
1 0.4287109375 0.646484375 0.033203125 0.0517578125