0 0.1923828125 0.748046875 0.1220703125 0.162109375
0 0.515625 0.423828125 0.0498046875 0.056640625
1 0.6103515625 0.4951171875 0.0361328125 0.046875
0 0.3388671875 0.7275390625 0.0966796875 0.1171875
0 0.4892578125 0.3603515625 0.041015625 0.0361328125
1 0.3095703125 0.8525390625 0.046875 0.0673828125
1 0.412109375 0.7998046875 0.0546875 0.0751953125
1 0.470703125 0.4521484375 0.0263671875 0.0419921875
1 0.076171875 0.759765625 0.0390625 0.0673828125
0 0.537109375 0.353515625 0.0390625 0.0419921875
1 0.55078125 0.4677734375 0.0205078125 0.0419921875
1 0.548828125 0.4375 0.0185546875 0.03125
1 0.5185546875 0.4755859375 0.037109375 0.048828125
1 0.1181640625 0.666015625 0.044921875 0.060546875
1 0.5126953125 0.529296875 0.056640625 0.0654296875
1 0.64453125 0.4892578125 0.0234375 0.041015625
1 0.0849609375 0.4033203125 0.0205078125 0.021484375
1 0.4951171875 0.4482421875 0.015625 0.025390625
1 0.4384765625 0.4453125 0.017578125 0.03125
0 0.8984375 0.564453125 0.181640625 0.080078125
1 0.4267578125 0.6787109375 0.046875 0.0546875
1 0.45703125 0.779296875 0.0361328125 0.0654296875
1 0.564453125 0.4384765625 0.0185546875 0.0263671875
0 0.509765625 0.333984375 0.0283203125 0.0283203125
1 0.0322265625 0.568359375 0.0419921875 0.0673828125
1 0.0283203125 0.7861328125 0.0341796875 0.0810546875
1 0.580078125 0.3935546875 0.021484375 0.0341796875
1 0.421875 0.740234375 0.0498046875 0.0546875
1 0.0556640625 0.482421875 0.0205078125 0.033203125
1 0.3466796875 0.3564453125 0.015625 0.021484375
1 0.34765625 0.44140625 0.0234375 0.033203125
1 0.568359375 0.3779296875 0.017578125 0.021484375
1 0.4375 0.361328125 0.015625 0.0205078125
0 0.3916015625 0.4921875 0.111328125 0.0625
1 0.408203125 0.595703125 0.0283203125 0.0625
1 0.0732421875 0.5498046875 0.037109375 0.0654296875
1 0.59375 0.46875 0.015625 0.021484375
1 0.0654296875 0.509765625 0.0185546875 0.037109375
1 0.62109375 0.462890625 0.017578125 0.029296875
1 0.4658203125 0.4228515625 0.0185546875 0.0263671875
0 0.234375 0.3701171875 0.052734375 0.03125
1 0.177734375 0.326171875 0.0185546875 0.021484375
1 0.166015625 0.36328125 0.015625 0.0205078125
1 0.2060546875 0.357421875 0.015625 0.015625
1 0.595703125 0.431640625 0.0126953125 0.0234375
1 0.330078125 0.357421875 0.0185546875 0.0234375
1 0.28515625 0.361328125 0.0234375 0.0263671875
1 0.0244140625 0.373046875 0.0205078125 0.0234375
0 0.1943359375 0.8759765625 0.1044921875 0.029296875
1 0.4638671875 0.365234375 0.015625 0.0234375
1 0.248046875 0.353515625 0.0126953125 0.0234375