0 0.1884765625 0.677734375 0.111328125 0.1201171875
1 0.0986328125 0.6435546875 0.03125 0.072265625
0 0.5966796875 0.697265625 0.140625 0.185546875
1 0.76171875 0.791015625 0.0576171875 0.1064453125
1 0.134765625 0.568359375 0.0283203125 0.0419921875
1 0.6884765625 0.54296875 0.048828125 0.0546875
0 0.625 0.5634765625 0.0908203125 0.095703125
1 0.509765625 0.580078125 0.025390625 0.0498046875
0 0.5263671875 0.392578125 0.046875 0.048828125
1 0.177734375 0.568359375 0.0263671875 0.0419921875
1 0.818359375 0.57421875 0.0810546875 0.0859375
1 0.2578125 0.462890625 0.0185546875 0.037109375
1 0.54296875 0.556640625 0.029296875 0.046875
1 0.142578125 0.474609375 0.021484375 0.0283203125
0 0.9072265625 0.830078125 0.154296875 0.115234375
1 0.328125 0.5791015625 0.025390625 0.044921875
1 0.2841796875 0.46875 0.021484375 0.037109375
1 0.9404296875 0.681640625 0.087890625 0.0888671875
0 0.5390625 0.4462890625 0.046875 0.0517578125
1 0.1923828125 0.5224609375 0.025390625 0.0361328125
1 0.255859375 0.595703125 0.029296875 0.0498046875
1 0.5234375 0.5205078125 0.021484375 0.037109375
1 0.298828125 0.517578125 0.0205078125 0.033203125
1 0.6064453125 0.4853515625 0.025390625 0.033203125
1 0.279296875 0.548828125 0.03125 0.044921875
1 0.728515625 0.541015625 0.0419921875 0.046875
1 0.1767578125 0.4775390625 0.025390625 0.0361328125
1 0.255859375 0.5048828125 0.025390625 0.037109375
1 0.896484375 0.5419921875 0.0341796875 0.037109375
1 0.25390625 0.748046875 0.0419921875 0.0625
1 0.310546875 0.453125 0.017578125 0.025390625
0 0.5615234375 0.388671875 0.0361328125 0.0390625
1 0.513671875 0.435546875 0.0205078125 0.0283203125
1 0.15625 0.498046875 0.021484375 0.0361328125
1 0.369140625 0.4931640625 0.0205078125 0.033203125
1 0.228515625 0.490234375 0.0234375 0.037109375
1 0.712890625 0.865234375 0.064453125 0.0517578125
1 0.2314453125 0.455078125 0.021484375 0.0361328125
1 0.150390625 0.4423828125 0.0205078125 0.03125
1 0.4541015625 0.376953125 0.017578125 0.0283203125
0 0.173828125 0.4169921875 0.048828125 0.037109375
1 0.669921875 0.6923828125 0.0439453125 0.0498046875
1 0.052734375 0.794921875 0.03125 0.0498046875
1 0.05859375 0.4814453125 0.0205078125 0.0341796875
1 0.5615234375 0.486328125 0.0205078125 0.03125
1 0.5751953125 0.587890625 0.025390625 0.0390625
1 0.380859375 0.5458984375 0.029296875 0.064453125
1 0.2119140625 0.412109375 0.017578125 0.0283203125
1 0.470703125 0.4306640625 0.0185546875 0.029296875
1 0.041015625 0.583984375 0.0263671875 0.060546875
1 0.1884765625 0.380859375 0.013671875 0.0283203125
1 0.5830078125 0.501953125 0.025390625 0.0341796875
0 0.490234375 0.3505859375 0.0341796875 0.029296875
1 0.5908203125 0.455078125 0.0341796875 0.0419921875
1 0.125 0.431640625 0.0185546875 0.0234375
0 0.541015625 0.345703125 0.029296875 0.025390625
1 0.427734375 0.470703125 0.013671875 0.0361328125
1 0.1044921875 0.419921875 0.025390625 0.0283203125
1 0.1533203125 0.64453125 0.015625 0.0234375
1 0.1806640625 0.8154296875 0.0390625 0.0341796875
1 0.951171875 0.529296875 0.0205078125 0.017578125
1 0.021484375 0.478515625 0.021484375 0.0390625
1 0.587890625 0.396484375 0.017578125 0.03125
1 0.30859375 0.548828125 0.142578125 0.109375
0 0.466796875 0.396484375 0.03125 0.03125
1 0.5498046875 0.5107421875 0.021484375 0.0283203125
1 0.466796875 0.3623046875 0.013671875 0.025390625
0 0.248046875 0.388671875 0.078125 0.0419921875
1 0.896484375 0.5869140625 0.041015625 0.0576171875
1 0.9736328125 0.6337890625 0.03125 0.0576171875
1 0.166015625 0.521484375 0.087890625 0.138671875
1 0.490234375 0.390625 0.025390625 0.03125
0 0.951171875 0.58203125 0.0703125 0.064453125
1 0.111328125 0.48828125 0.0390625 0.0361328125
1 0.44140625 0.4365234375 0.029296875 0.033203125
1 0.177734375 0.353515625 0.015625 0.017578125
1 0.021484375 0.5625 0.0205078125 0.0498046875
1 0.451171875 0.6865234375 0.029296875 0.091796875
1 0.5576171875 0.4755859375 0.119140625 0.220703125