0 0.1923828125 0.748046875 0.1220703125 0.1611328125
0 0.51171875 0.421875 0.048828125 0.052734375
0 0.3388671875 0.728515625 0.0966796875 0.119140625
0 0.5390625 0.3515625 0.041015625 0.037109375
0 0.4892578125 0.361328125 0.0341796875 0.033203125
1 0.0771484375 0.7626953125 0.048828125 0.0751953125
1 0.3544921875 0.505859375 0.046875 0.0439453125
1 0.1328125 0.6396484375 0.0439453125 0.0576171875
1 0.306640625 0.853515625 0.041015625 0.0576171875
1 0.4130859375 0.7919921875 0.0546875 0.087890625
0 0.509765625 0.333984375 0.03125 0.03125
0 0.6513671875 0.54296875 0.162109375 0.080078125
1 0.544921875 0.482421875 0.0234375 0.0419921875
1 0.6181640625 0.4892578125 0.033203125 0.041015625
1 0.560546875 0.453125 0.025390625 0.037109375
1 0.646484375 0.484375 0.021484375 0.0341796875
1 0.4677734375 0.4638671875 0.0361328125 0.0498046875
1 0.427734375 0.65234375 0.033203125 0.060546875
1 0.4580078125 0.7841796875 0.037109375 0.056640625
1 0.5146484375 0.4833984375 0.0234375 0.0419921875
1 0.5908203125 0.482421875 0.021484375 0.041015625
1 0.57421875 0.4052734375 0.0234375 0.033203125
1 0.4423828125 0.4453125 0.0185546875 0.025390625
0 0.2802734375 0.458984375 0.080078125 0.048828125
1 0.060546875 0.6640625 0.037109375 0.0439453125
1 0.060546875 0.4765625 0.0234375 0.03125
1 0.0205078125 0.572265625 0.0185546875 0.0390625
1 0.568359375 0.3779296875 0.017578125 0.025390625
1 0.423828125 0.708984375 0.0390625 0.0546875
1 0.466796875 0.421875 0.015625 0.025390625
1 0.0654296875 0.5390625 0.025390625 0.0439453125
0 0.326171875 0.396484375 0.1171875 0.0517578125
1 0.369140625 0.361328125 0.0205078125 0.0234375
1 0.3779296875 0.48046875 0.025390625 0.0419921875
1 0.0263671875 0.787109375 0.0341796875 0.087890625
1 0.6806640625 0.49609375 0.029296875 0.0205078125
1 0.4580078125 0.3642578125 0.025390625 0.03125
1 0.2080078125 0.3564453125 0.015625 0.0185546875
1 0.021484375 0.4765625 0.0205078125 0.0283203125
1 0.623046875 0.4521484375 0.0205078125 0.029296875
1 0.3994140625 0.3603515625 0.017578125 0.0205078125
1 0.3525390625 0.35546875 0.017578125 0.0205078125
1 0.287109375 0.3623046875 0.015625 0.021484375
1 0.048828125 0.6259765625 0.029296875 0.0234375
0 0.236328125 0.373046875 0.0576171875 0.0283203125
1 0.5634765625 0.427734375 0.017578125 0.0263671875
0 0.185546875 0.326171875 0.037109375 0.0263671875
1 0.248046875 0.3544921875 0.013671875 0.021484375
1 0.5478515625 0.4169921875 0.013671875 0.021484375
1 0.228515625 0.35546875 0.0126953125 0.0205078125
0 0.189453125 0.875 0.0986328125 0.0283203125
1 0.4541015625 0.71875 0.0205078125 0.021484375