0 0.193359375 0.748046875 0.1220703125 0.162109375
0 0.51171875 0.4169921875 0.0419921875 0.046875
0 0.337890625 0.728515625 0.1015625 0.1220703125
0 0.486328125 0.361328125 0.0390625 0.03125
1 0.48828125 0.490234375 0.0263671875 0.0439453125
1 0.4130859375 0.7900390625 0.0517578125 0.0888671875
1 0.06640625 0.533203125 0.0263671875 0.0439453125
1 0.0771484375 0.7578125 0.044921875 0.0751953125
1 0.1787109375 0.5732421875 0.0361328125 0.0595703125
0 0.5380859375 0.353515625 0.0419921875 0.0419921875
1 0.3056640625 0.8564453125 0.0419921875 0.0625
1 0.6083984375 0.4921875 0.0361328125 0.052734375
0 0.3955078125 0.4951171875 0.1220703125 0.0751953125
1 0.228515625 0.4599609375 0.033203125 0.0390625
1 0.1298828125 0.55078125 0.0283203125 0.044921875
1 0.5087890625 0.451171875 0.0361328125 0.0341796875
1 0.521484375 0.501953125 0.029296875 0.046875
1 0.974609375 0.611328125 0.025390625 0.046875
1 0.5498046875 0.498046875 0.021484375 0.048828125
0 0.509765625 0.333984375 0.029296875 0.029296875
1 0.548828125 0.439453125 0.021484375 0.03125
1 0.5654296875 0.44921875 0.021484375 0.033203125
1 0.38671875 0.408203125 0.017578125 0.03125
1 0.6455078125 0.4931640625 0.021484375 0.033203125
1 0.458984375 0.783203125 0.037109375 0.0576171875
1 0.5849609375 0.47265625 0.017578125 0.033203125
1 0.408203125 0.3876953125 0.0185546875 0.025390625
1 0.5126953125 0.3671875 0.021484375 0.025390625
1 0.470703125 0.443359375 0.0263671875 0.0361328125
1 0.5751953125 0.3974609375 0.0185546875 0.033203125
0 0.1708984375 0.416015625 0.060546875 0.0361328125
1 0.3955078125 0.361328125 0.015625 0.0185546875
1 0.5654296875 0.376953125 0.021484375 0.025390625
0 0.236328125 0.37109375 0.056640625 0.033203125
1 0.060546875 0.4775390625 0.025390625 0.033203125
1 0.427734375 0.6787109375 0.048828125 0.0517578125
1 0.6357421875 0.458984375 0.046875 0.044921875
0 0.0361328125 0.5185546875 0.052734375 0.083984375
1 0.466796875 0.419921875 0.017578125 0.021484375
1 0.02734375 0.7841796875 0.0361328125 0.0810546875
1 0.021484375 0.5673828125 0.0185546875 0.0498046875
1 0.1669921875 0.3662109375 0.015625 0.017578125
1 0.3759765625 0.361328125 0.0107421875 0.0205078125
1 0.4560546875 0.361328125 0.021484375 0.0283203125
0 0.185546875 0.3251953125 0.037109375 0.025390625
1 0.0390625 0.560546875 0.0185546875 0.0419921875
1 0.025390625 0.373046875 0.0126953125 0.0185546875
1 0.4375 0.7626953125 0.021484375 0.0439453125
1 0.3564453125 0.396484375 0.0185546875 0.0361328125
1 0.5908203125 0.376953125 0.015625 0.021484375
1 0.2041015625 0.357421875 0.017578125 0.015625
1 0.2490234375 0.353515625 0.013671875 0.0234375
1 0.412109375 0.736328125 0.0283203125 0.0390625
0 0.193359375 0.875 0.0986328125 0.0283203125
1 0.5478515625 0.416015625 0.013671875 0.0205078125
1 0.1083984375 0.4853515625 0.0361328125 0.033203125
1 0.3271484375 0.353515625 0.013671875 0.0234375
1 0.564453125 0.46875 0.193359375 0.115234375