0 0.193359375 0.7490234375 0.123046875 0.1640625
0 0.509765625 0.4228515625 0.0576171875 0.0576171875
0 0.337890625 0.728515625 0.0986328125 0.1201171875
0 0.5400390625 0.353515625 0.044921875 0.0439453125
1 0.26171875 0.4560546875 0.0263671875 0.0283203125
1 0.126953125 0.5634765625 0.0283203125 0.0517578125
1 0.318359375 0.490234375 0.03125 0.0361328125
1 0.634765625 0.509765625 0.021484375 0.037109375
1 0.224609375 0.4443359375 0.025390625 0.029296875
0 0.48828125 0.3525390625 0.0732421875 0.0546875
1 0.078125 0.7470703125 0.0498046875 0.09375
1 0.5546875 0.470703125 0.021484375 0.0361328125
1 0.564453125 0.376953125 0.025390625 0.03125
0 0.4619140625 0.498046875 0.142578125 0.0625
1 0.068359375 0.537109375 0.0263671875 0.0419921875
1 0.1435546875 0.4501953125 0.025390625 0.03125
1 0.5810546875 0.4658203125 0.021484375 0.03125
1 0.4560546875 0.78125 0.037109375 0.0625
1 0.306640625 0.833984375 0.048828125 0.0888671875
1 0.5263671875 0.48046875 0.037109375 0.0361328125
1 0.1396484375 0.419921875 0.0205078125 0.029296875
1 0.7744140625 0.5908203125 0.0419921875 0.046875
1 0.08984375 0.4140625 0.0234375 0.021484375
1 0.21484375 0.423828125 0.0205078125 0.0234375
1 0.16796875 0.4755859375 0.0205078125 0.033203125
1 0.4697265625 0.4453125 0.029296875 0.0341796875
1 0.4150390625 0.791015625 0.0576171875 0.083984375
1 0.646484375 0.4697265625 0.0234375 0.033203125
1 0.2060546875 0.470703125 0.0341796875 0.0419921875
1 0.171875 0.412109375 0.0185546875 0.0263671875
1 0.5419921875 0.5576171875 0.052734375 0.0498046875
1 0.49609375 0.455078125 0.0205078125 0.0341796875
1 0.591796875 0.39453125 0.0185546875 0.029296875
1 0.5908203125 0.533203125 0.041015625 0.037109375
1 0.0693359375 0.4814453125 0.0390625 0.0341796875
1 0.5498046875 0.4482421875 0.0185546875 0.021484375
1 0.427734375 0.6796875 0.0361328125 0.041015625
0 0.9755859375 0.58984375 0.0234375 0.0517578125
1 0.845703125 0.66015625 0.0419921875 0.0390625
1 0.623046875 0.484375 0.029296875 0.0341796875
0 0.232421875 0.3623046875 0.056640625 0.03125
1 0.6630859375 0.51171875 0.0234375 0.033203125
1 0.8115234375 0.5888671875 0.0361328125 0.037109375
1 0.58984375 0.4892578125 0.0205078125 0.0283203125
1 0.634765625 0.4462890625 0.0390625 0.029296875
1 0.5869140625 0.47265625 0.138671875 0.0732421875
1 0.1640625 0.3759765625 0.0185546875 0.0205078125
1 0.3388671875 0.3408203125 0.0126953125 0.025390625
1 0.4638671875 0.423828125 0.0126953125 0.0185546875
1 0.587890625 0.359375 0.0126953125 0.021484375
0 0.033203125 0.373046875 0.029296875 0.025390625
1 0.736328125 0.4541015625 0.015625 0.0361328125
0 0.1943359375 0.8759765625 0.091796875 0.0263671875
1 0.814453125 0.6552734375 0.037109375 0.044921875
1 0.5556640625 0.5087890625 0.0205078125 0.0419921875
1 0.681640625 0.4404296875 0.0205078125 0.03125
1 0.0322265625 0.5830078125 0.0263671875 0.083984375
1 0.232421875 0.4521484375 0.1875 0.1015625
1 0.892578125 0.3759765625 0.0185546875 0.0390625
1 0.2314453125 0.3271484375 0.015625 0.017578125