0 0.193359375 0.748046875 0.123046875 0.162109375
0 0.5126953125 0.421875 0.0498046875 0.052734375
0 0.337890625 0.7275390625 0.0966796875 0.1201171875
0 0.5400390625 0.353515625 0.044921875 0.044921875
0 0.486328125 0.35546875 0.052734375 0.044921875
1 0.5146484375 0.470703125 0.0419921875 0.048828125
1 0.6416015625 0.498046875 0.029296875 0.044921875
0 0.806640625 0.568359375 0.189453125 0.0830078125
0 0.314453125 0.458984375 0.0908203125 0.052734375
1 0.580078125 0.4892578125 0.025390625 0.037109375
1 0.580078125 0.419921875 0.015625 0.029296875
1 0.4736328125 0.466796875 0.021484375 0.0341796875
1 0.0673828125 0.5380859375 0.0283203125 0.0361328125
1 0.1220703125 0.564453125 0.03125 0.048828125
1 0.080078125 0.74609375 0.046875 0.0888671875
1 0.427734375 0.677734375 0.0439453125 0.0517578125
0 0.509765625 0.333984375 0.03125 0.0263671875
1 0.4150390625 0.8125 0.0361328125 0.046875
1 0.3974609375 0.462890625 0.029296875 0.033203125
1 0.564453125 0.373046875 0.025390625 0.0263671875
1 0.3798828125 0.353515625 0.015625 0.0205078125
1 0.1376953125 0.4384765625 0.021484375 0.0263671875
1 0.232421875 0.4404296875 0.0205078125 0.025390625
1 0.4970703125 0.453125 0.0185546875 0.0283203125
1 0.1513671875 0.490234375 0.021484375 0.037109375
1 0.34765625 0.5048828125 0.0390625 0.037109375
1 0.306640625 0.833984375 0.046875 0.0888671875
1 0.4580078125 0.783203125 0.0341796875 0.0576171875
1 0.060546875 0.478515625 0.025390625 0.03125
1 0.513671875 0.3701171875 0.0185546875 0.021484375
1 0.552734375 0.4697265625 0.021484375 0.0390625
1 0.4365234375 0.3623046875 0.013671875 0.025390625
1 0.4736328125 0.4326171875 0.025390625 0.0283203125
1 0.4755859375 0.53515625 0.029296875 0.0390625
1 0.1767578125 0.45703125 0.0283203125 0.033203125
1 0.119140625 0.4169921875 0.0185546875 0.021484375
1 0.685546875 0.595703125 0.072265625 0.0595703125
1 0.138671875 0.4150390625 0.029296875 0.0361328125
1 0.6142578125 0.48046875 0.0341796875 0.0546875
1 0.595703125 0.37890625 0.017578125 0.0263671875
1 0.587890625 0.4501953125 0.015625 0.025390625
1 0.0849609375 0.4169921875 0.013671875 0.021484375
1 0.17578125 0.326171875 0.017578125 0.0205078125
1 0.421875 0.744140625 0.0498046875 0.0595703125
1 0.017578125 0.498046875 0.013671875 0.033203125
1 0.162109375 0.3642578125 0.013671875 0.0185546875
1 0.580078125 0.3955078125 0.013671875 0.0283203125
1 0.10546875 0.484375 0.029296875 0.0283203125
1 0.2880859375 0.6865234375 0.0390625 0.033203125
1 0.091796875 0.39453125 0.029296875 0.0263671875
1 0.6337890625 0.4423828125 0.0263671875 0.0283203125
1 0.5947265625 0.466796875 0.013671875 0.0205078125
0 0.234375 0.365234375 0.0595703125 0.0361328125
0 0.189453125 0.875 0.1123046875 0.0283203125
1 0.455078125 0.716796875 0.0205078125 0.025390625
1 0.4521484375 0.3603515625 0.013671875 0.0205078125
1 0.177734375 0.408203125 0.017578125 0.025390625
1 0.1953125 0.322265625 0.0185546875 0.0185546875
1 0.5498046875 0.44140625 0.015625 0.0234375
1 0.58203125 0.3603515625 0.013671875 0.0205078125
1 0.029296875 0.583984375 0.033203125 0.0859375
1 0.0224609375 0.373046875 0.0205078125 0.025390625
1 0.8916015625 0.384765625 0.017578125 0.025390625