0 0.1904296875 0.748046875 0.1220703125 0.162109375
0 0.5126953125 0.4228515625 0.0498046875 0.0517578125
0 0.337890625 0.7265625 0.0966796875 0.119140625
0 0.541015625 0.353515625 0.046875 0.044921875
1 0.580078125 0.48828125 0.0263671875 0.0390625
0 0.484375 0.357421875 0.052734375 0.0419921875
0 0.806640625 0.568359375 0.189453125 0.0810546875
1 0.580078125 0.419921875 0.015625 0.0283203125
0 0.314453125 0.458984375 0.0888671875 0.052734375
1 0.4150390625 0.8095703125 0.0390625 0.0595703125
1 0.427734375 0.6787109375 0.0439453125 0.0517578125
1 0.5771484375 0.376953125 0.017578125 0.0283203125
1 0.6416015625 0.49609375 0.0263671875 0.0419921875
1 0.0771484375 0.751953125 0.0390625 0.0810546875
1 0.37890625 0.353515625 0.017578125 0.0205078125
1 0.306640625 0.833984375 0.046875 0.087890625
1 0.51953125 0.470703125 0.048828125 0.0517578125
1 0.5546875 0.470703125 0.021484375 0.0419921875
1 0.12109375 0.5625 0.029296875 0.046875
0 0.509765625 0.333984375 0.033203125 0.029296875
1 0.458984375 0.783203125 0.0390625 0.0576171875
1 0.470703125 0.45703125 0.0341796875 0.044921875
1 0.4970703125 0.451171875 0.0185546875 0.03125
1 0.232421875 0.4404296875 0.021484375 0.025390625
1 0.0615234375 0.4765625 0.029296875 0.03125
1 0.3994140625 0.4638671875 0.029296875 0.0341796875
1 0.34765625 0.5048828125 0.0390625 0.037109375
1 0.1513671875 0.490234375 0.021484375 0.037109375
1 0.068359375 0.537109375 0.029296875 0.0390625
1 0.474609375 0.5341796875 0.03125 0.037109375
1 0.13671875 0.4384765625 0.0205078125 0.0263671875
1 0.685546875 0.599609375 0.068359375 0.048828125
1 0.177734375 0.45703125 0.0263671875 0.033203125
1 0.615234375 0.482421875 0.0390625 0.0546875
1 0.419921875 0.73828125 0.044921875 0.0517578125
1 0.455078125 0.36328125 0.017578125 0.0234375
1 0.47265625 0.41796875 0.029296875 0.033203125
1 0.841796875 0.6376953125 0.0517578125 0.0751953125
1 0.1064453125 0.4833984375 0.03125 0.029296875
1 0.1767578125 0.326171875 0.0185546875 0.021484375
1 0.01953125 0.494140625 0.017578125 0.0361328125
1 0.140625 0.412109375 0.021484375 0.033203125
1 0.513671875 0.3701171875 0.015625 0.0185546875
1 0.587890625 0.4501953125 0.015625 0.025390625
1 0.0849609375 0.416015625 0.013671875 0.021484375
1 0.0205078125 0.564453125 0.021484375 0.041015625
0 0.189453125 0.875 0.1220703125 0.0283203125
1 0.595703125 0.4658203125 0.015625 0.021484375
1 0.16015625 0.3642578125 0.017578125 0.0185546875
1 0.3291015625 0.359375 0.017578125 0.021484375
1 0.619140625 0.4541015625 0.015625 0.0205078125
1 0.455078125 0.7177734375 0.0205078125 0.0234375
1 0.091796875 0.396484375 0.0283203125 0.0263671875
1 0.2900390625 0.6865234375 0.033203125 0.029296875
1 0.1953125 0.322265625 0.0185546875 0.0205078125
1 0.1181640625 0.416015625 0.013671875 0.0234375
1 0.0244140625 0.3740234375 0.0205078125 0.0234375
0 0.2353515625 0.3662109375 0.0576171875 0.0361328125
1 0.177734375 0.408203125 0.017578125 0.025390625
1 0.890625 0.384765625 0.015625 0.0234375
1 0.076171875 0.548828125 0.1279296875 0.1201171875
1 0.548828125 0.4423828125 0.017578125 0.025390625
1 0.5166015625 0.4482421875 0.017578125 0.021484375
1 0.6318359375 0.443359375 0.0205078125 0.025390625