0 0.322265625 0.798828125 0.142578125 0.1767578125
0 0.146484375 0.525390625 0.064453125 0.0654296875
0 0.201171875 0.677734375 0.095703125 0.119140625
1 0.748046875 0.666015625 0.0439453125 0.068359375
1 0.6826171875 0.697265625 0.0439453125 0.0810546875
0 0.3173828125 0.6396484375 0.087890625 0.107421875
1 0.134765625 0.630859375 0.03125 0.044921875
1 0.6484375 0.5830078125 0.0341796875 0.052734375
0 0.2275390625 0.5791015625 0.080078125 0.0888671875
1 0.5615234375 0.6689453125 0.0390625 0.0966796875
0 0.2412109375 0.5068359375 0.064453125 0.0673828125
1 0.69140625 0.548828125 0.048828125 0.0546875
1 0.8212890625 0.5810546875 0.0830078125 0.0810546875
1 0.6005859375 0.5771484375 0.029296875 0.0517578125
1 0.099609375 0.568359375 0.0283203125 0.037109375
1 0.15234375 0.576171875 0.0263671875 0.052734375
0 0.208984375 0.4140625 0.037109375 0.0439453125
1 0.560546875 0.533203125 0.0234375 0.046875
1 0.52734375 0.591796875 0.033203125 0.0498046875
1 0.5830078125 0.484375 0.025390625 0.041015625
0 0.4970703125 0.361328125 0.041015625 0.037109375
1 0.9482421875 0.69140625 0.072265625 0.080078125
0 0.3154296875 0.505859375 0.0595703125 0.0673828125
0 0.51953125 0.4169921875 0.0546875 0.078125
1 0.611328125 0.5322265625 0.025390625 0.0390625
1 0.6103515625 0.4794921875 0.0263671875 0.037109375
1 0.6513671875 0.5361328125 0.021484375 0.037109375
1 0.384765625 0.509765625 0.021484375 0.0419921875
1 0.5302734375 0.498046875 0.0234375 0.0341796875
1 0.0810546875 0.6982421875 0.0341796875 0.0595703125
0 0.755859375 0.857421875 0.1533203125 0.0673828125
1 0.607421875 0.677734375 0.0390625 0.0810546875
0 0.470703125 0.427734375 0.0341796875 0.0576171875
1 0.6650390625 0.6533203125 0.0263671875 0.0498046875
1 0.0263671875 0.564453125 0.0283203125 0.046875
1 0.892578125 0.654296875 0.0810546875 0.0810546875
1 0.5771484375 0.4453125 0.044921875 0.046875
1 0.365234375 0.4501953125 0.0185546875 0.0283203125
1 0.060546875 0.484375 0.0283203125 0.03125
1 0.7294921875 0.541015625 0.041015625 0.046875
1 0.189453125 0.474609375 0.017578125 0.0341796875
1 0.1220703125 0.7138671875 0.03125 0.0341796875
1 0.4892578125 0.3974609375 0.015625 0.0263671875
1 0.080078125 0.34375 0.013671875 0.0185546875
1 0.4443359375 0.4560546875 0.0205078125 0.0498046875
1 0.1572265625 0.7412109375 0.048828125 0.0517578125
0 0.2509765625 0.38671875 0.048828125 0.0361328125
1 0.2373046875 0.6455078125 0.0283203125 0.046875
1 0.931640625 0.60546875 0.052734375 0.048828125
1 0.0732421875 0.6240234375 0.0341796875 0.044921875
1 0.896484375 0.5869140625 0.0419921875 0.060546875
0 0.205078125 0.34765625 0.029296875 0.0263671875
1 0.744140625 0.599609375 0.03125 0.0439453125
0 0.517578125 0.3359375 0.0419921875 0.0341796875
0 0.298828125 0.4091796875 0.052734375 0.0654296875
1 0.455078125 0.369140625 0.013671875 0.029296875
1 0.638671875 0.439453125 0.0361328125 0.037109375
1 0.646484375 0.642578125 0.1982421875 0.189453125
1 0.076171875 0.66015625 0.0263671875 0.033203125
0 0.33984375 0.400390625 0.048828125 0.041015625
1 0.974609375 0.6298828125 0.029296875 0.0595703125
0 0.935546875 0.5244140625 0.080078125 0.044921875
1 0.1064453125 0.4794921875 0.041015625 0.041015625
1 0.23828125 0.35546875 0.013671875 0.0234375
1 0.9326171875 0.6494140625 0.03125 0.044921875
0 0.037109375 0.46875 0.041015625 0.037109375
1 0.0224609375 0.373046875 0.017578125 0.0234375
1 0.185546875 0.380859375 0.025390625 0.0283203125
1 0.7587890625 0.626953125 0.0205078125 0.033203125
1 0.162109375 0.369140625 0.021484375 0.025390625
1 0.1826171875 0.35546875 0.021484375 0.0263671875
1 0.095703125 0.6318359375 0.1357421875 0.1953125
1 0.818359375 0.5361328125 0.0234375 0.0439453125