0 0.322265625 0.7998046875 0.1435546875 0.1748046875
0 0.609375 0.5615234375 0.109375 0.1142578125
1 0.6455078125 0.7421875 0.041015625 0.072265625
1 0.5166015625 0.5751953125 0.029296875 0.046875
0 0.197265625 0.666015625 0.091796875 0.115234375
1 0.435546875 0.4755859375 0.025390625 0.048828125
0 0.3173828125 0.6494140625 0.087890625 0.111328125
1 0.642578125 0.4755859375 0.0390625 0.0419921875
1 0.5634765625 0.390625 0.017578125 0.025390625
1 0.5927734375 0.3955078125 0.0205078125 0.025390625
1 0.09765625 0.587890625 0.0263671875 0.0439453125
1 0.822265625 0.5810546875 0.0830078125 0.0810546875
1 0.5302734375 0.4716796875 0.0205078125 0.046875
1 0.69140625 0.546875 0.0517578125 0.056640625
1 0.580078125 0.443359375 0.0234375 0.033203125
1 0.68359375 0.4736328125 0.0390625 0.0341796875
1 0.947265625 0.6875 0.0732421875 0.0810546875
1 0.115234375 0.55859375 0.0263671875 0.0390625
1 0.40625 0.4287109375 0.0185546875 0.029296875
1 0.478515625 0.501953125 0.0283203125 0.046875
1 0.486328125 0.4521484375 0.0185546875 0.029296875
0 0.3271484375 0.490234375 0.0673828125 0.0595703125
1 0.890625 0.66015625 0.083984375 0.076171875
1 0.134765625 0.625 0.033203125 0.052734375
0 0.478515625 0.357421875 0.0361328125 0.0390625
0 0.240234375 0.513671875 0.064453125 0.080078125
1 0.4638671875 0.427734375 0.0185546875 0.033203125
1 0.5068359375 0.3662109375 0.017578125 0.0263671875
1 0.44140625 0.41015625 0.0234375 0.033203125
1 0.419921875 0.6142578125 0.052734375 0.0595703125
1 0.4453125 0.365234375 0.0126953125 0.0205078125
1 0.173828125 0.529296875 0.029296875 0.046875
1 0.0859375 0.7177734375 0.03125 0.048828125
1 0.400390625 0.3857421875 0.0126953125 0.0185546875
1 0.904296875 0.5400390625 0.033203125 0.0390625
1 0.625 0.4345703125 0.041015625 0.041015625
1 0.5302734375 0.4248046875 0.0263671875 0.0341796875
1 0.0361328125 0.595703125 0.046875 0.0703125
0 0.25390625 0.396484375 0.0517578125 0.0576171875
1 0.0625 0.4794921875 0.0341796875 0.041015625
1 0.1552734375 0.548828125 0.0263671875 0.0419921875
1 0.447265625 0.8154296875 0.037109375 0.1064453125
1 0.14453125 0.4921875 0.0419921875 0.046875
0 0.53125 0.3525390625 0.03125 0.0390625
0 0.3212890625 0.5478515625 0.0703125 0.080078125
0 0.505859375 0.337890625 0.0263671875 0.021484375
1 0.8505859375 0.869140625 0.0546875 0.0439453125
1 0.0634765625 0.8447265625 0.044921875 0.0888671875
1 0.96484375 0.5224609375 0.0419921875 0.033203125
1 0.931640625 0.611328125 0.046875 0.041015625
1 0.365234375 0.361328125 0.013671875 0.021484375
1 0.38671875 0.3603515625 0.017578125 0.0234375
1 0.4072265625 0.3583984375 0.0107421875 0.0205078125
1 0.4853515625 0.443359375 0.1328125 0.1298828125
1 0.353515625 0.396484375 0.015625 0.033203125
1 0.19140625 0.4189453125 0.048828125 0.0439453125
1 0.892578125 0.5810546875 0.0419921875 0.056640625
1 0.1064453125 0.486328125 0.0283203125 0.033203125
1 0.576171875 0.40625 0.068359375 0.115234375
1 0.9296875 0.861328125 0.056640625 0.0546875
1 0.2060546875 0.4638671875 0.021484375 0.041015625
1 0.841796875 0.5419921875 0.0263671875 0.037109375
1 0.2783203125 0.7412109375 0.0185546875 0.0234375