0 0.322265625 0.80078125 0.142578125 0.1767578125
0 0.0869140625 0.7412109375 0.0986328125 0.1357421875
0 0.1982421875 0.677734375 0.1064453125 0.1201171875
1 0.6904296875 0.54296875 0.046875 0.0576171875
0 0.3173828125 0.6474609375 0.0908203125 0.107421875
1 0.900390625 0.6494140625 0.0859375 0.080078125
0 0.224609375 0.5791015625 0.078125 0.0888671875
1 0.8212890625 0.576171875 0.0859375 0.091796875
0 0.2412109375 0.513671875 0.064453125 0.064453125
0 0.6142578125 0.4677734375 0.1064453125 0.0673828125
1 0.548828125 0.455078125 0.017578125 0.0283203125
0 0.482421875 0.359375 0.03125 0.0283203125
0 0.3203125 0.5498046875 0.072265625 0.0810546875
0 0.7578125 0.8017578125 0.193359375 0.166015625
1 0.484375 0.4130859375 0.015625 0.0263671875
0 0.328125 0.490234375 0.068359375 0.0595703125
1 0.4755859375 0.474609375 0.0361328125 0.0390625
1 0.7861328125 0.486328125 0.0185546875 0.029296875
1 0.435546875 0.7412109375 0.0341796875 0.060546875
0 0.263671875 0.4130859375 0.052734375 0.0361328125
1 0.962890625 0.701171875 0.0498046875 0.0703125
0 0.2275390625 0.3564453125 0.029296875 0.0283203125
1 0.4013671875 0.41015625 0.0185546875 0.0234375
0 0.189453125 0.380859375 0.0361328125 0.03125
0 0.5380859375 0.3310546875 0.033203125 0.025390625
1 0.185546875 0.4248046875 0.013671875 0.025390625
1 0.15234375 0.4853515625 0.0263671875 0.029296875
1 0.8974609375 0.541015625 0.0390625 0.033203125
0 0.2509765625 0.384765625 0.064453125 0.0361328125
1 0.177734375 0.404296875 0.017578125 0.029296875
1 0.435546875 0.416015625 0.0263671875 0.0361328125
1 0.1669921875 0.529296875 0.03125 0.0576171875
1 0.404296875 0.4375 0.0205078125 0.0341796875
1 0.1494140625 0.423828125 0.017578125 0.0263671875
1 0.5849609375 0.42578125 0.017578125 0.0205078125
1 0.4296875 0.4755859375 0.015625 0.029296875
1 0.89453125 0.572265625 0.0390625 0.0390625
1 0.0625 0.48046875 0.03125 0.0361328125
1 0.1494140625 0.4033203125 0.013671875 0.021484375
1 0.93359375 0.611328125 0.0419921875 0.0419921875
1 0.033203125 0.5947265625 0.0390625 0.076171875
1 0.4384765625 0.36328125 0.017578125 0.0234375
1 0.021484375 0.470703125 0.0205078125 0.0263671875
1 0.4609375 0.3544921875 0.0185546875 0.0283203125
0 0.068359375 0.322265625 0.0361328125 0.0205078125
1 0.373046875 0.458984375 0.015625 0.037109375
1 0.1884765625 0.5048828125 0.0263671875 0.0439453125
1 0.517578125 0.4228515625 0.015625 0.0234375
1 0.7158203125 0.5205078125 0.025390625 0.0341796875
1 0.81640625 0.533203125 0.029296875 0.0390625
1 0.232421875 0.4150390625 0.0205078125 0.029296875
1 0.681640625 0.5126953125 0.0205078125 0.0283203125
0 0.3515625 0.3203125 0.03125 0.015625
1 0.556640625 0.3916015625 0.0732421875 0.0673828125
1 0.54296875 0.833984375 0.0576171875 0.1015625