0 0.1923828125 0.748046875 0.1279296875 0.1611328125
0 0.5107421875 0.419921875 0.052734375 0.046875
1 0.1318359375 0.5751953125 0.033203125 0.052734375
0 0.509765625 0.498046875 0.0908203125 0.0732421875
0 0.337890625 0.728515625 0.0986328125 0.1220703125
0 0.298828125 0.458984375 0.09375 0.0595703125
1 0.08203125 0.755859375 0.0517578125 0.072265625
0 0.5400390625 0.349609375 0.0419921875 0.037109375
1 0.34375 0.49609375 0.037109375 0.0361328125
1 0.251953125 0.490234375 0.0283203125 0.0361328125
0 0.4921875 0.359375 0.037109375 0.03125
1 0.673828125 0.5869140625 0.0419921875 0.0419921875
1 0.1591796875 0.4462890625 0.025390625 0.0263671875
1 0.208984375 0.4775390625 0.029296875 0.033203125
1 0.314453125 0.5009765625 0.037109375 0.0361328125
1 0.306640625 0.8330078125 0.048828125 0.09375
1 0.5576171875 0.478515625 0.025390625 0.029296875
1 0.12109375 0.4072265625 0.0205078125 0.0205078125
1 0.4482421875 0.771484375 0.046875 0.0625
1 0.58984375 0.5869140625 0.064453125 0.0576171875
1 0.2919921875 0.5244140625 0.037109375 0.0390625
1 0.8974609375 0.5771484375 0.0390625 0.0546875
1 0.720703125 0.544921875 0.064453125 0.0576171875
1 0.1357421875 0.521484375 0.025390625 0.0390625
1 0.5419921875 0.572265625 0.0625 0.046875
0 0.509765625 0.333984375 0.033203125 0.029296875
1 0.083984375 0.4052734375 0.0185546875 0.0234375
1 0.548828125 0.388671875 0.015625 0.0283203125
1 0.2060546875 0.4189453125 0.0283203125 0.025390625
1 0.255859375 0.4169921875 0.0205078125 0.0283203125
0 0.2333984375 0.3671875 0.060546875 0.037109375
1 0.4755859375 0.392578125 0.013671875 0.025390625
1 0.427734375 0.658203125 0.0361328125 0.0625
1 0.626953125 0.6640625 0.064453125 0.052734375
1 0.0263671875 0.5615234375 0.0283203125 0.044921875
1 0.1044921875 0.400390625 0.021484375 0.0205078125
1 0.6240234375 0.4912109375 0.0419921875 0.0390625
1 0.5732421875 0.375 0.0185546875 0.025390625
1 0.1357421875 0.4169921875 0.0185546875 0.021484375
0 0.06640625 0.5029296875 0.111328125 0.0908203125
1 0.7890625 0.6171875 0.068359375 0.0439453125
1 0.6240234375 0.802734375 0.0390625 0.041015625
1 0.4169921875 0.3857421875 0.021484375 0.025390625
1 0.0244140625 0.771484375 0.0263671875 0.0908203125
1 0.6201171875 0.4638671875 0.0185546875 0.0283203125
1 0.060546875 0.478515625 0.0205078125 0.033203125
1 0.435546875 0.853515625 0.0390625 0.0517578125
1 0.455078125 0.36328125 0.0185546875 0.0263671875
1 0.9765625 0.5498046875 0.0185546875 0.037109375
1 0.556640625 0.4501953125 0.021484375 0.0283203125
1 0.423828125 0.708984375 0.0390625 0.0517578125
1 0.177734375 0.326171875 0.0234375 0.021484375
1 0.580078125 0.4658203125 0.0185546875 0.03125
1 0.5888671875 0.4990234375 0.046875 0.0419921875
1 0.552734375 0.54296875 0.029296875 0.0361328125
1 0.59375 0.466796875 0.015625 0.021484375
1 0.50390625 0.5966796875 0.0205078125 0.046875
1 0.8701171875 0.5810546875 0.021484375 0.0498046875
1 0.642578125 0.55078125 0.052734375 0.0390625
1 0.025390625 0.373046875 0.0126953125 0.021484375
1 0.1572265625 0.416015625 0.013671875 0.0234375
1 0.5166015625 0.830078125 0.0390625 0.0625
1 0.4404296875 0.490234375 0.025390625 0.0341796875
1 0.853515625 0.6572265625 0.0361328125 0.033203125
0 0.1552734375 0.298828125 0.0361328125 0.0341796875
1 0.1220703125 0.4140625 0.0908203125 0.056640625
1 0.681640625 0.447265625 0.015625 0.017578125
0 0.1884765625 0.875 0.091796875 0.0283203125
1 0.888671875 0.384765625 0.015625 0.025390625
1 0.58984375 0.4521484375 0.0107421875 0.017578125
1 0.0400390625 0.470703125 0.0263671875 0.0283203125
1 0.1953125 0.3212890625 0.021484375 0.0205078125