0 0.3232421875 0.8017578125 0.1435546875 0.1748046875
0 0.0849609375 0.73828125 0.0986328125 0.138671875
0 0.19921875 0.677734375 0.1044921875 0.1201171875
0 0.318359375 0.646484375 0.091796875 0.1064453125
1 0.6904296875 0.5458984375 0.0498046875 0.0546875
0 0.240234375 0.5087890625 0.0625 0.0703125
1 0.900390625 0.6484375 0.083984375 0.0810546875
1 0.8212890625 0.5771484375 0.0859375 0.0888671875
0 0.224609375 0.5791015625 0.078125 0.0888671875
0 0.322265625 0.5478515625 0.072265625 0.0830078125
0 0.6181640625 0.470703125 0.1044921875 0.068359375
1 0.5498046875 0.4560546875 0.015625 0.03125
0 0.484375 0.35546875 0.041015625 0.0361328125
0 0.2265625 0.3544921875 0.03125 0.0283203125
1 0.482421875 0.412109375 0.029296875 0.0390625
1 0.9619140625 0.7001953125 0.0517578125 0.072265625
1 0.3994140625 0.4130859375 0.013671875 0.0205078125
0 0.763671875 0.810546875 0.1904296875 0.1513671875
1 0.4365234375 0.7353515625 0.033203125 0.0673828125
1 0.1533203125 0.4833984375 0.025390625 0.029296875
0 0.1884765625 0.376953125 0.033203125 0.025390625
1 0.404296875 0.44140625 0.0185546875 0.0263671875
1 0.6630859375 0.482421875 0.0234375 0.0390625
1 0.8974609375 0.541015625 0.0390625 0.033203125
0 0.068359375 0.3232421875 0.0361328125 0.0185546875
1 0.466796875 0.392578125 0.013671875 0.0234375
1 0.4892578125 0.482421875 0.015625 0.037109375
0 0.5302734375 0.326171875 0.0361328125 0.021484375
1 0.146484375 0.4150390625 0.025390625 0.0390625
1 0.4375 0.3642578125 0.015625 0.021484375
1 0.431640625 0.48046875 0.017578125 0.033203125
1 0.89453125 0.5869140625 0.0419921875 0.060546875
1 0.517578125 0.4248046875 0.015625 0.025390625
1 0.0673828125 0.4794921875 0.041015625 0.037109375
1 0.033203125 0.59375 0.0390625 0.078125
0 0.26171875 0.412109375 0.048828125 0.0341796875
1 0.185546875 0.4248046875 0.0126953125 0.021484375
1 0.435546875 0.41796875 0.0185546875 0.0234375
0 0.3515625 0.3203125 0.03125 0.015625
1 0.16796875 0.5400390625 0.0234375 0.0546875
1 0.962890625 0.6240234375 0.046875 0.0703125
1 0.7919921875 0.48828125 0.025390625 0.0263671875
1 0.4619140625 0.3544921875 0.017578125 0.025390625
1 0.021484375 0.4716796875 0.0205078125 0.025390625
1 0.197265625 0.412109375 0.0205078125 0.03125
1 0.3720703125 0.455078125 0.015625 0.0390625
1 0.8173828125 0.5341796875 0.0283203125 0.037109375
1 0.5859375 0.4267578125 0.0185546875 0.021484375
1 0.541015625 0.4013671875 0.109375 0.099609375
1 0.71484375 0.5205078125 0.0234375 0.03125
0 0.3134765625 0.443359375 0.0673828125 0.080078125