0 0.3212890625 0.7998046875 0.1484375 0.177734375
1 0.556640625 0.615234375 0.037109375 0.0576171875
1 0.7333984375 0.669921875 0.044921875 0.056640625
0 0.6591796875 0.7197265625 0.171875 0.1982421875
1 0.599609375 0.5634765625 0.0361328125 0.0517578125
0 0.314453125 0.6494140625 0.091796875 0.111328125
0 0.5126953125 0.4541015625 0.0654296875 0.0673828125
1 0.693359375 0.548828125 0.0498046875 0.052734375
1 0.822265625 0.580078125 0.0859375 0.083984375
1 0.5888671875 0.447265625 0.0283203125 0.033203125
0 0.505859375 0.3447265625 0.0283203125 0.033203125
0 0.2421875 0.51171875 0.0595703125 0.076171875
1 0.109375 0.673828125 0.03125 0.0546875
1 0.9462890625 0.6875 0.076171875 0.0810546875
1 0.6298828125 0.61328125 0.0439453125 0.0517578125
1 0.388671875 0.4130859375 0.021484375 0.033203125
1 0.5634765625 0.3896484375 0.017578125 0.0234375
1 0.5537109375 0.5634765625 0.033203125 0.0419921875
1 0.4580078125 0.4345703125 0.037109375 0.037109375
1 0.3974609375 0.6611328125 0.0390625 0.0625
1 0.5185546875 0.4111328125 0.025390625 0.0283203125
1 0.0751953125 0.712890625 0.0439453125 0.083984375
1 0.12890625 0.5634765625 0.029296875 0.044921875
0 0.326171875 0.4912109375 0.068359375 0.060546875
1 0.408203125 0.392578125 0.0283203125 0.0341796875
1 0.892578125 0.646484375 0.0751953125 0.072265625
0 0.4814453125 0.3544921875 0.03125 0.0341796875
0 0.3203125 0.548828125 0.072265625 0.0810546875
1 0.4794921875 0.41796875 0.0185546875 0.033203125
1 0.0458984375 0.5703125 0.0263671875 0.046875
1 0.05859375 0.4794921875 0.0263671875 0.037109375
1 0.412109375 0.427734375 0.0185546875 0.033203125
1 0.896484375 0.5400390625 0.0341796875 0.0361328125
0 0.5419921875 0.3349609375 0.0341796875 0.029296875
0 0.25390625 0.3974609375 0.048828125 0.0517578125
1 0.8212890625 0.765625 0.064453125 0.1064453125
1 0.384765625 0.361328125 0.015625 0.0205078125
1 0.439453125 0.37890625 0.021484375 0.029296875
1 0.947265625 0.61328125 0.072265625 0.064453125
1 0.8447265625 0.4990234375 0.044921875 0.0390625
1 0.173828125 0.583984375 0.029296875 0.060546875
1 0.4384765625 0.41796875 0.013671875 0.0263671875
1 0.892578125 0.583984375 0.0439453125 0.052734375
1 0.9736328125 0.521484375 0.03125 0.03125
1 0.587890625 0.3974609375 0.0107421875 0.0205078125
1 0.4189453125 0.365234375 0.0126953125 0.0185546875
1 0.35546875 0.3994140625 0.013671875 0.0234375
0 0.1484375 0.43359375 0.046875 0.044921875
1 0.142578125 0.521484375 0.0263671875 0.0361328125
1 0.677734375 0.515625 0.03125 0.041015625
1 0.2138671875 0.412109375 0.0283203125 0.0361328125
1 0.205078125 0.578125 0.033203125 0.052734375
1 0.794921875 0.4873046875 0.0595703125 0.0341796875
1 0.455078125 0.36328125 0.017578125 0.029296875
1 0.0322265625 0.482421875 0.0419921875 0.046875
1 0.35546875 0.4404296875 0.017578125 0.0283203125
1 0.5244140625 0.3681640625 0.0205078125 0.0263671875
1 0.63671875 0.44140625 0.033203125 0.029296875
1 0.84375 0.541015625 0.021484375 0.0283203125
1 0.72265625 0.5126953125 0.0263671875 0.037109375
1 0.283203125 0.365234375 0.017578125 0.0234375