0 0.318359375 0.7998046875 0.1513671875 0.1748046875
1 0.4853515625 0.5400390625 0.029296875 0.044921875
0 0.7353515625 0.791015625 0.1484375 0.185546875
1 0.634765625 0.587890625 0.0361328125 0.052734375
1 0.5947265625 0.529296875 0.0263671875 0.0546875
1 0.1201171875 0.6298828125 0.037109375 0.056640625
0 0.3125 0.6494140625 0.09375 0.107421875
0 0.240234375 0.5126953125 0.0625 0.0810546875
1 0.693359375 0.5517578125 0.048828125 0.0595703125
1 0.8232421875 0.5791015625 0.087890625 0.0859375
1 0.7294921875 0.537109375 0.0439453125 0.048828125
1 0.9462890625 0.6865234375 0.076171875 0.0830078125
1 0.564453125 0.3896484375 0.0185546875 0.0263671875
0 0.5498046875 0.576171875 0.1064453125 0.1435546875
1 0.89453125 0.6396484375 0.0830078125 0.0830078125
1 0.5244140625 0.5 0.0263671875 0.03125
1 0.1943359375 0.552734375 0.033203125 0.0517578125
1 0.505859375 0.478515625 0.0263671875 0.033203125
1 0.662109375 0.470703125 0.0390625 0.0361328125
0 0.505859375 0.34765625 0.03125 0.0390625
1 0.4091796875 0.396484375 0.0185546875 0.03125
1 0.392578125 0.388671875 0.025390625 0.0263671875
0 0.3271484375 0.4921875 0.0673828125 0.0625
0 0.48046875 0.35546875 0.033203125 0.0390625
1 0.806640625 0.751953125 0.048828125 0.0908203125
1 0.1337890625 0.517578125 0.033203125 0.048828125
0 0.162109375 0.4443359375 0.0546875 0.044921875
1 0.060546875 0.4814453125 0.029296875 0.0341796875
1 0.591796875 0.3955078125 0.017578125 0.025390625
1 0.373046875 0.380859375 0.021484375 0.025390625
1 0.4501953125 0.4208984375 0.015625 0.033203125
1 0.4375 0.7958984375 0.041015625 0.0703125
1 0.412109375 0.4208984375 0.0205078125 0.0263671875
1 0.7275390625 0.646484375 0.0361328125 0.0595703125
1 0.591796875 0.595703125 0.0283203125 0.0595703125
0 0.2529296875 0.3974609375 0.046875 0.0517578125
1 0.6650390625 0.5205078125 0.0234375 0.0439453125
1 0.498046875 0.419921875 0.0205078125 0.0283203125
1 0.376953125 0.4765625 0.017578125 0.0283203125
1 0.21484375 0.412109375 0.033203125 0.0361328125
0 0.533203125 0.3427734375 0.0283203125 0.0263671875
1 0.166015625 0.5830078125 0.0234375 0.0498046875
1 0.19140625 0.509765625 0.017578125 0.03125
1 0.455078125 0.5029296875 0.0185546875 0.0341796875
1 0.6787109375 0.4384765625 0.0205078125 0.033203125
1 0.171875 0.6337890625 0.03125 0.060546875
1 0.771484375 0.4853515625 0.0439453125 0.029296875
1 0.419921875 0.365234375 0.021484375 0.021484375
1 0.0439453125 0.5673828125 0.021484375 0.0439453125
1 0.6318359375 0.4404296875 0.033203125 0.03125
1 0.89453125 0.583984375 0.0419921875 0.0517578125
1 0.216796875 0.6376953125 0.0390625 0.068359375
1 0.353515625 0.3544921875 0.03125 0.0283203125
1 0.173828125 0.416015625 0.0283203125 0.03125
1 0.443359375 0.361328125 0.03125 0.0283203125
1 0.9619140625 0.626953125 0.0419921875 0.0595703125
1 0.087890625 0.775390625 0.041015625 0.060546875
0 0.9482421875 0.5771484375 0.078125 0.064453125
1 0.1396484375 0.4814453125 0.0263671875 0.041015625
1 0.283203125 0.361328125 0.015625 0.0234375
1 0.0185546875 0.626953125 0.015625 0.064453125
1 0.119140625 0.478515625 0.0205078125 0.033203125