0 0.3203125 0.7998046875 0.146484375 0.1748046875
0 0.203125 0.6748046875 0.1123046875 0.119140625
0 0.5419921875 0.5341796875 0.0966796875 0.109375
0 0.41796875 0.3935546875 0.0361328125 0.037109375
1 0.6884765625 0.5439453125 0.048828125 0.0595703125
0 0.2255859375 0.580078125 0.080078125 0.0908203125
0 0.318359375 0.650390625 0.0908203125 0.109375
1 0.263671875 0.7490234375 0.0361328125 0.0576171875
0 0.2412109375 0.517578125 0.064453125 0.0625
1 0.822265625 0.5791015625 0.087890625 0.0859375
1 0.1259765625 0.505859375 0.0205078125 0.033203125
1 0.900390625 0.654296875 0.083984375 0.083984375
1 0.896484375 0.541015625 0.0419921875 0.041015625
1 0.189453125 0.4931640625 0.0205078125 0.0361328125
1 0.5400390625 0.3935546875 0.013671875 0.021484375
0 0.5048828125 0.341796875 0.03125 0.0263671875
1 0.158203125 0.4912109375 0.0205078125 0.0361328125
0 0.3212890625 0.546875 0.0703125 0.0810546875
1 0.064453125 0.48046875 0.0390625 0.0390625
1 0.033203125 0.583984375 0.0419921875 0.060546875
1 0.5576171875 0.4052734375 0.0126953125 0.0234375
1 0.13671875 0.599609375 0.0390625 0.0498046875
0 0.478515625 0.3505859375 0.033203125 0.0263671875
1 0.1142578125 0.6796875 0.037109375 0.0498046875
1 0.587890625 0.408203125 0.0107421875 0.0234375
1 0.9599609375 0.697265625 0.0546875 0.080078125
1 0.4404296875 0.4189453125 0.021484375 0.0341796875
0 0.2626953125 0.4150390625 0.0498046875 0.0361328125
1 0.4130859375 0.36328125 0.017578125 0.0205078125
0 0.533203125 0.330078125 0.0419921875 0.03125
0 0.373046875 0.392578125 0.029296875 0.029296875
1 0.4375 0.36328125 0.0185546875 0.0234375
1 0.150390625 0.4169921875 0.021484375 0.0283203125
1 0.14453125 0.462890625 0.0205078125 0.0439453125
1 0.455078125 0.3603515625 0.017578125 0.029296875
1 0.173828125 0.4658203125 0.017578125 0.03125
1 0.4794921875 0.5498046875 0.025390625 0.037109375
0 0.533203125 0.349609375 0.025390625 0.0205078125
1 0.578125 0.4013671875 0.0126953125 0.025390625
1 0.2216796875 0.4140625 0.025390625 0.025390625
1 0.4931640625 0.435546875 0.017578125 0.033203125
1 0.021484375 0.4775390625 0.021484375 0.029296875
1 0.6318359375 0.4423828125 0.048828125 0.0341796875
1 0.369140625 0.349609375 0.0185546875 0.0185546875
0 0.1923828125 0.3994140625 0.0439453125 0.029296875
1 0.669921875 0.8115234375 0.052734375 0.1142578125
0 0.166015625 0.548828125 0.0283203125 0.044921875
1 0.419921875 0.669921875 0.03125 0.078125
1 0.380859375 0.365234375 0.009765625 0.0126953125
1 0.1962890625 0.4248046875 0.017578125 0.021484375
0 0.3515625 0.3212890625 0.03125 0.017578125
1 0.89453125 0.587890625 0.0390625 0.052734375
1 0.1025390625 0.4794921875 0.0361328125 0.0439453125
1 0.419921875 0.5185546875 0.03125 0.0498046875
0 0.953125 0.576171875 0.0654296875 0.056640625
1 0.091796875 0.400390625 0.017578125 0.0205078125
1 0.46484375 0.439453125 0.013671875 0.0234375
1 0.505859375 0.3681640625 0.0185546875 0.029296875
1 0.712890625 0.5234375 0.021484375 0.03125
1 0.205078125 0.4619140625 0.021484375 0.0390625
1 0.50390625 0.408203125 0.013671875 0.03125
0 0.240234375 0.3837890625 0.0576171875 0.0361328125
1 0.240234375 0.6455078125 0.0283203125 0.041015625
1 0.2919921875 0.7158203125 0.021484375 0.041015625
1 0.2294921875 0.8515625 0.078125 0.072265625
1 0.97265625 0.630859375 0.029296875 0.0654296875
1 0.1787109375 0.421875 0.0205078125 0.0283203125
0 0.06640625 0.32421875 0.033203125 0.017578125
1 0.94140625 0.525390625 0.013671875 0.0205078125
1 0.5693359375 0.3857421875 0.0732421875 0.0654296875
1 0.8134765625 0.5537109375 0.0234375 0.029296875