0 0.576171875 0.4853515625 0.0673828125 0.080078125
0 0.6708984375 0.5986328125 0.1298828125 0.1279296875
1 0.2236328125 0.560546875 0.03125 0.046875
1 0.359375 0.5751953125 0.0283203125 0.046875
1 0.3984375 0.638671875 0.03125 0.0546875
0 0.6015625 0.736328125 0.140625 0.1669921875
1 0.177734375 0.5166015625 0.021484375 0.0361328125
1 0.5185546875 0.4912109375 0.03125 0.0390625
0 0.3115234375 0.458984375 0.0576171875 0.0546875
1 0.259765625 0.62890625 0.0234375 0.048828125
0 0.201171875 0.4697265625 0.056640625 0.0517578125
1 0.30859375 0.611328125 0.0263671875 0.041015625
1 0.81640625 0.5673828125 0.080078125 0.078125
1 0.2763671875 0.53125 0.025390625 0.0498046875
1 0.2373046875 0.5302734375 0.025390625 0.0390625
1 0.20703125 0.646484375 0.029296875 0.0654296875
1 0.150390625 0.533203125 0.0234375 0.0439453125
1 0.3173828125 0.724609375 0.03125 0.056640625
0 0.8544921875 0.80078125 0.224609375 0.169921875
1 0.1025390625 0.578125 0.0263671875 0.037109375
1 0.947265625 0.689453125 0.0751953125 0.0908203125
0 0.53515625 0.388671875 0.0390625 0.0361328125
1 0.2587890625 0.677734375 0.0361328125 0.0625
1 0.494140625 0.4755859375 0.0205078125 0.048828125
1 0.580078125 0.43359375 0.0234375 0.0263671875
1 0.150390625 0.474609375 0.0205078125 0.041015625
1 0.3701171875 0.818359375 0.037109375 0.0751953125
1 0.533203125 0.458984375 0.0234375 0.033203125
1 0.56640625 0.5947265625 0.0390625 0.0576171875
0 0.2744140625 0.4052734375 0.060546875 0.0419921875
1 0.7216796875 0.533203125 0.056640625 0.046875
1 0.1181640625 0.61328125 0.029296875 0.048828125
1 0.173828125 0.5830078125 0.03125 0.0595703125
1 0.0849609375 0.7099609375 0.0390625 0.0673828125
0 0.5107421875 0.56640625 0.0908203125 0.126953125
1 0.2470703125 0.453125 0.0185546875 0.0341796875
1 0.26953125 0.49609375 0.0205078125 0.0263671875
0 0.482421875 0.359375 0.0439453125 0.046875
0 0.93359375 0.5771484375 0.1044921875 0.080078125
1 0.478515625 0.4033203125 0.0341796875 0.037109375
1 0.2607421875 0.568359375 0.0185546875 0.029296875
1 0.521484375 0.4169921875 0.013671875 0.021484375
1 0.197265625 0.767578125 0.0341796875 0.072265625
1 0.373046875 0.486328125 0.021484375 0.041015625
0 0.439453125 0.4375 0.044921875 0.0751953125
1 0.3125 0.669921875 0.0185546875 0.033203125
1 0.1474609375 0.439453125 0.0234375 0.0341796875
1 0.640625 0.44140625 0.041015625 0.033203125
1 0.1591796875 0.3896484375 0.0185546875 0.0205078125
1 0.0361328125 0.8544921875 0.046875 0.0595703125
0 0.541015625 0.4208984375 0.0361328125 0.044921875
1 0.896484375 0.5439453125 0.03125 0.041015625
1 0.02734375 0.5595703125 0.033203125 0.046875
1 0.2119140625 0.533203125 0.1669921875 0.162109375
1 0.2197265625 0.5009765625 0.0263671875 0.029296875
1 0.6796875 0.51171875 0.025390625 0.033203125
1 0.05859375 0.478515625 0.0205078125 0.033203125
1 0.373046875 0.759765625 0.0361328125 0.064453125
1 0.515625 0.65625 0.03125 0.0810546875
1 0.2021484375 0.40625 0.029296875 0.037109375