0 0.322265625 0.798828125 0.146484375 0.1767578125
0 0.587890625 0.5390625 0.1015625 0.109375
0 0.197265625 0.6904296875 0.1201171875 0.1220703125
0 0.3173828125 0.6494140625 0.0908203125 0.111328125
1 0.501953125 0.541015625 0.0263671875 0.044921875
1 0.123046875 0.6494140625 0.041015625 0.0576171875
1 0.423828125 0.4609375 0.0234375 0.041015625
1 0.509765625 0.458984375 0.0205078125 0.0361328125
1 0.6103515625 0.46484375 0.033203125 0.0361328125
1 0.69140625 0.5498046875 0.0517578125 0.0595703125
1 0.5634765625 0.392578125 0.017578125 0.0234375
1 0.7783203125 0.81640625 0.0654296875 0.126953125
1 0.947265625 0.6884765625 0.0751953125 0.080078125
1 0.822265625 0.5830078125 0.083984375 0.078125
1 0.4736328125 0.466796875 0.0185546875 0.041015625
1 0.59375 0.3955078125 0.0185546875 0.025390625
1 0.5078125 0.4228515625 0.021484375 0.029296875
1 0.099609375 0.6044921875 0.025390625 0.0439453125
1 0.845703125 0.8046875 0.0673828125 0.0810546875
1 0.1171875 0.572265625 0.0283203125 0.0439453125
1 0.458984375 0.48828125 0.025390625 0.0390625
1 0.44921875 0.41015625 0.013671875 0.0263671875
1 0.4267578125 0.396484375 0.015625 0.025390625
0 0.3271484375 0.490234375 0.0673828125 0.0595703125
1 0.603515625 0.6630859375 0.0341796875 0.0517578125
1 0.3896484375 0.380859375 0.017578125 0.0205078125
1 0.5068359375 0.3681640625 0.017578125 0.0263671875
0 0.4794921875 0.357421875 0.0341796875 0.0390625
0 0.2412109375 0.513671875 0.064453125 0.078125
0 0.3203125 0.548828125 0.072265625 0.0830078125
1 0.5634765625 0.435546875 0.0205078125 0.025390625
1 0.759765625 0.478515625 0.025390625 0.0263671875
1 0.650390625 0.470703125 0.03125 0.033203125
1 0.73046875 0.5400390625 0.044921875 0.048828125
0 0.255859375 0.396484375 0.0517578125 0.0576171875
1 0.421875 0.615234375 0.056640625 0.060546875
1 0.134765625 0.5078125 0.0263671875 0.0341796875
0 0.12109375 0.4111328125 0.0419921875 0.037109375
1 0.0478515625 0.58984375 0.0263671875 0.060546875
0 0.505859375 0.341796875 0.0263671875 0.0263671875
1 0.0712890625 0.7734375 0.0390625 0.068359375
1 0.453125 0.384765625 0.021484375 0.03125
1 0.0703125 0.482421875 0.0439453125 0.041015625
0 0.5322265625 0.3544921875 0.029296875 0.037109375
1 0.966796875 0.5205078125 0.0390625 0.03125
1 0.166015625 0.5361328125 0.048828125 0.0654296875
1 0.89453125 0.58203125 0.044921875 0.0546875
1 0.931640625 0.6083984375 0.044921875 0.0390625
1 0.392578125 0.41796875 0.0205078125 0.029296875
1 0.458984375 0.361328125 0.017578125 0.0283203125
1 0.466796875 0.4453125 0.1015625 0.0908203125
1 0.19140625 0.4189453125 0.044921875 0.041015625
1 0.173828125 0.4697265625 0.0654296875 0.0546875
1 0.470703125 0.431640625 0.017578125 0.0341796875
0 0.529296875 0.326171875 0.041015625 0.025390625
1 0.923828125 0.51953125 0.033203125 0.0517578125
1 0.5732421875 0.3720703125 0.052734375 0.052734375
1 0.4384765625 0.3603515625 0.029296875 0.029296875
1 0.083984375 0.591796875 0.1357421875 0.1435546875
1 0.3525390625 0.39453125 0.017578125 0.033203125
1 0.025390625 0.564453125 0.025390625 0.052734375