0 0.361328125 0.5810546875 0.076171875 0.0966796875
1 0.625 0.537109375 0.037109375 0.064453125
1 0.5927734375 0.5078125 0.0361328125 0.046875
0 0.142578125 0.427734375 0.0439453125 0.0419921875
0 0.775390625 0.7060546875 0.173828125 0.177734375
1 0.68359375 0.552734375 0.060546875 0.064453125
0 0.5009765625 0.580078125 0.1044921875 0.1220703125
0 0.201171875 0.583984375 0.0830078125 0.119140625
1 0.818359375 0.583984375 0.078125 0.080078125
0 0.52734375 0.4658203125 0.064453125 0.078125
1 0.626953125 0.677734375 0.064453125 0.091796875
0 0.6533203125 0.810546875 0.171875 0.15625
0 0.46875 0.4873046875 0.0625 0.0751953125
0 0.2353515625 0.466796875 0.064453125 0.0576171875
1 0.5732421875 0.55859375 0.0283203125 0.044921875
1 0.49609375 0.4208984375 0.013671875 0.0263671875
0 0.5625 0.4072265625 0.037109375 0.0546875
1 0.888671875 0.6513671875 0.072265625 0.0751953125
1 0.232421875 0.69140625 0.03125 0.044921875
1 0.5927734375 0.4443359375 0.013671875 0.0234375
0 0.3388671875 0.486328125 0.0625 0.0546875
1 0.732421875 0.537109375 0.0361328125 0.041015625
1 0.103515625 0.708984375 0.046875 0.0576171875
1 0.9609375 0.6591796875 0.0498046875 0.0751953125
0 0.080078125 0.3896484375 0.048828125 0.033203125
1 0.267578125 0.841796875 0.048828125 0.080078125
1 0.8955078125 0.587890625 0.0439453125 0.056640625
1 0.625 0.494140625 0.025390625 0.0283203125
1 0.90625 0.5146484375 0.021484375 0.0205078125
1 0.5869140625 0.3857421875 0.029296875 0.0341796875
1 0.927734375 0.611328125 0.037109375 0.0390625
1 0.6328125 0.44140625 0.0283203125 0.029296875
1 0.9326171875 0.7001953125 0.041015625 0.056640625
1 0.306640625 0.63671875 0.041015625 0.0703125
1 0.529296875 0.3857421875 0.0390625 0.0341796875
1 0.134765625 0.5185546875 0.029296875 0.0498046875
0 0.2958984375 0.4091796875 0.060546875 0.068359375
1 0.060546875 0.48046875 0.0234375 0.0361328125
0 0.560546875 0.373046875 0.0283203125 0.025390625
1 0.443359375 0.421875 0.0234375 0.0341796875
1 0.904296875 0.5419921875 0.0234375 0.0341796875
0 0.1630859375 0.484375 0.0576171875 0.068359375
1 0.169921875 0.388671875 0.017578125 0.021484375
1 0.041015625 0.5849609375 0.0283203125 0.0732421875
1 0.43359375 0.4521484375 0.0205078125 0.033203125
0 0.953125 0.5791015625 0.0654296875 0.060546875
1 0.154296875 0.779296875 0.0361328125 0.0673828125
0 0.216796875 0.3603515625 0.0419921875 0.033203125
1 0.095703125 0.478515625 0.048828125 0.041015625
1 0.6669921875 0.505859375 0.0185546875 0.03125
1 0.638671875 0.603515625 0.0341796875 0.0576171875
1 0.029296875 0.8203125 0.0361328125 0.0751953125
0 0.40234375 0.427734375 0.0234375 0.037109375
1 0.4384765625 0.3662109375 0.017578125 0.0234375
1 0.19921875 0.796875 0.0546875 0.083984375
0 0.181640625 0.365234375 0.021484375 0.0234375
1 0.7119140625 0.5234375 0.0205078125 0.0341796875
0 0.25 0.388671875 0.0498046875 0.0419921875