0 0.36328125 0.7802734375 0.1171875 0.1669921875
0 0.615234375 0.6689453125 0.126953125 0.146484375
0 0.154296875 0.5654296875 0.0654296875 0.078125
1 0.6162109375 0.5703125 0.033203125 0.052734375
0 0.6005859375 0.482421875 0.0673828125 0.0888671875
1 0.6904296875 0.5439453125 0.0439453125 0.052734375
1 0.7080078125 0.6533203125 0.0439453125 0.0654296875
0 0.1884765625 0.4736328125 0.0546875 0.0625
1 0.8369140625 0.767578125 0.0546875 0.0810546875
0 0.5029296875 0.513671875 0.072265625 0.0830078125
1 0.818359375 0.583984375 0.0751953125 0.080078125
0 0.208984375 0.669921875 0.15625 0.1845703125
1 0.546875 0.4697265625 0.0185546875 0.0263671875
1 0.9462890625 0.69140625 0.076171875 0.080078125
0 0.302734375 0.453125 0.0517578125 0.0498046875
0 0.4326171875 0.4619140625 0.056640625 0.060546875
1 0.2880859375 0.568359375 0.0234375 0.048828125
1 0.5009765625 0.6376953125 0.033203125 0.046875
0 0.2744140625 0.419921875 0.044921875 0.0341796875
0 0.357421875 0.494140625 0.0751953125 0.115234375
1 0.14453125 0.6455078125 0.033203125 0.0498046875
0 0.44140625 0.416015625 0.0390625 0.048828125
1 0.5341796875 0.7333984375 0.046875 0.0732421875
1 0.615234375 0.8017578125 0.0576171875 0.078125
0 0.7294921875 0.8544921875 0.150390625 0.068359375
1 0.4912109375 0.4619140625 0.0205078125 0.029296875
1 0.568359375 0.7861328125 0.048828125 0.0810546875
1 0.232421875 0.533203125 0.029296875 0.037109375
1 0.5341796875 0.6103515625 0.03125 0.048828125
1 0.55859375 0.4228515625 0.0263671875 0.0419921875
1 0.8896484375 0.6572265625 0.080078125 0.0859375
0 0.2275390625 0.3564453125 0.0263671875 0.021484375
1 0.943359375 0.6142578125 0.078125 0.068359375
1 0.0625 0.478515625 0.03125 0.0390625
1 0.900390625 0.544921875 0.0341796875 0.0390625
1 0.02734375 0.56640625 0.029296875 0.0546875
1 0.505859375 0.451171875 0.015625 0.0341796875
1 0.859375 0.86328125 0.0625 0.0546875
1 0.142578125 0.4560546875 0.0205078125 0.03125
1 0.6123046875 0.736328125 0.0283203125 0.046875
0 0.1923828125 0.404296875 0.037109375 0.0341796875
1 0.474609375 0.67578125 0.0341796875 0.0673828125
1 0.591796875 0.427734375 0.0205078125 0.0234375
1 0.89453125 0.5849609375 0.0419921875 0.0546875
0 0.185546875 0.353515625 0.0283203125 0.0263671875
1 0.970703125 0.859375 0.03125 0.056640625
1 0.681640625 0.5126953125 0.0234375 0.03125
1 0.478515625 0.3896484375 0.0283203125 0.0390625
1 0.8134765625 0.541015625 0.033203125 0.046875
1 0.154296875 0.861328125 0.0595703125 0.0576171875
0 0.0849609375 0.748046875 0.048828125 0.0732421875
0 0.3515625 0.3212890625 0.03125 0.017578125
0 0.240234375 0.3857421875 0.0576171875 0.041015625
1 0.0283203125 0.48046875 0.0341796875 0.0419921875
1 0.2041015625 0.57421875 0.0390625 0.0419921875
1 0.4404296875 0.3623046875 0.0185546875 0.025390625
1 0.0263671875 0.8642578125 0.03125 0.052734375
1 0.53515625 0.3798828125 0.0263671875 0.0283203125
0 0.5693359375 0.390625 0.0263671875 0.03125
1 0.935546875 0.654296875 0.025390625 0.041015625
0 0.3203125 0.396484375 0.083984375 0.041015625
1 0.4970703125 0.421875 0.03125 0.0341796875