0 0.162109375 0.650390625 0.1044921875 0.1142578125
0 0.5947265625 0.720703125 0.1298828125 0.158203125
1 0.689453125 0.6044921875 0.0595703125 0.0810546875
0 0.3505859375 0.6259765625 0.080078125 0.1044921875
0 0.32421875 0.5107421875 0.0703125 0.072265625
1 0.6298828125 0.552734375 0.0341796875 0.0546875
0 0.509765625 0.462890625 0.0517578125 0.056640625
1 0.822265625 0.84375 0.1015625 0.09375
1 0.20703125 0.541015625 0.029296875 0.0390625
0 0.22265625 0.490234375 0.0517578125 0.060546875
1 0.580078125 0.552734375 0.0341796875 0.056640625
0 0.4873046875 0.513671875 0.0595703125 0.0673828125
1 0.6015625 0.5888671875 0.0283203125 0.0498046875
1 0.5244140625 0.6162109375 0.033203125 0.0859375
1 0.705078125 0.7197265625 0.0517578125 0.0703125
0 0.484375 0.361328125 0.037109375 0.0341796875
1 0.806640625 0.583984375 0.056640625 0.072265625
1 0.748046875 0.7041015625 0.044921875 0.0859375
1 0.888671875 0.6689453125 0.0830078125 0.087890625
1 0.5712890625 0.623046875 0.033203125 0.0419921875
1 0.162109375 0.5205078125 0.021484375 0.041015625
1 0.42578125 0.5009765625 0.0234375 0.048828125
1 0.615234375 0.513671875 0.021484375 0.0361328125
0 0.4833984375 0.412109375 0.0419921875 0.048828125
0 0.2919921875 0.4462890625 0.0498046875 0.0517578125
1 0.0751953125 0.740234375 0.03125 0.048828125
1 0.9677734375 0.7177734375 0.0390625 0.0830078125
1 0.578125 0.46875 0.021484375 0.0341796875
1 0.61328125 0.4814453125 0.0234375 0.0341796875
1 0.099609375 0.611328125 0.0185546875 0.03125
1 0.73046875 0.5400390625 0.0419921875 0.0419921875
1 0.69140625 0.541015625 0.0390625 0.048828125
1 0.412109375 0.4814453125 0.0205078125 0.037109375
1 0.560546875 0.435546875 0.0361328125 0.03125
1 0.8916015625 0.5947265625 0.0576171875 0.060546875
1 0.2607421875 0.443359375 0.021484375 0.03125
1 0.583984375 0.4951171875 0.0234375 0.0341796875
1 0.8974609375 0.5458984375 0.033203125 0.0390625
1 0.423828125 0.443359375 0.025390625 0.041015625
1 0.6328125 0.654296875 0.0341796875 0.076171875
0 0.265625 0.4052734375 0.072265625 0.0419921875
1 0.607421875 0.451171875 0.0185546875 0.03125
1 0.244140625 0.453125 0.0185546875 0.0341796875
1 0.630859375 0.8544921875 0.048828125 0.0654296875
1 0.455078125 0.5048828125 0.021484375 0.041015625
1 0.2548828125 0.712890625 0.03125 0.0576171875
1 0.0595703125 0.4794921875 0.021484375 0.0341796875
1 0.208984375 0.822265625 0.029296875 0.037109375
1 0.18359375 0.46484375 0.0234375 0.033203125
1 0.849609375 0.556640625 0.033203125 0.0498046875
1 0.5244140625 0.55859375 0.029296875 0.0390625
1 0.9462890625 0.6123046875 0.080078125 0.09375
1 0.447265625 0.38671875 0.013671875 0.0205078125
1 0.8154296875 0.53515625 0.0283203125 0.044921875
0 0.509765625 0.345703125 0.033203125 0.033203125
1 0.162109375 0.4921875 0.0185546875 0.0283203125
1 0.533203125 0.4072265625 0.0283203125 0.0390625
1 0.107421875 0.4853515625 0.0341796875 0.0361328125
0 0.3427734375 0.8359375 0.1953125 0.109375
1 0.033203125 0.8466796875 0.0419921875 0.0810546875
0 0.2060546875 0.419921875 0.0341796875 0.0283203125
1 0.55859375 0.3837890625 0.033203125 0.0419921875
1 0.5986328125 0.5009765625 0.0908203125 0.2236328125
1 0.9345703125 0.658203125 0.0283203125 0.044921875