1 0.7294921875 0.6279296875 0.046875 0.0625
0 0.498046875 0.544921875 0.076171875 0.0986328125
1 0.693359375 0.5478515625 0.041015625 0.044921875
0 0.564453125 0.419921875 0.041015625 0.048828125
1 0.83203125 0.7314453125 0.060546875 0.0810546875
1 0.6708984375 0.595703125 0.0361328125 0.0625
1 0.6064453125 0.4892578125 0.025390625 0.0439453125
0 0.541015625 0.4814453125 0.0732421875 0.0966796875
0 0.564453125 0.6689453125 0.1328125 0.1533203125
1 0.154296875 0.5771484375 0.03125 0.0361328125
1 0.6171875 0.587890625 0.0341796875 0.0625
1 0.8017578125 0.59375 0.041015625 0.0595703125
0 0.3134765625 0.451171875 0.0576171875 0.044921875
0 0.1044921875 0.4072265625 0.0654296875 0.0361328125
0 0.3427734375 0.505859375 0.064453125 0.0673828125
1 0.8896484375 0.6669921875 0.0732421875 0.0751953125
1 0.7685546875 0.8388671875 0.0625 0.0966796875
1 0.6162109375 0.5263671875 0.0263671875 0.041015625
1 0.291015625 0.619140625 0.0341796875 0.056640625
0 0.201171875 0.498046875 0.0654296875 0.0810546875
1 0.111328125 0.6103515625 0.0263671875 0.0390625
1 0.4189453125 0.435546875 0.0185546875 0.0283203125
1 0.10546875 0.69140625 0.0361328125 0.0673828125
1 0.1904296875 0.599609375 0.025390625 0.052734375
1 0.7109375 0.7216796875 0.046875 0.068359375
1 0.41015625 0.4912109375 0.0263671875 0.0419921875
1 0.8642578125 0.5947265625 0.078125 0.0703125
0 0.521484375 0.345703125 0.0361328125 0.0283203125
1 0.4970703125 0.435546875 0.03125 0.0439453125
1 0.7294921875 0.537109375 0.037109375 0.0439453125
1 0.9609375 0.6630859375 0.0498046875 0.0732421875
0 0.1865234375 0.35546875 0.0263671875 0.0263671875
0 0.224609375 0.3505859375 0.029296875 0.033203125
1 0.0283203125 0.5595703125 0.03125 0.041015625
1 0.2880859375 0.52734375 0.0263671875 0.0390625
1 0.5205078125 0.4052734375 0.0185546875 0.0234375
1 0.0810546875 0.755859375 0.052734375 0.0595703125
1 0.138671875 0.4169921875 0.017578125 0.0283203125
1 0.927734375 0.611328125 0.041015625 0.037109375
1 0.931640625 0.701171875 0.0361328125 0.052734375
1 0.4384765625 0.4921875 0.0234375 0.037109375
1 0.66015625 0.544921875 0.029296875 0.048828125
1 0.439453125 0.361328125 0.017578125 0.021484375
1 0.787109375 0.5517578125 0.025390625 0.03125
1 0.404296875 0.744140625 0.0361328125 0.083984375
1 0.6962890625 0.521484375 0.017578125 0.0263671875
1 0.2314453125 0.556640625 0.025390625 0.0341796875
1 0.84375 0.5556640625 0.025390625 0.048828125
1 0.474609375 0.4462890625 0.025390625 0.0361328125
1 0.0654296875 0.48046875 0.0341796875 0.0390625
1 0.1572265625 0.369140625 0.0205078125 0.0263671875
1 0.3564453125 0.8623046875 0.052734375 0.056640625
1 0.587890625 0.3935546875 0.029296875 0.0341796875
1 0.384765625 0.6201171875 0.025390625 0.052734375
1 0.904296875 0.5458984375 0.0185546875 0.0234375
0 0.3515625 0.3212890625 0.03125 0.017578125
0 0.546875 0.365234375 0.025390625 0.015625
1 0.607421875 0.455078125 0.013671875 0.0263671875
1 0.150390625 0.5458984375 0.0205078125 0.033203125
1 0.4501953125 0.7001953125 0.0341796875 0.1064453125
1 0.8232421875 0.5341796875 0.025390625 0.0439453125
1 0.2119140625 0.8056640625 0.0263671875 0.0419921875
1 0.154296875 0.4267578125 0.0185546875 0.025390625
1 0.5771484375 0.365234375 0.0234375 0.0234375
1 0.107421875 0.486328125 0.033203125 0.029296875
0 0.1484375 0.45703125 0.037109375 0.044921875
1 0.447265625 0.458984375 0.0908203125 0.1171875
1 0.904296875 0.8515625 0.060546875 0.072265625
1 0.6357421875 0.4384765625 0.041015625 0.033203125
1 0.41796875 0.4150390625 0.013671875 0.0234375
1 0.861328125 0.5595703125 0.015625 0.0185546875
1 0.9619140625 0.5888671875 0.044921875 0.046875