0 0.1923828125 0.748046875 0.125 0.162109375
0 0.5078125 0.423828125 0.0625 0.056640625
0 0.337890625 0.728515625 0.0986328125 0.1220703125
1 0.150390625 0.45703125 0.0283203125 0.0361328125
1 0.611328125 0.498046875 0.033203125 0.037109375
0 0.4892578125 0.353515625 0.0625 0.052734375
1 0.17578125 0.431640625 0.0263671875 0.0283203125
1 0.5302734375 0.4794921875 0.0361328125 0.041015625
1 0.640625 0.4970703125 0.03125 0.046875
1 0.1416015625 0.5263671875 0.0263671875 0.0439453125
0 0.5458984375 0.35546875 0.0546875 0.0517578125
1 0.5791015625 0.4912109375 0.029296875 0.0390625
1 0.490234375 0.486328125 0.03125 0.0439453125
0 0.9189453125 0.5810546875 0.134765625 0.087890625
1 0.068359375 0.5361328125 0.0263671875 0.041015625
0 0.3798828125 0.4814453125 0.109375 0.0625
1 0.146484375 0.4189453125 0.0263671875 0.0283203125
1 0.3076171875 0.8486328125 0.052734375 0.072265625
1 0.4130859375 0.7919921875 0.044921875 0.0810546875
1 0.091796875 0.6357421875 0.037109375 0.0625
1 0.4580078125 0.779296875 0.037109375 0.0654296875
1 0.083984375 0.75 0.0546875 0.083984375
1 0.07421875 0.400390625 0.0234375 0.0263671875
1 0.109375 0.4189453125 0.0185546875 0.0283203125
1 0.275390625 0.46484375 0.021484375 0.029296875
1 0.4267578125 0.7041015625 0.046875 0.080078125
1 0.0703125 0.4794921875 0.037109375 0.0341796875
1 0.1923828125 0.462890625 0.03125 0.0390625
1 0.0302734375 0.580078125 0.0361328125 0.0859375
1 0.470703125 0.443359375 0.025390625 0.03125
1 0.599609375 0.5771484375 0.021484375 0.0390625
1 0.560546875 0.451171875 0.015625 0.0234375
1 0.681640625 0.51953125 0.044921875 0.044921875
1 0.22265625 0.4248046875 0.0205078125 0.0283203125
1 0.494140625 0.4521484375 0.0205078125 0.0263671875
1 0.431640625 0.52734375 0.0390625 0.0390625
1 0.1611328125 0.369140625 0.0126953125 0.015625
1 0.6357421875 0.4453125 0.0341796875 0.03125
1 0.583984375 0.357421875 0.015625 0.0185546875
0 0.232421875 0.3623046875 0.0546875 0.03125
1 0.8330078125 0.630859375 0.037109375 0.078125
1 0.5634765625 0.470703125 0.1826171875 0.0859375
1 0.45703125 0.361328125 0.0205078125 0.0263671875
1 0.587890625 0.44921875 0.015625 0.0234375
0 0.3583984375 0.3330078125 0.0419921875 0.03125
1 0.892578125 0.384765625 0.0185546875 0.025390625
1 0.634765625 0.5615234375 0.0283203125 0.033203125
1 0.5927734375 0.46484375 0.013671875 0.0205078125
1 0.025390625 0.375 0.0126953125 0.0185546875
1 0.548828125 0.4423828125 0.017578125 0.025390625
0 0.201171875 0.8759765625 0.0888671875 0.0263671875
1 0.0556640625 0.384765625 0.0234375 0.0185546875
1 0.583984375 0.4033203125 0.0126953125 0.021484375
1 0.177734375 0.326171875 0.021484375 0.0185546875