0 0.19140625 0.748046875 0.123046875 0.1611328125
0 0.51171875 0.423828125 0.048828125 0.0517578125
0 0.33984375 0.7275390625 0.0986328125 0.1171875
1 0.5146484375 0.474609375 0.0361328125 0.046875
0 0.5380859375 0.3505859375 0.0390625 0.0390625
0 0.490234375 0.3603515625 0.0390625 0.033203125
1 0.30859375 0.8515625 0.048828125 0.0654296875
1 0.412109375 0.798828125 0.0546875 0.078125
1 0.0693359375 0.5322265625 0.0263671875 0.048828125
1 0.080078125 0.7568359375 0.046875 0.076171875
1 0.119140625 0.669921875 0.046875 0.060546875
1 0.4267578125 0.6796875 0.037109375 0.0439453125
1 0.4970703125 0.453125 0.0185546875 0.03125
0 0.0615234375 0.384765625 0.0703125 0.033203125
1 0.458984375 0.78125 0.0361328125 0.0625
1 0.6162109375 0.482421875 0.033203125 0.037109375
1 0.7490234375 0.5654296875 0.0830078125 0.0654296875
1 0.548828125 0.4716796875 0.0283203125 0.046875
0 0.5087890625 0.3310546875 0.0263671875 0.025390625
1 0.46875 0.44921875 0.0283203125 0.0419921875
1 0.095703125 0.4033203125 0.021484375 0.0283203125
1 0.548828125 0.4375 0.021484375 0.03125
0 0.576171875 0.5341796875 0.126953125 0.078125
1 0.419921875 0.7392578125 0.046875 0.052734375
1 0.568359375 0.37890625 0.013671875 0.0234375
1 0.0576171875 0.5830078125 0.0439453125 0.0595703125
1 0.6474609375 0.486328125 0.0205078125 0.0361328125
1 0.5732421875 0.42578125 0.015625 0.0263671875
1 0.84375 0.6396484375 0.041015625 0.0732421875
1 0.5927734375 0.39453125 0.0107421875 0.017578125
1 0.4384765625 0.431640625 0.017578125 0.033203125
1 0.0224609375 0.572265625 0.0234375 0.046875
1 0.4658203125 0.4228515625 0.0185546875 0.0263671875
1 0.62109375 0.455078125 0.013671875 0.0263671875
1 0.025390625 0.8212890625 0.0283203125 0.064453125
1 0.146484375 0.41796875 0.0205078125 0.0234375
0 0.1875 0.3232421875 0.041015625 0.025390625
1 0.22265625 0.3720703125 0.029296875 0.0283203125
1 0.166015625 0.36328125 0.013671875 0.017578125
1 0.7568359375 0.5361328125 0.0234375 0.03125
1 0.455078125 0.3720703125 0.017578125 0.0283203125
1 0.474609375 0.3388671875 0.015625 0.0185546875
1 0.5478515625 0.4169921875 0.013671875 0.0185546875
0 0.4501953125 0.2158203125 0.041015625 0.015625
1 0.330078125 0.3583984375 0.015625 0.0205078125
1 0.2578125 0.583984375 0.0283203125 0.0595703125
1 0.595703125 0.466796875 0.013671875 0.0185546875
1 0.0576171875 0.478515625 0.0185546875 0.029296875
0 0.1875 0.8759765625 0.1064453125 0.029296875