0 0.681640625 0.79296875 0.1689453125 0.185546875
0 0.58203125 0.62109375 0.107421875 0.142578125
1 0.744140625 0.650390625 0.0419921875 0.0546875
1 0.63671875 0.578125 0.033203125 0.0498046875
0 0.1513671875 0.6025390625 0.0751953125 0.0859375
1 0.8310546875 0.7333984375 0.0625 0.076171875
1 0.818359375 0.5869140625 0.068359375 0.0703125
1 0.689453125 0.5439453125 0.046875 0.046875
1 0.25 0.587890625 0.0341796875 0.0439453125
1 0.580078125 0.5048828125 0.0283203125 0.046875
0 0.1875 0.48828125 0.068359375 0.0673828125
0 0.3583984375 0.8369140625 0.1328125 0.111328125
1 0.939453125 0.685546875 0.0888671875 0.0888671875
1 0.841796875 0.8427734375 0.0703125 0.0888671875
0 0.4931640625 0.49609375 0.0673828125 0.0830078125
1 0.748046875 0.74609375 0.052734375 0.064453125
0 0.1767578125 0.7109375 0.181640625 0.1875
0 0.587890625 0.458984375 0.056640625 0.0810546875
1 0.310546875 0.6513671875 0.029296875 0.052734375
1 0.7294921875 0.5390625 0.041015625 0.046875
1 0.8662109375 0.66796875 0.060546875 0.0673828125
0 0.306640625 0.4638671875 0.0546875 0.0595703125
0 0.474609375 0.3720703125 0.0341796875 0.0341796875
0 0.365234375 0.5263671875 0.083984375 0.134765625
1 0.5595703125 0.705078125 0.0498046875 0.060546875
1 0.501953125 0.658203125 0.041015625 0.0673828125
1 0.0283203125 0.5634765625 0.0341796875 0.044921875
0 0.19921875 0.416015625 0.048828125 0.041015625
1 0.55078125 0.4248046875 0.0263671875 0.037109375
0 0.9267578125 0.5869140625 0.119140625 0.0986328125
1 0.1025390625 0.720703125 0.029296875 0.048828125
0 0.23828125 0.3818359375 0.064453125 0.0419921875
1 0.6630859375 0.5068359375 0.0205078125 0.033203125
1 0.791015625 0.548828125 0.0283203125 0.0361328125
0 0.1767578125 0.3837890625 0.041015625 0.033203125
0 0.76171875 0.490234375 0.1298828125 0.0703125
1 0.814453125 0.5400390625 0.029296875 0.044921875
1 0.9677734375 0.876953125 0.0361328125 0.0263671875
1 0.025390625 0.4814453125 0.029296875 0.041015625
1 0.8984375 0.544921875 0.0341796875 0.0341796875
1 0.146484375 0.47265625 0.0283203125 0.044921875
0 0.185546875 0.357421875 0.0283203125 0.0234375
0 0.525390625 0.3369140625 0.0341796875 0.029296875
1 0.5634765625 0.4072265625 0.013671875 0.0234375
1 0.4794921875 0.4423828125 0.015625 0.0341796875
1 0.4404296875 0.408203125 0.03125 0.033203125
1 0.439453125 0.36328125 0.0205078125 0.029296875
1 0.07421875 0.4755859375 0.0546875 0.0419921875
1 0.587890625 0.404296875 0.0185546875 0.033203125
0 0.427734375 0.44921875 0.056640625 0.0576171875
1 0.501953125 0.5810546875 0.0234375 0.041015625
1 0.9541015625 0.630859375 0.033203125 0.046875
0 0.275390625 0.43359375 0.060546875 0.0419921875
1 0.5107421875 0.396484375 0.037109375 0.0439453125
1 0.4677734375 0.400390625 0.017578125 0.0390625
1 0.6796875 0.5107421875 0.0185546875 0.0283203125
1 0.5810546875 0.376953125 0.0185546875 0.03125
1 0.1162109375 0.42578125 0.0234375 0.033203125
1 0.2421875 0.4111328125 0.037109375 0.0341796875
1 0.328125 0.361328125 0.015625 0.021484375
1 0.5322265625 0.3994140625 0.013671875 0.0263671875