0 0.73046875 0.6572265625 0.158203125 0.154296875
1 0.1982421875 0.6611328125 0.03125 0.0654296875
1 0.619140625 0.6171875 0.033203125 0.0654296875
0 0.6416015625 0.796875 0.169921875 0.177734375
1 0.267578125 0.5478515625 0.0234375 0.044921875
1 0.220703125 0.603515625 0.0283203125 0.046875
1 0.3447265625 0.53515625 0.0234375 0.0390625
0 0.5830078125 0.4970703125 0.068359375 0.0908203125
1 0.265625 0.6171875 0.03125 0.0595703125
1 0.31640625 0.6435546875 0.033203125 0.0595703125
1 0.1357421875 0.57421875 0.0283203125 0.044921875
1 0.119140625 0.5380859375 0.029296875 0.0390625
0 0.5302734375 0.595703125 0.107421875 0.140625
1 0.818359375 0.572265625 0.0810546875 0.0888671875
1 0.3046875 0.5537109375 0.025390625 0.0419921875
1 0.28125 0.7841796875 0.0341796875 0.0625
1 0.689453125 0.546875 0.0546875 0.0595703125
1 0.9462890625 0.685546875 0.080078125 0.083984375
1 0.17578125 0.490234375 0.0205078125 0.0361328125
1 0.08984375 0.7314453125 0.0390625 0.0654296875
0 0.533203125 0.388671875 0.0439453125 0.048828125
1 0.38671875 0.587890625 0.0263671875 0.0908203125
1 0.10546875 0.66015625 0.0361328125 0.0546875
1 0.513671875 0.505859375 0.044921875 0.0498046875
1 0.224609375 0.52734375 0.025390625 0.0390625
1 0.1484375 0.505859375 0.021484375 0.0341796875
0 0.447265625 0.4443359375 0.0625 0.0888671875
0 0.564453125 0.380859375 0.0361328125 0.044921875
1 0.2041015625 0.4833984375 0.0234375 0.029296875
1 0.181640625 0.5537109375 0.033203125 0.0419921875
1 0.2763671875 0.49609375 0.021484375 0.0361328125
1 0.2392578125 0.505859375 0.021484375 0.0361328125
1 0.21484375 0.45703125 0.017578125 0.0263671875
1 0.16015625 0.3828125 0.017578125 0.021484375
0 0.509765625 0.349609375 0.041015625 0.0390625
1 0.591796875 0.435546875 0.0185546875 0.029296875
1 0.3515625 0.7919921875 0.025390625 0.0498046875
1 0.1494140625 0.470703125 0.017578125 0.0234375
1 0.3662109375 0.4619140625 0.0205078125 0.0390625
1 0.580078125 0.626953125 0.0234375 0.0546875
1 0.552734375 0.533203125 0.0283203125 0.046875
1 0.9423828125 0.6083984375 0.078125 0.060546875
1 0.49609375 0.478515625 0.0234375 0.033203125
1 0.51953125 0.421875 0.017578125 0.025390625
1 0.6396484375 0.4404296875 0.0390625 0.0341796875
1 0.3779296875 0.7021484375 0.0283203125 0.044921875
0 0.474609375 0.3701171875 0.033203125 0.041015625
1 0.19140625 0.3837890625 0.0205078125 0.0234375
1 0.837890625 0.8544921875 0.0517578125 0.068359375
0 0.2744140625 0.40234375 0.064453125 0.044921875
1 0.896484375 0.580078125 0.037109375 0.044921875
1 0.3740234375 0.6513671875 0.017578125 0.03125
1 0.05859375 0.4794921875 0.0205078125 0.0341796875
0 0.3017578125 0.443359375 0.046875 0.0419921875
1 0.314453125 0.603515625 0.0205078125 0.033203125
1 0.25390625 0.4736328125 0.0234375 0.0341796875
1 0.271484375 0.626953125 0.1845703125 0.1171875
1 0.8974609375 0.5439453125 0.029296875 0.041015625
1 0.505859375 0.3818359375 0.0263671875 0.033203125
1 0.1767578125 0.498046875 0.109375 0.1015625
1 0.443359375 0.361328125 0.0234375 0.033203125
1 0.0302734375 0.5771484375 0.0361328125 0.080078125
1 0.1943359375 0.359375 0.017578125 0.0185546875
1 0.4765625 0.6748046875 0.037109375 0.0751953125
1 0.15234375 0.8310546875 0.033203125 0.0439453125
1 0.4228515625 0.48828125 0.0234375 0.033203125
1 0.896484375 0.7060546875 0.0419921875 0.119140625
1 0.224609375 0.42578125 0.021484375 0.0205078125
1 0.81640625 0.533203125 0.0263671875 0.0419921875
1 0.1083984375 0.4833984375 0.0361328125 0.029296875
1 0.3974609375 0.8134765625 0.0986328125 0.1328125
1 0.27734375 0.7138671875 0.029296875 0.0283203125
1 0.5224609375 0.4638671875 0.017578125 0.03125