0 0.322265625 0.7998046875 0.146484375 0.1748046875
0 0.240234375 0.505859375 0.0625 0.068359375
0 0.201171875 0.673828125 0.1064453125 0.1142578125
0 0.314453125 0.6494140625 0.0859375 0.107421875
0 0.224609375 0.5771484375 0.078125 0.0888671875
0 0.5048828125 0.3427734375 0.037109375 0.029296875
1 0.8193359375 0.583984375 0.0830078125 0.080078125
1 0.724609375 0.53515625 0.0498046875 0.044921875
0 0.3212890625 0.55078125 0.0703125 0.080078125
0 0.326171875 0.4892578125 0.0654296875 0.056640625
1 0.134765625 0.6181640625 0.037109375 0.0673828125
0 0.4814453125 0.357421875 0.0283203125 0.03125
0 0.5810546875 0.603515625 0.109375 0.1748046875
1 0.060546875 0.484375 0.021484375 0.0283203125
0 0.4921875 0.4404296875 0.068359375 0.056640625
1 0.19140625 0.4892578125 0.0205078125 0.0341796875
1 0.9453125 0.6865234375 0.078125 0.091796875
1 0.548828125 0.447265625 0.021484375 0.0341796875
1 0.3994140625 0.58203125 0.0234375 0.0576171875
1 0.931640625 0.6044921875 0.056640625 0.0498046875
1 0.134765625 0.568359375 0.033203125 0.044921875
1 0.1767578125 0.466796875 0.021484375 0.033203125
1 0.6796875 0.5419921875 0.0283203125 0.0439453125
1 0.5029296875 0.404296875 0.0126953125 0.0205078125
1 0.1513671875 0.470703125 0.0185546875 0.03125
0 0.5341796875 0.3291015625 0.0439453125 0.029296875
1 0.12890625 0.486328125 0.017578125 0.0283203125
1 0.5712890625 0.677734375 0.033203125 0.0732421875
1 0.1953125 0.427734375 0.021484375 0.0263671875
1 0.896484375 0.6494140625 0.0703125 0.0703125
1 0.044921875 0.5771484375 0.03125 0.0546875
1 0.2255859375 0.4130859375 0.029296875 0.0263671875
0 0.240234375 0.38671875 0.0703125 0.0419921875
1 0.8916015625 0.580078125 0.029296875 0.0498046875
0 0.19140625 0.3896484375 0.029296875 0.0205078125
1 0.552734375 0.396484375 0.017578125 0.0341796875
1 0.423828125 0.4345703125 0.025390625 0.037109375
0 0.3515625 0.3203125 0.03125 0.015625
1 0.580078125 0.408203125 0.0126953125 0.025390625
0 0.177734375 0.525390625 0.0263671875 0.046875
1 0.20703125 0.484375 0.013671875 0.037109375
1 0.8515625 0.5498046875 0.0283203125 0.0439453125
1 0.6240234375 0.439453125 0.033203125 0.037109375
1 0.953125 0.52734375 0.0595703125 0.044921875
1 0.587890625 0.4228515625 0.0078125 0.0205078125
1 0.349609375 0.697265625 0.037109375 0.0419921875
1 0.099609375 0.4794921875 0.033203125 0.037109375
1 0.591796875 0.4013671875 0.017578125 0.03125
1 0.1630859375 0.4384765625 0.044921875 0.044921875
1 0.5048828125 0.380859375 0.015625 0.0263671875
1 0.17578125 0.8642578125 0.048828125 0.0595703125
0 0.4208984375 0.39453125 0.0361328125 0.0390625
0 0.068359375 0.830078125 0.1044921875 0.119140625
1 0.384765625 0.3974609375 0.021484375 0.0361328125
1 0.888671875 0.3857421875 0.013671875 0.0283203125