0 0.6201171875 0.5830078125 0.109375 0.1279296875
0 0.4990234375 0.5498046875 0.076171875 0.0908203125
1 0.716796875 0.619140625 0.037109375 0.056640625
0 0.337890625 0.7265625 0.099609375 0.1123046875
0 0.5537109375 0.5029296875 0.060546875 0.068359375
0 0.228515625 0.353515625 0.033203125 0.0341796875
0 0.638671875 0.7880859375 0.146484375 0.1669921875
0 0.4892578125 0.3603515625 0.0341796875 0.029296875
1 0.814453125 0.7197265625 0.0625 0.0859375
1 0.4150390625 0.6552734375 0.033203125 0.0546875
1 0.9052734375 0.841796875 0.076171875 0.0859375
0 0.5390625 0.341796875 0.03125 0.0283203125
1 0.595703125 0.4990234375 0.033203125 0.0390625
1 0.16015625 0.5703125 0.029296875 0.0625
1 0.912109375 0.69140625 0.0908203125 0.064453125
1 0.7861328125 0.5927734375 0.041015625 0.0390625
0 0.1884765625 0.810546875 0.1201171875 0.1435546875
1 0.6572265625 0.529296875 0.0419921875 0.0439453125
1 0.791015625 0.552734375 0.03125 0.033203125
0 0.509765625 0.333984375 0.03125 0.029296875
1 0.8203125 0.646484375 0.072265625 0.0576171875
1 0.974609375 0.654296875 0.025390625 0.0576171875
1 0.7431640625 0.576171875 0.0263671875 0.0361328125
1 0.876953125 0.560546875 0.0654296875 0.044921875
1 0.7783203125 0.80859375 0.072265625 0.1015625
1 0.03125 0.5595703125 0.037109375 0.046875
0 0.8046875 0.4873046875 0.130859375 0.0625
1 0.6513671875 0.4970703125 0.03125 0.037109375
1 0.6962890625 0.548828125 0.0263671875 0.048828125
1 0.9052734375 0.537109375 0.029296875 0.029296875
1 0.0615234375 0.482421875 0.033203125 0.0361328125
1 0.455078125 0.5205078125 0.025390625 0.046875
1 0.1083984375 0.486328125 0.0361328125 0.0341796875
1 0.654296875 0.65625 0.0390625 0.056640625
1 0.5615234375 0.7158203125 0.0419921875 0.0908203125
1 0.1513671875 0.525390625 0.021484375 0.03125
1 0.55859375 0.458984375 0.0205078125 0.0283203125
0 0.5166015625 0.390625 0.0361328125 0.0341796875
1 0.138671875 0.416015625 0.015625 0.033203125
1 0.396484375 0.4384765625 0.0283203125 0.048828125
1 0.818359375 0.54296875 0.033203125 0.044921875
1 0.9248046875 0.6484375 0.037109375 0.037109375
1 0.490234375 0.46875 0.021484375 0.0341796875
1 0.19140625 0.37109375 0.029296875 0.0361328125
1 0.525390625 0.8271484375 0.0361328125 0.0703125
1 0.087890625 0.4052734375 0.0263671875 0.029296875
0 0.0517578125 0.693359375 0.0751953125 0.068359375
1 0.021484375 0.482421875 0.025390625 0.0439453125
1 0.482421875 0.42578125 0.021484375 0.0419921875
1 0.6328125 0.453125 0.015625 0.0283203125
1 0.591796875 0.3974609375 0.0234375 0.033203125
1 0.84375 0.541015625 0.025390625 0.0439453125
1 0.9208984375 0.771484375 0.0263671875 0.041015625
1 0.42578125 0.447265625 0.017578125 0.025390625
1 0.59765625 0.451171875 0.0234375 0.0283203125
1 0.6953125 0.5107421875 0.025390625 0.0341796875
1 0.6689453125 0.57421875 0.025390625 0.029296875
1 0.4521484375 0.359375 0.017578125 0.025390625
1 0.892578125 0.380859375 0.0185546875 0.033203125
1 0.75 0.5078125 0.0341796875 0.0341796875
1 0.259765625 0.3349609375 0.013671875 0.0205078125
1 0.5927734375 0.736328125 0.029296875 0.0625
1 0.9775390625 0.6171875 0.0205078125 0.0341796875
1 0.8203125 0.58203125 0.0498046875 0.0361328125