0 0.193359375 0.748046875 0.1201171875 0.162109375
0 0.51171875 0.4228515625 0.048828125 0.0517578125
0 0.337890625 0.7265625 0.0966796875 0.119140625
1 0.306640625 0.85546875 0.0439453125 0.064453125
1 0.0673828125 0.5341796875 0.0283203125 0.046875
0 0.5380859375 0.353515625 0.0419921875 0.0439453125
1 0.513671875 0.47265625 0.033203125 0.044921875
1 0.61328125 0.4873046875 0.0390625 0.046875
0 0.490234375 0.3603515625 0.0390625 0.033203125
1 0.2919921875 0.478515625 0.03125 0.0390625
1 0.5703125 0.3837890625 0.015625 0.0263671875
1 0.5693359375 0.5908203125 0.029296875 0.056640625
1 0.2099609375 0.470703125 0.029296875 0.037109375
0 0.197265625 0.4208984375 0.0732421875 0.0419921875
1 0.46875 0.4501953125 0.0283203125 0.041015625
0 0.509765625 0.3359375 0.03125 0.0283203125
1 0.5634765625 0.4384765625 0.0205078125 0.0263671875
1 0.646484375 0.4892578125 0.0205078125 0.037109375
1 0.865234375 0.8447265625 0.048828125 0.0732421875
1 0.458984375 0.7841796875 0.037109375 0.052734375
1 0.466796875 0.4228515625 0.017578125 0.0263671875
1 0.255859375 0.427734375 0.0263671875 0.0283203125
1 0.0771484375 0.400390625 0.0234375 0.021484375
1 0.49609375 0.4501953125 0.017578125 0.03125
1 0.5498046875 0.47265625 0.021484375 0.0419921875
1 0.4130859375 0.791015625 0.048828125 0.087890625
1 0.0751953125 0.755859375 0.041015625 0.068359375
1 0.1162109375 0.400390625 0.0205078125 0.0205078125
1 0.5771484375 0.4658203125 0.0205078125 0.0341796875
1 0.1669921875 0.3662109375 0.0126953125 0.013671875
1 0.1025390625 0.677734375 0.060546875 0.0654296875
1 0.4287109375 0.6669921875 0.0419921875 0.046875
0 0.9306640625 0.5693359375 0.1142578125 0.0703125
1 0.400390625 0.408203125 0.021484375 0.03125
1 0.4384765625 0.3642578125 0.0205078125 0.021484375
1 0.20703125 0.357421875 0.013671875 0.0205078125
1 0.8466796875 0.65234375 0.041015625 0.0546875
1 0.46484375 0.365234375 0.0205078125 0.0263671875
1 0.591796875 0.3896484375 0.0126953125 0.0205078125
1 0.02734375 0.5693359375 0.033203125 0.0576171875
1 0.4375 0.7646484375 0.021484375 0.0361328125
1 0.0595703125 0.478515625 0.021484375 0.0361328125
1 0.46484375 0.3994140625 0.0107421875 0.0205078125
1 0.228515625 0.3583984375 0.0126953125 0.017578125
1 0.177734375 0.326171875 0.0205078125 0.021484375
1 0.9052734375 0.49609375 0.0263671875 0.029296875
1 0.6357421875 0.4423828125 0.0341796875 0.0341796875
0 0.1962890625 0.8759765625 0.1298828125 0.029296875
1 0.5478515625 0.41796875 0.013671875 0.0234375
1 0.4130859375 0.7373046875 0.0263671875 0.037109375
1 0.0224609375 0.470703125 0.0205078125 0.0361328125
1 0.330078125 0.35546875 0.0185546875 0.0263671875
1 0.2470703125 0.353515625 0.0126953125 0.0234375
1 0.595703125 0.4677734375 0.015625 0.0234375
1 0.107421875 0.4853515625 0.037109375 0.033203125
1 0.0791015625 0.3818359375 0.0107421875 0.017578125
1 0.0732421875 0.3388671875 0.015625 0.0185546875