0 0.1279296875 0.7265625 0.109375 0.1279296875
1 0.69140625 0.6376953125 0.048828125 0.0751953125
0 0.564453125 0.623046875 0.111328125 0.126953125
0 0.185546875 0.552734375 0.0732421875 0.080078125
0 0.529296875 0.5244140625 0.076171875 0.0732421875
1 0.640625 0.5849609375 0.0341796875 0.0673828125
1 0.767578125 0.6611328125 0.0341796875 0.0595703125
1 0.763671875 0.826171875 0.0576171875 0.076171875
1 0.8095703125 0.7431640625 0.056640625 0.0888671875
0 0.3310546875 0.51171875 0.0654296875 0.0703125
1 0.7998046875 0.5888671875 0.0439453125 0.068359375
1 0.576171875 0.7763671875 0.048828125 0.068359375
1 0.107421875 0.5859375 0.0361328125 0.056640625
0 0.2998046875 0.4609375 0.052734375 0.046875
1 0.7080078125 0.708984375 0.052734375 0.083984375
0 0.6064453125 0.453125 0.078125 0.052734375
1 0.943359375 0.685546875 0.0830078125 0.0859375
1 0.6162109375 0.50390625 0.0205078125 0.033203125
1 0.615234375 0.5400390625 0.0234375 0.0546875
1 0.5322265625 0.4580078125 0.0205078125 0.041015625
1 0.677734375 0.798828125 0.046875 0.095703125
1 0.541015625 0.4267578125 0.0185546875 0.0341796875
1 0.6923828125 0.568359375 0.052734375 0.083984375
1 0.662109375 0.86328125 0.0546875 0.0546875
1 0.845703125 0.599609375 0.0390625 0.046875
1 0.8759765625 0.6669921875 0.0732421875 0.0751953125
0 0.486328125 0.357421875 0.037109375 0.0341796875
0 0.4345703125 0.4140625 0.0439453125 0.046875
0 0.478515625 0.44140625 0.044921875 0.0517578125
1 0.1572265625 0.466796875 0.0205078125 0.03125
0 0.1904296875 0.404296875 0.046875 0.044921875
0 0.2509765625 0.3837890625 0.0517578125 0.0390625
1 0.029296875 0.5849609375 0.033203125 0.0673828125
1 0.2509765625 0.4833984375 0.017578125 0.029296875
1 0.1416015625 0.48828125 0.017578125 0.029296875
1 0.0654296875 0.478515625 0.046875 0.037109375
1 0.482421875 0.4013671875 0.017578125 0.03125
1 0.029296875 0.490234375 0.0361328125 0.0390625
1 0.9462890625 0.849609375 0.0576171875 0.0732421875
1 0.48046875 0.576171875 0.029296875 0.078125
1 0.5927734375 0.3955078125 0.017578125 0.03125
1 0.9267578125 0.6103515625 0.041015625 0.0390625
1 0.5498046875 0.396484375 0.0185546875 0.0263671875
1 0.1005859375 0.478515625 0.0361328125 0.037109375
0 0.53515625 0.361328125 0.0390625 0.0390625
1 0.8974609375 0.5849609375 0.0419921875 0.048828125
0 0.267578125 0.41015625 0.037109375 0.029296875
1 0.708984375 0.521484375 0.0234375 0.0341796875
1 0.791015625 0.66796875 0.0283203125 0.0361328125
1 0.4375 0.51171875 0.021484375 0.048828125
1 0.4384765625 0.36328125 0.017578125 0.0205078125
1 0.12109375 0.5439453125 0.0234375 0.041015625
1 0.2685546875 0.6005859375 0.025390625 0.0390625
0 0.353515625 0.3212890625 0.0341796875 0.017578125
0 0.2158203125 0.4521484375 0.0439453125 0.033203125
1 0.974609375 0.63671875 0.0283203125 0.0546875
1 0.6533203125 0.552734375 0.0185546875 0.0263671875
1 0.736328125 0.7236328125 0.1826171875 0.318359375
1 0.6396484375 0.455078125 0.013671875 0.0205078125
1 0.4541015625 0.37890625 0.017578125 0.0361328125
1 0.44921875 0.6279296875 0.0263671875 0.0625
1 0.1337890625 0.4287109375 0.0205078125 0.0234375
1 0.82421875 0.537109375 0.0205078125 0.0390625