0 0.3193359375 0.798828125 0.1484375 0.1767578125
1 0.1640625 0.560546875 0.0283203125 0.052734375
0 0.1923828125 0.7021484375 0.109375 0.123046875
1 0.1103515625 0.5478515625 0.0234375 0.0361328125
0 0.240234375 0.5068359375 0.0625 0.0673828125
1 0.3828125 0.501953125 0.021484375 0.037109375
1 0.517578125 0.666015625 0.033203125 0.0625
1 0.724609375 0.533203125 0.0517578125 0.0517578125
0 0.224609375 0.576171875 0.078125 0.0888671875
1 0.822265625 0.578125 0.083984375 0.078125
0 0.3173828125 0.6494140625 0.0908203125 0.111328125
1 0.0478515625 0.595703125 0.0361328125 0.056640625
0 0.505859375 0.349609375 0.0361328125 0.0419921875
0 0.3212890625 0.5458984375 0.0703125 0.080078125
1 0.1064453125 0.623046875 0.041015625 0.091796875
1 0.630859375 0.4765625 0.0419921875 0.037109375
1 0.0712890625 0.48046875 0.0361328125 0.033203125
1 0.4228515625 0.49609375 0.017578125 0.033203125
1 0.736328125 0.486328125 0.0341796875 0.0341796875
1 0.0810546875 0.7822265625 0.0498046875 0.0703125
0 0.2509765625 0.396484375 0.0546875 0.0546875
0 0.478515625 0.359375 0.033203125 0.037109375
1 0.3974609375 0.4140625 0.013671875 0.025390625
1 0.560546875 0.3798828125 0.025390625 0.0341796875
1 0.17578125 0.474609375 0.0234375 0.0390625
1 0.9462890625 0.685546875 0.076171875 0.091796875
1 0.9716796875 0.521484375 0.0283203125 0.0263671875
1 0.892578125 0.5791015625 0.0390625 0.0517578125
1 0.677734375 0.53515625 0.0263671875 0.0390625
0 0.416015625 0.3955078125 0.0361328125 0.041015625
1 0.11328125 0.6943359375 0.033203125 0.0576171875
1 0.5869140625 0.39453125 0.0107421875 0.0205078125
1 0.1806640625 0.5205078125 0.0234375 0.0439453125
1 0.1728515625 0.4208984375 0.0205078125 0.0263671875
1 0.9091796875 0.5146484375 0.021484375 0.0234375
1 0.6103515625 0.6318359375 0.0361328125 0.0576171875
1 0.150390625 0.4765625 0.025390625 0.037109375
1 0.798828125 0.4912109375 0.0361328125 0.033203125
0 0.533203125 0.330078125 0.0439453125 0.03125
1 0.0244140625 0.564453125 0.0234375 0.0498046875
1 0.482421875 0.4599609375 0.0341796875 0.044921875
1 0.4404296875 0.4033203125 0.021484375 0.0283203125
0 0.390625 0.36328125 0.037109375 0.029296875
1 0.7373046875 0.779296875 0.041015625 0.044921875
1 0.021484375 0.4765625 0.021484375 0.03125
1 0.1953125 0.4228515625 0.021484375 0.0263671875
1 0.927734375 0.6103515625 0.0654296875 0.048828125
1 0.216796875 0.4130859375 0.03125 0.033203125
0 0.1904296875 0.3310546875 0.041015625 0.0283203125
1 0.638671875 0.443359375 0.0341796875 0.03125
1 0.1484375 0.4169921875 0.0283203125 0.03125
1 0.837890625 0.541015625 0.0263671875 0.0390625
1 0.427734375 0.3623046875 0.0126953125 0.0185546875
1 0.91015625 0.8525390625 0.0576171875 0.0703125
1 0.205078125 0.462890625 0.025390625 0.041015625
1 0.240234375 0.673828125 0.0263671875 0.0625
1 0.2314453125 0.353515625 0.025390625 0.029296875
1 0.9716796875 0.630859375 0.03125 0.064453125
1 0.3525390625 0.35546875 0.017578125 0.0234375
0 0.3505859375 0.3203125 0.033203125 0.015625