1 0.5849609375 0.654296875 0.0390625 0.064453125
1 0.697265625 0.6650390625 0.0498046875 0.0673828125
0 0.1552734375 0.525390625 0.0576171875 0.0673828125
0 0.37109375 0.6826171875 0.0888671875 0.119140625
0 0.671875 0.7763671875 0.1591796875 0.1748046875
1 0.6962890625 0.544921875 0.0419921875 0.0498046875
1 0.83984375 0.814453125 0.060546875 0.0908203125
1 0.8154296875 0.587890625 0.068359375 0.0703125
1 0.11328125 0.6591796875 0.033203125 0.056640625
0 0.5146484375 0.546875 0.080078125 0.0966796875
1 0.494140625 0.451171875 0.0185546875 0.0283203125
1 0.537109375 0.701171875 0.041015625 0.0625
1 0.6025390625 0.4541015625 0.0205078125 0.0390625
0 0.630859375 0.5302734375 0.0830078125 0.095703125
1 0.5732421875 0.44921875 0.025390625 0.044921875
0 0.2294921875 0.630859375 0.1376953125 0.154296875
1 0.7314453125 0.5380859375 0.041015625 0.048828125
1 0.5908203125 0.419921875 0.0283203125 0.0419921875
1 0.943359375 0.6845703125 0.0810546875 0.087890625
1 0.5947265625 0.8388671875 0.060546875 0.09375
0 0.439453125 0.427734375 0.0341796875 0.044921875
0 0.263671875 0.416015625 0.0517578125 0.041015625
1 0.263671875 0.490234375 0.0205078125 0.03125
0 0.1845703125 0.45703125 0.0498046875 0.044921875
1 0.5673828125 0.486328125 0.021484375 0.0361328125
1 0.42578125 0.4912109375 0.048828125 0.048828125
1 0.505859375 0.486328125 0.025390625 0.033203125
1 0.02734375 0.56640625 0.029296875 0.0576171875
1 0.853515625 0.654296875 0.033203125 0.0439453125
0 0.34375 0.466796875 0.0751953125 0.103515625
1 0.47265625 0.4033203125 0.0234375 0.03125
1 0.451171875 0.365234375 0.0185546875 0.0263671875
1 0.064453125 0.478515625 0.041015625 0.041015625
1 0.8486328125 0.556640625 0.0341796875 0.0546875
0 0.185546875 0.396484375 0.0419921875 0.0341796875
0 0.5078125 0.404296875 0.046875 0.052734375
1 0.9306640625 0.609375 0.048828125 0.0439453125
1 0.025390625 0.8291015625 0.025390625 0.0517578125
0 0.23828125 0.384765625 0.0546875 0.0361328125
1 0.0625 0.78515625 0.025390625 0.0546875
1 0.8896484375 0.595703125 0.060546875 0.056640625
1 0.1357421875 0.4248046875 0.0126953125 0.0185546875
1 0.1591796875 0.7451171875 0.041015625 0.072265625
1 0.029296875 0.4755859375 0.041015625 0.044921875
1 0.5458984375 0.4091796875 0.017578125 0.037109375
0 0.216796875 0.5068359375 0.0498046875 0.064453125
1 0.1904296875 0.560546875 0.03125 0.056640625
1 0.205078125 0.8232421875 0.046875 0.072265625
0 0.931640625 0.53125 0.0986328125 0.0751953125
1 0.1884765625 0.69921875 0.0546875 0.0361328125
0 0.5693359375 0.3759765625 0.044921875 0.048828125
1 0.9609375 0.630859375 0.037109375 0.056640625
1 0.080078125 0.3388671875 0.0185546875 0.0185546875
1 0.8115234375 0.541015625 0.029296875 0.0439453125
1 0.4541015625 0.4658203125 0.0361328125 0.041015625
1 0.6826171875 0.5126953125 0.021484375 0.0283203125
0 0.484375 0.3662109375 0.0341796875 0.0361328125
1 0.107421875 0.4853515625 0.0341796875 0.0361328125
1 0.072265625 0.736328125 0.033203125 0.056640625