0 0.1748046875 0.5908203125 0.083984375 0.0908203125
1 0.720703125 0.6318359375 0.046875 0.076171875
1 0.599609375 0.5244140625 0.033203125 0.0576171875
0 0.529296875 0.56640625 0.087890625 0.1044921875
1 0.5185546875 0.6748046875 0.0341796875 0.0498046875
1 0.640625 0.642578125 0.0439453125 0.0673828125
1 0.7900390625 0.7646484375 0.0673828125 0.0986328125
0 0.345703125 0.5517578125 0.068359375 0.087890625
0 0.517578125 0.490234375 0.064453125 0.0654296875
1 0.8212890625 0.5810546875 0.064453125 0.0751953125
0 0.3056640625 0.474609375 0.060546875 0.060546875
0 0.220703125 0.462890625 0.046875 0.0517578125
1 0.94140625 0.681640625 0.0859375 0.091796875
1 0.6923828125 0.5673828125 0.0439453125 0.0595703125
1 0.6328125 0.572265625 0.037109375 0.052734375
1 0.591796875 0.7470703125 0.044921875 0.087890625
0 0.482421875 0.3720703125 0.0419921875 0.0439453125
1 0.671875 0.767578125 0.0498046875 0.068359375
1 0.263671875 0.537109375 0.0234375 0.037109375
1 0.599609375 0.46875 0.0234375 0.037109375
1 0.640625 0.5322265625 0.0283203125 0.048828125
1 0.169921875 0.494140625 0.025390625 0.0361328125
1 0.595703125 0.68359375 0.037109375 0.0361328125
1 0.435546875 0.5185546875 0.0263671875 0.0439453125
0 0.576171875 0.43359375 0.048828125 0.048828125
1 0.134765625 0.5224609375 0.021484375 0.0419921875
0 0.66796875 0.84765625 0.1484375 0.080078125
0 0.1982421875 0.416015625 0.0439453125 0.041015625
1 0.51953125 0.431640625 0.013671875 0.0361328125
0 0.478515625 0.42578125 0.0439453125 0.048828125
0 0.10546875 0.8046875 0.142578125 0.15625
1 0.728515625 0.537109375 0.0419921875 0.048828125
1 0.1103515625 0.6064453125 0.0263671875 0.0439453125
1 0.255859375 0.751953125 0.03125 0.052734375
0 0.248046875 0.3876953125 0.0439453125 0.0439453125
1 0.6552734375 0.6923828125 0.0234375 0.041015625
1 0.59765625 0.4404296875 0.013671875 0.021484375
1 0.173828125 0.46875 0.0205078125 0.0283203125
1 0.078125 0.677734375 0.025390625 0.0439453125
0 0.2763671875 0.423828125 0.0439453125 0.044921875
1 0.888671875 0.5986328125 0.056640625 0.056640625
1 0.552734375 0.392578125 0.0234375 0.0341796875
1 0.0595703125 0.478515625 0.021484375 0.033203125
1 0.626953125 0.486328125 0.021484375 0.033203125
0 0.9443359375 0.58203125 0.080078125 0.0703125
1 0.548828125 0.431640625 0.015625 0.037109375
1 0.09765625 0.4775390625 0.044921875 0.0390625
1 0.8515625 0.5517578125 0.0341796875 0.046875
1 0.435546875 0.4423828125 0.013671875 0.03125
1 0.1435546875 0.447265625 0.025390625 0.0234375
1 0.6650390625 0.62890625 0.154296875 0.326171875
1 0.505859375 0.404296875 0.0283203125 0.0361328125
0 0.525390625 0.353515625 0.056640625 0.052734375
1 0.822265625 0.5361328125 0.025390625 0.0439453125
1 0.427734375 0.482421875 0.0185546875 0.0361328125
1 0.0322265625 0.48828125 0.0419921875 0.0419921875
1 0.9736328125 0.6416015625 0.025390625 0.048828125
1 0.029296875 0.5751953125 0.033203125 0.072265625
0 0.3525390625 0.3203125 0.0361328125 0.0185546875
1 0.677734375 0.6708984375 0.0361328125 0.060546875
1 0.9013671875 0.55078125 0.03125 0.0517578125
0 0.193359375 0.3837890625 0.0361328125 0.0234375