0 0.1923828125 0.748046875 0.125 0.162109375
0 0.5126953125 0.419921875 0.068359375 0.0625
0 0.337890625 0.728515625 0.0986328125 0.119140625
1 0.5771484375 0.4853515625 0.033203125 0.044921875
1 0.6123046875 0.4951171875 0.037109375 0.046875
0 0.541015625 0.3525390625 0.041015625 0.0390625
1 0.146484375 0.484375 0.0234375 0.0341796875
0 0.3203125 0.4521484375 0.0908203125 0.0546875
1 0.283203125 0.4873046875 0.037109375 0.046875
0 0.1865234375 0.41796875 0.0732421875 0.0419921875
1 0.076171875 0.7568359375 0.041015625 0.0673828125
0 0.490234375 0.359375 0.0419921875 0.0341796875
1 0.5068359375 0.466796875 0.033203125 0.046875
1 0.3076171875 0.8388671875 0.046875 0.087890625
1 0.55078125 0.4736328125 0.0361328125 0.0498046875
1 0.068359375 0.54296875 0.0263671875 0.044921875
1 0.431640625 0.658203125 0.046875 0.060546875
1 0.388671875 0.498046875 0.0498046875 0.046875
1 0.4111328125 0.810546875 0.0439453125 0.0576171875
0 0.509765625 0.3330078125 0.03125 0.0283203125
1 0.193359375 0.4697265625 0.021484375 0.033203125
1 0.4580078125 0.787109375 0.041015625 0.0625
1 0.3525390625 0.498046875 0.0419921875 0.041015625
1 0.560546875 0.4208984375 0.0205078125 0.0419921875
1 0.4580078125 0.4326171875 0.015625 0.025390625
1 0.1123046875 0.609375 0.0341796875 0.056640625
1 0.580078125 0.4072265625 0.013671875 0.0234375
1 0.107421875 0.423828125 0.021484375 0.025390625
1 0.22265625 0.4482421875 0.0234375 0.037109375
0 0.2314453125 0.3662109375 0.056640625 0.0361328125
1 0.1474609375 0.4365234375 0.013671875 0.0205078125
1 0.7958984375 0.5546875 0.0517578125 0.046875
1 0.841796875 0.5859375 0.046875 0.056640625
0 0.1025390625 0.4013671875 0.0673828125 0.0341796875
1 0.595703125 0.4677734375 0.0185546875 0.033203125
1 0.4208984375 0.736328125 0.044921875 0.052734375
1 0.47265625 0.404296875 0.017578125 0.033203125
1 0.4775390625 0.498046875 0.0263671875 0.048828125
1 0.1357421875 0.404296875 0.015625 0.0234375
1 0.0986328125 0.478515625 0.0439453125 0.041015625
1 0.751953125 0.720703125 0.078125 0.0859375
1 0.564453125 0.365234375 0.017578125 0.0341796875
1 0.4296875 0.486328125 0.037109375 0.0361328125
1 0.607421875 0.5556640625 0.052734375 0.0361328125
1 0.3857421875 0.564453125 0.072265625 0.0517578125
1 0.9716796875 0.59765625 0.025390625 0.0546875
1 0.892578125 0.5888671875 0.0595703125 0.046875
1 0.619140625 0.4609375 0.0205078125 0.03125
1 0.5615234375 0.5771484375 0.0419921875 0.0703125
0 0.185546875 0.32421875 0.0361328125 0.0234375
1 0.0595703125 0.482421875 0.021484375 0.037109375
1 0.744140625 0.56640625 0.0654296875 0.044921875
1 0.2060546875 0.359375 0.0126953125 0.021484375
1 0.4375 0.36328125 0.0185546875 0.0263671875
1 0.96875 0.775390625 0.0341796875 0.0517578125
1 0.380859375 0.458984375 0.03125 0.0517578125
1 0.0244140625 0.462890625 0.017578125 0.03125
0 0.2001953125 0.875 0.109375 0.0283203125
1 0.04296875 0.740234375 0.033203125 0.0595703125
1 0.638671875 0.443359375 0.0419921875 0.03125