0 0.16796875 0.630859375 0.095703125 0.1044921875
0 0.62109375 0.7685546875 0.1484375 0.1845703125
0 0.3505859375 0.599609375 0.076171875 0.0966796875
1 0.6533203125 0.5751953125 0.03125 0.052734375
1 0.701171875 0.654296875 0.044921875 0.0751953125
0 0.513671875 0.4716796875 0.0517578125 0.0595703125
1 0.1181640625 0.5791015625 0.033203125 0.0517578125
1 0.7548828125 0.7880859375 0.068359375 0.1044921875
1 0.5947265625 0.572265625 0.029296875 0.046875
0 0.4990234375 0.529296875 0.064453125 0.0703125
0 0.318359375 0.4990234375 0.0673828125 0.0673828125
1 0.5400390625 0.662109375 0.0361328125 0.0546875
1 0.7392578125 0.638671875 0.0341796875 0.0595703125
1 0.8740234375 0.6640625 0.0703125 0.0751953125
1 0.822265625 0.5869140625 0.078125 0.076171875
0 0.2216796875 0.4794921875 0.052734375 0.056640625
1 0.6171875 0.625 0.03125 0.0595703125
1 0.6962890625 0.55859375 0.0517578125 0.060546875
1 0.59375 0.65234375 0.037109375 0.0576171875
1 0.5908203125 0.484375 0.021484375 0.0341796875
1 0.947265625 0.693359375 0.0732421875 0.0810546875
0 0.4794921875 0.4150390625 0.041015625 0.0517578125
1 0.591796875 0.5146484375 0.0263671875 0.0361328125
1 0.46875 0.6103515625 0.03125 0.064453125
1 0.6396484375 0.5361328125 0.0263671875 0.037109375
1 0.619140625 0.4912109375 0.0234375 0.0390625
1 0.43359375 0.5009765625 0.0263671875 0.0419921875
0 0.5634765625 0.4228515625 0.029296875 0.044921875
0 0.4873046875 0.3583984375 0.041015625 0.0361328125
1 0.541015625 0.59765625 0.03125 0.0517578125
1 0.08984375 0.689453125 0.029296875 0.056640625
1 0.193359375 0.51953125 0.0283203125 0.048828125
1 0.4599609375 0.509765625 0.029296875 0.041015625
1 0.7314453125 0.5390625 0.037109375 0.041015625
0 0.28515625 0.4404296875 0.048828125 0.046875
1 0.8916015625 0.5966796875 0.0517578125 0.052734375
1 0.580078125 0.4462890625 0.0205078125 0.033203125
1 0.1689453125 0.5068359375 0.0185546875 0.033203125
1 0.7978515625 0.7841796875 0.0390625 0.068359375
1 0.4443359375 0.4013671875 0.013671875 0.021484375
1 0.4228515625 0.4453125 0.0205078125 0.021484375
1 0.2392578125 0.4501953125 0.0185546875 0.03125
1 0.419921875 0.470703125 0.0185546875 0.033203125
0 0.3193359375 0.404296875 0.0830078125 0.044921875
0 0.2548828125 0.4052734375 0.037109375 0.0361328125
1 0.263671875 0.64453125 0.0263671875 0.0546875
1 0.3974609375 0.49609375 0.029296875 0.0419921875
1 0.099609375 0.4775390625 0.0498046875 0.048828125
1 0.615234375 0.5341796875 0.0908203125 0.2216796875
1 0.0576171875 0.478515625 0.021484375 0.033203125
0 0.3408203125 0.8095703125 0.208984375 0.162109375
1 0.51171875 0.3955078125 0.0234375 0.0341796875
1 0.1484375 0.4716796875 0.025390625 0.0341796875
0 0.2041015625 0.4150390625 0.0419921875 0.033203125
0 0.951171875 0.580078125 0.0703125 0.060546875
1 0.974609375 0.6328125 0.0263671875 0.052734375
0 0.560546875 0.3896484375 0.025390625 0.029296875
1 0.81640625 0.53515625 0.0263671875 0.0419921875
1 0.53515625 0.3896484375 0.0263671875 0.0419921875
1 0.447265625 0.509765625 0.076171875 0.154296875
1 0.5908203125 0.3935546875 0.015625 0.021484375
1 0.97265625 0.521484375 0.0263671875 0.025390625
1 0.1845703125 0.4580078125 0.025390625 0.0283203125
0 0.3515625 0.3193359375 0.0341796875 0.017578125
1 0.8974609375 0.544921875 0.033203125 0.037109375
1 0.021484375 0.494140625 0.021484375 0.041015625
1 0.029296875 0.5732421875 0.0341796875 0.0654296875