0 0.3212890625 0.7998046875 0.142578125 0.177734375
0 0.5322265625 0.4501953125 0.0517578125 0.0625
0 0.48828125 0.482421875 0.0576171875 0.0703125
1 0.705078125 0.6318359375 0.041015625 0.064453125
1 0.7998046875 0.5869140625 0.046875 0.0673828125
0 0.2041015625 0.669921875 0.0986328125 0.1142578125
1 0.751953125 0.7578125 0.052734375 0.068359375
0 0.3203125 0.599609375 0.078125 0.095703125
0 0.228515625 0.5703125 0.080078125 0.087890625
1 0.533203125 0.5927734375 0.0283203125 0.0546875
1 0.6484375 0.556640625 0.0341796875 0.0595703125
1 0.7001953125 0.544921875 0.041015625 0.0498046875
0 0.2412109375 0.4990234375 0.0576171875 0.064453125
1 0.13671875 0.5830078125 0.048828125 0.052734375
1 0.6064453125 0.46484375 0.0185546875 0.033203125
1 0.576171875 0.47265625 0.021484375 0.0361328125
0 0.1630859375 0.4697265625 0.0419921875 0.048828125
1 0.810546875 0.69921875 0.0390625 0.080078125
1 0.6650390625 0.6748046875 0.033203125 0.046875
1 0.947265625 0.685546875 0.0751953125 0.0859375
0 0.30859375 0.474609375 0.0517578125 0.0576171875
1 0.6640625 0.7509765625 0.041015625 0.0888671875
1 0.05859375 0.4833984375 0.029296875 0.033203125
1 0.1748046875 0.3837890625 0.0185546875 0.0234375
1 0.4580078125 0.4248046875 0.0283203125 0.041015625
1 0.841796875 0.5556640625 0.0390625 0.048828125
1 0.6875 0.4697265625 0.021484375 0.033203125
1 0.84375 0.6005859375 0.0439453125 0.048828125
1 0.4521484375 0.388671875 0.0263671875 0.037109375
1 0.4384765625 0.8076171875 0.0517578125 0.09375
0 0.3505859375 0.3212890625 0.029296875 0.017578125
0 0.51953125 0.3837890625 0.029296875 0.029296875
1 0.185546875 0.5341796875 0.0263671875 0.0439453125
0 0.1142578125 0.48828125 0.0439453125 0.0419921875
1 0.6708984375 0.46484375 0.013671875 0.029296875
1 0.0439453125 0.595703125 0.0283203125 0.052734375
1 0.6669921875 0.501953125 0.021484375 0.0361328125
1 0.9306640625 0.6083984375 0.0546875 0.0419921875
1 0.6337890625 0.5107421875 0.0234375 0.0439453125
1 0.02734375 0.5615234375 0.029296875 0.0419921875
1 0.6513671875 0.4482421875 0.021484375 0.0341796875
1 0.22265625 0.8583984375 0.064453125 0.064453125
0 0.4873046875 0.3623046875 0.0283203125 0.021484375
0 0.513671875 0.3310546875 0.033203125 0.021484375
1 0.560546875 0.7587890625 0.029296875 0.0732421875
1 0.1484375 0.7724609375 0.037109375 0.048828125
1 0.240234375 0.3515625 0.015625 0.025390625
1 0.78125 0.876953125 0.0654296875 0.0263671875
1 0.8935546875 0.650390625 0.0751953125 0.0732421875
1 0.0859375 0.7236328125 0.025390625 0.0439453125
1 0.7041015625 0.869140625 0.033203125 0.0419921875
1 0.341796875 0.4306640625 0.0185546875 0.033203125
1 0.4833984375 0.396484375 0.0205078125 0.044921875
0 0.9453125 0.5654296875 0.0810546875 0.056640625
1 0.2138671875 0.7998046875 0.025390625 0.037109375
0 0.330078125 0.3994140625 0.0595703125 0.0419921875
1 0.572265625 0.4453125 0.0263671875 0.0341796875
1 0.755859375 0.7177734375 0.025390625 0.0419921875
1 0.8671875 0.8583984375 0.03125 0.060546875
1 0.89453125 0.5849609375 0.033203125 0.060546875
1 0.5673828125 0.4111328125 0.021484375 0.037109375
1 0.080078125 0.3408203125 0.013671875 0.021484375
0 0.52734375 0.3525390625 0.0263671875 0.0263671875
1 0.169921875 0.408203125 0.015625 0.0263671875
1 0.9736328125 0.6435546875 0.025390625 0.0498046875
1 0.7255859375 0.6923828125 0.189453125 0.2158203125
1 0.021484375 0.474609375 0.0205078125 0.0234375
1 0.279296875 0.7421875 0.017578125 0.021484375
1 0.4111328125 0.4150390625 0.0185546875 0.033203125
0 0.2216796875 0.3427734375 0.0283203125 0.0234375
1 0.4560546875 0.505859375 0.021484375 0.048828125