0 0.19140625 0.748046875 0.123046875 0.1611328125
0 0.33984375 0.7265625 0.0986328125 0.115234375
1 0.3076171875 0.853515625 0.0439453125 0.0703125
0 0.5146484375 0.423828125 0.0517578125 0.0546875
0 0.490234375 0.361328125 0.0390625 0.03125
1 0.5146484375 0.474609375 0.033203125 0.048828125
0 0.5380859375 0.3515625 0.0390625 0.037109375
1 0.4111328125 0.798828125 0.056640625 0.078125
1 0.6162109375 0.4833984375 0.033203125 0.0419921875
1 0.46875 0.4501953125 0.0283203125 0.041015625
1 0.078125 0.755859375 0.046875 0.0751953125
1 0.49609375 0.453125 0.0205078125 0.0341796875
1 0.1181640625 0.669921875 0.044921875 0.060546875
0 0.0546875 0.3798828125 0.0654296875 0.0283203125
1 0.546875 0.4736328125 0.03125 0.041015625
1 0.7041015625 0.564453125 0.044921875 0.0595703125
1 0.42578125 0.6796875 0.044921875 0.0498046875
1 0.646484375 0.4833984375 0.021484375 0.0419921875
0 0.552734375 0.529296875 0.1279296875 0.076171875
1 0.4580078125 0.779296875 0.037109375 0.0654296875
1 0.5498046875 0.435546875 0.021484375 0.03125
1 0.439453125 0.447265625 0.0185546875 0.029296875
1 0.5908203125 0.400390625 0.015625 0.0283203125
1 0.568359375 0.37890625 0.015625 0.0234375
1 0.0693359375 0.5400390625 0.0234375 0.0390625
1 0.0234375 0.5712890625 0.0283203125 0.0546875
1 0.4208984375 0.7392578125 0.044921875 0.052734375
1 0.0224609375 0.8212890625 0.0234375 0.064453125
0 0.5087890625 0.3291015625 0.0263671875 0.0205078125
1 0.0830078125 0.4013671875 0.025390625 0.0283203125
1 0.4375 0.423828125 0.015625 0.025390625
1 0.568359375 0.4521484375 0.0205078125 0.033203125
1 0.6220703125 0.455078125 0.015625 0.0263671875
1 0.0546875 0.48046875 0.0185546875 0.0263671875
1 0.73828125 0.560546875 0.033203125 0.0546875
1 0.455078125 0.373046875 0.017578125 0.029296875
1 0.0400390625 0.76953125 0.048828125 0.0732421875
1 0.140625 0.416015625 0.0126953125 0.0205078125
1 0.7197265625 0.53125 0.029296875 0.0341796875
0 0.1875 0.3251953125 0.041015625 0.025390625
1 0.5771484375 0.419921875 0.013671875 0.0234375
1 0.166015625 0.365234375 0.0126953125 0.013671875
1 0.0625 0.5859375 0.03125 0.03125
1 0.330078125 0.3583984375 0.015625 0.0205078125
0 0.2294921875 0.365234375 0.052734375 0.0361328125
1 0.4716796875 0.341796875 0.0185546875 0.0205078125
0 0.1982421875 0.8759765625 0.115234375 0.029296875
1 0.595703125 0.4677734375 0.0126953125 0.017578125