0 0.1923828125 0.748046875 0.125 0.162109375
0 0.5107421875 0.4189453125 0.0439453125 0.046875
0 0.3388671875 0.7275390625 0.0966796875 0.1171875
1 0.6103515625 0.5078125 0.0263671875 0.041015625
1 0.197265625 0.541015625 0.03125 0.0517578125
1 0.068359375 0.533203125 0.0283203125 0.0390625
1 0.3095703125 0.853515625 0.0439453125 0.060546875
1 0.1904296875 0.4482421875 0.0283203125 0.03125
0 0.486328125 0.361328125 0.0439453125 0.033203125
0 0.5380859375 0.3505859375 0.0390625 0.0361328125
1 0.4140625 0.8076171875 0.0439453125 0.0595703125
1 0.5673828125 0.5185546875 0.021484375 0.037109375
1 0.6435546875 0.5 0.021484375 0.037109375
1 0.4287109375 0.654296875 0.0361328125 0.068359375
1 0.1435546875 0.517578125 0.0185546875 0.0341796875
1 0.4560546875 0.7900390625 0.03125 0.044921875
1 0.4697265625 0.4892578125 0.0205078125 0.037109375
1 0.5205078125 0.4814453125 0.021484375 0.03125
1 0.416015625 0.400390625 0.013671875 0.0234375
0 0.3193359375 0.46875 0.1044921875 0.0654296875
1 0.078125 0.755859375 0.046875 0.080078125
1 0.5888671875 0.490234375 0.0185546875 0.033203125
1 0.330078125 0.5087890625 0.0439453125 0.0390625
1 0.4990234375 0.5126953125 0.0205078125 0.0341796875
1 0.53125 0.3720703125 0.0185546875 0.021484375
1 0.390625 0.41796875 0.0185546875 0.029296875
1 0.546875 0.5244140625 0.025390625 0.044921875
0 0.12890625 0.40625 0.0546875 0.0341796875
1 0.4814453125 0.458984375 0.0185546875 0.0283203125
1 0.4658203125 0.423828125 0.015625 0.0283203125
1 0.5439453125 0.4638671875 0.0185546875 0.0283203125
1 0.0224609375 0.568359375 0.0205078125 0.0419921875
1 0.564453125 0.435546875 0.0185546875 0.0283203125
1 0.5634765625 0.4765625 0.013671875 0.025390625
0 0.505859375 0.3310546875 0.0283203125 0.025390625
1 0.421875 0.740234375 0.046875 0.048828125
1 0.646484375 0.470703125 0.017578125 0.029296875
1 0.5810546875 0.4228515625 0.0185546875 0.033203125
1 0.166015625 0.3642578125 0.013671875 0.015625
1 0.41796875 0.3779296875 0.013671875 0.0283203125
1 0.4365234375 0.361328125 0.0234375 0.0234375
1 0.6669921875 0.513671875 0.0283203125 0.041015625
1 0.5 0.4853515625 0.015625 0.029296875
1 0.384765625 0.392578125 0.017578125 0.0283203125
1 0.634765625 0.447265625 0.0439453125 0.0341796875
1 0.0263671875 0.7705078125 0.0283203125 0.0498046875
1 0.060546875 0.4814453125 0.0205078125 0.0341796875
1 0.1787109375 0.4228515625 0.0234375 0.0263671875
1 0.2041015625 0.361328125 0.013671875 0.0205078125
1 0.0322265625 0.849609375 0.0390625 0.0546875
1 0.4541015625 0.3642578125 0.017578125 0.025390625
1 0.0986328125 0.5244140625 0.025390625 0.0546875
1 0.1767578125 0.3271484375 0.0185546875 0.0205078125
1 0.353515625 0.357421875 0.013671875 0.017578125
1 0.5244140625 0.822265625 0.0205078125 0.0439453125
1 0.515625 0.373046875 0.015625 0.017578125
0 0.1953125 0.875 0.0966796875 0.0283203125
0 0.353515625 0.318359375 0.0341796875 0.0185546875
1 0.041015625 0.5537109375 0.017578125 0.033203125
1 0.548828125 0.4208984375 0.015625 0.0263671875
1 0.228515625 0.357421875 0.013671875 0.0205078125
1 0.548828125 0.4990234375 0.1298828125 0.0888671875
1 0.5654296875 0.3818359375 0.021484375 0.0234375