0 0.19140625 0.748046875 0.126953125 0.162109375
0 0.51171875 0.4228515625 0.0546875 0.0517578125
0 0.3388671875 0.728515625 0.099609375 0.1201171875
0 0.580078125 0.5126953125 0.1357421875 0.068359375
1 0.3798828125 0.556640625 0.052734375 0.041015625
0 0.5390625 0.3515625 0.041015625 0.037109375
0 0.490234375 0.3564453125 0.0419921875 0.037109375
1 0.080078125 0.755859375 0.048828125 0.076171875
0 0.359375 0.4775390625 0.109375 0.0673828125
1 0.1015625 0.6318359375 0.046875 0.080078125
1 0.31640625 0.525390625 0.0361328125 0.0390625
1 0.267578125 0.5009765625 0.0390625 0.0419921875
1 0.1669921875 0.46875 0.025390625 0.0341796875
1 0.5478515625 0.462890625 0.044921875 0.046875
1 0.4951171875 0.4609375 0.021484375 0.037109375
0 0.509765625 0.3330078125 0.03125 0.0283203125
1 0.099609375 0.498046875 0.041015625 0.0390625
1 0.7421875 0.583984375 0.09375 0.0751953125
1 0.658203125 0.599609375 0.0830078125 0.068359375
1 0.548828125 0.3857421875 0.0185546875 0.0283203125
1 0.1962890625 0.443359375 0.029296875 0.03125
1 0.46484375 0.369140625 0.0234375 0.033203125
1 0.427734375 0.673828125 0.041015625 0.048828125
1 0.421875 0.748046875 0.0439453125 0.0498046875
0 0.236328125 0.3681640625 0.0595703125 0.0361328125
1 0.4580078125 0.775390625 0.0439453125 0.0673828125
1 0.310546875 0.85546875 0.0419921875 0.0546875
1 0.1181640625 0.560546875 0.029296875 0.044921875
1 0.42578125 0.5126953125 0.0361328125 0.0439453125
1 0.513671875 0.373046875 0.013671875 0.0205078125
1 0.5751953125 0.376953125 0.0185546875 0.025390625
1 0.701171875 0.53125 0.033203125 0.041015625
1 0.373046875 0.5107421875 0.0234375 0.03125
1 0.169921875 0.419921875 0.021484375 0.0263671875
1 0.1298828125 0.4208984375 0.0185546875 0.0263671875
1 0.4501953125 0.3759765625 0.015625 0.0263671875
1 0.59375 0.4658203125 0.021484375 0.025390625
1 0.271484375 0.439453125 0.041015625 0.0263671875
1 0.3955078125 0.36328125 0.015625 0.0234375
1 0.0810546875 0.404296875 0.03125 0.025390625
1 0.474609375 0.61328125 0.0263671875 0.048828125
1 0.896484375 0.630859375 0.052734375 0.041015625
1 0.580078125 0.6396484375 0.060546875 0.0673828125
1 0.5625 0.3623046875 0.0185546875 0.0283203125
1 0.435546875 0.365234375 0.013671875 0.0234375
1 0.8798828125 0.564453125 0.068359375 0.048828125
1 0.5244140625 0.5322265625 0.0205078125 0.0390625
1 0.6201171875 0.466796875 0.0185546875 0.029296875
0 0.826171875 0.5390625 0.0703125 0.046875
1 0.96875 0.5224609375 0.0341796875 0.0419921875
1 0.634765625 0.486328125 0.0185546875 0.0283203125
1 0.177734375 0.326171875 0.025390625 0.0234375
1 0.333984375 0.4384765625 0.0205078125 0.029296875
1 0.0576171875 0.478515625 0.0185546875 0.033203125
1 0.595703125 0.58203125 0.046875 0.044921875
1 0.5244140625 0.8515625 0.029296875 0.0595703125
1 0.041015625 0.556640625 0.0185546875 0.0341796875
1 0.4599609375 0.8515625 0.0546875 0.072265625
0 0.1826171875 0.875 0.1064453125 0.0283203125
1 0.46484375 0.7265625 0.033203125 0.046875
1 0.2724609375 0.4775390625 0.013671875 0.0205078125
1 0.0244140625 0.560546875 0.0234375 0.0419921875
0 0.177734375 0.373046875 0.0654296875 0.0361328125