0 0.193359375 0.771484375 0.126953125 0.185546875
1 0.154296875 0.486328125 0.0234375 0.037109375
0 0.71484375 0.685546875 0.1640625 0.177734375
0 0.5390625 0.6025390625 0.103515625 0.111328125
0 0.490234375 0.361328125 0.0361328125 0.03125
0 0.509765625 0.40625 0.0419921875 0.0498046875
0 0.3388671875 0.7255859375 0.099609375 0.1142578125
0 0.5947265625 0.548828125 0.076171875 0.0908203125
1 0.5380859375 0.5244140625 0.0361328125 0.0517578125
0 0.919921875 0.515625 0.130859375 0.068359375
1 0.591796875 0.44140625 0.0361328125 0.0419921875
1 0.68359375 0.5537109375 0.0419921875 0.0703125
0 0.482421875 0.517578125 0.0751953125 0.0859375
1 0.408203125 0.498046875 0.0390625 0.0439453125
1 0.755859375 0.611328125 0.0654296875 0.0625
1 0.884765625 0.7890625 0.060546875 0.0908203125
1 0.875 0.6630859375 0.09375 0.080078125
0 0.509765625 0.333984375 0.03125 0.029296875
1 0.7451171875 0.5341796875 0.052734375 0.0498046875
1 0.4716796875 0.435546875 0.021484375 0.033203125
1 0.419921875 0.439453125 0.0205078125 0.033203125
1 0.3017578125 0.494140625 0.025390625 0.041015625
1 0.818359375 0.5966796875 0.0576171875 0.0498046875
1 0.841796875 0.552734375 0.056640625 0.048828125
1 0.486328125 0.4638671875 0.0234375 0.0341796875
0 0.5380859375 0.341796875 0.029296875 0.025390625
1 0.595703125 0.494140625 0.0234375 0.0263671875
1 0.716796875 0.583984375 0.037109375 0.0341796875
1 0.0283203125 0.560546875 0.0341796875 0.044921875
1 0.736328125 0.8603515625 0.0703125 0.0576171875
1 0.5068359375 0.478515625 0.0263671875 0.041015625
1 0.802734375 0.693359375 0.056640625 0.0888671875
1 0.4521484375 0.361328125 0.0205078125 0.0283203125
1 0.5595703125 0.4921875 0.021484375 0.0341796875
1 0.107421875 0.4814453125 0.037109375 0.0341796875
1 0.671875 0.5029296875 0.046875 0.0439453125
1 0.0595703125 0.4775390625 0.025390625 0.0390625
1 0.95703125 0.625 0.0517578125 0.046875
1 0.193359375 0.353515625 0.015625 0.0185546875
1 0.0234375 0.4697265625 0.021484375 0.0390625
1 0.072265625 0.763671875 0.052734375 0.0703125
1 0.1396484375 0.720703125 0.0205078125 0.03125
1 0.3583984375 0.4248046875 0.0234375 0.0283203125
1 0.5908203125 0.4013671875 0.021484375 0.03125
1 0.7724609375 0.568359375 0.0419921875 0.0419921875
1 0.8759765625 0.6171875 0.029296875 0.046875
1 0.5322265625 0.3681640625 0.0234375 0.029296875
1 0.1162109375 0.6494140625 0.080078125 0.0546875
1 0.923828125 0.64453125 0.0283203125 0.060546875
1 0.4267578125 0.677734375 0.046875 0.083984375
1 0.455078125 0.412109375 0.0185546875 0.044921875
1 0.544921875 0.3955078125 0.0283203125 0.041015625
1 0.3896484375 0.869140625 0.0390625 0.041015625
1 0.796875 0.5263671875 0.021484375 0.0283203125
1 0.38671875 0.435546875 0.0205078125 0.0234375
1 0.4970703125 0.4365234375 0.021484375 0.029296875
1 0.248046875 0.341796875 0.033203125 0.0263671875
1 0.484375 0.6787109375 0.0498046875 0.0732421875
0 0.4482421875 0.458984375 0.041015625 0.0517578125
1 0.4833984375 0.7421875 0.0361328125 0.083984375
1 0.0224609375 0.3740234375 0.0205078125 0.0234375
1 0.7138671875 0.4775390625 0.046875 0.0419921875
1 0.5263671875 0.466796875 0.025390625 0.0419921875
1 0.1376953125 0.806640625 0.0341796875 0.068359375
1 0.6142578125 0.611328125 0.0595703125 0.080078125
1 0.328125 0.357421875 0.0185546875 0.025390625
1 0.564453125 0.37109375 0.017578125 0.0263671875