0 0.1943359375 0.74609375 0.123046875 0.1611328125
0 0.51171875 0.4228515625 0.0546875 0.0517578125
0 0.33984375 0.7275390625 0.1015625 0.1201171875
0 0.392578125 0.490234375 0.107421875 0.0703125
0 0.6240234375 0.5224609375 0.1484375 0.0673828125
1 0.109375 0.59375 0.03125 0.056640625
1 0.1689453125 0.486328125 0.021484375 0.0341796875
1 0.4091796875 0.529296875 0.0341796875 0.033203125
1 0.5458984375 0.4716796875 0.0390625 0.041015625
0 0.5400390625 0.345703125 0.0390625 0.0263671875
1 0.529296875 0.373046875 0.017578125 0.0234375
1 0.490234375 0.45703125 0.025390625 0.0390625
1 0.30859375 0.8349609375 0.048828125 0.095703125
1 0.298828125 0.5146484375 0.0439453125 0.044921875
1 0.3505859375 0.53515625 0.0419921875 0.0517578125
1 0.4814453125 0.5322265625 0.0341796875 0.0390625
0 0.5087890625 0.333984375 0.033203125 0.029296875
1 0.08203125 0.7412109375 0.060546875 0.107421875
1 0.6357421875 0.474609375 0.0185546875 0.025390625
1 0.55078125 0.3935546875 0.013671875 0.025390625
1 0.2177734375 0.451171875 0.0263671875 0.03125
1 0.771484375 0.587890625 0.1171875 0.0830078125
0 0.4912109375 0.361328125 0.0390625 0.0341796875
1 0.1064453125 0.4892578125 0.0341796875 0.041015625
1 0.669921875 0.58203125 0.1044921875 0.0673828125
1 0.548828125 0.623046875 0.0986328125 0.0625
1 0.421875 0.5595703125 0.052734375 0.0498046875
1 0.302734375 0.4443359375 0.0341796875 0.029296875
1 0.423828125 0.744140625 0.0498046875 0.060546875
1 0.92578125 0.6318359375 0.064453125 0.048828125
1 0.158203125 0.4619140625 0.0205078125 0.0263671875
1 0.337890625 0.4912109375 0.0185546875 0.029296875
1 0.1865234375 0.421875 0.0234375 0.021484375
1 0.107421875 0.4130859375 0.0185546875 0.0205078125
1 0.6396484375 0.544921875 0.029296875 0.0283203125
1 0.3828125 0.36328125 0.015625 0.0205078125
1 0.14453125 0.427734375 0.017578125 0.0205078125
1 0.4609375 0.365234375 0.03125 0.033203125
1 0.580078125 0.482421875 0.0263671875 0.029296875
1 0.05859375 0.48046875 0.0205078125 0.033203125
1 0.857421875 0.546875 0.0595703125 0.0439453125
1 0.041015625 0.55859375 0.017578125 0.033203125
1 0.4306640625 0.6572265625 0.044921875 0.0703125
1 0.62109375 0.46875 0.0205078125 0.03125
1 0.9208984375 0.56640625 0.0361328125 0.0419921875
1 0.564453125 0.541015625 0.0234375 0.033203125
1 0.4609375 0.796875 0.041015625 0.052734375
1 0.9716796875 0.5224609375 0.0283203125 0.029296875
0 0.2373046875 0.3828125 0.0625 0.037109375
1 0.5625 0.3662109375 0.015625 0.0263671875
1 0.029296875 0.599609375 0.0341796875 0.0576171875
1 0.7431640625 0.5263671875 0.0576171875 0.0341796875
1 0.177734375 0.3251953125 0.025390625 0.021484375
1 0.9072265625 0.5205078125 0.0419921875 0.037109375
1 0.0244140625 0.5595703125 0.0234375 0.0439453125
1 0.3623046875 0.4580078125 0.015625 0.015625
1 0.9541015625 0.572265625 0.048828125 0.0361328125
1 0.0380859375 0.47265625 0.033203125 0.0361328125
1 0.0859375 0.404296875 0.037109375 0.0234375
1 0.5771484375 0.373046875 0.013671875 0.0283203125
1 0.306640625 0.4892578125 0.013671875 0.021484375
0 0.35546875 0.322265625 0.0263671875 0.0205078125
1 0.591796875 0.4501953125 0.0107421875 0.0185546875
1 0.623046875 0.5283203125 0.025390625 0.0283203125
1 0.5537109375 0.439453125 0.017578125 0.0234375
1 0.669921875 0.76171875 0.0283203125 0.044921875
1 0.1962890625 0.322265625 0.0205078125 0.0185546875