0 0.193359375 0.7490234375 0.126953125 0.1640625
0 0.337890625 0.736328125 0.099609375 0.134765625
0 0.51171875 0.423828125 0.0546875 0.0546875
0 0.537109375 0.525390625 0.138671875 0.076171875
0 0.78515625 0.5439453125 0.158203125 0.068359375
1 0.888671875 0.630859375 0.041015625 0.048828125
1 0.0791015625 0.759765625 0.048828125 0.0859375
1 0.3349609375 0.4921875 0.0390625 0.0439453125
1 0.546875 0.458984375 0.041015625 0.046875
1 0.5029296875 0.60546875 0.0439453125 0.0517578125
0 0.541015625 0.34375 0.037109375 0.025390625
1 0.740234375 0.787109375 0.0576171875 0.0810546875
1 0.302734375 0.4736328125 0.033203125 0.037109375
1 0.529296875 0.373046875 0.017578125 0.0234375
1 0.53515625 0.59765625 0.0390625 0.0390625
1 0.6806640625 0.5859375 0.044921875 0.0498046875
0 0.490234375 0.36328125 0.041015625 0.0361328125
1 0.576171875 0.5673828125 0.0341796875 0.0439453125
0 0.509765625 0.333984375 0.03125 0.029296875
1 0.455078125 0.7822265625 0.0419921875 0.064453125
1 0.1630859375 0.474609375 0.0205078125 0.0341796875
1 0.9521484375 0.5869140625 0.0517578125 0.0546875
1 0.61328125 0.498046875 0.029296875 0.0361328125
1 0.13671875 0.5712890625 0.029296875 0.044921875
1 0.68359375 0.8017578125 0.0546875 0.0654296875
1 0.8447265625 0.6142578125 0.0361328125 0.0625
1 0.806640625 0.6123046875 0.037109375 0.072265625
1 0.271484375 0.4521484375 0.03125 0.0361328125
1 0.5732421875 0.373046875 0.015625 0.025390625
1 0.5927734375 0.482421875 0.0205078125 0.029296875
1 0.142578125 0.521484375 0.041015625 0.0439453125
1 0.55078125 0.3720703125 0.013671875 0.025390625
1 0.4306640625 0.662109375 0.044921875 0.0625
1 0.30859375 0.8515625 0.0390625 0.056640625
1 0.63671875 0.494140625 0.0234375 0.041015625
1 0.224609375 0.4296875 0.025390625 0.03125
0 0.1962890625 0.4033203125 0.189453125 0.083984375
1 0.4521484375 0.3642578125 0.017578125 0.025390625
1 0.041015625 0.7099609375 0.0283203125 0.044921875
1 0.421875 0.7451171875 0.0439453125 0.052734375
1 0.1083984375 0.4833984375 0.033203125 0.033203125
1 0.623046875 0.607421875 0.041015625 0.0263671875
1 0.857421875 0.85546875 0.076171875 0.0673828125
1 0.05859375 0.4794921875 0.0205078125 0.0341796875
1 0.9033203125 0.578125 0.052734375 0.041015625
1 0.5888671875 0.451171875 0.0185546875 0.0263671875
1 0.6279296875 0.69921875 0.046875 0.0859375
1 0.0244140625 0.5595703125 0.0234375 0.0439453125
1 0.177734375 0.3251953125 0.025390625 0.021484375
1 0.3974609375 0.599609375 0.029296875 0.0576171875
1 0.966796875 0.525390625 0.037109375 0.0517578125
1 0.4853515625 0.564453125 0.0517578125 0.048828125
1 0.1318359375 0.458984375 0.029296875 0.03125
1 0.462890625 0.7158203125 0.0263671875 0.037109375
1 0.931640625 0.3837890625 0.0185546875 0.033203125
1 0.0302734375 0.8662109375 0.0361328125 0.0419921875
0 0.328125 0.396484375 0.0654296875 0.0361328125
0 0.1962890625 0.8759765625 0.080078125 0.029296875
1 0.029296875 0.623046875 0.0283203125 0.056640625
1 0.330078125 0.359375 0.0126953125 0.021484375
1 0.8935546875 0.380859375 0.0185546875 0.0361328125
1 0.6201171875 0.4677734375 0.0185546875 0.0263671875
1 0.62890625 0.4423828125 0.017578125 0.0283203125
1 0.6572265625 0.548828125 0.029296875 0.037109375
1 0.5263671875 0.568359375 0.0283203125 0.0419921875
1 0.255859375 0.388671875 0.0263671875 0.0341796875
1 0.453125 0.439453125 0.0185546875 0.0283203125
0 0.1162109375 0.4091796875 0.0390625 0.037109375
1 0.4443359375 0.5986328125 0.017578125 0.0439453125
1 0.853515625 0.8115234375 0.0263671875 0.0263671875
1 0.642578125 0.8662109375 0.0439453125 0.044921875
1 0.31640625 0.439453125 0.017578125 0.0283203125
1 0.5498046875 0.4326171875 0.0185546875 0.025390625
1 0.791015625 0.5576171875 0.0205078125 0.03125
0 0.353515625 0.3203125 0.033203125 0.0185546875
0 0.3076171875 0.3583984375 0.0654296875 0.044921875
0 0.083984375 0.4990234375 0.146484375 0.126953125