0 0.3232421875 0.7998046875 0.1435546875 0.177734375
0 0.615234375 0.625 0.126953125 0.150390625
0 0.240234375 0.5078125 0.0625 0.068359375
0 0.201171875 0.6748046875 0.1015625 0.1123046875
0 0.3154296875 0.6484375 0.0908203125 0.1064453125
0 0.224609375 0.5771484375 0.078125 0.0888671875
1 0.1337890625 0.541015625 0.0263671875 0.03125
0 0.505859375 0.3427734375 0.0361328125 0.029296875
1 0.818359375 0.5849609375 0.0810546875 0.080078125
1 0.1474609375 0.607421875 0.033203125 0.048828125
0 0.48046875 0.3623046875 0.029296875 0.0283203125
1 0.6611328125 0.7861328125 0.0654296875 0.0810546875
0 0.3271484375 0.490234375 0.0673828125 0.0595703125
1 0.59375 0.455078125 0.025390625 0.0341796875
1 0.5458984375 0.4609375 0.0205078125 0.03125
0 0.3212890625 0.5498046875 0.0703125 0.078125
1 0.73046875 0.53515625 0.0419921875 0.0419921875
0 0.080078125 0.8173828125 0.1201171875 0.1435546875
1 0.9443359375 0.685546875 0.080078125 0.0908203125
1 0.060546875 0.486328125 0.0205078125 0.0234375
1 0.689453125 0.5419921875 0.0517578125 0.0595703125
0 0.4296875 0.439453125 0.046875 0.052734375
1 0.0341796875 0.591796875 0.046875 0.064453125
1 0.9306640625 0.6044921875 0.0517578125 0.046875
1 0.1923828125 0.486328125 0.0185546875 0.0341796875
1 0.4833984375 0.4033203125 0.0205078125 0.0283203125
1 0.53515625 0.4130859375 0.013671875 0.0263671875
0 0.54296875 0.333984375 0.033203125 0.025390625
1 0.146484375 0.462890625 0.0185546875 0.025390625
1 0.5048828125 0.396484375 0.015625 0.025390625
1 0.3955078125 0.552734375 0.025390625 0.052734375
1 0.1767578125 0.46484375 0.021484375 0.029296875
1 0.4560546875 0.361328125 0.0185546875 0.0263671875
1 0.5498046875 0.416015625 0.015625 0.03125
0 0.2509765625 0.384765625 0.044921875 0.0341796875
1 0.896484375 0.544921875 0.0361328125 0.033203125
1 0.2783203125 0.740234375 0.025390625 0.0419921875
1 0.388671875 0.4150390625 0.017578125 0.0234375
1 0.1416015625 0.4228515625 0.0234375 0.029296875
0 0.3525390625 0.3203125 0.033203125 0.015625
1 0.58984375 0.404296875 0.013671875 0.021484375
1 0.2216796875 0.4150390625 0.025390625 0.0234375
1 0.626953125 0.44140625 0.0341796875 0.0361328125
1 0.1826171875 0.8603515625 0.041015625 0.0576171875
0 0.2607421875 0.41015625 0.041015625 0.0263671875
0 0.19140625 0.388671875 0.029296875 0.0205078125
1 0.89453125 0.587890625 0.033203125 0.0576171875
1 0.099609375 0.478515625 0.037109375 0.0361328125
1 0.56640625 0.3759765625 0.060546875 0.0517578125
1 0.423828125 0.3642578125 0.0126953125 0.0185546875