0 0.3203125 0.7998046875 0.150390625 0.1748046875
0 0.1923828125 0.73828125 0.119140625 0.158203125
1 0.65625 0.6396484375 0.0341796875 0.060546875
1 0.5029296875 0.533203125 0.03125 0.0390625
1 0.380859375 0.5478515625 0.0234375 0.0419921875
0 0.240234375 0.5087890625 0.0625 0.0703125
0 0.3173828125 0.6484375 0.0908203125 0.109375
1 0.583984375 0.4453125 0.021484375 0.03125
1 0.822265625 0.583984375 0.083984375 0.0830078125
1 0.779296875 0.7822265625 0.0654296875 0.123046875
1 0.6875 0.548828125 0.0498046875 0.0546875
0 0.224609375 0.578125 0.078125 0.087890625
1 0.9462890625 0.6865234375 0.080078125 0.0859375
1 0.1572265625 0.6044921875 0.033203125 0.0498046875
1 0.5625 0.3916015625 0.015625 0.0234375
1 0.048828125 0.587890625 0.033203125 0.0498046875
0 0.5048828125 0.3466796875 0.03125 0.0341796875
1 0.1552734375 0.501953125 0.0234375 0.0361328125
1 0.169921875 0.556640625 0.021484375 0.0341796875
0 0.3212890625 0.5498046875 0.0703125 0.078125
0 0.3271484375 0.490234375 0.0673828125 0.0595703125
1 0.5087890625 0.6181640625 0.029296875 0.048828125
1 0.609375 0.8447265625 0.046875 0.0859375
1 0.677734375 0.4453125 0.0185546875 0.025390625
0 0.4794921875 0.357421875 0.03125 0.03125
1 0.775390625 0.4873046875 0.0185546875 0.025390625
1 0.896484375 0.6455078125 0.076171875 0.0751953125
1 0.6455078125 0.4638671875 0.0341796875 0.037109375
1 0.544921875 0.443359375 0.0263671875 0.03125
1 0.900390625 0.5419921875 0.0419921875 0.0439453125
1 0.431640625 0.4375 0.021484375 0.03125
1 0.060546875 0.4814453125 0.0283203125 0.037109375
1 0.099609375 0.599609375 0.0234375 0.037109375
1 0.59375 0.3974609375 0.0185546875 0.0234375
1 0.0947265625 0.48046875 0.0361328125 0.029296875
1 0.1328125 0.4814453125 0.0283203125 0.0439453125
0 0.25390625 0.396484375 0.0517578125 0.0595703125
1 0.087890625 0.6630859375 0.0390625 0.0673828125
0 0.529296875 0.328125 0.0361328125 0.025390625
1 0.759765625 0.865234375 0.056640625 0.0546875
1 0.892578125 0.5869140625 0.044921875 0.0576171875
1 0.029296875 0.5615234375 0.033203125 0.044921875
1 0.0810546875 0.7685546875 0.0498046875 0.0908203125
1 0.1484375 0.4228515625 0.0283203125 0.033203125
1 0.390625 0.4423828125 0.025390625 0.0625
1 0.396484375 0.392578125 0.015625 0.021484375
1 0.1103515625 0.419921875 0.017578125 0.0234375
1 0.19140625 0.4892578125 0.0205078125 0.037109375
1 0.216796875 0.4140625 0.0283203125 0.0341796875
1 0.4638671875 0.4365234375 0.0185546875 0.029296875
1 0.8408203125 0.5419921875 0.03125 0.041015625
1 0.7734375 0.67578125 0.041015625 0.0703125
1 0.20703125 0.4833984375 0.017578125 0.0361328125
1 0.921875 0.87109375 0.0341796875 0.0390625
0 0.494140625 0.318359375 0.0341796875 0.0205078125
1 0.962890625 0.521484375 0.03125 0.029296875
0 0.43359375 0.384765625 0.0361328125 0.0263671875
1 0.171875 0.529296875 0.025390625 0.033203125
1 0.7138671875 0.521484375 0.0283203125 0.041015625
1 0.138671875 0.7724609375 0.033203125 0.0576171875
1 0.75 0.470703125 0.0185546875 0.0361328125
1 0.859375 0.498046875 0.03125 0.0361328125
1 0.037109375 0.865234375 0.0361328125 0.046875
1 0.357421875 0.3994140625 0.0107421875 0.017578125
1 0.4013671875 0.361328125 0.021484375 0.021484375
1 0.22265625 0.392578125 0.017578125 0.025390625
1 0.8662109375 0.423828125 0.0234375 0.0234375
1 0.193359375 0.427734375 0.015625 0.0205078125