0 0.66015625 0.658203125 0.1328125 0.158203125
0 0.3447265625 0.6005859375 0.0830078125 0.1015625
0 0.4990234375 0.5400390625 0.0732421875 0.0888671875
1 0.1171875 0.6123046875 0.03125 0.0498046875
1 0.7109375 0.623046875 0.041015625 0.0498046875
1 0.80078125 0.576171875 0.044921875 0.064453125
1 0.564453125 0.517578125 0.03125 0.0439453125
0 0.1181640625 0.78515625 0.1513671875 0.1767578125
1 0.275390625 0.541015625 0.0263671875 0.037109375
0 0.220703125 0.5556640625 0.0673828125 0.076171875
1 0.5 0.4755859375 0.021484375 0.033203125
0 0.3125 0.4970703125 0.0625 0.0625
1 0.888671875 0.650390625 0.072265625 0.072265625
0 0.505859375 0.4228515625 0.0419921875 0.048828125
1 0.705078125 0.5478515625 0.0263671875 0.0419921875
1 0.560546875 0.6044921875 0.029296875 0.046875
0 0.494140625 0.34765625 0.033203125 0.033203125
1 0.591796875 0.4951171875 0.025390625 0.046875
0 0.7353515625 0.837890625 0.158203125 0.1015625
1 0.861328125 0.5947265625 0.0732421875 0.0703125
0 0.224609375 0.478515625 0.056640625 0.0576171875
1 0.7822265625 0.671875 0.0517578125 0.0810546875
1 0.4326171875 0.4677734375 0.0185546875 0.0419921875
1 0.5361328125 0.4677734375 0.0283203125 0.0419921875
1 0.6494140625 0.4599609375 0.029296875 0.033203125
1 0.9453125 0.6875 0.078125 0.083984375
0 0.1884765625 0.3583984375 0.029296875 0.0263671875
1 0.5693359375 0.46875 0.0263671875 0.037109375
1 0.251953125 0.677734375 0.0419921875 0.064453125
1 0.076171875 0.69140625 0.0419921875 0.076171875
1 0.5810546875 0.4296875 0.021484375 0.0341796875
1 0.607421875 0.5302734375 0.021484375 0.0517578125
1 0.8720703125 0.771484375 0.0654296875 0.1142578125
1 0.1669921875 0.498046875 0.0185546875 0.03125
1 0.599609375 0.7744140625 0.052734375 0.0888671875
1 0.4091796875 0.44921875 0.03125 0.044921875
0 0.0546875 0.3818359375 0.0439453125 0.0205078125
1 0.552734375 0.4306640625 0.0234375 0.0361328125
1 0.3544921875 0.478515625 0.025390625 0.03125
1 0.1572265625 0.5595703125 0.0361328125 0.052734375
1 0.05859375 0.478515625 0.0234375 0.0361328125
1 0.5517578125 0.728515625 0.0283203125 0.072265625
0 0.4453125 0.43359375 0.03125 0.048828125
1 0.1279296875 0.541015625 0.03125 0.044921875
1 0.6318359375 0.546875 0.033203125 0.052734375
0 0.3125 0.8359375 0.15625 0.103515625
1 0.9306640625 0.6064453125 0.0517578125 0.0439453125
1 0.732421875 0.537109375 0.037109375 0.037109375
1 0.486328125 0.5849609375 0.0234375 0.0419921875
1 0.451171875 0.501953125 0.0283203125 0.046875
1 0.173828125 0.4296875 0.025390625 0.037109375
1 0.087890625 0.40234375 0.0185546875 0.0205078125
1 0.5849609375 0.5517578125 0.0205078125 0.0341796875
1 0.2763671875 0.509765625 0.021484375 0.03125
1 0.029296875 0.5693359375 0.0341796875 0.060546875
1 0.5390625 0.37890625 0.025390625 0.029296875
1 0.212890625 0.3525390625 0.0126953125 0.0234375
1 0.4716796875 0.373046875 0.015625 0.0263671875
1 0.1240234375 0.3623046875 0.0107421875 0.015625
1 0.5576171875 0.38671875 0.0185546875 0.0263671875
1 0.8994140625 0.5458984375 0.029296875 0.033203125
0 0.0869140625 0.427734375 0.060546875 0.037109375
1 0.1279296875 0.4267578125 0.0185546875 0.025390625
1 0.107421875 0.4873046875 0.03125 0.03125
0 0.5791015625 0.669921875 0.060546875 0.0888671875
1 0.9736328125 0.6337890625 0.03125 0.064453125
1 0.025390625 0.373046875 0.0126953125 0.0234375
0 0.3525390625 0.318359375 0.029296875 0.015625
1 0.2568359375 0.416015625 0.0263671875 0.025390625
1 0.3984375 0.412109375 0.021484375 0.0263671875
0 0.3154296875 0.40625 0.09375 0.052734375
1 0.205078125 0.4287109375 0.046875 0.0361328125
1 0.1591796875 0.3974609375 0.0126953125 0.0263671875
1 0.2421875 0.4443359375 0.0341796875 0.029296875
0 0.5400390625 0.345703125 0.044921875 0.0361328125