0 0.3271484375 0.771484375 0.126953125 0.1796875
0 0.5458984375 0.4853515625 0.0732421875 0.076171875
0 0.205078125 0.6552734375 0.107421875 0.1201171875
1 0.744140625 0.65625 0.0419921875 0.0751953125
1 0.69921875 0.5859375 0.0419921875 0.078125
0 0.228515625 0.55078125 0.0732421875 0.0830078125
0 0.158203125 0.4326171875 0.0390625 0.0439453125
1 0.8193359375 0.572265625 0.080078125 0.0859375
0 0.322265625 0.56640625 0.0751953125 0.0830078125
0 0.2392578125 0.482421875 0.056640625 0.0673828125
1 0.623046875 0.541015625 0.0263671875 0.0498046875
1 0.482421875 0.5068359375 0.0361328125 0.0517578125
1 0.6904296875 0.5361328125 0.0439453125 0.0498046875
1 0.5791015625 0.462890625 0.0263671875 0.0361328125
0 0.3037109375 0.45703125 0.048828125 0.0546875
1 0.947265625 0.689453125 0.076171875 0.0908203125
1 0.6474609375 0.81640625 0.044921875 0.091796875
1 0.0595703125 0.482421875 0.025390625 0.03125
1 0.6171875 0.490234375 0.0283203125 0.037109375
1 0.716796875 0.630859375 0.03125 0.0595703125
0 0.19140625 0.3828125 0.029296875 0.0283203125
1 0.083984375 0.671875 0.044921875 0.0810546875
0 0.515625 0.3994140625 0.037109375 0.0419921875
1 0.419921875 0.6455078125 0.03125 0.0654296875
1 0.42578125 0.466796875 0.017578125 0.033203125
1 0.15625 0.5400390625 0.025390625 0.0361328125
1 0.037109375 0.568359375 0.0185546875 0.0498046875
1 0.548828125 0.8017578125 0.0517578125 0.0498046875
1 0.2431640625 0.720703125 0.0390625 0.0751953125
1 0.73046875 0.537109375 0.048828125 0.046875
1 0.896484375 0.6484375 0.0732421875 0.078125
1 0.857421875 0.845703125 0.0703125 0.0888671875
0 0.6376953125 0.4443359375 0.03125 0.029296875
1 0.896484375 0.580078125 0.0439453125 0.0517578125
0 0.296875 0.4189453125 0.0498046875 0.037109375
1 0.193359375 0.46875 0.0205078125 0.0341796875
1 0.470703125 0.6611328125 0.029296875 0.052734375
1 0.9296875 0.607421875 0.052734375 0.041015625
0 0.23046875 0.353515625 0.033203125 0.025390625
1 0.126953125 0.6728515625 0.046875 0.0830078125
0 0.509765625 0.3330078125 0.0283203125 0.0185546875
1 0.1328125 0.49609375 0.0341796875 0.0517578125
1 0.052734375 0.7685546875 0.052734375 0.0908203125
1 0.099609375 0.4755859375 0.041015625 0.0419921875
1 0.171875 0.384765625 0.0185546875 0.0283203125
0 0.529296875 0.3544921875 0.0419921875 0.0341796875
0 0.478515625 0.369140625 0.0341796875 0.0234375
1 0.4560546875 0.501953125 0.021484375 0.0419921875
0 0.330078125 0.3994140625 0.064453125 0.033203125
1 0.138671875 0.4619140625 0.033203125 0.0361328125
1 0.97265625 0.6328125 0.029296875 0.0625
1 0.5673828125 0.419921875 0.0625 0.0732421875
1 0.818359375 0.53515625 0.0234375 0.0419921875
1 0.470703125 0.447265625 0.0283203125 0.046875