0 0.1865234375 0.779296875 0.1328125 0.185546875
0 0.701171875 0.6728515625 0.154296875 0.173828125
1 0.1552734375 0.494140625 0.0234375 0.0361328125
0 0.533203125 0.5966796875 0.0966796875 0.099609375
0 0.509765625 0.40625 0.0419921875 0.046875
0 0.490234375 0.361328125 0.0361328125 0.03125
0 0.3388671875 0.7265625 0.099609375 0.115234375
0 0.58984375 0.54296875 0.0859375 0.0830078125
1 0.650390625 0.525390625 0.037109375 0.0439453125
1 0.7197265625 0.576171875 0.0419921875 0.0498046875
0 0.9150390625 0.5166015625 0.142578125 0.0673828125
1 0.3134765625 0.505859375 0.0263671875 0.041015625
1 0.537109375 0.517578125 0.0361328125 0.048828125
0 0.4814453125 0.515625 0.0751953125 0.083984375
1 0.7490234375 0.537109375 0.0390625 0.0390625
1 0.6845703125 0.564453125 0.037109375 0.0419921875
1 0.8779296875 0.6591796875 0.0908203125 0.0810546875
1 0.7626953125 0.6181640625 0.0625 0.0576171875
1 0.84375 0.5576171875 0.0498046875 0.0498046875
1 0.408203125 0.494140625 0.0341796875 0.0419921875
0 0.498046875 0.3349609375 0.0439453125 0.029296875
1 0.46875 0.4228515625 0.0185546875 0.033203125
1 0.794921875 0.5712890625 0.0625 0.060546875
0 0.537109375 0.341796875 0.03125 0.0283203125
1 0.58203125 0.439453125 0.029296875 0.041015625
1 0.1083984375 0.6552734375 0.0732421875 0.048828125
1 0.978515625 0.6494140625 0.0185546875 0.064453125
1 0.029296875 0.560546875 0.037109375 0.044921875
1 0.0595703125 0.478515625 0.025390625 0.037109375
1 0.861328125 0.751953125 0.0673828125 0.0986328125
1 0.5556640625 0.4921875 0.0234375 0.0439453125
1 0.4912109375 0.455078125 0.0263671875 0.0341796875
1 0.78515625 0.67578125 0.0419921875 0.0703125
1 0.419921875 0.43359375 0.0205078125 0.0263671875
1 0.0654296875 0.779296875 0.046875 0.076171875
1 0.888671875 0.56640625 0.025390625 0.0390625
1 0.587890625 0.408203125 0.0263671875 0.0390625
1 0.705078125 0.4736328125 0.0361328125 0.03125
1 0.7041015625 0.8212890625 0.0576171875 0.0673828125
1 0.107421875 0.4814453125 0.0341796875 0.0341796875
0 0.94140625 0.587890625 0.0859375 0.078125
1 0.4296875 0.7158203125 0.0341796875 0.068359375
1 0.599609375 0.4345703125 0.013671875 0.0185546875
1 0.455078125 0.412109375 0.015625 0.0341796875
1 0.453125 0.3603515625 0.0185546875 0.0234375
1 0.193359375 0.3544921875 0.0205078125 0.0185546875
1 0.55859375 0.4384765625 0.0234375 0.0419921875
1 0.240234375 0.349609375 0.0185546875 0.0234375
1 0.533203125 0.369140625 0.021484375 0.0283203125
1 0.6220703125 0.494140625 0.0185546875 0.0283203125
1 0.5986328125 0.494140625 0.0283203125 0.0361328125
1 0.4951171875 0.4306640625 0.015625 0.029296875
1 0.923828125 0.6435546875 0.029296875 0.056640625
1 0.388671875 0.853515625 0.052734375 0.0439453125
1 0.44140625 0.451171875 0.033203125 0.0419921875
1 0.48046875 0.744140625 0.0419921875 0.103515625
1 0.7958984375 0.53125 0.033203125 0.037109375
1 0.548828125 0.39453125 0.0341796875 0.0390625
1 0.87890625 0.6142578125 0.033203125 0.0439453125
1 0.904296875 0.7275390625 0.0341796875 0.0888671875
1 0.0224609375 0.3740234375 0.017578125 0.0234375
1 0.1396484375 0.7216796875 0.017578125 0.0185546875
1 0.56640625 0.37109375 0.013671875 0.0263671875
1 0.466796875 0.677734375 0.025390625 0.0673828125