0 0.322265625 0.7998046875 0.140625 0.1748046875
0 0.154296875 0.498046875 0.056640625 0.0576171875
1 0.69921875 0.5927734375 0.0390625 0.064453125
1 0.7275390625 0.6943359375 0.048828125 0.076171875
0 0.201171875 0.673828125 0.1015625 0.119140625
0 0.3154296875 0.6259765625 0.083984375 0.1044921875
1 0.650390625 0.59765625 0.03125 0.060546875
0 0.521484375 0.431640625 0.0517578125 0.0654296875
1 0.607421875 0.5009765625 0.029296875 0.0517578125
1 0.58203125 0.5966796875 0.029296875 0.0595703125
1 0.796875 0.5732421875 0.0439453125 0.0654296875
1 0.1591796875 0.5732421875 0.0283203125 0.0654296875
1 0.564453125 0.4423828125 0.0234375 0.0439453125
0 0.2265625 0.578125 0.078125 0.087890625
0 0.474609375 0.44921875 0.0546875 0.064453125
1 0.947265625 0.685546875 0.0751953125 0.087890625
1 0.58984375 0.681640625 0.0419921875 0.087890625
1 0.8623046875 0.8095703125 0.068359375 0.099609375
1 0.630859375 0.55859375 0.0263671875 0.0419921875
1 0.779296875 0.8115234375 0.056640625 0.0986328125
0 0.240234375 0.5078125 0.060546875 0.0654296875
1 0.6982421875 0.8115234375 0.0595703125 0.095703125
0 0.3115234375 0.4892578125 0.0546875 0.0625
1 0.1826171875 0.845703125 0.046875 0.0751953125
1 0.650390625 0.681640625 0.033203125 0.0654296875
1 0.689453125 0.5390625 0.0439453125 0.056640625
1 0.451171875 0.4169921875 0.0263671875 0.046875
1 0.4736328125 0.5078125 0.0283203125 0.0625
1 0.123046875 0.703125 0.037109375 0.052734375
0 0.205078125 0.40625 0.0390625 0.037109375
1 0.9189453125 0.7841796875 0.0625 0.0966796875
1 0.8505859375 0.591796875 0.060546875 0.068359375
1 0.634765625 0.8232421875 0.046875 0.068359375
1 0.6005859375 0.4443359375 0.0263671875 0.0419921875
1 0.623046875 0.462890625 0.0205078125 0.041015625
1 0.109375 0.533203125 0.025390625 0.0390625
1 0.484375 0.4111328125 0.0185546875 0.037109375
0 0.4912109375 0.353515625 0.0361328125 0.0341796875
1 0.876953125 0.6611328125 0.0859375 0.083984375
0 0.310546875 0.4462890625 0.052734375 0.0390625
0 0.517578125 0.3330078125 0.037109375 0.0283203125
1 0.3720703125 0.470703125 0.0185546875 0.037109375
1 0.728515625 0.5390625 0.0419921875 0.046875
1 0.1005859375 0.62890625 0.033203125 0.0546875
1 0.931640625 0.611328125 0.056640625 0.052734375
1 0.029296875 0.564453125 0.0341796875 0.048828125
1 0.462890625 0.365234375 0.025390625 0.029296875
0 0.216796875 0.3466796875 0.03125 0.025390625
1 0.076171875 0.478515625 0.0419921875 0.0361328125
1 0.1884765625 0.380859375 0.0234375 0.037109375
1 0.1708984375 0.384765625 0.017578125 0.0263671875
1 0.1552734375 0.529296875 0.0205078125 0.037109375
0 0.3515625 0.3212890625 0.0341796875 0.017578125
1 0.904296875 0.720703125 0.037109375 0.068359375
1 0.0751953125 0.3427734375 0.021484375 0.017578125
0 0.521484375 0.384765625 0.033203125 0.033203125
1 0.89453125 0.5849609375 0.0390625 0.060546875
1 0.6328125 0.51953125 0.025390625 0.0361328125
1 0.572265625 0.5283203125 0.0263671875 0.046875
1 0.095703125 0.5703125 0.029296875 0.0498046875
1 0.9755859375 0.62890625 0.0263671875 0.060546875
1 0.0654296875 0.787109375 0.037109375 0.052734375
1 0.021484375 0.47265625 0.0205078125 0.0234375
1 0.630859375 0.7734375 0.03125 0.056640625
0 0.029296875 0.8037109375 0.037109375 0.076171875
1 0.767578125 0.759765625 0.3671875 0.2236328125