0 0.3623046875 0.8037109375 0.1123046875 0.169921875
0 0.7197265625 0.6279296875 0.1298828125 0.1591796875
1 0.134765625 0.544921875 0.025390625 0.0498046875
1 0.525390625 0.51953125 0.0390625 0.0576171875
1 0.619140625 0.498046875 0.046875 0.072265625
1 0.7685546875 0.818359375 0.0654296875 0.115234375
0 0.5400390625 0.6044921875 0.1015625 0.115234375
0 0.1689453125 0.4208984375 0.0498046875 0.0390625
0 0.15625 0.48046875 0.0498046875 0.0517578125
1 0.822265625 0.583984375 0.0810546875 0.0830078125
1 0.689453125 0.5380859375 0.0439453125 0.0361328125
0 0.369140625 0.5869140625 0.0751953125 0.0859375
1 0.546875 0.447265625 0.0185546875 0.037109375
1 0.1982421875 0.6533203125 0.03125 0.072265625
1 0.888671875 0.65234375 0.0810546875 0.0830078125
0 0.2490234375 0.537109375 0.0859375 0.1220703125
1 0.11328125 0.6376953125 0.0205078125 0.03125
1 0.173828125 0.6162109375 0.0283203125 0.0390625
0 0.248046875 0.4013671875 0.0439453125 0.0439453125
0 0.169921875 0.7509765625 0.126953125 0.1142578125
1 0.6162109375 0.4521484375 0.0263671875 0.033203125
1 0.9619140625 0.654296875 0.048828125 0.072265625
1 0.58203125 0.458984375 0.0234375 0.0263671875
0 0.455078125 0.5 0.0751953125 0.0966796875
1 0.62109375 0.857421875 0.0419921875 0.0576171875
0 0.1796875 0.3662109375 0.03125 0.0390625
1 0.7255859375 0.5341796875 0.044921875 0.0439453125
0 0.505859375 0.427734375 0.046875 0.0654296875
0 0.232421875 0.345703125 0.0263671875 0.0263671875
1 0.9287109375 0.6123046875 0.0419921875 0.0439453125
1 0.93359375 0.701171875 0.0390625 0.0498046875
0 0.3203125 0.435546875 0.078125 0.095703125
1 0.037109375 0.591796875 0.037109375 0.056640625
1 0.8603515625 0.5498046875 0.0263671875 0.037109375
0 0.470703125 0.3935546875 0.0439453125 0.068359375
1 0.8955078125 0.5869140625 0.0439453125 0.0576171875
1 0.7890625 0.5546875 0.0283203125 0.037109375
0 0.4423828125 0.4443359375 0.037109375 0.0419921875
1 0.220703125 0.4697265625 0.021484375 0.044921875
1 0.0771484375 0.6943359375 0.033203125 0.0732421875
1 0.5517578125 0.4833984375 0.025390625 0.044921875
1 0.595703125 0.3974609375 0.0185546875 0.0390625
1 0.064453125 0.4794921875 0.0390625 0.037109375
1 0.6640625 0.5029296875 0.0185546875 0.037109375
0 0.9541015625 0.5791015625 0.064453125 0.0576171875
1 0.0400390625 0.556640625 0.0205078125 0.025390625
0 0.5654296875 0.40234375 0.037109375 0.0673828125
0 0.5390625 0.33984375 0.0341796875 0.029296875
1 0.82421875 0.5380859375 0.0205078125 0.0390625
1 0.1181640625 0.607421875 0.0234375 0.0390625
1 0.0224609375 0.4755859375 0.0234375 0.029296875
1 0.5166015625 0.4794921875 0.0205078125 0.041015625
1 0.408203125 0.744140625 0.033203125 0.0498046875
0 0.5126953125 0.3671875 0.046875 0.052734375