0 0.181640625 0.7119140625 0.126953125 0.1513671875
0 0.5478515625 0.630859375 0.111328125 0.1328125
1 0.6943359375 0.625 0.0390625 0.0595703125
0 0.345703125 0.7275390625 0.1064453125 0.138671875
1 0.689453125 0.5458984375 0.048828125 0.048828125
1 0.80078125 0.69921875 0.0517578125 0.064453125
1 0.646484375 0.552734375 0.029296875 0.048828125
1 0.853515625 0.8427734375 0.0625 0.080078125
1 0.2734375 0.525390625 0.0283203125 0.0341796875
0 0.5693359375 0.533203125 0.091796875 0.115234375
1 0.412109375 0.482421875 0.021484375 0.037109375
0 0.5634765625 0.4287109375 0.0419921875 0.0517578125
1 0.7998046875 0.58203125 0.0439453125 0.0576171875
1 0.3759765625 0.4873046875 0.0205078125 0.037109375
1 0.435546875 0.8203125 0.029296875 0.0654296875
0 0.3310546875 0.4658203125 0.056640625 0.056640625
1 0.623046875 0.5185546875 0.015625 0.0283203125
0 0.466796875 0.513671875 0.0703125 0.0966796875
1 0.1572265625 0.5576171875 0.0234375 0.037109375
1 0.146484375 0.51953125 0.0205078125 0.0390625
1 0.935546875 0.84765625 0.0751953125 0.0830078125
1 0.3271484375 0.552734375 0.033203125 0.044921875
1 0.8896484375 0.650390625 0.080078125 0.0859375
1 0.732421875 0.53515625 0.0341796875 0.0390625
1 0.8447265625 0.6044921875 0.0390625 0.0439453125
0 0.5517578125 0.392578125 0.041015625 0.0390625
1 0.6103515625 0.55859375 0.0205078125 0.0517578125
1 0.4365234375 0.572265625 0.029296875 0.0439453125
0 0.50390625 0.3642578125 0.0361328125 0.0283203125
0 0.66015625 0.8056640625 0.173828125 0.1611328125
1 0.9541015625 0.6728515625 0.060546875 0.0859375
1 0.1064453125 0.68359375 0.0283203125 0.0419921875
1 0.201171875 0.5107421875 0.0234375 0.0498046875
1 0.783203125 0.8388671875 0.072265625 0.087890625
1 0.4951171875 0.4462890625 0.021484375 0.0390625
1 0.1611328125 0.46484375 0.015625 0.0263671875
0 0.1748046875 0.4287109375 0.0498046875 0.033203125
1 0.255859375 0.4521484375 0.0234375 0.0361328125
1 0.591796875 0.41015625 0.013671875 0.029296875
1 0.841796875 0.552734375 0.0263671875 0.0439453125
1 0.216796875 0.482421875 0.0234375 0.0361328125
1 0.7978515625 0.646484375 0.029296875 0.0361328125
1 0.455078125 0.666015625 0.0390625 0.064453125
1 0.068359375 0.478515625 0.0419921875 0.0390625
0 0.3203125 0.400390625 0.083984375 0.0390625
1 0.158203125 0.603515625 0.025390625 0.052734375
0 0.224609375 0.3486328125 0.029296875 0.021484375
1 0.927734375 0.61328125 0.0419921875 0.0419921875
1 0.513671875 0.4345703125 0.0263671875 0.052734375
1 0.037109375 0.8564453125 0.041015625 0.0625
1 0.033203125 0.576171875 0.0439453125 0.0830078125
1 0.7099609375 0.525390625 0.0205078125 0.03125
1 0.162109375 0.4970703125 0.0283203125 0.0283203125
1 0.326171875 0.5244140625 0.017578125 0.029296875
0 0.3525390625 0.3212890625 0.033203125 0.017578125
1 0.2490234375 0.8603515625 0.0703125 0.060546875
1 0.8955078125 0.5771484375 0.041015625 0.0419921875
1 0.5244140625 0.8486328125 0.0361328125 0.046875
1 0.443359375 0.447265625 0.0234375 0.041015625
1 0.1806640625 0.5419921875 0.095703125 0.1533203125
1 0.1728515625 0.8251953125 0.0830078125 0.115234375
1 0.904296875 0.5458984375 0.017578125 0.0234375
1 0.1083984375 0.4853515625 0.0361328125 0.029296875