1 0.107421875 0.6396484375 0.0390625 0.060546875
0 0.5390625 0.46875 0.0595703125 0.0654296875
0 0.216796875 0.564453125 0.076171875 0.0830078125
0 0.6982421875 0.640625 0.140625 0.140625
1 0.2373046875 0.70703125 0.0439453125 0.064453125
1 0.130859375 0.5322265625 0.025390625 0.0546875
1 0.68359375 0.5478515625 0.0517578125 0.0517578125
0 0.55859375 0.396484375 0.0361328125 0.0439453125
1 0.283203125 0.5869140625 0.0361328125 0.0576171875
1 0.158203125 0.5087890625 0.021484375 0.033203125
1 0.587890625 0.5859375 0.044921875 0.056640625
1 0.8212890625 0.580078125 0.0830078125 0.0859375
0 0.2265625 0.35546875 0.0283203125 0.0263671875
1 0.9443359375 0.681640625 0.080078125 0.095703125
1 0.884765625 0.654296875 0.076171875 0.076171875
1 0.1875 0.380859375 0.015625 0.025390625
1 0.6103515625 0.4814453125 0.0205078125 0.0341796875
1 0.1826171875 0.4814453125 0.021484375 0.0439453125
0 0.51953125 0.4169921875 0.0419921875 0.0341796875
1 0.408203125 0.4306640625 0.0185546875 0.0234375
1 0.2470703125 0.4677734375 0.025390625 0.048828125
1 0.5068359375 0.451171875 0.017578125 0.033203125
0 0.6669921875 0.7880859375 0.171875 0.1611328125
1 0.3857421875 0.4912109375 0.025390625 0.048828125
1 0.294921875 0.4931640625 0.0205078125 0.029296875
1 0.6416015625 0.560546875 0.0205078125 0.037109375
1 0.7314453125 0.5390625 0.037109375 0.0439453125
1 0.595703125 0.654296875 0.029296875 0.0546875
0 0.494140625 0.353515625 0.033203125 0.0361328125
1 0.4697265625 0.447265625 0.017578125 0.03125
1 0.61328125 0.5107421875 0.0263671875 0.0341796875
1 0.115234375 0.419921875 0.0263671875 0.029296875
1 0.365234375 0.4501953125 0.017578125 0.03125
0 0.4638671875 0.419921875 0.0439453125 0.041015625
1 0.1611328125 0.455078125 0.015625 0.0283203125
1 0.2236328125 0.4921875 0.025390625 0.037109375
1 0.224609375 0.41015625 0.017578125 0.029296875
1 0.279296875 0.45703125 0.017578125 0.029296875
1 0.896484375 0.541015625 0.033203125 0.0361328125
1 0.021484375 0.4833984375 0.021484375 0.0361328125
1 0.05859375 0.48046875 0.0234375 0.0361328125
1 0.4267578125 0.3974609375 0.015625 0.0205078125
1 0.25390625 0.4072265625 0.033203125 0.029296875
1 0.572265625 0.6826171875 0.037109375 0.0654296875
0 0.537109375 0.349609375 0.029296875 0.029296875
1 0.220703125 0.4462890625 0.0185546875 0.029296875
1 0.5908203125 0.5361328125 0.0498046875 0.0625
1 0.1337890625 0.412109375 0.0234375 0.033203125
1 0.873046875 0.861328125 0.060546875 0.056640625
1 0.111328125 0.4833984375 0.037109375 0.033203125
1 0.59375 0.7431640625 0.021484375 0.0390625
1 0.29296875 0.46484375 0.013671875 0.029296875
1 0.173828125 0.853515625 0.064453125 0.0673828125
1 0.638671875 0.4423828125 0.03125 0.0283203125
1 0.9248046875 0.6123046875 0.046875 0.046875
1 0.70703125 0.521484375 0.0263671875 0.037109375
0 0.3515625 0.3203125 0.03125 0.0185546875
1 0.6474609375 0.689453125 0.0361328125 0.048828125
1 0.224609375 0.462890625 0.146484375 0.1015625
1 0.9736328125 0.630859375 0.03125 0.0595703125
1 0.1875 0.359375 0.0126953125 0.025390625
1 0.5478515625 0.8037109375 0.0546875 0.0419921875
1 0.462890625 0.3642578125 0.017578125 0.0283203125
1 0.146484375 0.3984375 0.015625 0.0185546875
1 0.453125 0.4697265625 0.0283203125 0.0361328125
1 0.8984375 0.57421875 0.041015625 0.0390625
0 0.521484375 0.330078125 0.0263671875 0.021484375
1 0.890625 0.3857421875 0.015625 0.025390625
1 0.9541015625 0.5322265625 0.0205078125 0.017578125
1 0.107421875 0.720703125 0.048828125 0.068359375
1 0.537109375 0.380859375 0.0205078125 0.029296875
1 0.0771484375 0.337890625 0.0205078125 0.0185546875
1 0.81640625 0.53515625 0.0205078125 0.033203125
1 0.236328125 0.384765625 0.0185546875 0.0263671875
1 0.03125 0.578125 0.037109375 0.078125