0 0.6103515625 0.447265625 0.080078125 0.0625
1 0.18359375 0.5556640625 0.0234375 0.0419921875
0 0.5576171875 0.498046875 0.072265625 0.083984375
0 0.677734375 0.6669921875 0.1357421875 0.140625
0 0.333984375 0.7607421875 0.1123046875 0.1279296875
1 0.8115234375 0.734375 0.0517578125 0.0810546875
1 0.6064453125 0.48828125 0.021484375 0.0361328125
1 0.6708984375 0.5390625 0.0234375 0.037109375
1 0.2216796875 0.521484375 0.0185546875 0.033203125
1 0.6396484375 0.5400390625 0.0263671875 0.0419921875
1 0.7568359375 0.6064453125 0.044921875 0.0595703125
0 0.486328125 0.3525390625 0.0390625 0.0390625
1 0.724609375 0.6357421875 0.029296875 0.0625
1 0.8203125 0.5771484375 0.052734375 0.0546875
1 0.357421875 0.4267578125 0.0234375 0.0283203125
1 0.705078125 0.5146484375 0.0185546875 0.0263671875
1 0.1923828125 0.490234375 0.0185546875 0.0263671875
0 0.4638671875 0.484375 0.0625 0.0654296875
1 0.8505859375 0.6533203125 0.029296875 0.0498046875
1 0.5625 0.4375 0.015625 0.0283203125
1 0.7314453125 0.537109375 0.037109375 0.0419921875
1 0.8662109375 0.8642578125 0.0732421875 0.052734375
0 0.5126953125 0.599609375 0.099609375 0.1142578125
1 0.18359375 0.5205078125 0.0234375 0.0341796875
1 0.6591796875 0.5693359375 0.037109375 0.048828125
1 0.736328125 0.580078125 0.0263671875 0.037109375
1 0.2412109375 0.427734375 0.0234375 0.0283203125
1 0.435546875 0.466796875 0.015625 0.0361328125
1 0.1123046875 0.482421875 0.0341796875 0.0361328125
1 0.6083984375 0.5234375 0.017578125 0.0341796875
1 0.19921875 0.4091796875 0.0205078125 0.0341796875
0 0.7236328125 0.8251953125 0.1845703125 0.1279296875
1 0.138671875 0.427734375 0.0185546875 0.0283203125
1 0.5009765625 0.462890625 0.013671875 0.025390625
1 0.962890625 0.69921875 0.046875 0.076171875
1 0.3759765625 0.427734375 0.0205078125 0.0263671875
1 0.189453125 0.3583984375 0.025390625 0.033203125
1 0.900390625 0.662109375 0.0986328125 0.064453125
0 0.541015625 0.3447265625 0.0439453125 0.029296875
1 0.0625 0.478515625 0.0283203125 0.033203125
1 0.7880859375 0.556640625 0.0263671875 0.037109375
1 0.4521484375 0.376953125 0.0205078125 0.0341796875
0 0.912109375 0.595703125 0.142578125 0.1015625
1 0.48046875 0.439453125 0.0234375 0.0341796875
0 0.1044921875 0.3984375 0.068359375 0.037109375
0 0.232421875 0.34375 0.037109375 0.025390625
1 0.671875 0.4921875 0.0185546875 0.0283203125
1 0.1484375 0.45703125 0.0185546875 0.033203125
1 0.189453125 0.458984375 0.017578125 0.021484375
1 0.3779296875 0.4033203125 0.025390625 0.03125
1 0.845703125 0.5478515625 0.021484375 0.029296875
1 0.0244140625 0.5625 0.0234375 0.046875
1 0.150390625 0.4990234375 0.029296875 0.0361328125
1 0.4716796875 0.3994140625 0.025390625 0.0390625
0 0.51953125 0.32421875 0.0361328125 0.0263671875
1 0.5234375 0.5302734375 0.0283203125 0.0361328125
1 0.427734375 0.4169921875 0.021484375 0.03125
1 0.0244140625 0.4697265625 0.0263671875 0.0361328125
1 0.544921875 0.439453125 0.025390625 0.029296875
1 0.5947265625 0.404296875 0.017578125 0.0234375
1 0.642578125 0.4697265625 0.0107421875 0.017578125
0 0.353515625 0.3212890625 0.0341796875 0.0205078125
1 0.8623046875 0.55859375 0.015625 0.0205078125
1 0.578125 0.4560546875 0.0126953125 0.0283203125
0 0.3095703125 0.341796875 0.068359375 0.0673828125
0 0.232421875 0.390625 0.078125 0.0654296875
1 0.5498046875 0.3935546875 0.025390625 0.037109375
1 0.447265625 0.330078125 0.013671875 0.029296875
1 0.81640625 0.537109375 0.0234375 0.0361328125
1 0.1826171875 0.501953125 0.099609375 0.126953125