0 0.19140625 0.75 0.126953125 0.166015625
0 0.337890625 0.7275390625 0.099609375 0.1201171875
0 0.509765625 0.419921875 0.046875 0.0625
1 0.646484375 0.6005859375 0.0546875 0.0546875
1 0.6240234375 0.6435546875 0.0361328125 0.056640625
1 0.830078125 0.6435546875 0.076171875 0.0654296875
1 0.09375 0.607421875 0.0283203125 0.0419921875
1 0.697265625 0.728515625 0.044921875 0.060546875
0 0.5400390625 0.345703125 0.0390625 0.029296875
0 0.5927734375 0.720703125 0.142578125 0.1611328125
0 0.4912109375 0.3603515625 0.0390625 0.033203125
1 0.4873046875 0.505859375 0.037109375 0.0419921875
1 0.529296875 0.373046875 0.015625 0.021484375
1 0.322265625 0.451171875 0.033203125 0.0283203125
1 0.541015625 0.56640625 0.0546875 0.060546875
1 0.056640625 0.69921875 0.03125 0.076171875
1 0.7021484375 0.6279296875 0.0517578125 0.056640625
1 0.3994140625 0.841796875 0.0576171875 0.0703125
0 0.8330078125 0.572265625 0.181640625 0.0595703125
1 0.544921875 0.43359375 0.0205078125 0.0263671875
1 0.6767578125 0.513671875 0.037109375 0.0439453125
1 0.810546875 0.7919921875 0.041015625 0.052734375
1 0.5625 0.470703125 0.021484375 0.029296875
1 0.3076171875 0.853515625 0.037109375 0.0546875
1 0.427734375 0.6748046875 0.041015625 0.0625
1 0.6181640625 0.51171875 0.0361328125 0.0419921875
1 0.900390625 0.634765625 0.060546875 0.0517578125
0 0.5078125 0.3330078125 0.03125 0.0283203125
1 0.33984375 0.6015625 0.0546875 0.046875
1 0.603515625 0.48046875 0.017578125 0.029296875
1 0.5478515625 0.373046875 0.017578125 0.025390625
1 0.5302734375 0.451171875 0.013671875 0.021484375
1 0.4677734375 0.6064453125 0.044921875 0.0595703125
1 0.8955078125 0.375 0.021484375 0.03125
1 0.6396484375 0.4990234375 0.0205078125 0.0390625
1 0.078125 0.7548828125 0.0625 0.083984375
1 0.4248046875 0.4658203125 0.0283203125 0.03125
1 0.5634765625 0.44921875 0.017578125 0.0263671875
1 0.185546875 0.4140625 0.017578125 0.021484375
1 0.7578125 0.736328125 0.0439453125 0.0546875
1 0.4931640625 0.548828125 0.0517578125 0.0673828125
1 0.5859375 0.5615234375 0.0498046875 0.0576171875
1 0.955078125 0.619140625 0.0517578125 0.044921875
1 0.7744140625 0.4775390625 0.0361328125 0.029296875
1 0.251953125 0.4541015625 0.033203125 0.0263671875
1 0.677734375 0.5673828125 0.0283203125 0.03125
1 0.060546875 0.4794921875 0.021484375 0.0341796875
1 0.580078125 0.478515625 0.021484375 0.029296875
1 0.380859375 0.6064453125 0.0361328125 0.0654296875
1 0.9169921875 0.5087890625 0.0498046875 0.0390625
1 0.8408203125 0.4921875 0.03125 0.037109375
1 0.8076171875 0.8525390625 0.0810546875 0.0732421875
1 0.580078125 0.375 0.021484375 0.0283203125
1 0.884765625 0.5947265625 0.03125 0.0361328125
1 0.041015625 0.556640625 0.015625 0.0283203125
1 0.0224609375 0.560546875 0.0205078125 0.0419921875
1 0.5322265625 0.404296875 0.013671875 0.0234375
1 0.466796875 0.6728515625 0.0234375 0.064453125
1 0.107421875 0.486328125 0.029296875 0.03125
1 0.9638671875 0.529296875 0.0439453125 0.041015625
1 0.787109375 0.755859375 0.03125 0.0419921875
1 0.4560546875 0.365234375 0.025390625 0.029296875
1 0.53515625 0.509765625 0.029296875 0.0341796875
1 0.9697265625 0.560546875 0.029296875 0.0341796875
1 0.408203125 0.7802734375 0.041015625 0.044921875
1 0.5146484375 0.6337890625 0.0361328125 0.064453125
0 0.240234375 0.369140625 0.064453125 0.0361328125
1 0.7880859375 0.548828125 0.029296875 0.0234375
1 0.2568359375 0.3994140625 0.029296875 0.0263671875
1 0.9462890625 0.513671875 0.017578125 0.0234375
1 0.5908203125 0.4560546875 0.103515625 0.087890625
1 0.576171875 0.64453125 0.0732421875 0.0419921875
1 0.7998046875 0.595703125 0.025390625 0.0439453125
1 0.6005859375 0.4541015625 0.0205078125 0.0263671875
0 0.1962890625 0.876953125 0.080078125 0.0283203125
1 0.923828125 0.8603515625 0.0673828125 0.0546875
1 0.6416015625 0.453125 0.013671875 0.0185546875
1 0.5498046875 0.4130859375 0.0126953125 0.0263671875
1 0.8095703125 0.712890625 0.025390625 0.072265625
0 0.408203125 0.392578125 0.09375 0.056640625
1 0.0302734375 0.4765625 0.0390625 0.041015625