0 0.193359375 0.748046875 0.123046875 0.1591796875
0 0.51171875 0.423828125 0.0576171875 0.056640625
0 0.337890625 0.7265625 0.0986328125 0.119140625
0 0.537109375 0.3544921875 0.0439453125 0.046875
0 0.4912109375 0.359375 0.0390625 0.0341796875
1 0.0673828125 0.537109375 0.0283203125 0.0517578125
1 0.64453125 0.494140625 0.0205078125 0.0341796875
0 0.2822265625 0.458984375 0.091796875 0.0625
1 0.611328125 0.490234375 0.0361328125 0.046875
1 0.666015625 0.5595703125 0.0283203125 0.0498046875
0 0.5107421875 0.333984375 0.03125 0.029296875
1 0.5703125 0.4970703125 0.0283203125 0.046875
1 0.455078125 0.3701171875 0.0185546875 0.03125
1 0.4130859375 0.8037109375 0.044921875 0.0673828125
0 0.07421875 0.392578125 0.0546875 0.041015625
1 0.376953125 0.529296875 0.0576171875 0.0498046875
1 0.076171875 0.748046875 0.0576171875 0.0908203125
1 0.5126953125 0.4697265625 0.03125 0.048828125
1 0.5673828125 0.3779296875 0.03125 0.03125
1 0.115234375 0.4091796875 0.03125 0.03125
1 0.181640625 0.4306640625 0.0263671875 0.033203125
1 0.306640625 0.833984375 0.046875 0.0888671875
1 0.458984375 0.783203125 0.037109375 0.0595703125
1 0.5361328125 0.4736328125 0.025390625 0.0498046875
1 0.46875 0.447265625 0.025390625 0.0361328125
1 0.0693359375 0.478515625 0.0361328125 0.033203125
1 0.48828125 0.4736328125 0.0234375 0.046875
1 0.39453125 0.4697265625 0.033203125 0.0361328125
1 0.55078125 0.44140625 0.0205078125 0.029296875
1 0.166015625 0.365234375 0.013671875 0.017578125
1 0.4267578125 0.515625 0.0283203125 0.0341796875
1 0.4287109375 0.669921875 0.0419921875 0.0498046875
1 0.419921875 0.7431640625 0.046875 0.0576171875
1 0.5615234375 0.466796875 0.0205078125 0.0341796875
1 0.466796875 0.4208984375 0.015625 0.0234375
1 0.01953125 0.49609375 0.017578125 0.033203125
1 0.17578125 0.3310546875 0.0205078125 0.0185546875
1 0.02734375 0.5546875 0.033203125 0.0341796875
1 0.646484375 0.46484375 0.0185546875 0.0263671875
1 0.2060546875 0.3564453125 0.0126953125 0.015625
1 0.623046875 0.4482421875 0.017578125 0.021484375
0 0.1875 0.8759765625 0.125 0.029296875
1 0.025390625 0.3740234375 0.0126953125 0.017578125
1 0.373046875 0.388671875 0.033203125 0.029296875
1 0.150390625 0.408203125 0.0126953125 0.0283203125
1 0.3271484375 0.3544921875 0.0234375 0.0283203125
1 0.2470703125 0.353515625 0.0126953125 0.0234375
1 0.037109375 0.4716796875 0.044921875 0.041015625
1 0.052734375 0.69140625 0.037109375 0.0517578125
1 0.455078125 0.7177734375 0.0185546875 0.0234375
1 0.072265625 0.337890625 0.015625 0.0185546875
1 0.28515625 0.359375 0.0205078125 0.0283203125