0 0.19140625 0.748046875 0.126953125 0.1611328125
0 0.5107421875 0.419921875 0.0439453125 0.048828125
1 0.611328125 0.4951171875 0.0341796875 0.046875
0 0.3388671875 0.7275390625 0.0966796875 0.1171875
1 0.4111328125 0.8017578125 0.052734375 0.072265625
1 0.33203125 0.439453125 0.0234375 0.0283203125
1 0.306640625 0.833984375 0.046875 0.0888671875
1 0.541015625 0.4814453125 0.025390625 0.041015625
0 0.4892578125 0.3603515625 0.037109375 0.033203125
1 0.08203125 0.7607421875 0.048828125 0.072265625
1 0.1181640625 0.6650390625 0.0419921875 0.0576171875
1 0.5146484375 0.4794921875 0.033203125 0.046875
0 0.5361328125 0.353515625 0.037109375 0.0419921875
1 0.4990234375 0.537109375 0.0361328125 0.0498046875
1 0.548828125 0.4375 0.0185546875 0.03125
1 0.4716796875 0.462890625 0.025390625 0.037109375
1 0.4267578125 0.6787109375 0.046875 0.0546875
1 0.6435546875 0.4921875 0.021484375 0.0341796875
1 0.5595703125 0.4755859375 0.015625 0.029296875
1 0.45703125 0.7802734375 0.0361328125 0.064453125
1 0.564453125 0.4365234375 0.017578125 0.0234375
1 0.0771484375 0.4013671875 0.0205078125 0.025390625
1 0.439453125 0.4423828125 0.0185546875 0.03125
0 0.861328125 0.5625 0.177734375 0.072265625
0 0.509765625 0.3330078125 0.0283203125 0.0283203125
1 0.4228515625 0.740234375 0.0517578125 0.0595703125
1 0.0556640625 0.482421875 0.0205078125 0.033203125
1 0.3515625 0.3583984375 0.015625 0.0205078125
1 0.24609375 0.3583984375 0.017578125 0.017578125
1 0.4375 0.361328125 0.015625 0.0205078125
1 0.4658203125 0.423828125 0.0185546875 0.0283203125
1 0.03125 0.560546875 0.0341796875 0.0498046875
0 0.3720703125 0.486328125 0.103515625 0.0576171875
1 0.0654296875 0.505859375 0.0185546875 0.0361328125
1 0.583984375 0.4677734375 0.015625 0.029296875
1 0.1767578125 0.328125 0.015625 0.0185546875
1 0.5791015625 0.4072265625 0.013671875 0.0263671875
1 0.5673828125 0.376953125 0.015625 0.0205078125
1 0.6201171875 0.4638671875 0.015625 0.0283203125
1 0.025390625 0.8056640625 0.029296875 0.080078125
1 0.376953125 0.3515625 0.025390625 0.025390625
1 0.2060546875 0.357421875 0.015625 0.015625
1 0.330078125 0.3564453125 0.0205078125 0.025390625
1 0.166015625 0.36328125 0.015625 0.0205078125
0 0.193359375 0.8759765625 0.107421875 0.029296875
1 0.28515625 0.361328125 0.0263671875 0.025390625
1 0.646484375 0.466796875 0.017578125 0.025390625
1 0.0224609375 0.373046875 0.0205078125 0.021484375
1 0.4541015625 0.4599609375 0.0205078125 0.033203125
1 0.0771484375 0.55078125 0.029296875 0.0576171875
1 0.021484375 0.4951171875 0.0205078125 0.0283203125