0 0.193359375 0.748046875 0.126953125 0.1611328125
0 0.51171875 0.4208984375 0.0546875 0.048828125
0 0.525390625 0.5029296875 0.125 0.072265625
0 0.337890625 0.728515625 0.0966796875 0.1201171875
0 0.3173828125 0.4658203125 0.099609375 0.0654296875
1 0.125 0.5966796875 0.0341796875 0.046875
0 0.490234375 0.357421875 0.044921875 0.037109375
0 0.5400390625 0.349609375 0.0419921875 0.037109375
1 0.474609375 0.384765625 0.017578125 0.025390625
1 0.611328125 0.5888671875 0.076171875 0.0654296875
1 0.369140625 0.501953125 0.037109375 0.037109375
1 0.2705078125 0.5029296875 0.03125 0.0341796875
1 0.58984375 0.4921875 0.0263671875 0.0341796875
1 0.435546875 0.84375 0.0576171875 0.0908203125
1 0.224609375 0.421875 0.029296875 0.025390625
1 0.27734375 0.4375 0.0234375 0.0283203125
1 0.318359375 0.537109375 0.037109375 0.0341796875
1 0.4560546875 0.3759765625 0.021484375 0.029296875
1 0.0830078125 0.759765625 0.056640625 0.0673828125
1 0.169921875 0.4267578125 0.0234375 0.021484375
1 0.705078125 0.59765625 0.0390625 0.0390625
1 0.4541015625 0.7705078125 0.0390625 0.052734375
1 0.337890625 0.5068359375 0.03125 0.0361328125
1 0.310546875 0.845703125 0.044921875 0.0751953125
1 0.0732421875 0.513671875 0.0283203125 0.0283203125
1 0.2255859375 0.486328125 0.033203125 0.0361328125
1 0.1025390625 0.4150390625 0.0234375 0.0234375
1 0.5478515625 0.388671875 0.017578125 0.029296875
0 0.509765625 0.333984375 0.0341796875 0.029296875
1 0.5537109375 0.4541015625 0.029296875 0.0361328125
1 0.408203125 0.3818359375 0.0205078125 0.0263671875
1 0.498046875 0.455078125 0.0234375 0.033203125
1 0.134765625 0.412109375 0.0205078125 0.0205078125
1 0.427734375 0.6728515625 0.0439453125 0.0546875
1 0.5185546875 0.373046875 0.0185546875 0.021484375
1 0.583984375 0.46484375 0.0234375 0.029296875
0 0.232421875 0.3662109375 0.0595703125 0.033203125
1 0.4189453125 0.7431640625 0.041015625 0.060546875
1 0.712890625 0.5576171875 0.0361328125 0.0283203125
1 0.9248046875 0.576171875 0.046875 0.0595703125
1 0.150390625 0.419921875 0.0185546875 0.021484375
1 0.576171875 0.552734375 0.03125 0.037109375
1 0.28125 0.41796875 0.015625 0.0205078125
1 0.130859375 0.541015625 0.025390625 0.0283203125
1 0.1611328125 0.4541015625 0.015625 0.0205078125
1 0.12109375 0.3994140625 0.0205078125 0.0234375
1 0.474609375 0.525390625 0.021484375 0.044921875
1 0.6201171875 0.46484375 0.0185546875 0.029296875
1 0.8544921875 0.65625 0.037109375 0.041015625
1 0.041015625 0.5537109375 0.017578125 0.029296875
1 0.0234375 0.5625 0.021484375 0.046875
1 0.0595703125 0.4775390625 0.0185546875 0.033203125
1 0.5166015625 0.828125 0.0390625 0.068359375
1 0.0224609375 0.8095703125 0.0234375 0.068359375
1 0.494140625 0.5927734375 0.021484375 0.0419921875
1 0.609375 0.6513671875 0.0498046875 0.056640625
1 0.7783203125 0.560546875 0.068359375 0.044921875
1 0.6376953125 0.5439453125 0.0439453125 0.041015625
1 0.177734375 0.326171875 0.0234375 0.021484375
0 0.623046875 0.5029296875 0.0576171875 0.046875
1 0.1025390625 0.48828125 0.0390625 0.0361328125
1 0.9755859375 0.5380859375 0.0205078125 0.044921875
1 0.505859375 0.498046875 0.025390625 0.0234375
1 0.826171875 0.623046875 0.0673828125 0.052734375
1 0.0390625 0.470703125 0.0283203125 0.03125
0 0.18359375 0.8759765625 0.1171875 0.029296875
1 0.517578125 0.607421875 0.037109375 0.0703125
1 0.0224609375 0.373046875 0.017578125 0.0234375
0 0.1572265625 0.298828125 0.0361328125 0.0341796875