0 0.193359375 0.748046875 0.1220703125 0.162109375
0 0.337890625 0.7275390625 0.0986328125 0.1201171875
1 0.13671875 0.53515625 0.029296875 0.0576171875
1 0.2734375 0.48828125 0.0439453125 0.0390625
0 0.5390625 0.3486328125 0.041015625 0.0341796875
0 0.5107421875 0.41015625 0.0439453125 0.033203125
0 0.4912109375 0.3583984375 0.0390625 0.033203125
0 0.4384765625 0.482421875 0.1142578125 0.072265625
1 0.3115234375 0.8408203125 0.048828125 0.078125
1 0.416015625 0.822265625 0.044921875 0.0830078125
1 0.6162109375 0.578125 0.0419921875 0.0498046875
1 0.220703125 0.4755859375 0.0283203125 0.033203125
1 0.4580078125 0.7880859375 0.041015625 0.060546875
1 0.080078125 0.7509765625 0.0498046875 0.0830078125
1 0.1416015625 0.423828125 0.0205078125 0.0263671875
1 0.396484375 0.521484375 0.056640625 0.0498046875
1 0.46484375 0.3828125 0.017578125 0.025390625
1 0.0673828125 0.525390625 0.0283203125 0.0390625
1 0.3076171875 0.482421875 0.03125 0.033203125
1 0.431640625 0.669921875 0.0517578125 0.0654296875
1 0.8134765625 0.580078125 0.060546875 0.0498046875
1 0.4345703125 0.4013671875 0.015625 0.0283203125
1 0.177734375 0.458984375 0.025390625 0.033203125
1 0.2177734375 0.41796875 0.0263671875 0.0263671875
1 0.173828125 0.4140625 0.0263671875 0.021484375
1 0.728515625 0.611328125 0.0595703125 0.0517578125
0 0.509765625 0.3330078125 0.0341796875 0.0283203125
1 0.5830078125 0.3896484375 0.015625 0.0263671875
1 0.52734375 0.375 0.017578125 0.021484375
1 0.4228515625 0.7412109375 0.048828125 0.0576171875
1 0.5458984375 0.408203125 0.017578125 0.03125
0 0.2880859375 0.451171875 0.048828125 0.0498046875
1 0.4794921875 0.400390625 0.015625 0.025390625
1 0.6748046875 0.6796875 0.037109375 0.0498046875
1 0.630859375 0.50390625 0.033203125 0.0419921875
1 0.494140625 0.529296875 0.0361328125 0.0361328125
1 0.0419921875 0.748046875 0.0341796875 0.052734375
1 0.548828125 0.5341796875 0.0498046875 0.037109375
0 0.232421875 0.3642578125 0.0576171875 0.03125
1 0.5048828125 0.466796875 0.0283203125 0.0390625
1 0.65625 0.537109375 0.0498046875 0.041015625
1 0.458984375 0.71875 0.025390625 0.041015625
1 0.572265625 0.505859375 0.0283203125 0.033203125
1 0.494140625 0.5625 0.060546875 0.046875
1 0.4560546875 0.3642578125 0.021484375 0.0283203125
1 0.5498046875 0.619140625 0.046875 0.0751953125
1 0.548828125 0.3828125 0.013671875 0.0283203125
1 0.177734375 0.326171875 0.0234375 0.021484375
1 0.357421875 0.3271484375 0.025390625 0.0205078125
1 0.5595703125 0.46875 0.021484375 0.03125
1 0.6201171875 0.462890625 0.0185546875 0.0263671875
1 0.59375 0.466796875 0.015625 0.021484375
1 0.029296875 0.5869140625 0.03125 0.0859375
1 0.587890625 0.36328125 0.015625 0.0234375
1 0.5712890625 0.5693359375 0.0205078125 0.0419921875
1 0.970703125 0.5810546875 0.033203125 0.0341796875
1 0.6806640625 0.447265625 0.017578125 0.0205078125
1 0.392578125 0.4794921875 0.0234375 0.0283203125
1 0.5712890625 0.4892578125 0.154296875 0.1064453125
1 0.1953125 0.322265625 0.0185546875 0.0185546875
1 0.091796875 0.3994140625 0.0390625 0.033203125
1 0.638671875 0.4453125 0.048828125 0.0283203125
1 0.8896484375 0.3837890625 0.017578125 0.0263671875
1 0.0390625 0.470703125 0.0283203125 0.0283203125
1 0.5302734375 0.7470703125 0.0361328125 0.0810546875
0 0.1884765625 0.8759765625 0.1015625 0.029296875
1 0.3916015625 0.322265625 0.0205078125 0.0205078125
1 0.853515625 0.6591796875 0.041015625 0.037109375
0 0.15625 0.298828125 0.037109375 0.0361328125