0 0.3544921875 0.5458984375 0.068359375 0.0859375
1 0.064453125 0.7275390625 0.0361328125 0.0576171875
1 0.40234375 0.8154296875 0.0361328125 0.0625
1 0.6572265625 0.5595703125 0.0361328125 0.056640625
1 0.611328125 0.611328125 0.029296875 0.048828125
0 0.5205078125 0.6015625 0.1123046875 0.130859375
1 0.59375 0.525390625 0.03125 0.048828125
0 0.1279296875 0.416015625 0.0498046875 0.0390625
1 0.59765625 0.4794921875 0.0205078125 0.03125
1 0.716796875 0.6083984375 0.041015625 0.060546875
1 0.6884765625 0.748046875 0.080078125 0.103515625
1 0.291015625 0.7158203125 0.0419921875 0.078125
1 0.7236328125 0.6923828125 0.0498046875 0.0595703125
0 0.537109375 0.4755859375 0.060546875 0.076171875
1 0.791015625 0.5673828125 0.033203125 0.056640625
0 0.2021484375 0.544921875 0.0732421875 0.103515625
1 0.6337890625 0.541015625 0.0234375 0.0390625
1 0.8876953125 0.6533203125 0.072265625 0.0751953125
1 0.9423828125 0.685546875 0.083984375 0.0888671875
1 0.8427734375 0.603515625 0.0390625 0.0439453125
1 0.2353515625 0.6318359375 0.029296875 0.0517578125
1 0.3037109375 0.591796875 0.029296875 0.048828125
1 0.1376953125 0.6533203125 0.0283203125 0.0439453125
1 0.6875 0.529296875 0.037109375 0.037109375
0 0.3291015625 0.4716796875 0.060546875 0.0498046875
0 0.560546875 0.400390625 0.0439453125 0.064453125
1 0.4931640625 0.4130859375 0.029296875 0.0419921875
0 0.8759765625 0.7919921875 0.2080078125 0.1875
0 0.451171875 0.4560546875 0.046875 0.0595703125
0 0.044921875 0.37890625 0.044921875 0.0234375
1 0.609375 0.5576171875 0.0283203125 0.0439453125
1 0.1640625 0.669921875 0.03125 0.072265625
1 0.7041015625 0.552734375 0.0205078125 0.03125
1 0.5224609375 0.3916015625 0.029296875 0.033203125
0 0.6787109375 0.85546875 0.1513671875 0.064453125
1 0.732421875 0.5361328125 0.033203125 0.037109375
1 0.041015625 0.58984375 0.0283203125 0.064453125
0 0.1787109375 0.3642578125 0.033203125 0.03125
1 0.595703125 0.447265625 0.015625 0.0263671875
1 0.927734375 0.6123046875 0.0390625 0.041015625
1 0.060546875 0.48046875 0.0234375 0.0361328125
0 0.5029296875 0.3681640625 0.037109375 0.0390625
1 0.1484375 0.4677734375 0.015625 0.0234375
1 0.1279296875 0.6103515625 0.015625 0.029296875
1 0.89453125 0.587890625 0.044921875 0.056640625
0 0.3994140625 0.447265625 0.0234375 0.0419921875
0 0.5263671875 0.421875 0.0439453125 0.041015625
0 0.482421875 0.5107421875 0.056640625 0.0751953125
0 0.212890625 0.333984375 0.03125 0.025390625
1 0.84375 0.556640625 0.025390625 0.048828125
1 0.630859375 0.5087890625 0.0234375 0.0419921875
1 0.0244140625 0.5595703125 0.0234375 0.0439453125
1 0.6357421875 0.4404296875 0.037109375 0.03125
1 0.4501953125 0.3681640625 0.0126953125 0.0263671875
0 0.2294921875 0.4609375 0.046875 0.0283203125
1 0.7802734375 0.8115234375 0.017578125 0.0517578125
1 0.095703125 0.478515625 0.0419921875 0.041015625
1 0.861328125 0.5595703125 0.013671875 0.0185546875
1 0.4482421875 0.6796875 0.03125 0.083984375
1 0.5068359375 0.466796875 0.0205078125 0.0439453125
1 0.974609375 0.6337890625 0.0263671875 0.060546875
0 0.3369140625 0.3984375 0.0517578125 0.041015625
1 0.666015625 0.68359375 0.037109375 0.0673828125
1 0.66796875 0.5478515625 0.158203125 0.154296875
0 0.5234375 0.345703125 0.03125 0.025390625