0 0.326171875 0.80078125 0.1484375 0.1767578125
0 0.197265625 0.681640625 0.1015625 0.115234375
0 0.515625 0.5068359375 0.09375 0.0986328125
1 0.689453125 0.54296875 0.046875 0.060546875
0 0.2255859375 0.580078125 0.080078125 0.091796875
1 0.8623046875 0.5927734375 0.072265625 0.0732421875
0 0.31640625 0.650390625 0.091796875 0.109375
0 0.2412109375 0.517578125 0.064453125 0.0654296875
1 0.162109375 0.5009765625 0.021484375 0.0419921875
0 0.505859375 0.3466796875 0.0361328125 0.037109375
1 0.896484375 0.65625 0.0859375 0.087890625
1 0.123046875 0.5302734375 0.025390625 0.0390625
1 0.728515625 0.5361328125 0.0439453125 0.046875
1 0.033203125 0.5859375 0.044921875 0.0654296875
0 0.3212890625 0.546875 0.0703125 0.0810546875
1 0.587890625 0.404296875 0.013671875 0.0234375
1 0.7978515625 0.5830078125 0.0419921875 0.0625
0 0.4453125 0.41796875 0.052734375 0.0517578125
0 0.478515625 0.3603515625 0.0361328125 0.0361328125
1 0.140625 0.486328125 0.0185546875 0.0283203125
1 0.0703125 0.478515625 0.0439453125 0.0390625
1 0.1884765625 0.48828125 0.0234375 0.0517578125
1 0.9599609375 0.6962890625 0.0546875 0.0830078125
1 0.544921875 0.388671875 0.013671875 0.0234375
1 0.5771484375 0.677734375 0.0419921875 0.0830078125
1 0.5625 0.3916015625 0.021484375 0.033203125
0 0.408203125 0.390625 0.0498046875 0.03125
1 0.4775390625 0.3984375 0.017578125 0.0341796875
1 0.4453125 0.7509765625 0.0439453125 0.0986328125
1 0.1728515625 0.4638671875 0.0234375 0.0283203125
1 0.501953125 0.380859375 0.0185546875 0.0283203125
1 0.822265625 0.5419921875 0.037109375 0.0498046875
1 0.12890625 0.6357421875 0.0419921875 0.056640625
1 0.6064453125 0.833984375 0.052734375 0.0966796875
1 0.150390625 0.419921875 0.021484375 0.0263671875
1 0.8505859375 0.5498046875 0.0263671875 0.0498046875
1 0.1953125 0.423828125 0.0185546875 0.0234375
1 0.09375 0.7236328125 0.03125 0.0498046875
1 0.373046875 0.4794921875 0.041015625 0.052734375
1 0.6328125 0.44140625 0.046875 0.0361328125
1 0.912109375 0.537109375 0.068359375 0.0498046875
1 0.232421875 0.771484375 0.044921875 0.0830078125
0 0.5322265625 0.3291015625 0.0390625 0.029296875
1 0.2216796875 0.41015625 0.03125 0.033203125
1 0.146484375 0.45703125 0.0205078125 0.0205078125
1 0.5361328125 0.740234375 0.052734375 0.1171875
1 0.0947265625 0.6708984375 0.017578125 0.033203125
0 0.2587890625 0.4130859375 0.0390625 0.029296875
1 0.158203125 0.5751953125 0.0283203125 0.0498046875
1 0.9716796875 0.6318359375 0.0341796875 0.0673828125
1 0.9658203125 0.525390625 0.0439453125 0.0390625
1 0.177734375 0.4228515625 0.0205078125 0.0263671875
0 0.310546875 0.4365234375 0.0732421875 0.0888671875
1 0.349609375 0.4296875 0.0234375 0.037109375
1 0.107421875 0.4111328125 0.0205078125 0.025390625
1 0.1103515625 0.470703125 0.0576171875 0.052734375
1 0.126953125 0.427734375 0.0234375 0.021484375