0 0.19140625 0.7490234375 0.123046875 0.1611328125
0 0.509765625 0.42578125 0.048828125 0.0576171875
0 0.337890625 0.728515625 0.0986328125 0.119140625
0 0.1728515625 0.412109375 0.0732421875 0.0439453125
1 0.552734375 0.525390625 0.0439453125 0.0517578125
0 0.537109375 0.35546875 0.044921875 0.048828125
1 0.20703125 0.513671875 0.0263671875 0.0439453125
1 0.189453125 0.439453125 0.03125 0.033203125
0 0.892578125 0.560546875 0.1689453125 0.0732421875
1 0.123046875 0.572265625 0.029296875 0.052734375
0 0.490234375 0.361328125 0.041015625 0.037109375
1 0.1494140625 0.470703125 0.0234375 0.0341796875
1 0.294921875 0.435546875 0.029296875 0.0263671875
1 0.2587890625 0.4482421875 0.0263671875 0.0283203125
1 0.5419921875 0.4775390625 0.0283203125 0.0419921875
1 0.63671875 0.505859375 0.0234375 0.0439453125
1 0.236328125 0.455078125 0.0283203125 0.0341796875
0 0.5087890625 0.3349609375 0.033203125 0.033203125
0 0.080078125 0.388671875 0.056640625 0.0341796875
1 0.5087890625 0.53125 0.048828125 0.0498046875
1 0.564453125 0.435546875 0.015625 0.0263671875
1 0.3251953125 0.490234375 0.03125 0.037109375
1 0.4130859375 0.49609375 0.0234375 0.0361328125
1 0.0673828125 0.5380859375 0.025390625 0.0390625
1 0.3095703125 0.5302734375 0.041015625 0.048828125
1 0.5791015625 0.4892578125 0.029296875 0.037109375
1 0.416015625 0.79296875 0.0498046875 0.0859375
1 0.455078125 0.7841796875 0.0390625 0.056640625
1 0.076171875 0.7509765625 0.041015625 0.076171875
1 0.30859375 0.8369140625 0.048828125 0.0888671875
1 0.6455078125 0.578125 0.068359375 0.056640625
1 0.59375 0.4677734375 0.0185546875 0.029296875
1 0.5615234375 0.4677734375 0.0205078125 0.033203125
1 0.181640625 0.333984375 0.03125 0.0263671875
1 0.11328125 0.423828125 0.0205078125 0.033203125
1 0.4287109375 0.693359375 0.0517578125 0.0888671875
1 0.7802734375 0.7041015625 0.0576171875 0.076171875
1 0.6220703125 0.486328125 0.021484375 0.0263671875
1 0.1083984375 0.4853515625 0.0361328125 0.0361328125
1 0.25 0.328125 0.021484375 0.021484375
1 0.548828125 0.4423828125 0.017578125 0.025390625
1 0.9072265625 0.841796875 0.0859375 0.09375
1 0.2919921875 0.400390625 0.015625 0.0263671875
1 0.025390625 0.373046875 0.021484375 0.0234375
1 0.5869140625 0.361328125 0.0205078125 0.0205078125
1 0.5703125 0.482421875 0.1533203125 0.1123046875
1 0.033203125 0.4765625 0.046875 0.046875
1 0.46484375 0.431640625 0.013671875 0.029296875
1 0.205078125 0.359375 0.013671875 0.015625
1 0.4384765625 0.3603515625 0.0205078125 0.029296875
1 0.041015625 0.5576171875 0.0185546875 0.0341796875
1 0.0751953125 0.5654296875 0.1220703125 0.146484375
1 0.04296875 0.6884765625 0.0205078125 0.0234375
1 0.7001953125 0.603515625 0.021484375 0.0546875
1 0.845703125 0.666015625 0.0546875 0.048828125
0 0.2373046875 0.3681640625 0.0654296875 0.0419921875
1 0.5908203125 0.431640625 0.0126953125 0.021484375
0 0.1982421875 0.875 0.09375 0.0283203125
1 0.0634765625 0.3427734375 0.0234375 0.0205078125
1 0.234375 0.486328125 0.2158203125 0.134765625