0 0.193359375 0.748046875 0.1220703125 0.1591796875
1 0.583984375 0.810546875 0.0517578125 0.091796875
1 0.634765625 0.73828125 0.046875 0.076171875
0 0.3388671875 0.7275390625 0.099609375 0.1201171875
0 0.509765625 0.4267578125 0.048828125 0.0595703125
1 0.5478515625 0.7236328125 0.048828125 0.068359375
1 0.9072265625 0.8427734375 0.091796875 0.0888671875
1 0.587890625 0.5869140625 0.0390625 0.0517578125
1 0.787109375 0.7958984375 0.056640625 0.1201171875
1 0.841796875 0.6640625 0.1044921875 0.0908203125
0 0.927734375 0.572265625 0.1171875 0.076171875
0 0.5390625 0.34765625 0.041015625 0.033203125
1 0.5859375 0.548828125 0.0283203125 0.046875
1 0.556640625 0.435546875 0.015625 0.0263671875
1 0.4296875 0.6796875 0.037109375 0.0595703125
1 0.6328125 0.56640625 0.037109375 0.044921875
0 0.4912109375 0.359375 0.0419921875 0.0341796875
1 0.4853515625 0.51171875 0.0361328125 0.044921875
1 0.3056640625 0.8564453125 0.0361328125 0.0625
1 0.576171875 0.4462890625 0.0263671875 0.0419921875
1 0.73046875 0.708984375 0.0390625 0.0654296875
1 0.080078125 0.748046875 0.0546875 0.095703125
1 0.65625 0.8291015625 0.052734375 0.107421875
1 0.736328125 0.587890625 0.0546875 0.0498046875
1 0.634765625 0.4912109375 0.0205078125 0.029296875
1 0.7138671875 0.6328125 0.041015625 0.056640625
1 0.6904296875 0.7431640625 0.052734375 0.048828125
1 0.529296875 0.3720703125 0.021484375 0.025390625
1 0.3232421875 0.5947265625 0.056640625 0.0419921875
1 0.96875 0.62890625 0.0341796875 0.0546875
1 0.412109375 0.537109375 0.0283203125 0.048828125
1 0.818359375 0.5625 0.041015625 0.0498046875
1 0.716796875 0.4677734375 0.037109375 0.029296875
1 0.548828125 0.603515625 0.0263671875 0.041015625
1 0.548828125 0.3720703125 0.015625 0.025390625
1 0.5537109375 0.548828125 0.0361328125 0.0498046875
1 0.107421875 0.560546875 0.0263671875 0.0419921875
1 0.8583984375 0.5361328125 0.0205078125 0.0283203125
1 0.6123046875 0.470703125 0.025390625 0.03125
1 0.6708984375 0.462890625 0.029296875 0.033203125
1 0.451171875 0.373046875 0.017578125 0.0283203125
1 0.689453125 0.6630859375 0.0361328125 0.0576171875
1 0.03125 0.8271484375 0.0439453125 0.0673828125
1 0.2822265625 0.5986328125 0.0263671875 0.068359375
1 0.4287109375 0.4658203125 0.0263671875 0.03125
1 0.236328125 0.6171875 0.0234375 0.072265625
1 0.6279296875 0.6259765625 0.0283203125 0.0361328125
1 0.033203125 0.771484375 0.0341796875 0.0517578125
1 0.8798828125 0.607421875 0.03125 0.0419921875
1 0.728515625 0.544921875 0.0625 0.048828125
1 0.525390625 0.529296875 0.0234375 0.0341796875
1 0.9072265625 0.66796875 0.0517578125 0.060546875
1 0.630859375 0.517578125 0.029296875 0.0390625
0 0.509765625 0.3359375 0.029296875 0.03125
1 0.5771484375 0.376953125 0.017578125 0.0283203125
1 0.6572265625 0.5341796875 0.033203125 0.0439453125
1 0.0615234375 0.478515625 0.0263671875 0.0390625
1 0.8916015625 0.384765625 0.017578125 0.0283203125
1 0.029296875 0.564453125 0.0341796875 0.056640625
1 0.462890625 0.7177734375 0.037109375 0.111328125
0 0.453125 0.5048828125 0.037109375 0.0498046875
1 0.298828125 0.431640625 0.0185546875 0.033203125
0 0.353515625 0.322265625 0.0341796875 0.0185546875
1 0.0322265625 0.720703125 0.0234375 0.0517578125
1 0.705078125 0.7294921875 0.2236328125 0.3095703125
1 0.63671875 0.6630859375 0.0419921875 0.064453125
1 0.833984375 0.7216796875 0.029296875 0.0810546875
1 0.4716796875 0.478515625 0.021484375 0.03125
1 0.794921875 0.4873046875 0.0263671875 0.0283203125
1 0.681640625 0.57421875 0.068359375 0.048828125
1 0.5810546875 0.49609375 0.0654296875 0.0517578125
1 0.501953125 0.61328125 0.03125 0.0390625
1 0.7783203125 0.5712890625 0.025390625 0.0361328125
1 0.544921875 0.3994140625 0.013671875 0.0263671875
0 0.9326171875 0.513671875 0.103515625 0.060546875
1 0.5234375 0.3994140625 0.0126953125 0.033203125
1 0.103515625 0.4833984375 0.029296875 0.029296875
0 0.306640625 0.3720703125 0.056640625 0.046875
1 0.0244140625 0.373046875 0.0107421875 0.021484375