0 0.3212890625 0.798828125 0.1484375 0.1767578125
1 0.603515625 0.5322265625 0.03125 0.0419921875
1 0.6474609375 0.5517578125 0.029296875 0.052734375
0 0.1318359375 0.560546875 0.0703125 0.0810546875
1 0.5537109375 0.509765625 0.0234375 0.0419921875
0 0.205078125 0.6748046875 0.099609375 0.115234375
1 0.3759765625 0.4970703125 0.0234375 0.037109375
0 0.6494140625 0.697265625 0.1484375 0.1767578125
0 0.240234375 0.509765625 0.0625 0.0732421875
0 0.224609375 0.576171875 0.078125 0.0888671875
1 0.10546875 0.7060546875 0.033203125 0.056640625
1 0.501953125 0.56640625 0.03125 0.0517578125
0 0.318359375 0.5322265625 0.0654296875 0.0732421875
0 0.3154296875 0.6484375 0.0908203125 0.109375
1 0.1396484375 0.646484375 0.033203125 0.044921875
1 0.087890625 0.63671875 0.033203125 0.044921875
1 0.5361328125 0.5625 0.0283203125 0.0498046875
1 0.8193359375 0.5810546875 0.0830078125 0.0810546875
1 0.5732421875 0.5625 0.025390625 0.0498046875
1 0.5791015625 0.494140625 0.017578125 0.0341796875
1 0.896484375 0.654296875 0.078125 0.0751953125
1 0.6943359375 0.5458984375 0.0419921875 0.0576171875
0 0.521484375 0.4189453125 0.0517578125 0.0654296875
1 0.4970703125 0.4775390625 0.015625 0.0361328125
1 0.5439453125 0.4638671875 0.021484375 0.0341796875
1 0.7314453125 0.54296875 0.041015625 0.048828125
0 0.3203125 0.4716796875 0.0625 0.056640625
1 0.154296875 0.4443359375 0.025390625 0.0263671875
1 0.1552734375 0.7255859375 0.0361328125 0.0419921875
1 0.9033203125 0.5390625 0.046875 0.0439453125
1 0.6201171875 0.4931640625 0.0185546875 0.0390625
1 0.0341796875 0.59375 0.0439453125 0.0908203125
1 0.9609375 0.69921875 0.052734375 0.0732421875
1 0.689453125 0.638671875 0.037109375 0.068359375
1 0.4560546875 0.423828125 0.0185546875 0.0361328125
1 0.6005859375 0.49609375 0.0234375 0.0390625
1 0.0771484375 0.75 0.060546875 0.0908203125
1 0.099609375 0.4140625 0.0205078125 0.021484375
1 0.404296875 0.572265625 0.025390625 0.044921875
1 0.94140625 0.529296875 0.029296875 0.033203125
1 0.150390625 0.384765625 0.0126953125 0.0234375
1 0.46875 0.4814453125 0.0185546875 0.0283203125
1 0.1884765625 0.498046875 0.0234375 0.03125
1 0.0712890625 0.4814453125 0.048828125 0.041015625
1 0.4765625 0.5068359375 0.025390625 0.0419921875
1 0.2470703125 0.41015625 0.0341796875 0.029296875
1 0.1767578125 0.43359375 0.021484375 0.0263671875
0 0.51171875 0.3408203125 0.080078125 0.0498046875
1 0.9306640625 0.6142578125 0.044921875 0.0439453125
1 0.1728515625 0.3955078125 0.017578125 0.021484375
0 0.302734375 0.412109375 0.0654296875 0.072265625
1 0.1416015625 0.611328125 0.033203125 0.041015625
1 0.8984375 0.5888671875 0.037109375 0.056640625
1 0.421875 0.423828125 0.025390625 0.0361328125
1 0.033203125 0.490234375 0.0439453125 0.044921875
1 0.1083984375 0.484375 0.0361328125 0.0341796875
1 0.041015625 0.556640625 0.015625 0.0234375
1 0.9716796875 0.6318359375 0.03125 0.060546875
1 0.5732421875 0.5341796875 0.1748046875 0.119140625
1 0.185546875 0.3857421875 0.0185546875 0.021484375
1 0.5693359375 0.4267578125 0.080078125 0.1435546875
1 0.0244140625 0.373046875 0.013671875 0.021484375
1 0.4560546875 0.357421875 0.0185546875 0.0283203125
1 0.4833984375 0.4150390625 0.0263671875 0.0390625
1 0.8203125 0.5361328125 0.021484375 0.037109375
1 0.265625 0.396484375 0.0185546875 0.025390625