0 0.53125 0.6103515625 0.103515625 0.126953125
0 0.33203125 0.7783203125 0.138671875 0.181640625
0 0.1796875 0.740234375 0.1220703125 0.158203125
1 0.2763671875 0.53515625 0.0283203125 0.0419921875
1 0.6318359375 0.53515625 0.029296875 0.044921875
1 0.6728515625 0.5908203125 0.0390625 0.052734375
1 0.798828125 0.765625 0.0546875 0.099609375
1 0.4306640625 0.552734375 0.0234375 0.046875
0 0.564453125 0.4228515625 0.044921875 0.0517578125
1 0.5908203125 0.55078125 0.0341796875 0.048828125
0 0.505859375 0.3486328125 0.041015625 0.0439453125
1 0.884765625 0.7958984375 0.068359375 0.0830078125
1 0.8193359375 0.580078125 0.076171875 0.076171875
0 0.3330078125 0.47265625 0.056640625 0.0576171875
1 0.8896484375 0.646484375 0.0830078125 0.087890625
1 0.375 0.490234375 0.021484375 0.048828125
1 0.4111328125 0.474609375 0.021484375 0.0361328125
0 0.5380859375 0.458984375 0.0517578125 0.0595703125
0 0.642578125 0.787109375 0.169921875 0.201171875
1 0.341796875 0.58203125 0.0341796875 0.0419921875
1 0.142578125 0.5322265625 0.021484375 0.0419921875
1 0.1533203125 0.572265625 0.025390625 0.0390625
1 0.76953125 0.6484375 0.044921875 0.078125
1 0.953125 0.669921875 0.0625 0.087890625
1 0.201171875 0.52734375 0.0205078125 0.0419921875
1 0.162109375 0.5126953125 0.021484375 0.0283203125
1 0.728515625 0.755859375 0.0576171875 0.0966796875
1 0.697265625 0.552734375 0.03125 0.0361328125
1 0.7314453125 0.53515625 0.0341796875 0.0390625
1 0.263671875 0.470703125 0.021484375 0.0283203125
1 0.150390625 0.630859375 0.029296875 0.0498046875
0 0.185546875 0.4658203125 0.0595703125 0.046875
1 0.21875 0.494140625 0.025390625 0.0341796875
1 0.158203125 0.4814453125 0.017578125 0.021484375
0 0.5537109375 0.3896484375 0.0390625 0.0361328125
0 0.2314453125 0.3388671875 0.037109375 0.0283203125
1 0.0966796875 0.7275390625 0.0341796875 0.048828125
1 0.478515625 0.5380859375 0.037109375 0.0390625
1 0.5703125 0.7548828125 0.0341796875 0.087890625
1 0.5166015625 0.41796875 0.017578125 0.033203125
1 0.4990234375 0.4482421875 0.0361328125 0.056640625
0 0.0791015625 0.46875 0.0830078125 0.0595703125
1 0.927734375 0.611328125 0.0439453125 0.041015625
1 0.634765625 0.8671875 0.037109375 0.041015625
0 0.5458984375 0.353515625 0.0361328125 0.03125
1 0.619140625 0.486328125 0.0185546875 0.037109375
1 0.595703125 0.515625 0.013671875 0.0283203125
0 0.4580078125 0.4716796875 0.041015625 0.046875
1 0.431640625 0.833984375 0.0390625 0.103515625
0 0.119140625 0.419921875 0.0439453125 0.0390625
1 0.7890625 0.5517578125 0.025390625 0.0283203125
1 0.4443359375 0.5205078125 0.013671875 0.025390625
1 0.181640625 0.529296875 0.1015625 0.111328125
0 0.1845703125 0.43359375 0.056640625 0.029296875
1 0.8974609375 0.578125 0.044921875 0.0439453125
1 0.7099609375 0.525390625 0.0205078125 0.03125
1 0.451171875 0.669921875 0.03125 0.0751953125
1 0.4462890625 0.44140625 0.0263671875 0.0361328125
1 0.03125 0.5751953125 0.041015625 0.0810546875
0 0.3203125 0.400390625 0.0810546875 0.0390625
1 0.158203125 0.3642578125 0.017578125 0.0185546875
1 0.0283203125 0.8642578125 0.037109375 0.052734375
1 0.904296875 0.544921875 0.017578125 0.025390625
1 0.82421875 0.5361328125 0.0234375 0.041015625
1 0.4482421875 0.373046875 0.021484375 0.0341796875
0 0.1376953125 0.3505859375 0.03125 0.029296875
1 0.2255859375 0.8564453125 0.080078125 0.0625
1 0.490234375 0.5146484375 0.021484375 0.0263671875