0 0.556640625 0.46875 0.072265625 0.0810546875
0 0.611328125 0.7314453125 0.154296875 0.171875
0 0.1982421875 0.609375 0.09375 0.1064453125
0 0.349609375 0.6083984375 0.080078125 0.095703125
1 0.685546875 0.548828125 0.046875 0.0546875
0 0.611328125 0.5712890625 0.1171875 0.123046875
1 0.107421875 0.6806640625 0.033203125 0.0546875
1 0.7373046875 0.63671875 0.0439453125 0.0576171875
1 0.810546875 0.802734375 0.0576171875 0.0859375
1 0.177734375 0.5283203125 0.0234375 0.041015625
1 0.8203125 0.580078125 0.083984375 0.087890625
1 0.423828125 0.51953125 0.025390625 0.0390625
1 0.7265625 0.5380859375 0.046875 0.044921875
1 0.958984375 0.6669921875 0.0546875 0.078125
1 0.8955078125 0.6552734375 0.078125 0.080078125
0 0.51953125 0.3359375 0.0361328125 0.0283203125
1 0.4521484375 0.4990234375 0.0234375 0.0419921875
1 0.521484375 0.6337890625 0.0341796875 0.0576171875
1 0.158203125 0.4853515625 0.025390625 0.0419921875
1 0.134765625 0.5693359375 0.0234375 0.0361328125
1 0.1669921875 0.693359375 0.037109375 0.0576171875
1 0.5146484375 0.4453125 0.017578125 0.0283203125
1 0.5859375 0.412109375 0.0283203125 0.0439453125
1 0.255859375 0.474609375 0.0205078125 0.029296875
1 0.6640625 0.603515625 0.0283203125 0.052734375
0 0.1552734375 0.4150390625 0.0576171875 0.0419921875
1 0.4287109375 0.70703125 0.029296875 0.048828125
1 0.8525390625 0.65234375 0.029296875 0.048828125
1 0.248046875 0.6943359375 0.03125 0.044921875
0 0.5419921875 0.3740234375 0.0341796875 0.0234375
1 0.060546875 0.4794921875 0.0263671875 0.037109375
0 0.2919921875 0.4306640625 0.134765625 0.080078125
1 0.927734375 0.609375 0.044921875 0.037109375
1 0.298828125 0.6982421875 0.021484375 0.037109375
1 0.96875 0.861328125 0.0341796875 0.0576171875
1 0.287109375 0.470703125 0.0205078125 0.037109375
1 0.896484375 0.5771484375 0.0439453125 0.048828125
1 0.0263671875 0.576171875 0.03125 0.0732421875
1 0.439453125 0.365234375 0.015625 0.0234375
0 0.4990234375 0.36328125 0.033203125 0.0263671875
0 0.953125 0.57421875 0.068359375 0.0546875
1 0.5771484375 0.4609375 0.0205078125 0.0283203125
1 0.533203125 0.4111328125 0.0205078125 0.041015625
1 0.1943359375 0.4697265625 0.017578125 0.033203125
1 0.1044921875 0.484375 0.0283203125 0.03125
1 0.095703125 0.763671875 0.021484375 0.044921875
1 0.6396484375 0.44140625 0.0419921875 0.033203125
1 0.5029296875 0.4130859375 0.046875 0.0546875
1 0.033203125 0.8251953125 0.037109375 0.078125