0 0.193359375 0.7451171875 0.125 0.1591796875
0 0.5126953125 0.4228515625 0.056640625 0.0517578125
0 0.33984375 0.7275390625 0.1015625 0.1201171875
0 0.3974609375 0.4931640625 0.1142578125 0.0732421875
1 0.544921875 0.474609375 0.0361328125 0.0419921875
0 0.6337890625 0.5244140625 0.1484375 0.064453125
1 0.3076171875 0.8349609375 0.046875 0.095703125
1 0.1669921875 0.486328125 0.0283203125 0.0419921875
1 0.111328125 0.4873046875 0.03125 0.041015625
1 0.416015625 0.529296875 0.0341796875 0.0390625
0 0.5400390625 0.345703125 0.0390625 0.0263671875
1 0.3046875 0.515625 0.0439453125 0.046875
1 0.103515625 0.5869140625 0.033203125 0.048828125
1 0.490234375 0.458984375 0.0234375 0.0361328125
1 0.529296875 0.373046875 0.0185546875 0.0234375
0 0.5087890625 0.333984375 0.033203125 0.0283203125
1 0.197265625 0.412109375 0.021484375 0.037109375
1 0.455078125 0.7353515625 0.041015625 0.060546875
1 0.4921875 0.5400390625 0.0283203125 0.0361328125
1 0.673828125 0.583984375 0.0966796875 0.064453125
1 0.2236328125 0.453125 0.025390625 0.0341796875
1 0.08203125 0.7431640625 0.060546875 0.111328125
1 0.634765625 0.4755859375 0.0234375 0.029296875
0 0.4912109375 0.361328125 0.0390625 0.033203125
1 0.431640625 0.658203125 0.046875 0.0703125
1 0.158203125 0.4609375 0.0205078125 0.021484375
1 0.875 0.552734375 0.0439453125 0.0361328125
1 0.5244140625 0.623046875 0.0576171875 0.052734375
1 0.357421875 0.5400390625 0.0439453125 0.048828125
1 0.341796875 0.4912109375 0.0185546875 0.033203125
1 0.55078125 0.3935546875 0.013671875 0.025390625
1 0.8046875 0.6220703125 0.046875 0.041015625
1 0.7490234375 0.568359375 0.0546875 0.0439453125
1 0.931640625 0.6328125 0.0654296875 0.0439453125
1 0.3134765625 0.44921875 0.0361328125 0.0263671875
1 0.37890625 0.36328125 0.017578125 0.0205078125
1 0.1103515625 0.412109375 0.0234375 0.025390625
1 0.0595703125 0.4794921875 0.021484375 0.0341796875
1 0.8017578125 0.5625 0.0625 0.046875
1 0.458984375 0.3623046875 0.033203125 0.0341796875
1 0.5810546875 0.4833984375 0.021484375 0.029296875
1 0.7158203125 0.52734375 0.0283203125 0.033203125
1 0.4189453125 0.7470703125 0.041015625 0.052734375
1 0.6123046875 0.587890625 0.052734375 0.0498046875
1 0.146484375 0.4287109375 0.017578125 0.0205078125
1 0.041015625 0.5595703125 0.017578125 0.03125
1 0.908203125 0.517578125 0.025390625 0.025390625
1 0.9326171875 0.5732421875 0.046875 0.037109375
1 0.646484375 0.548828125 0.03125 0.029296875
1 0.5927734375 0.466796875 0.017578125 0.0283203125
1 0.56640625 0.6259765625 0.0419921875 0.0517578125
0 0.23828125 0.384765625 0.0673828125 0.041015625
1 0.177734375 0.3251953125 0.025390625 0.021484375
1 0.560546875 0.3671875 0.013671875 0.0283203125
1 0.748046875 0.53125 0.048828125 0.03125
1 0.548828125 0.6728515625 0.021484375 0.0419921875
1 0.0234375 0.5595703125 0.021484375 0.0439453125
1 0.0390625 0.4716796875 0.0283203125 0.0341796875
1 0.962890625 0.5185546875 0.037109375 0.0341796875
1 0.3720703125 0.45703125 0.015625 0.013671875
1 0.4306640625 0.5625 0.0517578125 0.046875
1 0.7333984375 0.5029296875 0.0234375 0.037109375
1 0.572265625 0.541015625 0.025390625 0.0341796875
1 0.484375 0.509765625 0.0185546875 0.033203125
1 0.5537109375 0.4404296875 0.017578125 0.025390625
1 0.314453125 0.4921875 0.017578125 0.021484375
0 0.34375 0.3173828125 0.025390625 0.025390625
1 0.22265625 0.34375 0.0107421875 0.021484375
1 0.576171875 0.3740234375 0.013671875 0.029296875
1 0.6767578125 0.765625 0.025390625 0.0439453125
1 0.14453125 0.470703125 0.1796875 0.0810546875
1 0.634765625 0.5283203125 0.025390625 0.0283203125
1 0.080078125 0.404296875 0.03125 0.0234375
1 0.47265625 0.865234375 0.048828125 0.046875
1 0.1962890625 0.322265625 0.0205078125 0.0185546875
1 0.3828125 0.32421875 0.0185546875 0.0205078125
1 0.0703125 0.6611328125 0.037109375 0.056640625
0 0.193359375 0.8759765625 0.087890625 0.029296875
1 0.330078125 0.357421875 0.0126953125 0.021484375