0 0.193359375 0.748046875 0.1220703125 0.166015625
0 0.51171875 0.423828125 0.0546875 0.0576171875
0 0.3388671875 0.748046875 0.099609375 0.158203125
1 0.806640625 0.6318359375 0.048828125 0.060546875
1 0.513671875 0.4970703125 0.0576171875 0.0498046875
0 0.4892578125 0.361328125 0.037109375 0.0341796875
0 0.5400390625 0.3447265625 0.0390625 0.0263671875
0 0.8232421875 0.5498046875 0.162109375 0.072265625
1 0.6748046875 0.7109375 0.0498046875 0.078125
1 0.37890625 0.505859375 0.0419921875 0.041015625
1 0.337890625 0.4853515625 0.037109375 0.0390625
1 0.5380859375 0.3701171875 0.0390625 0.0283203125
1 0.896484375 0.6279296875 0.056640625 0.072265625
1 0.3037109375 0.4677734375 0.033203125 0.029296875
0 0.509765625 0.333984375 0.029296875 0.029296875
1 0.15625 0.49609375 0.025390625 0.0419921875
1 0.5146484375 0.572265625 0.048828125 0.048828125
1 0.548828125 0.46484375 0.029296875 0.0419921875
1 0.458984375 0.79296875 0.041015625 0.060546875
1 0.3720703125 0.4755859375 0.0283203125 0.033203125
1 0.611328125 0.8408203125 0.046875 0.068359375
1 0.080078125 0.7490234375 0.0498046875 0.095703125
1 0.494140625 0.607421875 0.0361328125 0.0390625
1 0.625 0.4814453125 0.03125 0.0341796875
1 0.63671875 0.5390625 0.0517578125 0.0498046875
1 0.2626953125 0.408203125 0.021484375 0.0283203125
1 0.1376953125 0.4189453125 0.0185546875 0.025390625
1 0.259765625 0.4423828125 0.0283203125 0.025390625
1 0.638671875 0.73828125 0.046875 0.0673828125
1 0.2275390625 0.3935546875 0.017578125 0.021484375
1 0.1171875 0.6103515625 0.03125 0.044921875
1 0.1337890625 0.5478515625 0.0263671875 0.0732421875
1 0.30859375 0.849609375 0.0419921875 0.060546875
1 0.666015625 0.611328125 0.046875 0.0439453125
1 0.955078125 0.6083984375 0.060546875 0.064453125
1 0.724609375 0.8369140625 0.0390625 0.044921875
1 0.8173828125 0.830078125 0.0341796875 0.044921875
1 0.705078125 0.583984375 0.0341796875 0.041015625
1 0.75390625 0.5986328125 0.0703125 0.0595703125
1 0.6005859375 0.6025390625 0.060546875 0.0517578125
1 0.4208984375 0.744140625 0.044921875 0.052734375
0 0.3271484375 0.396484375 0.0703125 0.0390625
1 0.5869140625 0.4521484375 0.0205078125 0.029296875
1 0.17578125 0.3251953125 0.0205078125 0.021484375
1 0.431640625 0.6513671875 0.044921875 0.056640625
1 0.197265625 0.7998046875 0.029296875 0.0341796875
1 0.0595703125 0.4794921875 0.021484375 0.0341796875
1 0.029296875 0.560546875 0.0341796875 0.048828125
1 0.158203125 0.462890625 0.0185546875 0.0234375
1 0.029296875 0.748046875 0.037109375 0.064453125
1 0.453125 0.361328125 0.0185546875 0.021484375
0 0.908203125 0.5029296875 0.0654296875 0.052734375
1 0.03125 0.6162109375 0.0341796875 0.0703125
1 0.640625 0.578125 0.0283203125 0.03125
1 0.033203125 0.4765625 0.046875 0.0439453125
1 0.41796875 0.611328125 0.0234375 0.044921875
1 0.11328125 0.4853515625 0.0419921875 0.0361328125
1 0.7763671875 0.7841796875 0.078125 0.0966796875
1 0.5966796875 0.666015625 0.052734375 0.076171875
1 0.1259765625 0.451171875 0.033203125 0.025390625
0 0.2001953125 0.875 0.1064453125 0.0283203125
1 0.357421875 0.4521484375 0.0185546875 0.033203125
1 0.892578125 0.3828125 0.017578125 0.03125
0 0.240234375 0.37890625 0.0654296875 0.0263671875
1 0.3876953125 0.59765625 0.025390625 0.064453125
1 0.630859375 0.4404296875 0.017578125 0.03125
0 0.3525390625 0.3203125 0.033203125 0.0185546875
1 0.79296875 0.5771484375 0.0205078125 0.0419921875
1 0.751953125 0.7041015625 0.0263671875 0.064453125
1 0.681640625 0.7392578125 0.2939453125 0.2841796875
1 0.7041015625 0.552734375 0.029296875 0.033203125
1 0.330078125 0.3583984375 0.0126953125 0.0205078125
1 0.9580078125 0.5166015625 0.015625 0.0263671875
1 0.451171875 0.42578125 0.013671875 0.033203125
1 0.1943359375 0.322265625 0.0205078125 0.0185546875
1 0.55078125 0.427734375 0.013671875 0.021484375
0 0.0673828125 0.322265625 0.0341796875 0.0234375