0 0.1923828125 0.751953125 0.125 0.1669921875
0 0.5107421875 0.408203125 0.046875 0.0517578125
0 0.7783203125 0.759765625 0.1904296875 0.216796875
0 0.5673828125 0.6318359375 0.1123046875 0.126953125
0 0.3388671875 0.724609375 0.099609375 0.115234375
0 0.48828125 0.361328125 0.0361328125 0.03125
1 0.587890625 0.44140625 0.0185546875 0.0263671875
1 0.2607421875 0.447265625 0.021484375 0.029296875
0 0.9375 0.517578125 0.09375 0.068359375
1 0.703125 0.591796875 0.056640625 0.0625
1 0.412109375 0.455078125 0.0234375 0.0390625
0 0.509765625 0.3330078125 0.03125 0.0283203125
1 0.75390625 0.5966796875 0.064453125 0.0654296875
1 0.4130859375 0.783203125 0.0419921875 0.107421875
1 0.4306640625 0.5048828125 0.029296875 0.052734375
1 0.6201171875 0.453125 0.03125 0.0341796875
1 0.533203125 0.515625 0.033203125 0.0439453125
1 0.6591796875 0.53515625 0.03125 0.0546875
1 0.55859375 0.427734375 0.017578125 0.0263671875
1 0.861328125 0.6611328125 0.0966796875 0.0751953125
0 0.4990234375 0.541015625 0.0673828125 0.09375
1 0.451171875 0.373046875 0.015625 0.0263671875
1 0.0224609375 0.474609375 0.0234375 0.037109375
1 0.615234375 0.501953125 0.0517578125 0.060546875
1 0.587890625 0.4111328125 0.0283203125 0.0341796875
1 0.7353515625 0.53515625 0.0361328125 0.0361328125
1 0.8955078125 0.771484375 0.0654296875 0.171875
1 0.8115234375 0.546875 0.048828125 0.0439453125
1 0.4931640625 0.462890625 0.013671875 0.025390625
1 0.802734375 0.583984375 0.0390625 0.0498046875
1 0.568359375 0.525390625 0.033203125 0.0498046875
1 0.5087890625 0.474609375 0.017578125 0.029296875
1 0.9521484375 0.6396484375 0.064453125 0.080078125
1 0.4658203125 0.423828125 0.0185546875 0.0263671875
0 0.5400390625 0.341796875 0.0263671875 0.0234375
1 0.3466796875 0.443359375 0.025390625 0.037109375
1 0.537109375 0.482421875 0.0185546875 0.025390625
1 0.529296875 0.4423828125 0.015625 0.03125
1 0.0791015625 0.7451171875 0.0576171875 0.0810546875
1 0.525390625 0.369140625 0.0126953125 0.021484375
1 0.396484375 0.48828125 0.0205078125 0.0419921875
1 0.05859375 0.478515625 0.0234375 0.0390625
1 0.376953125 0.607421875 0.029296875 0.0751953125
1 0.556640625 0.484375 0.0283203125 0.0341796875
1 0.880859375 0.56640625 0.044921875 0.0546875
1 0.03515625 0.5791015625 0.044921875 0.0830078125
1 0.548828125 0.400390625 0.021484375 0.029296875
1 0.546875 0.4384765625 0.009765625 0.0205078125
1 0.5517578125 0.369140625 0.015625 0.0263671875
1 0.1171875 0.6513671875 0.056640625 0.0498046875
1 0.4736328125 0.3408203125 0.0126953125 0.0185546875
1 0.494140625 0.4365234375 0.0126953125 0.0234375
1 0.25390625 0.3369140625 0.0263671875 0.0205078125
1 0.048828125 0.33984375 0.013671875 0.0205078125
1 0.419921875 0.4248046875 0.0185546875 0.025390625
1 0.478515625 0.748046875 0.037109375 0.0966796875
0 0.3134765625 0.3916015625 0.095703125 0.0546875
1 0.025390625 0.375 0.009765625 0.0185546875
1 0.177734375 0.3271484375 0.0205078125 0.0205078125
1 0.12890625 0.4541015625 0.0732421875 0.0517578125