0 0.1923828125 0.748046875 0.125 0.162109375
0 0.509765625 0.416015625 0.044921875 0.0419921875
0 0.337890625 0.7275390625 0.0986328125 0.1201171875
1 0.068359375 0.5400390625 0.0283203125 0.048828125
0 0.361328125 0.4638671875 0.099609375 0.0595703125
1 0.615234375 0.4931640625 0.044921875 0.048828125
0 0.5400390625 0.349609375 0.0419921875 0.037109375
0 0.4912109375 0.359375 0.0419921875 0.0341796875
1 0.146484375 0.5068359375 0.025390625 0.033203125
1 0.306640625 0.833984375 0.048828125 0.091796875
1 0.318359375 0.498046875 0.0439453125 0.0498046875
1 0.4033203125 0.513671875 0.0498046875 0.0439453125
1 0.4091796875 0.806640625 0.046875 0.0654296875
1 0.076171875 0.763671875 0.033203125 0.0546875
1 0.556640625 0.4228515625 0.015625 0.029296875
1 0.560546875 0.5029296875 0.0576171875 0.052734375
1 0.4755859375 0.404296875 0.013671875 0.029296875
1 0.431640625 0.6630859375 0.048828125 0.064453125
1 0.134765625 0.435546875 0.025390625 0.029296875
0 0.509765625 0.33203125 0.03125 0.0263671875
1 0.587890625 0.486328125 0.021484375 0.0341796875
1 0.1123046875 0.4150390625 0.021484375 0.0263671875
1 0.455078125 0.78515625 0.044921875 0.0673828125
1 0.501953125 0.548828125 0.052734375 0.056640625
1 0.4892578125 0.4755859375 0.037109375 0.0390625
1 0.2138671875 0.4755859375 0.025390625 0.044921875
1 0.2509765625 0.4560546875 0.033203125 0.041015625
1 0.1728515625 0.4482421875 0.0205078125 0.0283203125
1 0.421875 0.5625 0.037109375 0.03125
1 0.578125 0.392578125 0.015625 0.033203125
0 0.2138671875 0.419921875 0.0810546875 0.0341796875
1 0.5107421875 0.4716796875 0.0185546875 0.0283203125
1 0.162109375 0.4091796875 0.021484375 0.0283203125
1 0.087890625 0.6552734375 0.0361328125 0.044921875
1 0.4296875 0.7490234375 0.0341796875 0.048828125
1 0.5546875 0.44921875 0.021484375 0.0263671875
1 0.44921875 0.4228515625 0.013671875 0.0263671875
1 0.529296875 0.3720703125 0.0205078125 0.025390625
1 0.681640625 0.568359375 0.052734375 0.0439453125
1 0.431640625 0.45703125 0.033203125 0.033203125
1 0.83203125 0.5693359375 0.0673828125 0.0517578125
1 0.560546875 0.470703125 0.021484375 0.029296875
0 0.232421875 0.3662109375 0.0595703125 0.0361328125
1 0.7255859375 0.708984375 0.0576171875 0.068359375
1 0.4599609375 0.369140625 0.0205078125 0.029296875
1 0.6240234375 0.595703125 0.0546875 0.044921875
1 0.6201171875 0.4619140625 0.0185546875 0.029296875
0 0.9658203125 0.7099609375 0.041015625 0.1044921875
1 0.4375 0.36328125 0.0185546875 0.0234375
1 0.892578125 0.5673828125 0.0419921875 0.046875
1 0.638671875 0.4755859375 0.013671875 0.029296875
1 0.58984375 0.4541015625 0.0107421875 0.0205078125
1 0.05859375 0.482421875 0.0205078125 0.0341796875
1 0.0947265625 0.728515625 0.0263671875 0.048828125
1 0.0185546875 0.49609375 0.015625 0.0361328125
1 0.177734375 0.3251953125 0.025390625 0.021484375
1 0.3291015625 0.35546875 0.017578125 0.0263671875
0 0.1923828125 0.875 0.119140625 0.0283203125
1 0.322265625 0.46875 0.025390625 0.025390625
1 0.0205078125 0.7958984375 0.021484375 0.0673828125
1 0.19140625 0.4697265625 0.158203125 0.0888671875
1 0.451171875 0.505859375 0.029296875 0.041015625
1 0.0966796875 0.48046875 0.056640625 0.0419921875
1 0.0234375 0.55859375 0.021484375 0.0390625
0 0.9638671875 0.5830078125 0.046875 0.0439453125
1 0.087890625 0.4033203125 0.044921875 0.0283203125
1 0.3466796875 0.3251953125 0.0283203125 0.021484375
1 0.6748046875 0.51171875 0.041015625 0.044921875