0 0.6181640625 0.6796875 0.1298828125 0.150390625
0 0.365234375 0.763671875 0.1123046875 0.1591796875
0 0.154296875 0.560546875 0.0654296875 0.076171875
1 0.69140625 0.544921875 0.044921875 0.0517578125
1 0.625 0.583984375 0.0341796875 0.052734375
1 0.724609375 0.6689453125 0.044921875 0.0625
0 0.603515625 0.486328125 0.0703125 0.087890625
1 0.810546875 0.5703125 0.068359375 0.068359375
1 0.2861328125 0.55078125 0.021484375 0.0390625
0 0.189453125 0.470703125 0.052734375 0.0595703125
1 0.5048828125 0.65625 0.0341796875 0.068359375
0 0.2724609375 0.4169921875 0.044921875 0.0341796875
0 0.212890625 0.662109375 0.1513671875 0.171875
1 0.94140625 0.6845703125 0.0859375 0.09375
1 0.8583984375 0.8037109375 0.060546875 0.0859375
1 0.8642578125 0.595703125 0.078125 0.0703125
0 0.443359375 0.41796875 0.046875 0.048828125
0 0.505859375 0.5185546875 0.0703125 0.083984375
1 0.7294921875 0.5390625 0.0439453125 0.0498046875
1 0.15234375 0.623046875 0.0361328125 0.064453125
1 0.5498046875 0.470703125 0.0185546875 0.0263671875
1 0.548828125 0.736328125 0.0439453125 0.0732421875
1 0.228515625 0.53515625 0.025390625 0.029296875
0 0.435546875 0.4638671875 0.0625 0.0625
1 0.5380859375 0.568359375 0.033203125 0.0576171875
0 0.3515625 0.486328125 0.0751953125 0.1142578125
1 0.5615234375 0.43359375 0.0205078125 0.033203125
1 0.591796875 0.427734375 0.0205078125 0.0283203125
0 0.302734375 0.4501953125 0.052734375 0.052734375
1 0.490234375 0.462890625 0.025390625 0.037109375
1 0.625 0.8232421875 0.0625 0.119140625
1 0.142578125 0.451171875 0.0234375 0.029296875
1 0.8671875 0.66015625 0.0595703125 0.0673828125
0 0.23046875 0.349609375 0.029296875 0.03125
1 0.6201171875 0.7490234375 0.041015625 0.048828125
0 0.19140625 0.404296875 0.0390625 0.037109375
1 0.5439453125 0.6171875 0.025390625 0.0439453125
1 0.9384765625 0.611328125 0.0576171875 0.0498046875
1 0.4931640625 0.408203125 0.0234375 0.041015625
1 0.0263671875 0.572265625 0.0283203125 0.0673828125
1 0.5576171875 0.4013671875 0.021484375 0.0341796875
1 0.5068359375 0.453125 0.013671875 0.0341796875
1 0.9033203125 0.541015625 0.03125 0.041015625
1 0.091796875 0.7314453125 0.044921875 0.0751953125
1 0.064453125 0.478515625 0.03125 0.041015625
1 0.0302734375 0.478515625 0.0390625 0.044921875
0 0.1865234375 0.353515625 0.033203125 0.029296875
1 0.478515625 0.3720703125 0.0205078125 0.0341796875
1 0.4521484375 0.365234375 0.0205078125 0.0263671875
0 0.236328125 0.384765625 0.0654296875 0.041015625
0 0.1142578125 0.416015625 0.068359375 0.044921875
1 0.974609375 0.6337890625 0.0283203125 0.0517578125
1 0.681640625 0.513671875 0.0234375 0.029296875
1 0.5234375 0.404296875 0.021484375 0.0283203125
1 0.5341796875 0.380859375 0.025390625 0.029296875
0 0.3515625 0.3212890625 0.03125 0.017578125
1 0.2255859375 0.5029296875 0.0205078125 0.03125
1 0.208984375 0.5390625 0.017578125 0.0185546875
1 0.9541015625 0.529296875 0.017578125 0.015625
1 0.822265625 0.537109375 0.021484375 0.0390625
1 0.166015625 0.8583984375 0.078125 0.064453125
0 0.7412109375 0.8681640625 0.123046875 0.0419921875
1 0.109375 0.486328125 0.037109375 0.0341796875
1 0.205078125 0.564453125 0.0390625 0.046875
1 0.958984375 0.7626953125 0.025390625 0.046875