0 0.1923828125 0.7490234375 0.125 0.1611328125
0 0.515625 0.443359375 0.056640625 0.052734375
1 0.7587890625 0.755859375 0.0517578125 0.080078125
1 0.1376953125 0.6416015625 0.041015625 0.0576171875
1 0.6669921875 0.568359375 0.03125 0.0498046875
1 0.5615234375 0.501953125 0.029296875 0.0498046875
0 0.3408203125 0.7255859375 0.0966796875 0.1171875
1 0.517578125 0.5048828125 0.0263671875 0.0439453125
1 0.630859375 0.712890625 0.041015625 0.0654296875
0 0.4873046875 0.3623046875 0.0498046875 0.0341796875
1 0.609375 0.6201171875 0.0341796875 0.056640625
0 0.5380859375 0.3486328125 0.0390625 0.0341796875
1 0.412109375 0.7890625 0.0390625 0.052734375
1 0.69140625 0.6572265625 0.0390625 0.064453125
1 0.6025390625 0.5244140625 0.029296875 0.048828125
1 0.4248046875 0.455078125 0.021484375 0.0361328125
1 0.380859375 0.5830078125 0.0341796875 0.0439453125
1 0.0634765625 0.6318359375 0.044921875 0.0517578125
1 0.478515625 0.486328125 0.0263671875 0.0498046875
1 0.619140625 0.57421875 0.025390625 0.0517578125
1 0.5302734375 0.3720703125 0.0234375 0.025390625
1 0.4208984375 0.419921875 0.013671875 0.0234375
1 0.06640625 0.53515625 0.029296875 0.048828125
1 0.5693359375 0.3896484375 0.0205078125 0.029296875
1 0.3935546875 0.4208984375 0.025390625 0.0361328125
1 0.6416015625 0.5576171875 0.0263671875 0.046875
1 0.7294921875 0.63671875 0.03125 0.060546875
1 0.3095703125 0.84375 0.0498046875 0.0625
0 0.509765625 0.3330078125 0.03125 0.0283203125
1 0.576171875 0.455078125 0.0234375 0.037109375
1 0.443359375 0.4892578125 0.0205078125 0.037109375
1 0.373046875 0.40625 0.017578125 0.0283203125
1 0.94921875 0.587890625 0.0419921875 0.068359375
1 0.677734375 0.46484375 0.0263671875 0.0390625
1 0.037109375 0.740234375 0.0517578125 0.056640625
1 0.83203125 0.5712890625 0.0703125 0.0703125
1 0.599609375 0.396484375 0.013671875 0.025390625
1 0.4482421875 0.7421875 0.0341796875 0.052734375
1 0.427734375 0.677734375 0.0390625 0.052734375
1 0.0263671875 0.564453125 0.03125 0.0517578125
1 0.248046875 0.3623046875 0.0185546875 0.021484375
1 0.64453125 0.490234375 0.0205078125 0.0234375
1 0.87890625 0.8076171875 0.060546875 0.103515625
1 0.404296875 0.388671875 0.013671875 0.0185546875
1 0.9794921875 0.587890625 0.015625 0.041015625
1 0.8544921875 0.6494140625 0.037109375 0.0546875
1 0.0634765625 0.4833984375 0.033203125 0.044921875
1 0.455078125 0.373046875 0.0234375 0.0263671875
1 0.4287109375 0.3662109375 0.0107421875 0.013671875
1 0.6806640625 0.51171875 0.0263671875 0.0419921875
1 0.166015625 0.36328125 0.015625 0.013671875
1 0.552734375 0.748046875 0.064453125 0.0986328125
1 0.8857421875 0.6044921875 0.041015625 0.0625
1 0.1201171875 0.41796875 0.041015625 0.029296875
1 0.5478515625 0.8037109375 0.044921875 0.033203125
1 0.470703125 0.451171875 0.0126953125 0.0283203125
1 0.150390625 0.416015625 0.0283203125 0.033203125
1 0.0419921875 0.7861328125 0.0439453125 0.056640625
1 0.0244140625 0.373046875 0.013671875 0.0205078125
1 0.5859375 0.4306640625 0.0126953125 0.0234375
1 0.9716796875 0.6826171875 0.0283203125 0.0654296875
0 0.353515625 0.3193359375 0.037109375 0.0205078125
1 0.517578125 0.3916015625 0.0107421875 0.0263671875
1 0.47265625 0.6689453125 0.0234375 0.056640625
0 0.19140625 0.875 0.107421875 0.0283203125
1 0.67578125 0.6826171875 0.1767578125 0.244140625
1 0.609375 0.4892578125 0.0185546875 0.0283203125
1 0.228515625 0.357421875 0.0126953125 0.021484375
1 0.1904296875 0.328125 0.037109375 0.021484375