0 0.166015625 0.6328125 0.095703125 0.1064453125
0 0.615234375 0.7568359375 0.146484375 0.1796875
0 0.3505859375 0.6015625 0.076171875 0.0966796875
0 0.318359375 0.5 0.068359375 0.068359375
0 0.513671875 0.470703125 0.0517578125 0.0595703125
1 0.646484375 0.5703125 0.0341796875 0.052734375
1 0.7021484375 0.6455078125 0.044921875 0.068359375
1 0.744140625 0.7724609375 0.0654296875 0.1015625
0 0.4990234375 0.5263671875 0.060546875 0.068359375
1 0.5908203125 0.580078125 0.03125 0.0576171875
0 0.2216796875 0.482421875 0.052734375 0.0576171875
1 0.6953125 0.5546875 0.046875 0.056640625
1 0.802734375 0.587890625 0.0498046875 0.0654296875
1 0.876953125 0.6630859375 0.0751953125 0.0830078125
1 0.947265625 0.6943359375 0.0732421875 0.0859375
1 0.6162109375 0.623046875 0.029296875 0.0576171875
1 0.5390625 0.662109375 0.0341796875 0.0751953125
0 0.48046875 0.4130859375 0.0390625 0.0517578125
1 0.5888671875 0.6494140625 0.0341796875 0.0517578125
0 0.2880859375 0.4423828125 0.044921875 0.046875
1 0.587890625 0.4833984375 0.0283203125 0.0390625
1 0.115234375 0.580078125 0.0283203125 0.048828125
0 0.4833984375 0.361328125 0.029296875 0.03125
1 0.8427734375 0.6005859375 0.044921875 0.0517578125
1 0.7314453125 0.5400390625 0.041015625 0.0419921875
1 0.619140625 0.490234375 0.025390625 0.0419921875
1 0.5390625 0.6005859375 0.0283203125 0.0361328125
1 0.5908203125 0.5205078125 0.0283203125 0.0439453125
0 0.5625 0.423828125 0.0283203125 0.0439453125
1 0.087890625 0.689453125 0.03125 0.0595703125
1 0.16796875 0.5087890625 0.0205078125 0.0361328125
1 0.4453125 0.400390625 0.0126953125 0.021484375
1 0.419921875 0.4609375 0.021484375 0.0341796875
1 0.7890625 0.771484375 0.041015625 0.0673828125
1 0.892578125 0.5986328125 0.046875 0.046875
1 0.580078125 0.4453125 0.021484375 0.037109375
0 0.2548828125 0.40625 0.037109375 0.0341796875
1 0.939453125 0.6162109375 0.0888671875 0.095703125
1 0.6083984375 0.458984375 0.0263671875 0.037109375
0 0.201171875 0.34375 0.025390625 0.021484375
1 0.400390625 0.4921875 0.0283203125 0.0439453125
1 0.1962890625 0.5234375 0.029296875 0.0439453125
1 0.466796875 0.611328125 0.025390625 0.0595703125
0 0.341796875 0.814453125 0.208984375 0.1533203125
0 0.205078125 0.4140625 0.0341796875 0.03125
1 0.455078125 0.4990234375 0.0205078125 0.0390625
1 0.8486328125 0.556640625 0.03125 0.046875
1 0.63671875 0.521484375 0.0263671875 0.0419921875
1 0.05859375 0.478515625 0.0234375 0.033203125
1 0.23046875 0.41796875 0.0205078125 0.0263671875
1 0.8154296875 0.5361328125 0.0283203125 0.0439453125
1 0.8974609375 0.544921875 0.033203125 0.037109375
0 0.5302734375 0.4033203125 0.033203125 0.041015625
0 0.3203125 0.404296875 0.0810546875 0.044921875
1 0.431640625 0.4970703125 0.029296875 0.046875
1 0.1845703125 0.458984375 0.025390625 0.033203125
0 0.3515625 0.3203125 0.03125 0.015625
1 0.669921875 0.568359375 0.1796875 0.2080078125
1 0.240234375 0.451171875 0.0205078125 0.0341796875
1 0.6376953125 0.4404296875 0.0341796875 0.0341796875
1 0.2021484375 0.439453125 0.0361328125 0.025390625
1 0.45703125 0.5576171875 0.044921875 0.078125
0 0.4931640625 0.453125 0.1669921875 0.2470703125
1 0.021484375 0.4921875 0.017578125 0.037109375
1 0.0302734375 0.5732421875 0.0361328125 0.0654296875
1 0.58984375 0.392578125 0.017578125 0.021484375
1 0.1494140625 0.47265625 0.0263671875 0.0361328125