0 0.19140625 0.7490234375 0.126953125 0.1640625
0 0.5107421875 0.4228515625 0.046875 0.0517578125
0 0.337890625 0.7265625 0.0986328125 0.119140625
1 0.4111328125 0.810546875 0.046875 0.0546875
0 0.5380859375 0.353515625 0.0419921875 0.044921875
1 0.513671875 0.47265625 0.03125 0.044921875
1 0.0673828125 0.5390625 0.0283203125 0.0498046875
1 0.61328125 0.486328125 0.0390625 0.048828125
0 0.490234375 0.361328125 0.0390625 0.0341796875
1 0.5576171875 0.560546875 0.025390625 0.052734375
1 0.572265625 0.3837890625 0.017578125 0.0263671875
1 0.2392578125 0.4853515625 0.0341796875 0.0390625
1 0.3193359375 0.4873046875 0.0361328125 0.041015625
1 0.7939453125 0.724609375 0.037109375 0.0625
1 0.49609375 0.4521484375 0.017578125 0.033203125
1 0.283203125 0.4375 0.0283203125 0.03125
1 0.306640625 0.8369140625 0.046875 0.095703125
0 0.5107421875 0.333984375 0.03125 0.029296875
1 0.646484375 0.4892578125 0.0205078125 0.037109375
0 0.216796875 0.4287109375 0.0703125 0.048828125
1 0.46875 0.451171875 0.0283203125 0.0390625
1 0.458984375 0.783203125 0.037109375 0.0546875
1 0.5634765625 0.4375 0.0205078125 0.025390625
1 0.09375 0.68359375 0.0654296875 0.064453125
1 0.4541015625 0.37109375 0.017578125 0.029296875
1 0.427734375 0.69921875 0.0439453125 0.060546875
1 0.544921875 0.4736328125 0.021484375 0.046875
1 0.134765625 0.4091796875 0.0185546875 0.0185546875
1 0.078125 0.7490234375 0.046875 0.0703125
1 0.087890625 0.4013671875 0.021484375 0.021484375
1 0.580078125 0.46484375 0.025390625 0.0361328125
1 0.466796875 0.4228515625 0.015625 0.0263671875
1 0.4384765625 0.365234375 0.017578125 0.021484375
1 0.5947265625 0.392578125 0.0107421875 0.025390625
1 0.46484375 0.3974609375 0.013671875 0.0205078125
1 0.39453125 0.40234375 0.017578125 0.033203125
0 0.9541015625 0.576171875 0.064453125 0.0625
1 0.5478515625 0.4189453125 0.013671875 0.0185546875
1 0.2841796875 0.3623046875 0.0185546875 0.025390625
1 0.1669921875 0.3642578125 0.0126953125 0.0185546875
0 0.228515625 0.365234375 0.056640625 0.0361328125
1 0.025390625 0.5849609375 0.025390625 0.0703125
1 0.4375 0.7646484375 0.021484375 0.0361328125
1 0.2548828125 0.3955078125 0.025390625 0.0341796875
1 0.8466796875 0.662109375 0.046875 0.048828125
0 0.0478515625 0.4755859375 0.0732421875 0.044921875
1 0.025390625 0.373046875 0.013671875 0.0205078125
1 0.6416015625 0.4443359375 0.0263671875 0.033203125
0 0.1884765625 0.875 0.123046875 0.0283203125
1 0.177734375 0.326171875 0.0205078125 0.021484375
1 0.62109375 0.455078125 0.013671875 0.025390625
1 0.9052734375 0.49609375 0.0263671875 0.029296875
1 0.1083984375 0.486328125 0.0361328125 0.0341796875