0 0.193359375 0.7490234375 0.123046875 0.1640625
0 0.51171875 0.419921875 0.044921875 0.046875
0 0.3369140625 0.728515625 0.0986328125 0.1201171875
1 0.4091796875 0.8095703125 0.046875 0.056640625
1 0.1591796875 0.603515625 0.0341796875 0.052734375
0 0.5029296875 0.525390625 0.1279296875 0.078125
1 0.27734375 0.478515625 0.0390625 0.0439453125
1 0.0673828125 0.5302734375 0.025390625 0.0419921875
0 0.537109375 0.3544921875 0.041015625 0.0439453125
1 0.306640625 0.8544921875 0.0439453125 0.0625
1 0.0771484375 0.7607421875 0.048828125 0.0751953125
0 0.486328125 0.361328125 0.037109375 0.03125
1 0.572265625 0.392578125 0.0185546875 0.0283203125
1 0.609375 0.49609375 0.0439453125 0.048828125
1 0.560546875 0.4482421875 0.0234375 0.03125
1 0.4765625 0.4638671875 0.025390625 0.0341796875
1 0.458984375 0.783203125 0.0390625 0.0625
1 0.548828125 0.4716796875 0.021484375 0.037109375
1 0.6044921875 0.578125 0.068359375 0.0654296875
0 0.509765625 0.333984375 0.029296875 0.029296875
1 0.384765625 0.3935546875 0.0205078125 0.0283203125
1 0.646484375 0.486328125 0.021484375 0.0361328125
1 0.509765625 0.4609375 0.044921875 0.0498046875
1 0.5126953125 0.3671875 0.021484375 0.025390625
1 0.42578125 0.6904296875 0.0419921875 0.0810546875
1 0.380859375 0.361328125 0.013671875 0.021484375
1 0.060546875 0.4765625 0.0283203125 0.03125
1 0.10546875 0.5810546875 0.0361328125 0.052734375
1 0.021484375 0.5712890625 0.017578125 0.044921875
1 0.2041015625 0.4345703125 0.0205078125 0.0341796875
1 0.4658203125 0.4228515625 0.0185546875 0.0263671875
1 0.451171875 0.44140625 0.017578125 0.0234375
1 0.0263671875 0.787109375 0.041015625 0.0859375
1 0.365234375 0.3564453125 0.013671875 0.025390625
1 0.2421875 0.3544921875 0.0185546875 0.025390625
1 0.4052734375 0.376953125 0.013671875 0.021484375
0 0.037109375 0.5146484375 0.0546875 0.0859375
1 0.455078125 0.361328125 0.021484375 0.0263671875
1 0.548828125 0.419921875 0.015625 0.0234375
1 0.58984375 0.3759765625 0.017578125 0.0205078125
1 0.62890625 0.455078125 0.044921875 0.044921875
1 0.1767578125 0.326171875 0.0185546875 0.021484375
1 0.47265625 0.6572265625 0.0361328125 0.0576171875
1 0.025390625 0.373046875 0.0126953125 0.0205078125
1 0.08984375 0.533203125 0.0234375 0.056640625
1 0.021484375 0.4658203125 0.021484375 0.037109375
1 0.0390625 0.556640625 0.0185546875 0.0341796875
1 0.228515625 0.353515625 0.0107421875 0.0234375
0 0.1923828125 0.875 0.099609375 0.0283203125
1 0.435546875 0.51953125 0.025390625 0.044921875
1 0.3291015625 0.35546875 0.017578125 0.0234375