0 0.326171875 0.794921875 0.1357421875 0.1826171875
0 0.5400390625 0.470703125 0.064453125 0.0673828125
0 0.513671875 0.52734375 0.080078125 0.0888671875
0 0.20703125 0.6591796875 0.1044921875 0.115234375
1 0.6083984375 0.728515625 0.0390625 0.076171875
1 0.716796875 0.623046875 0.0390625 0.064453125
0 0.228515625 0.55859375 0.072265625 0.0859375
0 0.322265625 0.576171875 0.078125 0.0888671875
1 0.8212890625 0.572265625 0.0830078125 0.091796875
1 0.9482421875 0.6845703125 0.0751953125 0.0908203125
0 0.240234375 0.4951171875 0.056640625 0.0595703125
1 0.611328125 0.501953125 0.0341796875 0.0595703125
1 0.8095703125 0.779296875 0.0625 0.083984375
0 0.16015625 0.4462890625 0.048828125 0.0517578125
1 0.455078125 0.5 0.0341796875 0.0439453125
0 0.193359375 0.384765625 0.033203125 0.0263671875
0 0.4541015625 0.4404296875 0.064453125 0.068359375
1 0.7333984375 0.5419921875 0.0390625 0.046875
1 0.123046875 0.7021484375 0.0361328125 0.0703125
1 0.443359375 0.681640625 0.044921875 0.068359375
1 0.0595703125 0.482421875 0.025390625 0.03125
1 0.568359375 0.4404296875 0.03125 0.037109375
1 0.705078125 0.5556640625 0.0263671875 0.0390625
0 0.3046875 0.462890625 0.0498046875 0.0517578125
0 0.232421875 0.4443359375 0.0546875 0.0576171875
0 0.5126953125 0.333984375 0.0341796875 0.0234375
1 0.154296875 0.5537109375 0.0283203125 0.044921875
1 0.080078125 0.689453125 0.052734375 0.0810546875
1 0.2412109375 0.7392578125 0.0361328125 0.0654296875
1 0.666015625 0.5078125 0.0185546875 0.03125
1 0.193359375 0.486328125 0.0205078125 0.0439453125
1 0.794921875 0.849609375 0.0419921875 0.0732421875
1 0.9287109375 0.607421875 0.0517578125 0.041015625
0 0.517578125 0.39453125 0.0341796875 0.0361328125
0 0.298828125 0.4248046875 0.052734375 0.037109375
1 0.8955078125 0.580078125 0.037109375 0.0517578125
0 0.03515625 0.798828125 0.048828125 0.0810546875
1 0.4208984375 0.447265625 0.0205078125 0.0361328125
1 0.0302734375 0.572265625 0.0361328125 0.0654296875
1 0.97265625 0.6328125 0.029296875 0.0625
0 0.634765625 0.439453125 0.0419921875 0.041015625
0 0.10546875 0.4736328125 0.044921875 0.046875
1 0.029296875 0.755859375 0.03125 0.025390625
0 0.330078125 0.3984375 0.060546875 0.03125
1 0.7412109375 0.4716796875 0.029296875 0.037109375
1 0.482421875 0.4130859375 0.0185546875 0.033203125
0 0.251953125 0.3720703125 0.0498046875 0.03125