1 0.6826171875 0.548828125 0.052734375 0.0576171875
0 0.712890625 0.654296875 0.1455078125 0.1513671875
0 0.216796875 0.552734375 0.0751953125 0.080078125
1 0.24609375 0.6826171875 0.044921875 0.056640625
1 0.818359375 0.576171875 0.078125 0.0810546875
1 0.283203125 0.5751953125 0.0341796875 0.052734375
0 0.5439453125 0.470703125 0.056640625 0.0673828125
1 0.4072265625 0.43359375 0.0205078125 0.029296875
1 0.2421875 0.4638671875 0.021484375 0.0439453125
1 0.1591796875 0.4970703125 0.021484375 0.041015625
1 0.115234375 0.623046875 0.033203125 0.048828125
1 0.2900390625 0.482421875 0.0234375 0.0390625
1 0.3828125 0.4931640625 0.025390625 0.0390625
1 0.8876953125 0.65234375 0.0810546875 0.076171875
1 0.591796875 0.611328125 0.0341796875 0.0498046875
1 0.1611328125 0.4501953125 0.0185546875 0.03125
1 0.6142578125 0.51171875 0.0283203125 0.0390625
1 0.728515625 0.5361328125 0.0419921875 0.046875
1 0.951171875 0.6865234375 0.072265625 0.0732421875
1 0.181640625 0.4736328125 0.025390625 0.0498046875
1 0.5078125 0.45703125 0.0185546875 0.033203125
1 0.4697265625 0.4482421875 0.017578125 0.03125
1 0.1337890625 0.53515625 0.0234375 0.0419921875
0 0.5205078125 0.419921875 0.041015625 0.0390625
1 0.111328125 0.4169921875 0.041015625 0.041015625
1 0.1162109375 0.716796875 0.044921875 0.0576171875
1 0.2421875 0.419921875 0.0185546875 0.029296875
1 0.21875 0.482421875 0.025390625 0.041015625
0 0.55859375 0.39453125 0.033203125 0.0361328125
1 0.1904296875 0.8203125 0.041015625 0.056640625
1 0.216796875 0.44140625 0.0205078125 0.029296875
1 0.58984375 0.677734375 0.060546875 0.1044921875
1 0.220703125 0.408203125 0.0185546875 0.025390625
1 0.3603515625 0.4453125 0.0205078125 0.0283203125
1 0.193359375 0.375 0.0205078125 0.03125
0 0.6806640625 0.8095703125 0.1767578125 0.1533203125
1 0.6044921875 0.560546875 0.0283203125 0.048828125
0 0.4677734375 0.4189453125 0.0390625 0.0341796875
1 0.896484375 0.541015625 0.033203125 0.0361328125
0 0.2275390625 0.353515625 0.0263671875 0.0263671875
1 0.0224609375 0.4853515625 0.0234375 0.0390625
1 0.05859375 0.48046875 0.0234375 0.0361328125
1 0.6572265625 0.7138671875 0.0517578125 0.052734375
1 0.43359375 0.48828125 0.0263671875 0.0390625
0 0.3515625 0.3203125 0.03125 0.0185546875
1 0.4638671875 0.36328125 0.021484375 0.029296875
1 0.611328125 0.48046875 0.0205078125 0.0390625
1 0.2685546875 0.408203125 0.0341796875 0.0283203125
1 0.9267578125 0.6142578125 0.0498046875 0.052734375
1 0.28125 0.451171875 0.0283203125 0.0361328125
0 0.498046875 0.349609375 0.0361328125 0.037109375
1 0.421875 0.404296875 0.025390625 0.0283203125
0 0.537109375 0.34765625 0.0263671875 0.0234375
1 0.201171875 0.7734375 0.037109375 0.0625
1 0.353515625 0.4208984375 0.015625 0.0263671875
1 0.4462890625 0.681640625 0.0361328125 0.0703125
1 0.9736328125 0.6328125 0.03125 0.0625
1 0.1123046875 0.482421875 0.041015625 0.0341796875
1 0.6337890625 0.4384765625 0.0419921875 0.0361328125
1 0.8974609375 0.5751953125 0.0390625 0.037109375
1 0.029296875 0.560546875 0.0341796875 0.048828125
1 0.2236328125 0.4609375 0.150390625 0.109375
1 0.537109375 0.380859375 0.0234375 0.029296875
1 0.076171875 0.337890625 0.021484375 0.0205078125
1 0.9541015625 0.5322265625 0.0205078125 0.017578125
1 0.1318359375 0.7734375 0.033203125 0.072265625
1 0.890625 0.3857421875 0.015625 0.025390625
1 0.138671875 0.396484375 0.015625 0.0205078125
1 0.8173828125 0.5361328125 0.021484375 0.0341796875
0 0.521484375 0.330078125 0.029296875 0.0234375
0 0.4755859375 0.533203125 0.0859375 0.1044921875