1 0.63671875 0.564453125 0.029296875 0.0576171875
0 0.3232421875 0.798828125 0.146484375 0.1767578125
1 0.6943359375 0.5458984375 0.048828125 0.0517578125
0 0.744140625 0.7509765625 0.1796875 0.2138671875
0 0.220703125 0.6044921875 0.0810546875 0.09375
1 0.490234375 0.48828125 0.029296875 0.044921875
1 0.552734375 0.513671875 0.0283203125 0.052734375
1 0.5517578125 0.6240234375 0.0341796875 0.0546875
1 0.5830078125 0.576171875 0.0283203125 0.0595703125
0 0.314453125 0.6484375 0.0908203125 0.109375
1 0.8203125 0.580078125 0.0810546875 0.080078125
0 0.240234375 0.509765625 0.064453125 0.076171875
1 0.9482421875 0.689453125 0.0751953125 0.076171875
1 0.5625 0.390625 0.015625 0.025390625
1 0.599609375 0.451171875 0.0263671875 0.0341796875
1 0.158203125 0.5546875 0.0263671875 0.046875
1 0.490234375 0.5634765625 0.03125 0.044921875
1 0.099609375 0.5185546875 0.029296875 0.046875
1 0.65625 0.466796875 0.021484375 0.0341796875
1 0.8916015625 0.6435546875 0.076171875 0.072265625
1 0.138671875 0.48828125 0.0263671875 0.029296875
1 0.41015625 0.6923828125 0.0361328125 0.052734375
1 0.181640625 0.4921875 0.0283203125 0.037109375
0 0.3271484375 0.490234375 0.0703125 0.0595703125
1 0.5078125 0.3662109375 0.0185546875 0.029296875
1 0.6669921875 0.5 0.0283203125 0.041015625
0 0.3212890625 0.5498046875 0.0703125 0.078125
1 0.1171875 0.7119140625 0.03125 0.0546875
1 0.10546875 0.4189453125 0.0263671875 0.037109375
0 0.4794921875 0.3603515625 0.0341796875 0.0361328125
1 0.615234375 0.830078125 0.0439453125 0.087890625
1 0.58984375 0.3974609375 0.013671875 0.0234375
1 0.44140625 0.46484375 0.0205078125 0.0390625
1 0.7314453125 0.541015625 0.037109375 0.0439453125
1 0.111328125 0.587890625 0.0283203125 0.0625
1 0.423828125 0.60546875 0.0517578125 0.060546875
1 0.5107421875 0.4453125 0.015625 0.0283203125
0 0.5048828125 0.341796875 0.03125 0.03125
1 0.177734375 0.427734375 0.029296875 0.037109375
1 0.21875 0.412109375 0.0283203125 0.0361328125
0 0.384765625 0.3740234375 0.0390625 0.0390625
0 0.255859375 0.3955078125 0.0517578125 0.0498046875
1 0.490234375 0.4453125 0.017578125 0.0185546875
1 0.05859375 0.478515625 0.0234375 0.0361328125
1 0.6845703125 0.4794921875 0.0283203125 0.041015625
0 0.533203125 0.3564453125 0.0341796875 0.037109375
1 0.6416015625 0.447265625 0.029296875 0.033203125
1 0.958984375 0.525390625 0.0546875 0.0390625
0 0.3515625 0.3544921875 0.0439453125 0.037109375
1 0.107421875 0.482421875 0.029296875 0.03125
1 0.080078125 0.396484375 0.0205078125 0.029296875
1 0.142578125 0.3857421875 0.015625 0.021484375
1 0.1611328125 0.6865234375 0.0341796875 0.0673828125
1 0.677734375 0.4384765625 0.0185546875 0.033203125
1 0.943359375 0.607421875 0.0703125 0.052734375
1 0.353515625 0.390625 0.017578125 0.03125
1 0.447265625 0.423828125 0.0107421875 0.03125
1 0.509765625 0.5244140625 0.0185546875 0.0517578125
1 0.251953125 0.576171875 0.0205078125 0.0263671875
1 0.138671875 0.498046875 0.1142578125 0.134765625
1 0.896484375 0.5869140625 0.0498046875 0.0576171875
1 0.2060546875 0.4609375 0.021484375 0.037109375
1 0.892578125 0.384765625 0.015625 0.0283203125
1 0.5078125 0.5 0.130859375 0.15625
1 0.841796875 0.5380859375 0.0283203125 0.033203125
1 0.0361328125 0.587890625 0.046875 0.0888671875
1 0.2080078125 0.3232421875 0.009765625 0.015625
1 0.0224609375 0.373046875 0.0205078125 0.0234375
1 0.240234375 0.357421875 0.015625 0.021484375