0 0.322265625 0.7978515625 0.1484375 0.1767578125
1 0.517578125 0.5205078125 0.0263671875 0.0439453125
1 0.5849609375 0.5498046875 0.029296875 0.052734375
0 0.2216796875 0.595703125 0.0810546875 0.0908203125
1 0.12109375 0.68359375 0.033203125 0.064453125
0 0.3154296875 0.6484375 0.0908203125 0.109375
1 0.62890625 0.458984375 0.0205078125 0.029296875
1 0.6865234375 0.625 0.033203125 0.0498046875
1 0.693359375 0.5478515625 0.044921875 0.0517578125
1 0.8203125 0.5791015625 0.083984375 0.0830078125
1 0.5634765625 0.3896484375 0.017578125 0.0263671875
1 0.591796875 0.3935546875 0.0185546875 0.0283203125
1 0.103515625 0.5029296875 0.0234375 0.0439453125
0 0.798828125 0.8017578125 0.1953125 0.1689453125
1 0.9482421875 0.69140625 0.0751953125 0.0732421875
1 0.162109375 0.6416015625 0.0341796875 0.0576171875
1 0.4775390625 0.5263671875 0.0234375 0.037109375
1 0.5361328125 0.564453125 0.021484375 0.0517578125
1 0.513671875 0.6162109375 0.03125 0.0546875
1 0.41796875 0.619140625 0.0517578125 0.064453125
0 0.322265625 0.55078125 0.072265625 0.080078125
1 0.5185546875 0.486328125 0.021484375 0.03125
0 0.240234375 0.5107421875 0.064453125 0.0751953125
0 0.328125 0.490234375 0.068359375 0.0576171875
1 0.4736328125 0.447265625 0.0185546875 0.025390625
1 0.5078125 0.365234375 0.0185546875 0.029296875
1 0.583984375 0.6787109375 0.041015625 0.080078125
1 0.1669921875 0.529296875 0.03125 0.0576171875
1 0.166015625 0.4599609375 0.0283203125 0.033203125
1 0.6826171875 0.462890625 0.021484375 0.0283203125
1 0.5361328125 0.4716796875 0.015625 0.03125
1 0.6298828125 0.6396484375 0.03125 0.048828125
1 0.111328125 0.560546875 0.025390625 0.052734375
1 0.1806640625 0.490234375 0.029296875 0.0439453125
1 0.8916015625 0.642578125 0.076171875 0.072265625
1 0.3671875 0.3876953125 0.021484375 0.03125
1 0.900390625 0.541015625 0.041015625 0.0439453125
0 0.4794921875 0.359375 0.0341796875 0.037109375
1 0.38671875 0.3857421875 0.0205078125 0.0283203125
1 0.0615234375 0.4794921875 0.029296875 0.037109375
1 0.1328125 0.482421875 0.03125 0.037109375
0 0.5322265625 0.357421875 0.0361328125 0.0390625
1 0.658203125 0.458984375 0.0361328125 0.0263671875
1 0.462890625 0.3984375 0.0234375 0.041015625
1 0.1474609375 0.416015625 0.017578125 0.025390625
1 0.7294921875 0.5390625 0.041015625 0.0439453125
0 0.255859375 0.3994140625 0.0517578125 0.0517578125
1 0.181640625 0.833984375 0.0361328125 0.044921875
1 0.0517578125 0.7998046875 0.0498046875 0.15625
1 0.2177734375 0.412109375 0.029296875 0.037109375
1 0.3994140625 0.671875 0.029296875 0.0498046875
1 0.0458984375 0.580078125 0.0263671875 0.0625
1 0.185546875 0.462890625 0.021484375 0.0283203125
1 0.9267578125 0.517578125 0.021484375 0.0263671875
1 0.1728515625 0.4248046875 0.033203125 0.037109375
0 0.052734375 0.517578125 0.0830078125 0.0908203125
1 0.896484375 0.5859375 0.0498046875 0.0595703125
1 0.8916015625 0.384765625 0.017578125 0.0283203125
1 0.13671875 0.599609375 0.107421875 0.212890625
1 0.5859375 0.501953125 0.021484375 0.0439453125
1 0.5478515625 0.5400390625 0.1142578125 0.201171875
1 0.455078125 0.5029296875 0.021484375 0.046875
1 0.0908203125 0.4033203125 0.021484375 0.03125
0 0.0419921875 0.37890625 0.0498046875 0.029296875
1 0.8427734375 0.537109375 0.0263671875 0.033203125
1 0.537109375 0.529296875 0.021484375 0.0341796875
1 0.9609375 0.625 0.0439453125 0.0595703125
1 0.7919921875 0.4912109375 0.03125 0.033203125
0 0.36328125 0.3603515625 0.0390625 0.0361328125
1 0.0244140625 0.845703125 0.029296875 0.0751953125
1 0.455078125 0.361328125 0.0205078125 0.037109375
1 0.2265625 0.326171875 0.015625 0.017578125