0 0.193359375 0.7490234375 0.123046875 0.1640625
0 0.337890625 0.728515625 0.099609375 0.1220703125
0 0.5107421875 0.419921875 0.0439453125 0.046875
1 0.154296875 0.6083984375 0.0341796875 0.0517578125
1 0.41015625 0.810546875 0.044921875 0.0546875
1 0.3056640625 0.85546875 0.0419921875 0.060546875
1 0.0673828125 0.53125 0.025390625 0.0439453125
1 0.5234375 0.46875 0.0283203125 0.037109375
1 0.080078125 0.7431640625 0.0498046875 0.0986328125
0 0.5263671875 0.525390625 0.130859375 0.080078125
1 0.2900390625 0.48046875 0.044921875 0.044921875
0 0.5390625 0.3525390625 0.041015625 0.0390625
0 0.486328125 0.3623046875 0.037109375 0.03125
1 0.5009765625 0.451171875 0.0263671875 0.03125
1 0.548828125 0.4716796875 0.0263671875 0.037109375
1 0.4775390625 0.4814453125 0.029296875 0.037109375
1 0.458984375 0.783203125 0.0361328125 0.0595703125
1 0.6171875 0.486328125 0.037109375 0.041015625
1 0.3828125 0.3916015625 0.0185546875 0.029296875
1 0.6474609375 0.4873046875 0.0205078125 0.037109375
1 0.427734375 0.677734375 0.044921875 0.0498046875
1 0.572265625 0.3935546875 0.017578125 0.0283203125
1 0.51171875 0.369140625 0.0205078125 0.021484375
0 0.5107421875 0.333984375 0.03125 0.029296875
1 0.0673828125 0.474609375 0.037109375 0.0341796875
1 0.5498046875 0.4404296875 0.021484375 0.03125
1 0.591796875 0.486328125 0.0263671875 0.044921875
1 0.404296875 0.376953125 0.0126953125 0.0185546875
1 0.6318359375 0.568359375 0.044921875 0.0390625
1 0.021484375 0.572265625 0.017578125 0.0419921875
1 0.419921875 0.7392578125 0.046875 0.056640625
1 0.099609375 0.6103515625 0.033203125 0.0390625
1 0.564453125 0.435546875 0.017578125 0.0263671875
1 0.365234375 0.361328125 0.015625 0.017578125
1 0.4736328125 0.4384765625 0.0185546875 0.0263671875
1 0.4453125 0.439453125 0.0126953125 0.0234375
1 0.0283203125 0.787109375 0.037109375 0.0830078125
1 0.021484375 0.474609375 0.0205078125 0.029296875
1 0.0390625 0.5576171875 0.0185546875 0.037109375
0 0.2373046875 0.37109375 0.0595703125 0.0361328125
1 0.4541015625 0.36328125 0.017578125 0.0234375
1 0.6298828125 0.4541015625 0.03125 0.0390625
1 0.5888671875 0.376953125 0.015625 0.021484375
1 0.5478515625 0.4189453125 0.013671875 0.021484375
1 0.1767578125 0.326171875 0.0185546875 0.021484375
1 0.29296875 0.451171875 0.0205078125 0.021484375
1 0.533203125 0.458984375 0.1689453125 0.0859375
1 0.470703125 0.66015625 0.0361328125 0.0546875
1 0.025390625 0.373046875 0.0126953125 0.0205078125
0 0.1953125 0.8486328125 0.1435546875 0.0751953125
0 0.173828125 0.380859375 0.076171875 0.0390625
0 0.3291015625 0.3916015625 0.107421875 0.044921875
1 0.248046875 0.3544921875 0.0126953125 0.021484375
0 0.1572265625 0.2978515625 0.033203125 0.033203125
1 0.6533203125 0.626953125 0.0751953125 0.111328125