0 0.322265625 0.798828125 0.146484375 0.1767578125
1 0.5419921875 0.5498046875 0.0283203125 0.046875
1 0.673828125 0.697265625 0.0439453125 0.0703125
1 0.537109375 0.658203125 0.0419921875 0.0703125
1 0.625 0.5869140625 0.03125 0.0546875
1 0.73046875 0.6796875 0.0361328125 0.0595703125
0 0.2216796875 0.58984375 0.078125 0.0888671875
1 0.564453125 0.6044921875 0.0263671875 0.0498046875
0 0.3154296875 0.650390625 0.0908203125 0.109375
1 0.5517578125 0.498046875 0.0341796875 0.0439453125
1 0.4951171875 0.4599609375 0.0185546875 0.029296875
1 0.126953125 0.6611328125 0.029296875 0.052734375
1 0.6904296875 0.548828125 0.0439453125 0.052734375
1 0.822265625 0.58203125 0.0830078125 0.0830078125
1 0.591796875 0.3935546875 0.0185546875 0.0283203125
0 0.240234375 0.509765625 0.064453125 0.0751953125
1 0.62890625 0.7431640625 0.0419921875 0.0703125
1 0.490234375 0.5634765625 0.03125 0.0546875
1 0.5634765625 0.390625 0.017578125 0.025390625
1 0.3896484375 0.6474609375 0.0361328125 0.0576171875
1 0.94921875 0.693359375 0.0732421875 0.0703125
0 0.322265625 0.5517578125 0.072265625 0.0810546875
1 0.1279296875 0.4931640625 0.021484375 0.029296875
1 0.4208984375 0.6181640625 0.0419921875 0.048828125
1 0.162109375 0.603515625 0.033203125 0.044921875
1 0.0654296875 0.4853515625 0.03125 0.029296875
0 0.3271484375 0.490234375 0.0673828125 0.0595703125
1 0.490234375 0.4052734375 0.0185546875 0.029296875
1 0.5078125 0.3662109375 0.0185546875 0.0263671875
0 0.505859375 0.34375 0.03125 0.03125
0 0.4794921875 0.359375 0.0341796875 0.0341796875
1 0.173828125 0.5224609375 0.037109375 0.0517578125
1 0.42578125 0.580078125 0.0234375 0.0439453125
1 0.7275390625 0.4765625 0.029296875 0.03125
1 0.3916015625 0.3916015625 0.017578125 0.0263671875
1 0.8916015625 0.6435546875 0.0732421875 0.068359375
1 0.3779296875 0.3935546875 0.015625 0.025390625
1 0.73046875 0.5390625 0.0390625 0.046875
0 0.533203125 0.35546875 0.0341796875 0.0361328125
1 0.048828125 0.583984375 0.03125 0.0498046875
1 0.8974609375 0.54296875 0.0361328125 0.0419921875
1 0.068359375 0.744140625 0.0341796875 0.046875
1 0.357421875 0.39453125 0.017578125 0.0263671875
1 0.1103515625 0.54296875 0.0263671875 0.0546875
1 0.6455078125 0.453125 0.037109375 0.041015625
0 0.2548828125 0.3994140625 0.0498046875 0.0517578125
1 0.1689453125 0.466796875 0.046875 0.0439453125
1 0.4765625 0.3955078125 0.015625 0.0283203125
1 0.21875 0.412109375 0.0283203125 0.0341796875
1 0.20703125 0.458984375 0.0205078125 0.03125
1 0.6123046875 0.4375 0.03125 0.041015625
1 0.0234375 0.564453125 0.021484375 0.048828125
1 0.9501953125 0.5234375 0.0185546875 0.025390625
1 0.896484375 0.5849609375 0.044921875 0.0576171875
0 0.833984375 0.8525390625 0.1640625 0.0732421875
1 0.41796875 0.38671875 0.017578125 0.0263671875
1 0.1044921875 0.5029296875 0.025390625 0.0283203125
1 0.625 0.537109375 0.0283203125 0.060546875
1 0.173828125 0.421875 0.0341796875 0.03125
1 0.8916015625 0.384765625 0.017578125 0.0283203125
1 0.2421875 0.3583984375 0.015625 0.0205078125
1 0.841796875 0.5390625 0.0263671875 0.0341796875
1 0.455078125 0.359375 0.0185546875 0.03125
1 0.3701171875 0.365234375 0.0185546875 0.021484375
1 0.185546875 0.3251953125 0.029296875 0.021484375
1 0.943359375 0.615234375 0.0830078125 0.060546875
1 0.9326171875 0.65234375 0.03125 0.044921875
1 0.357421875 0.3505859375 0.013671875 0.0234375