0 0.3232421875 0.798828125 0.146484375 0.1767578125
1 0.65625 0.677734375 0.041015625 0.060546875
1 0.533203125 0.537109375 0.025390625 0.041015625
1 0.609375 0.572265625 0.0341796875 0.064453125
1 0.4873046875 0.5419921875 0.0283203125 0.052734375
0 0.220703125 0.591796875 0.080078125 0.0908203125
1 0.5263671875 0.638671875 0.037109375 0.060546875
0 0.314453125 0.650390625 0.091796875 0.109375
1 0.818359375 0.580078125 0.083984375 0.080078125
1 0.5361328125 0.498046875 0.021484375 0.0341796875
1 0.6923828125 0.5517578125 0.0439453125 0.0498046875
1 0.591796875 0.392578125 0.0185546875 0.03125
1 0.5625 0.3896484375 0.015625 0.0263671875
1 0.712890625 0.654296875 0.0361328125 0.0576171875
1 0.1279296875 0.642578125 0.03125 0.0673828125
0 0.240234375 0.509765625 0.064453125 0.076171875
1 0.6357421875 0.455078125 0.0341796875 0.0390625
1 0.162109375 0.623046875 0.033203125 0.052734375
1 0.4873046875 0.4501953125 0.0185546875 0.03125
1 0.126953125 0.498046875 0.0234375 0.033203125
1 0.5078125 0.3662109375 0.0185546875 0.0263671875
1 0.9462890625 0.6923828125 0.076171875 0.078125
1 0.4228515625 0.619140625 0.044921875 0.0498046875
0 0.322265625 0.55078125 0.072265625 0.080078125
1 0.392578125 0.6591796875 0.0361328125 0.052734375
1 0.0654296875 0.484375 0.03125 0.03125
0 0.3271484375 0.4892578125 0.0673828125 0.0595703125
1 0.552734375 0.587890625 0.025390625 0.0498046875
1 0.611328125 0.724609375 0.041015625 0.0654296875
1 0.900390625 0.5419921875 0.041015625 0.041015625
0 0.48046875 0.359375 0.033203125 0.0341796875
1 0.10546875 0.5068359375 0.0234375 0.033203125
1 0.4765625 0.396484375 0.03125 0.0361328125
0 0.822265625 0.83203125 0.1796875 0.111328125
1 0.890625 0.6435546875 0.0751953125 0.072265625
1 0.373046875 0.390625 0.0205078125 0.0283203125
1 0.611328125 0.439453125 0.0283203125 0.041015625
1 0.388671875 0.388671875 0.017578125 0.025390625
1 0.169921875 0.458984375 0.041015625 0.0361328125
1 0.173828125 0.5341796875 0.0263671875 0.037109375
1 0.7294921875 0.5390625 0.041015625 0.0439453125
1 0.181640625 0.4892578125 0.0283203125 0.0341796875
1 0.4140625 0.3857421875 0.015625 0.021484375
0 0.533203125 0.3564453125 0.0341796875 0.037109375
1 0.3564453125 0.3916015625 0.015625 0.0263671875
0 0.2548828125 0.3984375 0.0498046875 0.0498046875
1 0.216796875 0.412109375 0.0283203125 0.0341796875
1 0.111328125 0.552734375 0.029296875 0.0498046875
1 0.1513671875 0.416015625 0.0283203125 0.03125
1 0.42578125 0.5810546875 0.029296875 0.041015625
1 0.94140625 0.521484375 0.0205078125 0.025390625
1 0.20703125 0.4580078125 0.0205078125 0.03125
1 0.712890625 0.462890625 0.017578125 0.03125
1 0.548828125 0.45703125 0.0185546875 0.0234375
1 0.037109375 0.580078125 0.0498046875 0.078125
1 0.3701171875 0.3642578125 0.015625 0.021484375
1 0.35546875 0.3525390625 0.0205078125 0.0263671875
1 0.1748046875 0.421875 0.025390625 0.0283203125
1 0.966796875 0.5263671875 0.037109375 0.025390625
1 0.8916015625 0.384765625 0.017578125 0.0263671875
1 0.4736328125 0.630859375 0.037109375 0.0751953125
1 0.666015625 0.537109375 0.021484375 0.0576171875
1 0.89453125 0.5869140625 0.048828125 0.0576171875
1 0.138671875 0.5068359375 0.09375 0.1171875
0 0.9560546875 0.5810546875 0.0595703125 0.056640625
1 0.2421875 0.3583984375 0.0126953125 0.0205078125
1 0.455078125 0.3583984375 0.0205078125 0.033203125
1 0.6103515625 0.517578125 0.0234375 0.041015625
1 0.958984375 0.626953125 0.0390625 0.0546875
1 0.0322265625 0.3759765625 0.0263671875 0.0234375
1 0.505859375 0.5537109375 0.142578125 0.2294921875