0 0.365234375 0.623046875 0.0830078125 0.107421875
0 0.19140625 0.6328125 0.1015625 0.1376953125
1 0.6142578125 0.521484375 0.0283203125 0.0517578125
0 0.6884765625 0.6181640625 0.138671875 0.138671875
0 0.611328125 0.74609375 0.1484375 0.173828125
0 0.150390625 0.439453125 0.0419921875 0.0439453125
1 0.5908203125 0.4921875 0.0283203125 0.041015625
1 0.8193359375 0.583984375 0.0859375 0.080078125
0 0.111328125 0.3994140625 0.0625 0.0361328125
0 0.482421875 0.548828125 0.09375 0.109375
0 0.521484375 0.4482421875 0.0595703125 0.083984375
1 0.689453125 0.5380859375 0.052734375 0.0517578125
0 0.244140625 0.478515625 0.0673828125 0.078125
1 0.958984375 0.66015625 0.052734375 0.080078125
1 0.181640625 0.537109375 0.0234375 0.044921875
1 0.5859375 0.599609375 0.046875 0.115234375
0 0.34765625 0.505859375 0.064453125 0.0625
1 0.4951171875 0.40625 0.021484375 0.0341796875
1 0.5576171875 0.5107421875 0.025390625 0.056640625
0 0.9033203125 0.837890625 0.162109375 0.1015625
0 0.564453125 0.396484375 0.0419921875 0.0654296875
1 0.888671875 0.6484375 0.078125 0.078125
1 0.2216796875 0.7890625 0.0341796875 0.068359375
1 0.291015625 0.71875 0.033203125 0.0498046875
0 0.486328125 0.36328125 0.029296875 0.029296875
1 0.935546875 0.701171875 0.0419921875 0.0498046875
1 0.53515625 0.380859375 0.0205078125 0.025390625
1 0.931640625 0.6083984375 0.041015625 0.0390625
0 0.1943359375 0.3486328125 0.033203125 0.0283203125
1 0.455078125 0.5 0.0205078125 0.0341796875
1 0.587890625 0.4375 0.017578125 0.03125
1 0.0673828125 0.478515625 0.0341796875 0.037109375
1 0.1474609375 0.482421875 0.0205078125 0.033203125
0 0.53125 0.3408203125 0.037109375 0.0283203125
1 0.619140625 0.482421875 0.021484375 0.0361328125
0 0.1796875 0.369140625 0.025390625 0.0234375
1 0.4521484375 0.369140625 0.0234375 0.0263671875
1 0.1201171875 0.564453125 0.0283203125 0.048828125
1 0.896484375 0.5791015625 0.0439453125 0.0517578125
1 0.0283203125 0.560546875 0.03125 0.046875
1 0.142578125 0.525390625 0.013671875 0.0263671875
1 0.1845703125 0.40234375 0.015625 0.0263671875
1 0.025390625 0.4794921875 0.0283203125 0.037109375
1 0.455078125 0.40625 0.0185546875 0.0439453125
1 0.2265625 0.73046875 0.0341796875 0.0732421875
1 0.646484375 0.517578125 0.0185546875 0.03125
0 0.216796875 0.3623046875 0.025390625 0.025390625
1 0.587890625 0.373046875 0.0283203125 0.0341796875
1 0.439453125 0.4365234375 0.033203125 0.0517578125
1 0.4140625 0.4111328125 0.037109375 0.041015625
0 0.2265625 0.3857421875 0.0341796875 0.03125
0 0.3017578125 0.3984375 0.0654296875 0.046875
0 0.310546875 0.435546875 0.0517578125 0.041015625