0 0.2060546875 0.625 0.099609375 0.1064453125
1 0.14453125 0.5400390625 0.0234375 0.0390625
1 0.275390625 0.65234375 0.041015625 0.0859375
0 0.6591796875 0.595703125 0.09375 0.1123046875
0 0.5380859375 0.458984375 0.0517578125 0.056640625
1 0.3134765625 0.53515625 0.0205078125 0.0361328125
1 0.1435546875 0.46484375 0.0283203125 0.033203125
1 0.265625 0.517578125 0.025390625 0.0390625
1 0.1865234375 0.521484375 0.0234375 0.048828125
1 0.185546875 0.83984375 0.056640625 0.080078125
1 0.365234375 0.4716796875 0.021484375 0.03125
0 0.5244140625 0.400390625 0.044921875 0.0498046875
0 0.462890625 0.4150390625 0.037109375 0.0419921875
1 0.8369140625 0.8564453125 0.0673828125 0.068359375
1 0.2900390625 0.486328125 0.0205078125 0.033203125
0 0.5625 0.39453125 0.037109375 0.044921875
0 0.6318359375 0.7529296875 0.1640625 0.224609375
1 0.0849609375 0.7080078125 0.0361328125 0.056640625
1 0.7421875 0.7626953125 0.0595703125 0.0654296875
1 0.23828125 0.53515625 0.0234375 0.044921875
1 0.5654296875 0.6025390625 0.0283203125 0.044921875
1 0.89453125 0.6572265625 0.0830078125 0.076171875
1 0.2724609375 0.4560546875 0.0205078125 0.0283203125
1 0.251953125 0.4775390625 0.021484375 0.0361328125
1 0.818359375 0.576171875 0.0830078125 0.0859375
1 0.3828125 0.525390625 0.025390625 0.0517578125
1 0.294921875 0.435546875 0.017578125 0.0263671875
1 0.5439453125 0.552734375 0.021484375 0.048828125
1 0.2197265625 0.41796875 0.0234375 0.029296875
1 0.177734375 0.4619140625 0.0263671875 0.029296875
1 0.6083984375 0.4990234375 0.0263671875 0.0361328125
1 0.4287109375 0.4609375 0.017578125 0.0283203125
1 0.5341796875 0.6240234375 0.0283203125 0.0517578125
1 0.7275390625 0.537109375 0.044921875 0.044921875
1 0.896484375 0.541015625 0.03125 0.0390625
1 0.591796875 0.517578125 0.0185546875 0.0341796875
1 0.1552734375 0.423828125 0.0205078125 0.025390625
1 0.2275390625 0.4716796875 0.0205078125 0.03125
1 0.958984375 0.69921875 0.0625 0.076171875
1 0.0576171875 0.48046875 0.021484375 0.0361328125
1 0.4140625 0.4130859375 0.0185546875 0.0205078125
1 0.115234375 0.599609375 0.029296875 0.0517578125
1 0.25390625 0.4453125 0.0205078125 0.0283203125
0 0.4912109375 0.349609375 0.0361328125 0.03125
1 0.1943359375 0.3798828125 0.017578125 0.025390625
0 0.537109375 0.3486328125 0.03125 0.0283203125
1 0.0224609375 0.4794921875 0.0234375 0.041015625
1 0.1865234375 0.486328125 0.017578125 0.0263671875
1 0.5712890625 0.517578125 0.0361328125 0.056640625
1 0.109375 0.4833984375 0.037109375 0.0361328125
0 0.1533203125 0.4013671875 0.052734375 0.0283203125
1 0.099609375 0.419921875 0.017578125 0.021484375
0 0.2451171875 0.384765625 0.078125 0.037109375
1 0.951171875 0.5283203125 0.0234375 0.0185546875
1 0.51171875 0.4404296875 0.0205078125 0.0283203125
1 0.5966796875 0.466796875 0.041015625 0.0517578125
1 0.9306640625 0.6103515625 0.0546875 0.044921875
1 0.232421875 0.5 0.1923828125 0.115234375
1 0.775390625 0.8759765625 0.029296875 0.0263671875
0 0.2255859375 0.361328125 0.0263671875 0.021484375
1 0.076171875 0.400390625 0.0185546875 0.0263671875
1 0.4306640625 0.5009765625 0.017578125 0.0576171875
1 0.2373046875 0.40234375 0.0185546875 0.029296875
1 0.03125 0.5810546875 0.037109375 0.0810546875
1 0.705078125 0.81640625 0.033203125 0.0703125
1 0.9599609375 0.630859375 0.0263671875 0.0419921875
1 0.623046875 0.8291015625 0.041015625 0.0703125
1 0.7490234375 0.720703125 0.0263671875 0.0419921875
0 0.5234375 0.330078125 0.025390625 0.0234375
1 0.6376953125 0.439453125 0.041015625 0.033203125
1 0.3515625 0.41796875 0.021484375 0.029296875
1 0.455078125 0.37890625 0.025390625 0.0390625
1 0.896484375 0.583984375 0.037109375 0.048828125
1 0.951171875 0.7685546875 0.0234375 0.0341796875
1 0.412109375 0.806640625 0.0908203125 0.107421875