0 0.193359375 0.748046875 0.1220703125 0.162109375
0 0.51171875 0.41796875 0.044921875 0.048828125
0 0.337890625 0.728515625 0.099609375 0.1220703125
1 0.240234375 0.46484375 0.03125 0.0419921875
0 0.486328125 0.361328125 0.0390625 0.033203125
1 0.4091796875 0.8076171875 0.046875 0.056640625
1 0.173828125 0.583984375 0.0341796875 0.052734375
0 0.5380859375 0.3544921875 0.0419921875 0.0439453125
1 0.123046875 0.5673828125 0.029296875 0.046875
1 0.3056640625 0.8544921875 0.0419921875 0.0654296875
1 0.078125 0.7568359375 0.046875 0.076171875
0 0.1826171875 0.4208984375 0.0625 0.0390625
0 0.509765625 0.333984375 0.0283203125 0.029296875
1 0.06640625 0.5341796875 0.0263671875 0.046875
1 0.5654296875 0.451171875 0.021484375 0.033203125
1 0.5947265625 0.4853515625 0.0234375 0.0390625
1 0.486328125 0.490234375 0.029296875 0.048828125
0 0.416015625 0.5029296875 0.123046875 0.0751953125
1 0.537109375 0.49609375 0.044921875 0.0517578125
1 0.548828125 0.439453125 0.0205078125 0.033203125
1 0.38671875 0.404296875 0.0205078125 0.029296875
1 0.458984375 0.783203125 0.037109375 0.0595703125
1 0.646484375 0.486328125 0.0185546875 0.041015625
1 0.51171875 0.3681640625 0.0205078125 0.0234375
1 0.404296875 0.3857421875 0.0234375 0.025390625
1 0.42578125 0.6845703125 0.0419921875 0.087890625
1 0.572265625 0.396484375 0.0205078125 0.0341796875
1 0.619140625 0.4677734375 0.0205078125 0.0361328125
1 0.380859375 0.36328125 0.025390625 0.0205078125
1 0.068359375 0.4775390625 0.0390625 0.033203125
1 0.470703125 0.4423828125 0.0283203125 0.0341796875
1 0.638671875 0.455078125 0.029296875 0.029296875
0 0.068359375 0.5087890625 0.1142578125 0.123046875
1 0.021484375 0.568359375 0.0185546875 0.0546875
0 0.2353515625 0.3681640625 0.0576171875 0.0361328125
1 0.544921875 0.462890625 0.0205078125 0.0263671875
1 0.0283203125 0.783203125 0.037109375 0.0751953125
1 0.0390625 0.55859375 0.0185546875 0.0419921875
1 0.4375 0.763671875 0.021484375 0.044921875
1 0.45703125 0.361328125 0.0234375 0.0283203125
1 0.1669921875 0.3662109375 0.015625 0.017578125
1 0.564453125 0.423828125 0.017578125 0.029296875
1 0.474609375 0.5244140625 0.029296875 0.048828125
1 0.35546875 0.396484375 0.0205078125 0.0361328125
1 0.2060546875 0.357421875 0.015625 0.017578125
1 0.9794921875 0.6162109375 0.015625 0.0390625
0 0.185546875 0.3251953125 0.037109375 0.025390625
1 0.025390625 0.373046875 0.0126953125 0.0185546875
1 0.58984375 0.376953125 0.013671875 0.0234375
0 0.193359375 0.875 0.0986328125 0.0283203125
1 0.328125 0.353515625 0.015625 0.025390625
1 0.412109375 0.736328125 0.0283203125 0.0390625
1 0.890625 0.3876953125 0.015625 0.03125
1 0.2548828125 0.341796875 0.021484375 0.021484375