1 0.728515625 0.576171875 0.0419921875 0.0654296875
0 0.734375 0.732421875 0.171875 0.1875
0 0.337890625 0.7353515625 0.103515625 0.1201171875
0 0.6396484375 0.458984375 0.080078125 0.064453125
1 0.794921875 0.5654296875 0.0390625 0.0595703125
0 0.48828125 0.361328125 0.0361328125 0.03125
0 0.57421875 0.5166015625 0.0732421875 0.095703125
1 0.1806640625 0.50390625 0.0263671875 0.0390625
1 0.662109375 0.5615234375 0.041015625 0.0673828125
1 0.88671875 0.6533203125 0.091796875 0.0751953125
0 0.474609375 0.505859375 0.052734375 0.080078125
1 0.869140625 0.5947265625 0.0830078125 0.0673828125
0 0.5146484375 0.3271484375 0.033203125 0.0234375
1 0.142578125 0.439453125 0.021484375 0.025390625
0 0.5390625 0.630859375 0.1123046875 0.1298828125
1 0.80078125 0.712890625 0.0361328125 0.060546875
1 0.111328125 0.482421875 0.0341796875 0.0361328125
1 0.92578125 0.70703125 0.044921875 0.060546875
1 0.2216796875 0.404296875 0.03125 0.0361328125
1 0.611328125 0.521484375 0.0283203125 0.0517578125
0 0.576171875 0.408203125 0.0361328125 0.041015625
0 0.353515625 0.3212890625 0.0361328125 0.017578125
1 0.18359375 0.3896484375 0.017578125 0.0205078125
1 0.18359375 0.3525390625 0.013671875 0.0205078125
1 0.9609375 0.623046875 0.037109375 0.056640625
1 0.8291015625 0.560546875 0.029296875 0.041015625
0 0.224609375 0.357421875 0.0263671875 0.0283203125
1 0.0595703125 0.4794921875 0.025390625 0.037109375
1 0.9296875 0.533203125 0.056640625 0.0361328125
1 0.244140625 0.3466796875 0.0185546875 0.021484375
0 0.9189453125 0.833984375 0.072265625 0.1044921875
1 0.025390625 0.5625 0.0263671875 0.046875
1 0.37890625 0.447265625 0.0263671875 0.0439453125
1 0.12890625 0.423828125 0.017578125 0.0185546875
0 0.537109375 0.341796875 0.03125 0.0234375
1 0.1640625 0.4228515625 0.0126953125 0.017578125
1 0.95703125 0.6669921875 0.048828125 0.041015625
1 0.9716796875 0.7158203125 0.0283203125 0.041015625
0 0.4892578125 0.318359375 0.03125 0.025390625
1 0.6484375 0.4833984375 0.0185546875 0.0263671875
1 0.7119140625 0.513671875 0.0361328125 0.046875
1 0.2109375 0.4736328125 0.0185546875 0.037109375
1 0.021484375 0.47265625 0.025390625 0.033203125
1 0.455078125 0.359375 0.021484375 0.03125
1 0.470703125 0.568359375 0.048828125 0.068359375
1 0.6123046875 0.4892578125 0.021484375 0.0283203125
1 0.59765625 0.3984375 0.017578125 0.0341796875
0 0.064453125 0.384765625 0.048828125 0.025390625
1 0.18359375 0.458984375 0.0205078125 0.033203125
1 0.1103515625 0.408203125 0.029296875 0.03125
1 0.8896484375 0.38671875 0.017578125 0.0263671875
1 0.177734375 0.4716796875 0.09375 0.0908203125
1 0.42578125 0.4228515625 0.0234375 0.033203125