0 0.3203125 0.798828125 0.150390625 0.1767578125
1 0.580078125 0.525390625 0.029296875 0.072265625
0 0.666015625 0.6884765625 0.1220703125 0.173828125
1 0.095703125 0.7041015625 0.037109375 0.0576171875
1 0.431640625 0.43359375 0.017578125 0.029296875
0 0.509765625 0.5400390625 0.095703125 0.126953125
1 0.5625 0.392578125 0.015625 0.025390625
0 0.3154296875 0.6494140625 0.09375 0.111328125
1 0.640625 0.568359375 0.0341796875 0.0595703125
1 0.822265625 0.580078125 0.0888671875 0.091796875
1 0.3857421875 0.38671875 0.021484375 0.0263671875
1 0.693359375 0.5537109375 0.044921875 0.0673828125
0 0.2392578125 0.5107421875 0.0625 0.078125
1 0.892578125 0.654296875 0.080078125 0.0751953125
1 0.126953125 0.53515625 0.0283203125 0.0546875
0 0.509765625 0.349609375 0.0341796875 0.0439453125
1 0.1796875 0.583984375 0.03125 0.0419921875
1 0.1103515625 0.486328125 0.029296875 0.03125
1 0.48828125 0.470703125 0.0234375 0.033203125
1 0.541015625 0.501953125 0.0205078125 0.037109375
1 0.064453125 0.4775390625 0.033203125 0.033203125
1 0.208984375 0.56640625 0.03125 0.0546875
1 0.5947265625 0.4521484375 0.029296875 0.0361328125
0 0.3271484375 0.4912109375 0.0673828125 0.060546875
1 0.4697265625 0.4208984375 0.013671875 0.029296875
0 0.4794921875 0.357421875 0.0341796875 0.0390625
1 0.708984375 0.6240234375 0.033203125 0.064453125
1 0.7109375 0.5166015625 0.037109375 0.0361328125
1 0.1904296875 0.6982421875 0.046875 0.0810546875
0 0.2060546875 0.326171875 0.0439453125 0.025390625
1 0.9580078125 0.6962890625 0.0625 0.0732421875
1 0.423828125 0.365234375 0.0185546875 0.021484375
1 0.388671875 0.4970703125 0.021484375 0.046875
1 0.3486328125 0.43359375 0.0185546875 0.033203125
1 0.033203125 0.58203125 0.0419921875 0.0673828125
1 0.2177734375 0.416015625 0.0263671875 0.03125
1 0.171875 0.6328125 0.041015625 0.0595703125
0 0.255859375 0.404296875 0.046875 0.0419921875
0 0.3203125 0.5498046875 0.072265625 0.083984375
1 0.587890625 0.3984375 0.0126953125 0.021484375
1 0.3994140625 0.4072265625 0.013671875 0.0263671875
1 0.365234375 0.39453125 0.0185546875 0.029296875
0 0.939453125 0.52734375 0.09375 0.0732421875
1 0.892578125 0.3876953125 0.0205078125 0.03125
1 0.181640625 0.529296875 0.029296875 0.0361328125
1 0.6875 0.4677734375 0.041015625 0.029296875
0 0.1630859375 0.451171875 0.0576171875 0.044921875
1 0.8916015625 0.587890625 0.044921875 0.0576171875
1 0.55078125 0.556640625 0.0205078125 0.048828125
1 0.3583984375 0.359375 0.0234375 0.025390625
1 0.443359375 0.40625 0.021484375 0.0283203125
1 0.634765625 0.4384765625 0.03125 0.0263671875
1 0.0205078125 0.630859375 0.015625 0.064453125
1 0.3759765625 0.359375 0.017578125 0.025390625
1 0.8291015625 0.490234375 0.0419921875 0.0361328125
1 0.8427734375 0.5390625 0.0361328125 0.037109375
1 0.341796875 0.3544921875 0.0126953125 0.025390625
1 0.4541015625 0.4990234375 0.0205078125 0.044921875
0 0.3505859375 0.3212890625 0.033203125 0.017578125
0 0.2548828125 0.3349609375 0.046875 0.033203125
1 0.1494140625 0.3916015625 0.0234375 0.0234375
1 0.021484375 0.5185546875 0.021484375 0.0185546875
1 0.4501953125 0.373046875 0.037109375 0.037109375
1 0.40625 0.3603515625 0.021484375 0.0234375