0 0.3388671875 0.7060546875 0.109375 0.1376953125
0 0.580078125 0.521484375 0.0732421875 0.09375
0 0.587890625 0.623046875 0.1015625 0.123046875
1 0.634765625 0.529296875 0.0283203125 0.0498046875
1 0.705078125 0.642578125 0.0498046875 0.076171875
1 0.798828125 0.5927734375 0.0419921875 0.060546875
0 0.21484375 0.619140625 0.0859375 0.0986328125
1 0.818359375 0.70703125 0.0517578125 0.0673828125
1 0.525390625 0.666015625 0.0419921875 0.0654296875
0 0.3193359375 0.5390625 0.0703125 0.078125
0 0.134765625 0.4140625 0.0517578125 0.041015625
1 0.62890625 0.4951171875 0.029296875 0.037109375
1 0.501953125 0.5771484375 0.0283203125 0.0517578125
1 0.6630859375 0.5625 0.0263671875 0.052734375
1 0.392578125 0.578125 0.0283203125 0.046875
1 0.837890625 0.6123046875 0.046875 0.0595703125
0 0.2392578125 0.466796875 0.052734375 0.052734375
1 0.5888671875 0.4853515625 0.021484375 0.033203125
0 0.232421875 0.521484375 0.0673828125 0.068359375
1 0.7060546875 0.552734375 0.021484375 0.037109375
0 0.1875 0.3740234375 0.03125 0.029296875
0 0.5107421875 0.4072265625 0.037109375 0.0419921875
1 0.8330078125 0.560546875 0.03125 0.037109375
0 0.296875 0.443359375 0.0439453125 0.044921875
1 0.279296875 0.65234375 0.0361328125 0.0576171875
1 0.494140625 0.43359375 0.015625 0.033203125
1 0.880859375 0.82421875 0.056640625 0.0986328125
0 0.501953125 0.337890625 0.03125 0.0234375
0 0.466796875 0.470703125 0.0517578125 0.0517578125
1 0.537109375 0.458984375 0.025390625 0.0390625
1 0.9482421875 0.6787109375 0.072265625 0.095703125
1 0.1044921875 0.6865234375 0.0498046875 0.064453125
1 0.046875 0.7578125 0.041015625 0.052734375
0 0.943359375 0.578125 0.0810546875 0.0595703125
1 0.103515625 0.619140625 0.03125 0.048828125
1 0.0673828125 0.4794921875 0.041015625 0.041015625
1 0.50390625 0.525390625 0.0361328125 0.0703125
1 0.0283203125 0.560546875 0.03125 0.0439453125
0 0.4541015625 0.5390625 0.033203125 0.083984375
1 0.8896484375 0.654296875 0.080078125 0.0810546875
1 0.419921875 0.435546875 0.021484375 0.037109375
0 0.2890625 0.408203125 0.0439453125 0.033203125
1 0.4404296875 0.40625 0.025390625 0.0341796875
1 0.8935546875 0.5771484375 0.0341796875 0.0419921875
1 0.716796875 0.5234375 0.041015625 0.0439453125
0 0.1630859375 0.341796875 0.029296875 0.0234375
0 0.1611328125 0.4755859375 0.046875 0.0546875
1 0.4150390625 0.46484375 0.017578125 0.0361328125
1 0.607421875 0.5703125 0.0126953125 0.025390625
1 0.470703125 0.427734375 0.015625 0.0205078125
0 0.154296875 0.599609375 0.0341796875 0.048828125
1 0.1865234375 0.4580078125 0.0205078125 0.037109375
1 0.4697265625 0.3623046875 0.029296875 0.03125
1 0.1103515625 0.484375 0.0390625 0.0341796875