0 0.76953125 0.7734375 0.1826171875 0.203125
1 0.724609375 0.564453125 0.048828125 0.0751953125
1 0.6806640625 0.57421875 0.0517578125 0.0859375
0 0.5732421875 0.5263671875 0.078125 0.103515625
0 0.6669921875 0.4599609375 0.103515625 0.060546875
1 0.8173828125 0.576171875 0.078125 0.0908203125
0 0.4775390625 0.509765625 0.064453125 0.083984375
0 0.4892578125 0.361328125 0.037109375 0.029296875
0 0.33984375 0.7294921875 0.1015625 0.115234375
0 0.5458984375 0.650390625 0.126953125 0.1376953125
1 0.6279296875 0.53125 0.037109375 0.0654296875
0 0.5126953125 0.3291015625 0.03125 0.0234375
1 0.7412109375 0.646484375 0.060546875 0.072265625
1 0.96484375 0.619140625 0.0419921875 0.0576171875
0 0.541015625 0.3427734375 0.0341796875 0.0234375
1 0.3798828125 0.4560546875 0.021484375 0.03125
1 0.5712890625 0.4462890625 0.0205078125 0.033203125
1 0.9443359375 0.69140625 0.080078125 0.080078125
1 0.201171875 0.4619140625 0.0283203125 0.0361328125
1 0.490234375 0.4482421875 0.025390625 0.037109375
1 0.173828125 0.486328125 0.0283203125 0.0419921875
1 0.884765625 0.640625 0.099609375 0.0810546875
1 0.91015625 0.541015625 0.0576171875 0.0419921875
1 0.515625 0.482421875 0.0283203125 0.0390625
1 0.66796875 0.5283203125 0.0263671875 0.0439453125
1 0.2109375 0.396484375 0.0283203125 0.029296875
1 0.5947265625 0.427734375 0.017578125 0.0283203125
1 0.1064453125 0.4794921875 0.037109375 0.037109375
1 0.712890625 0.5107421875 0.0341796875 0.041015625
0 0.234375 0.3671875 0.0654296875 0.037109375
1 0.123046875 0.423828125 0.0283203125 0.025390625
1 0.599609375 0.6005859375 0.03125 0.064453125
0 0.353515625 0.3212890625 0.033203125 0.017578125
1 0.455078125 0.365234375 0.017578125 0.029296875
1 0.357421875 0.427734375 0.0234375 0.029296875
0 0.1298828125 0.703125 0.0439453125 0.0751953125
1 0.0576171875 0.4794921875 0.021484375 0.037109375
1 0.4833984375 0.564453125 0.0390625 0.056640625
1 0.8935546875 0.5849609375 0.0439453125 0.048828125
1 0.59765625 0.3984375 0.017578125 0.0341796875
1 0.626953125 0.474609375 0.013671875 0.0263671875
1 0.021484375 0.478515625 0.025390625 0.041015625
1 0.091796875 0.4033203125 0.025390625 0.0283203125
1 0.4267578125 0.4267578125 0.021484375 0.0283203125
1 0.890625 0.384765625 0.015625 0.0283203125
1 0.14453125 0.451171875 0.0205078125 0.0263671875
0 0.0478515625 0.3798828125 0.033203125 0.0185546875
0 0.2431640625 0.3388671875 0.0390625 0.025390625
0 0.455078125 0.4541015625 0.048828125 0.0576171875
1 0.181640625 0.380859375 0.0126953125 0.0234375