0 0.1259765625 0.7314453125 0.111328125 0.130859375
1 0.685546875 0.630859375 0.0439453125 0.076171875
1 0.5703125 0.7412109375 0.041015625 0.095703125
0 0.1845703125 0.5556640625 0.0751953125 0.0830078125
0 0.560546875 0.619140625 0.111328125 0.126953125
1 0.7607421875 0.65625 0.041015625 0.0654296875
1 0.802734375 0.7373046875 0.048828125 0.0625
1 0.6123046875 0.5380859375 0.0283203125 0.0576171875
0 0.529296875 0.5205078125 0.0751953125 0.072265625
1 0.703125 0.716796875 0.046875 0.064453125
1 0.63671875 0.5888671875 0.033203125 0.0625
1 0.798828125 0.5771484375 0.0439453125 0.060546875
0 0.3330078125 0.513671875 0.0654296875 0.072265625
0 0.3017578125 0.4619140625 0.052734375 0.048828125
1 0.6904296875 0.5478515625 0.0498046875 0.0576171875
0 0.474609375 0.388671875 0.041015625 0.048828125
1 0.669921875 0.802734375 0.046875 0.0595703125
1 0.103515625 0.59375 0.0341796875 0.052734375
1 0.94140625 0.685546875 0.0859375 0.0888671875
0 0.6025390625 0.451171875 0.0830078125 0.052734375
1 0.763671875 0.8193359375 0.064453125 0.126953125
1 0.5302734375 0.4580078125 0.0205078125 0.037109375
0 0.478515625 0.4404296875 0.044921875 0.0498046875
1 0.8447265625 0.6015625 0.0361328125 0.0439453125
1 0.935546875 0.8447265625 0.0703125 0.0859375
1 0.646484375 0.537109375 0.0234375 0.046875
1 0.876953125 0.669921875 0.076171875 0.0751953125
0 0.4345703125 0.4130859375 0.0439453125 0.048828125
1 0.1572265625 0.4716796875 0.0205078125 0.0283203125
1 0.6142578125 0.4990234375 0.0185546875 0.0361328125
1 0.142578125 0.490234375 0.0185546875 0.033203125
0 0.4873046875 0.357421875 0.037109375 0.033203125
1 0.5458984375 0.408203125 0.0234375 0.0361328125
1 0.267578125 0.599609375 0.0263671875 0.052734375
1 0.4794921875 0.599609375 0.0283203125 0.056640625
1 0.064453125 0.478515625 0.0419921875 0.037109375
1 0.6494140625 0.8564453125 0.0517578125 0.072265625
0 0.1904296875 0.4072265625 0.0498046875 0.0419921875
1 0.2509765625 0.486328125 0.017578125 0.029296875
1 0.0263671875 0.4931640625 0.03125 0.0361328125
1 0.73046875 0.5390625 0.0361328125 0.041015625
0 0.21484375 0.4521484375 0.0517578125 0.0361328125
1 0.12109375 0.556640625 0.0205078125 0.0283203125
0 0.5341796875 0.3544921875 0.0341796875 0.0341796875
1 0.1005859375 0.4775390625 0.0361328125 0.0361328125
1 0.8974609375 0.5849609375 0.0419921875 0.048828125
1 0.9267578125 0.609375 0.041015625 0.037109375
1 0.025390625 0.560546875 0.0263671875 0.0439453125
1 0.5888671875 0.4150390625 0.0185546875 0.0234375
0 0.193359375 0.3779296875 0.0439453125 0.0283203125
1 0.974609375 0.6376953125 0.0283203125 0.052734375
1 0.20703125 0.818359375 0.048828125 0.0498046875
0 0.2509765625 0.380859375 0.0517578125 0.037109375
1 0.44921875 0.494140625 0.044921875 0.076171875
1 0.82421875 0.537109375 0.0205078125 0.0390625
1 0.5234375 0.427734375 0.037109375 0.0390625
1 0.439453125 0.3623046875 0.0185546875 0.025390625
0 0.353515625 0.3203125 0.0341796875 0.0185546875
1 0.900390625 0.732421875 0.0283203125 0.0751953125
1 0.8486328125 0.552734375 0.03125 0.046875
1 0.552734375 0.380859375 0.0185546875 0.033203125
0 0.2685546875 0.4111328125 0.0341796875 0.03125
1 0.97265625 0.7314453125 0.0263671875 0.072265625