0 0.322265625 0.80078125 0.1484375 0.1767578125
1 0.603515625 0.666015625 0.046875 0.0810546875
0 0.31640625 0.6494140625 0.091796875 0.111328125
1 0.6572265625 0.6064453125 0.0390625 0.046875
1 0.701171875 0.552734375 0.03125 0.041015625
1 0.5146484375 0.4208984375 0.029296875 0.029296875
0 0.2421875 0.513671875 0.0654296875 0.0810546875
1 0.548828125 0.43359375 0.0234375 0.0263671875
1 0.126953125 0.544921875 0.029296875 0.044921875
0 0.5322265625 0.4755859375 0.076171875 0.0830078125
1 0.564453125 0.3896484375 0.0185546875 0.0263671875
1 0.8232421875 0.5859375 0.087890625 0.078125
1 0.400390625 0.6103515625 0.0283203125 0.0732421875
1 0.3935546875 0.42578125 0.0185546875 0.033203125
1 0.689453125 0.681640625 0.048828125 0.0517578125
1 0.119140625 0.63671875 0.0361328125 0.048828125
0 0.5068359375 0.3447265625 0.029296875 0.0361328125
1 0.947265625 0.689453125 0.0732421875 0.0810546875
1 0.73046875 0.5361328125 0.0419921875 0.046875
1 0.171875 0.57421875 0.03125 0.0546875
1 0.591796875 0.39453125 0.0185546875 0.0263671875
0 0.326171875 0.4912109375 0.068359375 0.060546875
1 0.4267578125 0.4453125 0.015625 0.03125
1 0.0830078125 0.6806640625 0.03125 0.0546875
1 0.04296875 0.564453125 0.0234375 0.0439453125
1 0.8896484375 0.6455078125 0.080078125 0.0810546875
1 0.6669921875 0.791015625 0.072265625 0.1044921875
1 0.142578125 0.5078125 0.0234375 0.0341796875
0 0.4794921875 0.3564453125 0.03125 0.037109375
1 0.0595703125 0.48046875 0.0283203125 0.0390625
0 0.3203125 0.548828125 0.072265625 0.080078125
1 0.8359375 0.759765625 0.0625 0.091796875
1 0.640625 0.458984375 0.037109375 0.0390625
1 0.083984375 0.486328125 0.0263671875 0.0361328125
0 0.541015625 0.3359375 0.0390625 0.03125
1 0.6162109375 0.4375 0.029296875 0.0341796875
0 0.251953125 0.396484375 0.048828125 0.0517578125
1 0.1943359375 0.560546875 0.0263671875 0.0439453125
0 0.142578125 0.4248046875 0.0419921875 0.041015625
1 0.466796875 0.44140625 0.013671875 0.0205078125
1 0.1748046875 0.490234375 0.0439453125 0.046875
1 0.130859375 0.87109375 0.078125 0.0419921875
1 0.4013671875 0.3623046875 0.0185546875 0.0185546875
1 0.037109375 0.81640625 0.0341796875 0.0703125
1 0.89453125 0.583984375 0.0419921875 0.052734375
1 0.2119140625 0.412109375 0.033203125 0.0361328125
1 0.8251953125 0.8740234375 0.037109375 0.033203125
1 0.8408203125 0.5439453125 0.0341796875 0.0439453125
1 0.970703125 0.5234375 0.0283203125 0.025390625
1 0.494140625 0.509765625 0.0185546875 0.0341796875
1 0.8955078125 0.541015625 0.0283203125 0.0341796875
0 0.958984375 0.576171875 0.0576171875 0.0576171875
1 0.1318359375 0.470703125 0.0205078125 0.0263671875
1 0.4560546875 0.423828125 0.0185546875 0.044921875
1 0.603515625 0.59375 0.029296875 0.046875
1 0.20703125 0.763671875 0.0390625 0.056640625
0 0.912109375 0.5009765625 0.0498046875 0.0390625
0 0.408203125 0.3896484375 0.0361328125 0.033203125
1 0.2841796875 0.361328125 0.0185546875 0.025390625
1 0.958984375 0.626953125 0.041015625 0.056640625
1 0.2607421875 0.8623046875 0.068359375 0.056640625
1 0.46484375 0.671875 0.0263671875 0.0654296875
1 0.060546875 0.861328125 0.044921875 0.044921875
1 0.5478515625 0.41015625 0.013671875 0.0234375
0 0.216796875 0.32421875 0.048828125 0.0234375
1 0.109375 0.775390625 0.041015625 0.0673828125