0 0.322265625 0.798828125 0.1435546875 0.1767578125
0 0.2021484375 0.673828125 0.0986328125 0.1171875
1 0.796875 0.822265625 0.0654296875 0.091796875
1 0.6904296875 0.6611328125 0.037109375 0.052734375
1 0.744140625 0.646484375 0.0390625 0.0673828125
1 0.568359375 0.451171875 0.0234375 0.0390625
1 0.658203125 0.57421875 0.033203125 0.048828125
0 0.16015625 0.4833984375 0.0517578125 0.048828125
1 0.7978515625 0.5751953125 0.0419921875 0.0595703125
0 0.2265625 0.5751953125 0.0810546875 0.087890625
0 0.318359375 0.61328125 0.0830078125 0.0986328125
1 0.6123046875 0.673828125 0.0283203125 0.056640625
1 0.5986328125 0.4482421875 0.0185546875 0.0341796875
0 0.4794921875 0.4609375 0.052734375 0.0625
1 0.171875 0.5615234375 0.025390625 0.044921875
1 0.638671875 0.796875 0.046875 0.072265625
1 0.6943359375 0.5322265625 0.029296875 0.0361328125
0 0.525390625 0.439453125 0.0498046875 0.064453125
1 0.947265625 0.6865234375 0.0732421875 0.0830078125
0 0.240234375 0.509765625 0.0595703125 0.0654296875
1 0.8505859375 0.591796875 0.060546875 0.0673828125
0 0.3115234375 0.482421875 0.0517578125 0.056640625
1 0.64453125 0.458984375 0.0361328125 0.0419921875
1 0.501953125 0.546875 0.0234375 0.046875
1 0.1552734375 0.525390625 0.0263671875 0.037109375
1 0.056640625 0.4833984375 0.0263671875 0.033203125
1 0.611328125 0.5810546875 0.0283203125 0.0341796875
0 0.201171875 0.4033203125 0.041015625 0.037109375
1 0.123046875 0.6396484375 0.0439453125 0.1015625
1 0.705078125 0.76171875 0.046875 0.0673828125
1 0.73046875 0.5380859375 0.0390625 0.044921875
0 0.521484375 0.3857421875 0.033203125 0.0341796875
1 0.03125 0.595703125 0.037109375 0.060546875
1 0.623046875 0.525390625 0.021484375 0.0361328125
1 0.16796875 0.810546875 0.0419921875 0.0654296875
1 0.501953125 0.419921875 0.0185546875 0.0361328125
1 0.107421875 0.5458984375 0.029296875 0.0390625
1 0.1142578125 0.515625 0.025390625 0.03125
1 0.7099609375 0.5537109375 0.017578125 0.029296875
1 0.5517578125 0.419921875 0.0185546875 0.0263671875
0 0.515625 0.3349609375 0.037109375 0.029296875
1 0.5732421875 0.3984375 0.0185546875 0.0283203125
1 0.6318359375 0.73046875 0.033203125 0.044921875
1 0.474609375 0.419921875 0.0234375 0.03125
0 0.4873046875 0.3505859375 0.03125 0.029296875
1 0.443359375 0.4130859375 0.015625 0.0263671875
1 0.177734375 0.4150390625 0.015625 0.0263671875
0 0.3515625 0.3212890625 0.03125 0.017578125
1 0.9326171875 0.609375 0.056640625 0.046875
1 0.556640625 0.755859375 0.0419921875 0.0859375
1 0.447265625 0.384765625 0.015625 0.0205078125
0 0.306640625 0.443359375 0.0546875 0.0390625
1 0.8955078125 0.583984375 0.037109375 0.0595703125
1 0.359375 0.4541015625 0.0185546875 0.029296875
1 0.6650390625 0.6162109375 0.1484375 0.173828125
1 0.5927734375 0.392578125 0.0205078125 0.029296875
1 0.560546875 0.3974609375 0.0732421875 0.0830078125
1 0.4609375 0.373046875 0.025390625 0.0361328125
1 0.876953125 0.7099609375 0.076171875 0.1044921875
1 0.623046875 0.494140625 0.0205078125 0.0283203125
0 0.220703125 0.3447265625 0.025390625 0.0234375
1 0.9755859375 0.630859375 0.0234375 0.0595703125
1 0.416015625 0.4033203125 0.013671875 0.025390625
1 0.4404296875 0.861328125 0.0341796875 0.029296875
1 0.103515625 0.4833984375 0.041015625 0.0419921875
1 0.021484375 0.47265625 0.0205078125 0.0234375
0 0.9453125 0.5654296875 0.0810546875 0.056640625
0 0.3359375 0.3974609375 0.052734375 0.0390625