0 0.322265625 0.8017578125 0.142578125 0.1748046875
0 0.095703125 0.6923828125 0.091796875 0.1220703125
0 0.1982421875 0.67578125 0.1064453125 0.1201171875
1 0.6923828125 0.5439453125 0.0498046875 0.056640625
0 0.240234375 0.509765625 0.0654296875 0.072265625
1 0.2099609375 0.8427734375 0.0517578125 0.076171875
0 0.3173828125 0.6474609375 0.09375 0.107421875
1 0.892578125 0.6533203125 0.0888671875 0.0810546875
0 0.4814453125 0.3603515625 0.037109375 0.029296875
0 0.224609375 0.5771484375 0.078125 0.0888671875
1 0.818359375 0.5791015625 0.0810546875 0.0830078125
0 0.490234375 0.486328125 0.0810546875 0.091796875
0 0.525390625 0.3330078125 0.0498046875 0.037109375
0 0.3203125 0.5498046875 0.072265625 0.0810546875
1 0.560546875 0.46875 0.0205078125 0.03125
0 0.328125 0.4912109375 0.068359375 0.064453125
1 0.1748046875 0.5009765625 0.0498046875 0.0546875
1 0.41796875 0.455078125 0.0234375 0.041015625
1 0.44921875 0.4365234375 0.017578125 0.0234375
1 0.150390625 0.412109375 0.015625 0.0263671875
1 0.5322265625 0.462890625 0.0234375 0.037109375
1 0.9599609375 0.7001953125 0.0546875 0.0751953125
1 0.6767578125 0.46875 0.0283203125 0.0283203125
1 0.8935546875 0.5859375 0.041015625 0.0595703125
1 0.1845703125 0.4169921875 0.0185546875 0.0283203125
1 0.474609375 0.4111328125 0.021484375 0.037109375
1 0.5888671875 0.4697265625 0.015625 0.0263671875
1 0.93359375 0.611328125 0.0419921875 0.0498046875
1 0.0537109375 0.8193359375 0.0361328125 0.060546875
0 0.2294921875 0.33984375 0.0283203125 0.0205078125
1 0.5859375 0.3984375 0.021484375 0.03125
1 0.513671875 0.435546875 0.021484375 0.0390625
1 0.5556640625 0.501953125 0.0205078125 0.0419921875
1 0.712890625 0.486328125 0.0361328125 0.029296875
0 0.185546875 0.376953125 0.03125 0.0361328125
1 0.392578125 0.6416015625 0.0341796875 0.0888671875
1 0.064453125 0.4794921875 0.0361328125 0.037109375
0 0.3525390625 0.3203125 0.033203125 0.015625
1 0.896484375 0.54296875 0.037109375 0.033203125
1 0.119140625 0.8447265625 0.025390625 0.0419921875
1 0.4951171875 0.4384765625 0.0185546875 0.0263671875
1 0.408203125 0.4228515625 0.021484375 0.033203125
1 0.81640625 0.5341796875 0.029296875 0.041015625
1 0.6318359375 0.43359375 0.033203125 0.0263671875
1 0.349609375 0.4404296875 0.013671875 0.025390625
1 0.03515625 0.5908203125 0.0361328125 0.0810546875
1 0.97265625 0.6328125 0.033203125 0.0595703125
0 0.091796875 0.4228515625 0.078125 0.0390625
1 0.17578125 0.462890625 0.0263671875 0.0341796875
0 0.068359375 0.322265625 0.0341796875 0.021484375
1 0.556640625 0.416015625 0.0908203125 0.103515625
0 0.3134765625 0.4345703125 0.0703125 0.083984375
1 0.1494140625 0.466796875 0.0234375 0.0263671875
0 0.259765625 0.412109375 0.060546875 0.048828125
1 0.205078125 0.4853515625 0.0205078125 0.044921875
1 0.431640625 0.6865234375 0.033203125 0.0546875
1 0.439453125 0.3603515625 0.0185546875 0.0263671875
1 0.240234375 0.642578125 0.0263671875 0.041015625
1 0.4931640625 0.400390625 0.0234375 0.0498046875
1 0.5361328125 0.3798828125 0.0126953125 0.025390625
1 0.5908203125 0.4384765625 0.0185546875 0.0263671875