0 0.154296875 0.5869140625 0.0751953125 0.0830078125
0 0.5947265625 0.638671875 0.1171875 0.140625
0 0.7060546875 0.8173828125 0.177734375 0.1435546875
0 0.3564453125 0.81640625 0.1376953125 0.1455078125
1 0.689453125 0.54296875 0.048828125 0.048828125
0 0.58984375 0.466796875 0.064453125 0.0810546875
1 0.818359375 0.5859375 0.068359375 0.072265625
1 0.6611328125 0.599609375 0.0341796875 0.048828125
0 0.494140625 0.505859375 0.0703125 0.087890625
1 0.3017578125 0.6103515625 0.0283203125 0.044921875
1 0.2412109375 0.5478515625 0.029296875 0.0576171875
1 0.8642578125 0.662109375 0.056640625 0.0654296875
1 0.578125 0.736328125 0.0498046875 0.0703125
1 0.779296875 0.6923828125 0.037109375 0.0498046875
1 0.591796875 0.5283203125 0.03125 0.0439453125
1 0.880859375 0.79296875 0.0751953125 0.0859375
0 0.185546875 0.478515625 0.0654296875 0.064453125
1 0.9404296875 0.685546875 0.083984375 0.0888671875
1 0.509765625 0.5654296875 0.0390625 0.0498046875
0 0.36328125 0.513671875 0.080078125 0.1298828125
1 0.794921875 0.8125 0.044921875 0.0654296875
0 0.306640625 0.4609375 0.052734375 0.056640625
1 0.505859375 0.64453125 0.048828125 0.060546875
1 0.548828125 0.4296875 0.021484375 0.0341796875
1 0.484375 0.447265625 0.021484375 0.0341796875
1 0.73046875 0.5400390625 0.044921875 0.048828125
0 0.423828125 0.455078125 0.060546875 0.0576171875
1 0.029296875 0.5908203125 0.0361328125 0.0654296875
1 0.5654296875 0.4169921875 0.021484375 0.03125
0 0.474609375 0.3740234375 0.033203125 0.0361328125
1 0.119140625 0.6650390625 0.052734375 0.080078125
0 0.1962890625 0.412109375 0.048828125 0.0390625
0 0.27734375 0.4267578125 0.0546875 0.0439453125
1 0.1416015625 0.4658203125 0.0263671875 0.037109375
0 0.23046875 0.642578125 0.0986328125 0.0859375
1 0.498046875 0.4091796875 0.0234375 0.03125
1 0.6142578125 0.49609375 0.0185546875 0.0263671875
1 0.884765625 0.5927734375 0.064453125 0.060546875
1 0.791015625 0.748046875 0.037109375 0.0498046875
1 0.6630859375 0.505859375 0.0205078125 0.0341796875
0 0.2275390625 0.3505859375 0.029296875 0.0234375
1 0.4658203125 0.4052734375 0.0185546875 0.0361328125
1 0.587890625 0.40625 0.017578125 0.037109375
1 0.9287109375 0.611328125 0.0390625 0.0390625
1 0.52734375 0.46875 0.0361328125 0.0439453125
0 0.5234375 0.35546875 0.03125 0.029296875
0 0.1865234375 0.357421875 0.029296875 0.0234375
1 0.02734375 0.4814453125 0.033203125 0.041015625
1 0.9052734375 0.869140625 0.0390625 0.0390625
1 0.8134765625 0.54296875 0.029296875 0.0419921875
1 0.8984375 0.5458984375 0.0341796875 0.0361328125
1 0.8984375 0.72265625 0.0341796875 0.0703125
1 0.0537109375 0.80078125 0.048828125 0.091796875
1 0.955078125 0.6298828125 0.0341796875 0.046875
1 0.451171875 0.375 0.0205078125 0.025390625
1 0.43359375 0.416015625 0.017578125 0.0283203125
0 0.3515625 0.322265625 0.03125 0.0185546875
0 0.177734375 0.384765625 0.041015625 0.033203125
1 0.580078125 0.6865234375 0.0263671875 0.0390625
1 0.5791015625 0.376953125 0.0205078125 0.0263671875