0 0.322265625 0.798828125 0.150390625 0.1767578125
1 0.5791015625 0.533203125 0.0234375 0.0625
1 0.7109375 0.8232421875 0.0341796875 0.0625
0 0.1806640625 0.775390625 0.123046875 0.1640625
1 0.689453125 0.548828125 0.046875 0.0546875
0 0.240234375 0.509765625 0.0625 0.072265625
1 0.6669921875 0.6357421875 0.0341796875 0.0625
1 0.8212890625 0.5830078125 0.0830078125 0.083984375
1 0.7744140625 0.7978515625 0.048828125 0.0732421875
1 0.546875 0.6953125 0.03125 0.0625
1 0.654296875 0.6806640625 0.0390625 0.060546875
0 0.3154296875 0.650390625 0.087890625 0.109375
0 0.224609375 0.580078125 0.078125 0.087890625
1 0.9443359375 0.6884765625 0.080078125 0.0830078125
1 0.5634765625 0.392578125 0.013671875 0.0234375
1 0.1337890625 0.6630859375 0.0390625 0.0546875
0 0.505859375 0.3466796875 0.03125 0.0341796875
1 0.158203125 0.580078125 0.0283203125 0.064453125
1 0.044921875 0.5830078125 0.0283203125 0.0439453125
1 0.09765625 0.6552734375 0.0390625 0.0517578125
1 0.5927734375 0.396484375 0.017578125 0.025390625
1 0.666015625 0.5849609375 0.0263671875 0.0419921875
1 0.572265625 0.4326171875 0.017578125 0.0283203125
0 0.326171875 0.490234375 0.0654296875 0.0595703125
1 0.7841796875 0.705078125 0.0439453125 0.0673828125
0 0.3212890625 0.5517578125 0.0703125 0.078125
1 0.5322265625 0.419921875 0.017578125 0.0234375
0 0.255859375 0.396484375 0.056640625 0.0546875
1 0.06640625 0.48046875 0.0390625 0.0390625
1 0.4208984375 0.4599609375 0.017578125 0.0263671875
1 0.376953125 0.5927734375 0.0283203125 0.044921875
0 0.4794921875 0.3583984375 0.0341796875 0.0361328125
1 0.4833984375 0.4140625 0.017578125 0.025390625
0 0.3681640625 0.3505859375 0.0576171875 0.0361328125
1 0.1201171875 0.50390625 0.021484375 0.0390625
0 0.533203125 0.3291015625 0.0439453125 0.029296875
1 0.412109375 0.416015625 0.0185546875 0.03125
1 0.48046875 0.6337890625 0.0390625 0.060546875
1 0.89453125 0.5859375 0.048828125 0.0595703125
1 0.5078125 0.369140625 0.015625 0.025390625
1 0.380859375 0.3896484375 0.021484375 0.029296875
1 0.4736328125 0.591796875 0.037109375 0.0341796875
1 0.1572265625 0.529296875 0.0263671875 0.046875
1 0.8408203125 0.54296875 0.03125 0.0390625
1 0.9560546875 0.5244140625 0.03125 0.029296875
1 0.146484375 0.4130859375 0.0263671875 0.033203125
1 0.1875 0.4990234375 0.0283203125 0.0419921875
1 0.21484375 0.412109375 0.033203125 0.037109375
1 0.6484375 0.8662109375 0.041015625 0.044921875
1 0.8955078125 0.5458984375 0.0283203125 0.0419921875
1 0.361328125 0.365234375 0.0126953125 0.0185546875
1 0.1748046875 0.421875 0.0185546875 0.0283203125
1 0.6826171875 0.458984375 0.0283203125 0.0263671875
1 0.6318359375 0.4375 0.044921875 0.037109375
1 0.8662109375 0.423828125 0.0234375 0.025390625
1 0.4404296875 0.61328125 0.0283203125 0.0361328125
1 0.5654296875 0.4140625 0.083984375 0.0625
1 0.443359375 0.4140625 0.015625 0.037109375
1 0.9658203125 0.5986328125 0.0439453125 0.0654296875
1 0.0234375 0.560546875 0.021484375 0.044921875
0 0.4931640625 0.318359375 0.0361328125 0.0205078125
1 0.0263671875 0.87109375 0.03125 0.0361328125