0 0.193359375 0.748046875 0.126953125 0.162109375
0 0.51171875 0.421875 0.0546875 0.0498046875
0 0.5390625 0.5048828125 0.130859375 0.068359375
0 0.337890625 0.728515625 0.0986328125 0.119140625
0 0.33203125 0.46875 0.0986328125 0.0654296875
1 0.0830078125 0.7578125 0.0498046875 0.068359375
0 0.5400390625 0.349609375 0.0419921875 0.0390625
1 0.2392578125 0.490234375 0.0341796875 0.037109375
1 0.552734375 0.4560546875 0.0341796875 0.037109375
1 0.728515625 0.603515625 0.041015625 0.037109375
1 0.619140625 0.4873046875 0.0390625 0.037109375
1 0.1640625 0.4580078125 0.021484375 0.03125
1 0.548828125 0.38671875 0.017578125 0.0263671875
1 0.349609375 0.513671875 0.0390625 0.0390625
0 0.4931640625 0.3486328125 0.0390625 0.0341796875
1 0.119140625 0.6064453125 0.037109375 0.0439453125
1 0.2958984375 0.4345703125 0.0234375 0.025390625
1 0.287109375 0.5078125 0.033203125 0.041015625
1 0.38671875 0.5078125 0.0390625 0.037109375
1 0.6025390625 0.5625 0.0703125 0.052734375
1 0.4296875 0.6669921875 0.046875 0.0595703125
1 0.5009765625 0.4619140625 0.0361328125 0.0361328125
1 0.4677734375 0.376953125 0.0234375 0.029296875
1 0.1796875 0.435546875 0.0341796875 0.0283203125
1 0.283203125 0.458984375 0.0185546875 0.025390625
1 0.30859375 0.833984375 0.048828125 0.09375
1 0.337890625 0.5439453125 0.0439453125 0.037109375
1 0.5830078125 0.4638671875 0.025390625 0.0283203125
0 0.2353515625 0.3671875 0.0576171875 0.0341796875
1 0.5673828125 0.36328125 0.0185546875 0.0234375
1 0.70703125 0.5615234375 0.0673828125 0.048828125
1 0.4052734375 0.3837890625 0.013671875 0.0234375
1 0.478515625 0.6123046875 0.0439453125 0.0654296875
1 0.419921875 0.7412109375 0.0439453125 0.064453125
1 0.4482421875 0.8603515625 0.046875 0.060546875
1 0.595703125 0.6455078125 0.048828125 0.056640625
1 0.2373046875 0.42578125 0.0283203125 0.0263671875
1 0.146484375 0.4140625 0.0185546875 0.021484375
0 0.796875 0.552734375 0.0966796875 0.0517578125
1 0.125 0.541015625 0.0283203125 0.0390625
1 0.650390625 0.513671875 0.0439453125 0.033203125
1 0.07421875 0.5107421875 0.0205078125 0.021484375
1 0.4501953125 0.791015625 0.03125 0.0390625
1 0.435546875 0.365234375 0.015625 0.0234375
1 0.03125 0.5537109375 0.037109375 0.0390625
0 0.1796875 0.3681640625 0.0498046875 0.033203125
1 0.619140625 0.462890625 0.0205078125 0.029296875
1 0.4638671875 0.6591796875 0.03125 0.0654296875
1 0.84375 0.6201171875 0.056640625 0.046875
0 0.958984375 0.580078125 0.0576171875 0.0595703125
1 0.1123046875 0.4228515625 0.0185546875 0.0263671875
1 0.515625 0.8271484375 0.037109375 0.0703125
1 0.453125 0.359375 0.015625 0.0185546875
1 0.05859375 0.478515625 0.017578125 0.033203125
0 0.189453125 0.8759765625 0.1064453125 0.029296875
1 0.177734375 0.326171875 0.025390625 0.0205078125
1 0.4541015625 0.72265625 0.0361328125 0.0546875
1 0.076171875 0.5576171875 0.125 0.1435546875
1 0.0732421875 0.40625 0.0126953125 0.0185546875
1 0.0986328125 0.494140625 0.052734375 0.052734375