0 0.3232421875 0.798828125 0.1533203125 0.1767578125
0 0.181640625 0.7373046875 0.1328125 0.146484375
1 0.7001953125 0.7548828125 0.056640625 0.134765625
0 0.5615234375 0.513671875 0.0888671875 0.1044921875
0 0.31640625 0.6484375 0.091796875 0.109375
1 0.7646484375 0.712890625 0.0517578125 0.0546875
1 0.693359375 0.546875 0.052734375 0.056640625
1 0.0986328125 0.697265625 0.041015625 0.0625
1 0.541015625 0.42578125 0.0185546875 0.029296875
1 0.486328125 0.435546875 0.021484375 0.0419921875
1 0.5634765625 0.390625 0.017578125 0.025390625
1 0.43359375 0.4033203125 0.013671875 0.025390625
1 0.412109375 0.431640625 0.0185546875 0.0361328125
1 0.822265625 0.58203125 0.083984375 0.080078125
1 0.572265625 0.447265625 0.0283203125 0.0341796875
1 0.8935546875 0.6611328125 0.083984375 0.078125
0 0.240234375 0.5166015625 0.064453125 0.080078125
1 0.6162109375 0.4599609375 0.0234375 0.033203125
1 0.486328125 0.4990234375 0.0234375 0.0390625
1 0.1591796875 0.572265625 0.037109375 0.052734375
1 0.826171875 0.8369140625 0.068359375 0.076171875
1 0.0546875 0.5986328125 0.041015625 0.056640625
0 0.4794921875 0.357421875 0.0341796875 0.0390625
0 0.3271484375 0.490234375 0.0673828125 0.0595703125
1 0.134765625 0.517578125 0.033203125 0.041015625
1 0.90234375 0.544921875 0.029296875 0.033203125
1 0.5927734375 0.396484375 0.017578125 0.025390625
1 0.4189453125 0.615234375 0.056640625 0.064453125
1 0.9580078125 0.701171875 0.0595703125 0.072265625
0 0.3203125 0.548828125 0.072265625 0.0830078125
1 0.5078125 0.365234375 0.0185546875 0.0283203125
0 0.126953125 0.4130859375 0.0390625 0.0361328125
1 0.119140625 0.5927734375 0.0263671875 0.0419921875
0 0.505859375 0.341796875 0.0263671875 0.0263671875
0 0.25390625 0.3955078125 0.0517578125 0.056640625
1 0.556640625 0.5986328125 0.0263671875 0.0595703125
1 0.443359375 0.458984375 0.017578125 0.041015625
1 0.376953125 0.404296875 0.0185546875 0.0234375
1 0.369140625 0.361328125 0.015625 0.025390625
1 0.712890625 0.5107421875 0.0419921875 0.037109375
1 0.96484375 0.5205078125 0.0419921875 0.03125
1 0.482421875 0.40625 0.021484375 0.025390625
1 0.904296875 0.513671875 0.041015625 0.041015625
0 0.533203125 0.349609375 0.0283203125 0.033203125
1 0.451171875 0.427734375 0.013671875 0.033203125
1 0.095703125 0.611328125 0.03125 0.0498046875
1 0.068359375 0.4794921875 0.0419921875 0.041015625
1 0.720703125 0.470703125 0.0283203125 0.0283203125
1 0.1806640625 0.4716796875 0.048828125 0.0498046875
1 0.9345703125 0.6083984375 0.041015625 0.0390625
1 0.048828125 0.8154296875 0.029296875 0.0625
1 0.181640625 0.544921875 0.021484375 0.0390625
1 0.587890625 0.43359375 0.013671875 0.0361328125
0 0.525390625 0.32421875 0.029296875 0.017578125
1 0.619140625 0.4296875 0.013671875 0.0283203125
1 0.455078125 0.357421875 0.015625 0.03125
1 0.1875 0.419921875 0.041015625 0.037109375
1 0.1611328125 0.423828125 0.0185546875 0.0234375
1 0.892578125 0.5849609375 0.0439453125 0.0546875
1 0.1083984375 0.4892578125 0.033203125 0.037109375
1 0.8427734375 0.5400390625 0.0263671875 0.0361328125
1 0.4287109375 0.3671875 0.013671875 0.021484375
1 0.0244140625 0.5615234375 0.0234375 0.048828125
1 0.34765625 0.353515625 0.013671875 0.0263671875
1 0.5712890625 0.4111328125 0.0888671875 0.1123046875
0 0.369140625 0.3251953125 0.0517578125 0.021484375
1 0.9375 0.654296875 0.0283203125 0.046875