0 0.193359375 0.748046875 0.126953125 0.162109375
0 0.51171875 0.421875 0.0546875 0.0498046875
0 0.3369140625 0.7294921875 0.0986328125 0.1220703125
0 0.517578125 0.5009765625 0.1142578125 0.0673828125
1 0.220703125 0.484375 0.033203125 0.037109375
0 0.314453125 0.46484375 0.09375 0.064453125
1 0.361328125 0.5 0.0361328125 0.037109375
1 0.265625 0.498046875 0.03125 0.037109375
1 0.3115234375 0.5341796875 0.0390625 0.0341796875
0 0.5400390625 0.349609375 0.0419921875 0.0361328125
1 0.1259765625 0.5859375 0.033203125 0.0498046875
1 0.697265625 0.5908203125 0.0439453125 0.046875
1 0.474609375 0.390625 0.015625 0.0283203125
1 0.6025390625 0.58203125 0.0703125 0.064453125
1 0.3232421875 0.5078125 0.0498046875 0.037109375
0 0.4921875 0.361328125 0.041015625 0.0341796875
1 0.16015625 0.453125 0.017578125 0.021484375
1 0.412109375 0.384765625 0.0185546875 0.025390625
1 0.4990234375 0.4541015625 0.0234375 0.029296875
1 0.310546875 0.845703125 0.044921875 0.0751953125
1 0.0810546875 0.7431640625 0.0498046875 0.0830078125
1 0.10546875 0.416015625 0.033203125 0.025390625
1 0.458984375 0.7783203125 0.033203125 0.056640625
1 0.4306640625 0.6591796875 0.044921875 0.0625
1 0.1318359375 0.5322265625 0.0263671875 0.0361328125
1 0.7041015625 0.552734375 0.0361328125 0.037109375
1 0.435546875 0.853515625 0.056640625 0.072265625
1 0.517578125 0.373046875 0.0234375 0.0234375
1 0.1640625 0.42578125 0.0283203125 0.0234375
1 0.564453125 0.369140625 0.033203125 0.03125
1 0.5546875 0.4521484375 0.0283203125 0.0361328125
0 0.2333984375 0.3662109375 0.0576171875 0.033203125
1 0.548828125 0.388671875 0.015625 0.0283203125
0 0.509765625 0.3330078125 0.033203125 0.0283203125
1 0.220703125 0.421875 0.03125 0.025390625
1 0.583984375 0.466796875 0.025390625 0.03125
1 0.904296875 0.587890625 0.0361328125 0.0419921875
1 0.498046875 0.494140625 0.029296875 0.0234375
1 0.1337890625 0.416015625 0.0361328125 0.029296875
1 0.267578125 0.41796875 0.033203125 0.029296875
0 0.75390625 0.548828125 0.0859375 0.056640625
1 0.2705078125 0.4384765625 0.0185546875 0.0205078125
1 0.419921875 0.744140625 0.0419921875 0.0576171875
1 0.556640625 0.576171875 0.044921875 0.0419921875
1 0.455078125 0.3623046875 0.0205078125 0.025390625
1 0.619140625 0.462890625 0.0205078125 0.0283203125
1 0.634765625 0.5 0.017578125 0.0283203125
1 0.0751953125 0.513671875 0.0341796875 0.03125
1 0.05859375 0.4775390625 0.017578125 0.029296875
1 0.177734375 0.326171875 0.0234375 0.021484375
1 0.552734375 0.541015625 0.025390625 0.037109375
1 0.0234375 0.564453125 0.021484375 0.0498046875
1 0.9365234375 0.5869140625 0.0361328125 0.0390625
1 0.041015625 0.5537109375 0.017578125 0.029296875
1 0.9755859375 0.541015625 0.0205078125 0.041015625
1 0.63671875 0.4775390625 0.013671875 0.0234375
1 0.0224609375 0.7919921875 0.0234375 0.0751953125
1 0.5166015625 0.828125 0.0390625 0.0654296875
1 0.4794921875 0.607421875 0.0439453125 0.080078125
1 0.623046875 0.650390625 0.048828125 0.0673828125
0 0.15625 0.298828125 0.037109375 0.0341796875
1 0.1025390625 0.4853515625 0.0361328125 0.033203125
1 0.0390625 0.470703125 0.0283203125 0.029296875
1 0.5810546875 0.5439453125 0.021484375 0.041015625
0 0.185546875 0.875 0.111328125 0.0283203125
1 0.025390625 0.373046875 0.0126953125 0.021484375
1 0.1943359375 0.3212890625 0.0205078125 0.0205078125
1 0.37109375 0.3232421875 0.0205078125 0.0185546875
1 0.798828125 0.615234375 0.029296875 0.033203125
1 0.5205078125 0.60546875 0.03125 0.0673828125