0 0.193359375 0.7490234375 0.123046875 0.1611328125
0 0.509765625 0.416015625 0.048828125 0.0546875
0 0.693359375 0.794921875 0.1669921875 0.1845703125
0 0.337890625 0.7265625 0.095703125 0.1123046875
1 0.419921875 0.498046875 0.021484375 0.0390625
0 0.5458984375 0.6005859375 0.1044921875 0.1171875
0 0.6875 0.6552734375 0.1279296875 0.1201171875
1 0.6787109375 0.525390625 0.0419921875 0.0419921875
1 0.802734375 0.65234375 0.076171875 0.0673828125
1 0.77734375 0.5908203125 0.0546875 0.0498046875
1 0.427734375 0.6865234375 0.029296875 0.0576171875
1 0.57421875 0.44140625 0.029296875 0.0361328125
0 0.4892578125 0.361328125 0.0341796875 0.033203125
1 0.5927734375 0.552734375 0.0419921875 0.064453125
0 0.5400390625 0.34375 0.029296875 0.025390625
1 0.958984375 0.6455078125 0.0576171875 0.072265625
1 0.6630859375 0.576171875 0.044921875 0.052734375
1 0.7275390625 0.5771484375 0.0732421875 0.064453125
1 0.392578125 0.4931640625 0.0283203125 0.0361328125
1 0.435546875 0.478515625 0.0185546875 0.0361328125
1 0.5400390625 0.5205078125 0.033203125 0.0498046875
1 0.5302734375 0.4775390625 0.0263671875 0.0361328125
1 0.876953125 0.654296875 0.0625 0.068359375
1 0.5849609375 0.49609375 0.0419921875 0.0576171875
1 0.080078125 0.7509765625 0.0439453125 0.0703125
1 0.470703125 0.5625 0.0341796875 0.052734375
0 0.5087890625 0.3359375 0.029296875 0.03125
0 0.93359375 0.5732421875 0.1044921875 0.068359375
1 0.771484375 0.55078125 0.0419921875 0.044921875
1 0.6376953125 0.521484375 0.041015625 0.060546875
1 0.0615234375 0.4814453125 0.029296875 0.0341796875
1 0.396484375 0.537109375 0.033203125 0.0625
1 0.4970703125 0.4462890625 0.015625 0.0234375
0 0.4658203125 0.505859375 0.0654296875 0.1015625
1 0.70703125 0.4736328125 0.0390625 0.037109375
1 0.037109375 0.642578125 0.0283203125 0.060546875
1 0.119140625 0.607421875 0.0283203125 0.048828125
0 0.9658203125 0.5185546875 0.0439453125 0.046875
1 0.6201171875 0.44140625 0.037109375 0.0361328125
1 0.6494140625 0.4619140625 0.0361328125 0.033203125
1 0.5048828125 0.4873046875 0.03125 0.0439453125
1 0.0400390625 0.552734375 0.017578125 0.0283203125
1 0.423828125 0.4541015625 0.015625 0.0263671875
1 0.8447265625 0.5458984375 0.0546875 0.0361328125
1 0.630859375 0.5849609375 0.0341796875 0.0419921875
1 0.466796875 0.66796875 0.0263671875 0.0703125
1 0.5517578125 0.4150390625 0.0283203125 0.048828125
1 0.4453125 0.431640625 0.021484375 0.0361328125
0 0.2041015625 0.8759765625 0.0859375 0.029296875
1 0.48046875 0.455078125 0.0234375 0.033203125
1 0.888671875 0.583984375 0.0205078125 0.03125
1 0.5498046875 0.373046875 0.015625 0.03125
1 0.0234375 0.5634765625 0.021484375 0.048828125
1 0.84375 0.6171875 0.0283203125 0.037109375
0 0.4599609375 0.35546875 0.0361328125 0.0361328125
0 0.353515625 0.3212890625 0.0341796875 0.0205078125
1 0.0302734375 0.482421875 0.0390625 0.041015625
1 0.2041015625 0.603515625 0.048828125 0.0517578125