0 0.326171875 0.787109375 0.1357421875 0.185546875
0 0.19921875 0.669921875 0.123046875 0.140625
0 0.544921875 0.4775390625 0.0673828125 0.076171875
0 0.2294921875 0.5556640625 0.072265625 0.0830078125
0 0.322265625 0.5712890625 0.0751953125 0.0859375
1 0.7265625 0.6279296875 0.041015625 0.0751953125
0 0.2392578125 0.486328125 0.056640625 0.0654296875
1 0.8212890625 0.572265625 0.0830078125 0.091796875
1 0.61328125 0.5244140625 0.0263671875 0.0546875
1 0.474609375 0.4921875 0.021484375 0.0439453125
0 0.1611328125 0.44140625 0.046875 0.048828125
1 0.8291015625 0.8125 0.064453125 0.0908203125
1 0.9482421875 0.689453125 0.0751953125 0.087890625
0 0.3056640625 0.4619140625 0.048828125 0.0517578125
1 0.580078125 0.4599609375 0.0185546875 0.0361328125
1 0.154296875 0.55078125 0.0283203125 0.0390625
1 0.6220703125 0.7451171875 0.037109375 0.068359375
1 0.6259765625 0.4921875 0.017578125 0.03125
1 0.123046875 0.6953125 0.0361328125 0.068359375
1 0.05859375 0.4833984375 0.0234375 0.029296875
1 0.7333984375 0.5458984375 0.044921875 0.0576171875
1 0.6904296875 0.525390625 0.0341796875 0.029296875
1 0.435546875 0.666015625 0.041015625 0.0703125
1 0.134765625 0.5068359375 0.029296875 0.048828125
1 0.552734375 0.5078125 0.0205078125 0.0341796875
0 0.2978515625 0.421875 0.0517578125 0.037109375
0 0.5166015625 0.396484375 0.0361328125 0.0361328125
0 0.931640625 0.580078125 0.1044921875 0.083984375
1 0.896484375 0.650390625 0.0732421875 0.078125
0 0.1904296875 0.384765625 0.0341796875 0.029296875
1 0.5478515625 0.798828125 0.044921875 0.041015625
1 0.083984375 0.681640625 0.0576171875 0.091796875
1 0.611328125 0.478515625 0.0205078125 0.0390625
0 0.634765625 0.439453125 0.0419921875 0.041015625
1 0.037109375 0.5654296875 0.0185546875 0.0498046875
1 0.2412109375 0.732421875 0.0390625 0.072265625
0 0.4384765625 0.4423828125 0.0546875 0.068359375
0 0.509765625 0.333984375 0.0283203125 0.021484375
1 0.5625 0.42578125 0.03125 0.044921875
1 0.55859375 0.7353515625 0.0234375 0.0390625
1 0.029296875 0.8232421875 0.041015625 0.078125
1 0.466796875 0.673828125 0.0185546875 0.0498046875
1 0.8994140625 0.544921875 0.029296875 0.0390625
0 0.2529296875 0.3740234375 0.056640625 0.029296875
1 0.48046875 0.451171875 0.017578125 0.0390625
0 0.4775390625 0.3671875 0.029296875 0.025390625
1 0.9736328125 0.6337890625 0.0283203125 0.060546875
0 0.3330078125 0.3974609375 0.056640625 0.033203125
1 0.6787109375 0.5673828125 0.0361328125 0.0625
1 0.1982421875 0.478515625 0.025390625 0.048828125
1 0.1025390625 0.4775390625 0.0390625 0.0419921875
1 0.4541015625 0.4990234375 0.029296875 0.0517578125
1 0.482421875 0.416015625 0.015625 0.0341796875