0 0.333984375 0.7802734375 0.1376953125 0.173828125
0 0.53125 0.6064453125 0.099609375 0.125
1 0.2763671875 0.5380859375 0.0283203125 0.0419921875
0 0.177734375 0.75390625 0.1220703125 0.173828125
1 0.791015625 0.763671875 0.0498046875 0.0703125
1 0.41015625 0.4716796875 0.0205078125 0.0341796875
0 0.63671875 0.783203125 0.1669921875 0.203125
1 0.8701171875 0.7783203125 0.068359375 0.0810546875
0 0.564453125 0.421875 0.0439453125 0.052734375
1 0.818359375 0.580078125 0.078125 0.076171875
1 0.142578125 0.5439453125 0.021484375 0.0341796875
1 0.771484375 0.6572265625 0.048828125 0.0546875
1 0.4287109375 0.5458984375 0.0263671875 0.044921875
0 0.333984375 0.4755859375 0.0576171875 0.0576171875
1 0.62890625 0.525390625 0.0263671875 0.041015625
1 0.720703125 0.767578125 0.0439453125 0.0703125
1 0.8896484375 0.6494140625 0.080078125 0.0830078125
1 0.15234375 0.578125 0.0263671875 0.041015625
0 0.5380859375 0.458984375 0.048828125 0.0576171875
0 0.509765625 0.345703125 0.046875 0.044921875
0 0.46484375 0.4853515625 0.0576171875 0.0732421875
0 0.1875 0.462890625 0.0595703125 0.0576171875
1 0.1640625 0.5146484375 0.025390625 0.029296875
1 0.697265625 0.5517578125 0.029296875 0.037109375
1 0.6650390625 0.576171875 0.0361328125 0.056640625
1 0.955078125 0.666015625 0.0595703125 0.0859375
1 0.59375 0.541015625 0.021484375 0.046875
0 0.2998046875 0.431640625 0.0439453125 0.0361328125
1 0.4775390625 0.5361328125 0.0390625 0.041015625
1 0.201171875 0.529296875 0.021484375 0.044921875
1 0.732421875 0.5341796875 0.03125 0.0341796875
1 0.2666015625 0.4716796875 0.0234375 0.03125
1 0.7587890625 0.599609375 0.0234375 0.0283203125
1 0.1494140625 0.625 0.0361328125 0.078125
1 0.375 0.490234375 0.021484375 0.0419921875
1 0.0927734375 0.7421875 0.0361328125 0.041015625
1 0.1396484375 0.521484375 0.0205078125 0.0205078125
0 0.228515625 0.33984375 0.0341796875 0.0263671875
1 0.34375 0.5888671875 0.0283203125 0.037109375
1 0.515625 0.4150390625 0.0185546875 0.0263671875
0 0.080078125 0.46875 0.0810546875 0.0595703125
1 0.9306640625 0.7060546875 0.033203125 0.0439453125
1 0.927734375 0.6123046875 0.0439453125 0.041015625
1 0.59375 0.404296875 0.015625 0.029296875
1 0.220703125 0.498046875 0.021484375 0.0283203125
1 0.435546875 0.814453125 0.033203125 0.0546875
0 0.5478515625 0.369140625 0.0361328125 0.0263671875
1 0.3544921875 0.6220703125 0.025390625 0.052734375
1 0.6171875 0.4853515625 0.0185546875 0.0419921875
1 0.6953125 0.521484375 0.015625 0.025390625
1 0.7890625 0.55078125 0.025390625 0.029296875
1 0.158203125 0.486328125 0.017578125 0.0205078125
0 0.19140625 0.3486328125 0.0361328125 0.0283203125
1 0.5341796875 0.400390625 0.021484375 0.029296875
1 0.033203125 0.560546875 0.041015625 0.0498046875
1 0.8974609375 0.578125 0.044921875 0.0439453125
1 0.443359375 0.517578125 0.015625 0.029296875
1 0.7099609375 0.525390625 0.0205078125 0.03125
1 0.4443359375 0.4462890625 0.0234375 0.0419921875
1 0.447265625 0.3701171875 0.0205078125 0.03125
1 0.904296875 0.544921875 0.017578125 0.025390625
1 0.451171875 0.6748046875 0.033203125 0.0751953125
1 0.8251953125 0.5361328125 0.021484375 0.041015625
1 0.16015625 0.36328125 0.017578125 0.0205078125