0 0.3212890625 0.798828125 0.1484375 0.1767578125
0 0.130859375 0.564453125 0.072265625 0.080078125
1 0.6005859375 0.529296875 0.029296875 0.041015625
1 0.3759765625 0.5048828125 0.0234375 0.0341796875
0 0.640625 0.6826171875 0.146484375 0.1689453125
1 0.6474609375 0.548828125 0.0361328125 0.0595703125
0 0.2041015625 0.673828125 0.0986328125 0.1142578125
0 0.240234375 0.509765625 0.0625 0.0732421875
0 0.2255859375 0.576171875 0.076171875 0.0888671875
1 0.5517578125 0.498046875 0.025390625 0.0439453125
1 0.498046875 0.55859375 0.03125 0.0546875
1 0.529296875 0.552734375 0.029296875 0.0517578125
0 0.3154296875 0.6484375 0.0908203125 0.109375
1 0.8203125 0.580078125 0.083984375 0.0830078125
0 0.521484375 0.419921875 0.0517578125 0.0654296875
0 0.3193359375 0.5341796875 0.0673828125 0.078125
1 0.138671875 0.646484375 0.03125 0.046875
1 0.107421875 0.7109375 0.029296875 0.0498046875
1 0.9482421875 0.6875 0.072265625 0.0810546875
1 0.6943359375 0.544921875 0.044921875 0.0576171875
1 0.896484375 0.6533203125 0.080078125 0.0751953125
1 0.1611328125 0.7275390625 0.046875 0.0517578125
0 0.3212890625 0.4716796875 0.064453125 0.056640625
1 0.578125 0.4912109375 0.015625 0.033203125
1 0.615234375 0.5078125 0.0205078125 0.03125
1 0.7314453125 0.541015625 0.041015625 0.048828125
1 0.900390625 0.541015625 0.0419921875 0.0419921875
1 0.494140625 0.474609375 0.013671875 0.0361328125
1 0.0869140625 0.642578125 0.033203125 0.041015625
1 0.154296875 0.443359375 0.0234375 0.0283203125
1 0.57421875 0.544921875 0.029296875 0.0654296875
1 0.6171875 0.478515625 0.015625 0.0283203125
1 0.466796875 0.4794921875 0.017578125 0.025390625
1 0.076171875 0.75390625 0.056640625 0.091796875
1 0.150390625 0.384765625 0.0126953125 0.0205078125
1 0.03515625 0.6123046875 0.0419921875 0.072265625
1 0.1015625 0.4140625 0.021484375 0.021484375
1 0.0625 0.48046875 0.0283203125 0.0390625
1 0.0234375 0.5693359375 0.021484375 0.0361328125
1 0.1884765625 0.498046875 0.0234375 0.0361328125
1 0.1806640625 0.39453125 0.033203125 0.029296875
1 0.2060546875 0.40234375 0.0126953125 0.0234375
0 0.302734375 0.4091796875 0.068359375 0.068359375
1 0.24609375 0.408203125 0.029296875 0.025390625
1 0.935546875 0.5283203125 0.0361328125 0.037109375
0 0.51171875 0.341796875 0.0830078125 0.0517578125
1 0.1005859375 0.4775390625 0.0546875 0.048828125
1 0.455078125 0.4267578125 0.017578125 0.0341796875
1 0.1865234375 0.771484375 0.0419921875 0.0546875
1 0.9580078125 0.6259765625 0.0498046875 0.060546875
1 0.189453125 0.458984375 0.0205078125 0.0263671875
1 0.173828125 0.431640625 0.017578125 0.025390625
1 0.4755859375 0.505859375 0.0234375 0.048828125
1 0.408203125 0.5634765625 0.025390625 0.0576171875
1 0.560546875 0.529296875 0.171875 0.115234375
1 0.041015625 0.556640625 0.017578125 0.0234375
1 0.494140625 0.4404296875 0.015625 0.03125
1 0.103515625 0.658203125 0.111328125 0.162109375
1 0.4228515625 0.4228515625 0.017578125 0.0205078125
1 0.8994140625 0.58984375 0.0361328125 0.0546875
1 0.8193359375 0.5361328125 0.0234375 0.037109375
1 0.0244140625 0.373046875 0.013671875 0.021484375