0 0.193359375 0.748046875 0.123046875 0.1611328125
0 0.337890625 0.7275390625 0.0986328125 0.1201171875
0 0.51171875 0.4208984375 0.044921875 0.0517578125
1 0.3095703125 0.8515625 0.0498046875 0.068359375
1 0.513671875 0.47265625 0.0341796875 0.048828125
0 0.537109375 0.353515625 0.041015625 0.0419921875
0 0.08203125 0.3896484375 0.064453125 0.0361328125
0 0.490234375 0.3603515625 0.0390625 0.033203125
1 0.068359375 0.537109375 0.025390625 0.0361328125
1 0.611328125 0.486328125 0.0419921875 0.0419921875
1 0.646484375 0.4873046875 0.0205078125 0.03125
1 0.1171875 0.6748046875 0.046875 0.0654296875
1 0.8271484375 0.58203125 0.048828125 0.0419921875
1 0.0771484375 0.755859375 0.044921875 0.072265625
1 0.427734375 0.6923828125 0.0439453125 0.0625
1 0.7724609375 0.56640625 0.0419921875 0.0419921875
1 0.55859375 0.4482421875 0.0234375 0.0341796875
0 0.509765625 0.3330078125 0.0283203125 0.0283203125
1 0.4375 0.4365234375 0.021484375 0.0361328125
1 0.4970703125 0.4482421875 0.0185546875 0.0283203125
1 0.4052734375 0.8037109375 0.0703125 0.0703125
1 0.591796875 0.38671875 0.017578125 0.0263671875
1 0.458984375 0.7802734375 0.0390625 0.064453125
1 0.0380859375 0.5908203125 0.0517578125 0.068359375
1 0.107421875 0.4111328125 0.0234375 0.025390625
1 0.4619140625 0.365234375 0.017578125 0.0283203125
1 0.44921875 0.373046875 0.013671875 0.025390625
1 0.541015625 0.4755859375 0.0263671875 0.0419921875
1 0.568359375 0.3798828125 0.015625 0.025390625
1 0.1611328125 0.4228515625 0.0185546875 0.0234375
1 0.4638671875 0.44921875 0.0341796875 0.044921875
1 0.05859375 0.4775390625 0.0205078125 0.033203125
0 0.626953125 0.5341796875 0.134765625 0.068359375
1 0.166015625 0.365234375 0.0107421875 0.013671875
1 0.572265625 0.4296875 0.0126953125 0.021484375
1 0.0263671875 0.375 0.015625 0.0185546875
1 0.2041015625 0.357421875 0.013671875 0.015625
1 0.5732421875 0.408203125 0.0126953125 0.0205078125
1 0.048828125 0.37890625 0.025390625 0.0205078125
1 0.595703125 0.4677734375 0.015625 0.0234375
1 0.0654296875 0.509765625 0.0185546875 0.03125
0 0.1875 0.3251953125 0.041015625 0.025390625
1 0.6201171875 0.4541015625 0.015625 0.0234375
1 0.22265625 0.583984375 0.0234375 0.056640625
1 0.248046875 0.35546875 0.015625 0.0234375
1 0.474609375 0.337890625 0.015625 0.015625
1 0.025390625 0.82421875 0.029296875 0.064453125
0 0.3193359375 0.392578125 0.0859375 0.044921875
1 0.2275390625 0.35546875 0.0107421875 0.0205078125
1 0.330078125 0.357421875 0.017578125 0.021484375
1 0.412109375 0.736328125 0.025390625 0.0361328125
1 0.546875 0.4169921875 0.015625 0.021484375
1 0.80078125 0.5478515625 0.029296875 0.048828125
0 0.193359375 0.875 0.1044921875 0.03125
1 0.427734375 0.6435546875 0.0341796875 0.0439453125