1 0.6689453125 0.572265625 0.041015625 0.044921875
0 0.3525390625 0.537109375 0.0673828125 0.080078125
1 0.626953125 0.619140625 0.037109375 0.0576171875
0 0.203125 0.5322265625 0.072265625 0.0986328125
0 0.123046875 0.4150390625 0.046875 0.0390625
0 0.484375 0.5205078125 0.0625 0.068359375
1 0.619140625 0.552734375 0.033203125 0.0390625
1 0.4013671875 0.767578125 0.037109375 0.0625
1 0.736328125 0.6279296875 0.044921875 0.052734375
1 0.6005859375 0.490234375 0.0234375 0.029296875
0 0.537109375 0.478515625 0.064453125 0.078125
1 0.5947265625 0.533203125 0.0263671875 0.041015625
1 0.2919921875 0.7021484375 0.041015625 0.0576171875
0 0.529296875 0.6162109375 0.119140625 0.1328125
1 0.8125 0.58984375 0.0654296875 0.0673828125
0 0.564453125 0.4111328125 0.0419921875 0.0498046875
1 0.078125 0.697265625 0.0341796875 0.048828125
1 0.634765625 0.5205078125 0.021484375 0.0341796875
1 0.728515625 0.7978515625 0.0498046875 0.076171875
1 0.75390625 0.7255859375 0.0517578125 0.0576171875
0 0.326171875 0.46875 0.060546875 0.0498046875
1 0.9453125 0.6923828125 0.078125 0.087890625
1 0.30078125 0.57421875 0.033203125 0.048828125
1 0.5244140625 0.3935546875 0.0263671875 0.0283203125
1 0.4951171875 0.423828125 0.0283203125 0.046875
1 0.1455078125 0.6337890625 0.0283203125 0.0361328125
0 0.455078125 0.42578125 0.046875 0.0517578125
1 0.888671875 0.650390625 0.076171875 0.076171875
1 0.6943359375 0.552734375 0.0390625 0.0390625
0 0.8447265625 0.82421875 0.1044921875 0.1201171875
1 0.6923828125 0.7392578125 0.052734375 0.0625
0 0.521484375 0.349609375 0.03125 0.0283203125
1 0.056640625 0.486328125 0.0205078125 0.0283203125
1 0.158203125 0.3876953125 0.0185546875 0.025390625
1 0.455078125 0.470703125 0.025390625 0.037109375
0 0.5263671875 0.4296875 0.0439453125 0.046875
1 0.1708984375 0.6630859375 0.029296875 0.0517578125
1 0.732421875 0.537109375 0.033203125 0.0361328125
1 0.146484375 0.462890625 0.017578125 0.0234375
0 0.181640625 0.361328125 0.029296875 0.0283203125
1 0.4423828125 0.3662109375 0.0185546875 0.0234375
0 0.689453125 0.8759765625 0.1279296875 0.033203125
1 0.234375 0.619140625 0.025390625 0.037109375
0 0.216796875 0.353515625 0.03125 0.029296875
1 0.927734375 0.611328125 0.037109375 0.0390625
1 0.13671875 0.591796875 0.017578125 0.029296875
1 0.7890625 0.5517578125 0.025390625 0.03125
1 0.447265625 0.685546875 0.0283203125 0.052734375
1 0.041015625 0.58984375 0.0283203125 0.064453125
0 0.4755859375 0.373046875 0.033203125 0.033203125
1 0.5966796875 0.447265625 0.0126953125 0.0234375
1 0.896484375 0.5859375 0.0390625 0.0498046875
0 0.0390625 0.376953125 0.037109375 0.0234375
1 0.84375 0.556640625 0.025390625 0.046875
1 0.0244140625 0.55859375 0.0234375 0.0419921875
1 0.033203125 0.857421875 0.0283203125 0.0546875
1 0.17578125 0.4609375 0.0205078125 0.0341796875
1 0.6748046875 0.580078125 0.177734375 0.1689453125
1 0.6376953125 0.4404296875 0.037109375 0.03125
1 0.224609375 0.45703125 0.03125 0.0234375
1 0.3994140625 0.451171875 0.0234375 0.0439453125
1 0.533203125 0.7919921875 0.037109375 0.0751953125
1 0.861328125 0.5595703125 0.015625 0.0185546875
1 0.560546875 0.470703125 0.013671875 0.0263671875
1 0.974609375 0.634765625 0.0283203125 0.0625