0 0.1923828125 0.7490234375 0.1220703125 0.1640625
0 0.5107421875 0.423828125 0.0498046875 0.052734375
0 0.337890625 0.7275390625 0.0986328125 0.1201171875
0 0.5380859375 0.353515625 0.0419921875 0.044921875
1 0.4150390625 0.810546875 0.0390625 0.0498046875
1 0.306640625 0.8466796875 0.048828125 0.078125
0 0.490234375 0.3603515625 0.0390625 0.033203125
1 0.0673828125 0.5380859375 0.0283203125 0.0517578125
1 0.3720703125 0.4921875 0.0341796875 0.046875
1 0.7080078125 0.611328125 0.03125 0.0517578125
1 0.513671875 0.4716796875 0.0341796875 0.046875
1 0.0771484375 0.7392578125 0.0576171875 0.1123046875
1 0.609375 0.490234375 0.041015625 0.0498046875
1 0.5390625 0.478515625 0.025390625 0.041015625
0 0.5107421875 0.333984375 0.03125 0.0283203125
1 0.646484375 0.4892578125 0.021484375 0.037109375
1 0.330078125 0.455078125 0.033203125 0.0341796875
1 0.458984375 0.7841796875 0.0361328125 0.056640625
0 0.2470703125 0.4453125 0.0810546875 0.052734375
1 0.576171875 0.3837890625 0.017578125 0.0263671875
1 0.552734375 0.447265625 0.025390625 0.033203125
1 0.46875 0.44921875 0.0283203125 0.0390625
1 0.49609375 0.451171875 0.017578125 0.03125
1 0.1064453125 0.404296875 0.0283203125 0.029296875
1 0.296875 0.505859375 0.0439453125 0.0439453125
1 0.455078125 0.3701171875 0.0205078125 0.03125
1 0.4296875 0.6875 0.0439453125 0.0595703125
1 0.55859375 0.5234375 0.0263671875 0.046875
1 0.845703125 0.63671875 0.037109375 0.0732421875
0 0.046875 0.380859375 0.056640625 0.0263671875
1 0.421875 0.740234375 0.046875 0.056640625
1 0.466796875 0.4208984375 0.013671875 0.0263671875
1 0.15625 0.4169921875 0.0185546875 0.025390625
1 0.2265625 0.369140625 0.041015625 0.033203125
1 0.546875 0.419921875 0.015625 0.0205078125
1 0.0732421875 0.400390625 0.0185546875 0.0283203125
1 0.5888671875 0.388671875 0.0185546875 0.0263671875
1 0.166015625 0.365234375 0.0126953125 0.015625
1 0.4599609375 0.3974609375 0.013671875 0.0234375
0 0.068359375 0.5009765625 0.115234375 0.1044921875
1 0.5830078125 0.4658203125 0.0283203125 0.037109375
1 0.158203125 0.333984375 0.015625 0.0185546875
1 0.2841796875 0.3623046875 0.0185546875 0.0283203125
1 0.1318359375 0.3984375 0.0205078125 0.021484375
1 0.17578125 0.326171875 0.0205078125 0.021484375
1 0.02734375 0.5791015625 0.029296875 0.0732421875
0 0.185546875 0.875 0.142578125 0.0283203125
1 0.634765625 0.44140625 0.0234375 0.033203125
1 0.0595703125 0.478515625 0.021484375 0.037109375
1 0.328125 0.3564453125 0.021484375 0.0283203125
1 0.041015625 0.69140625 0.0205078125 0.0205078125
1 0.0712890625 0.33984375 0.013671875 0.013671875
1 0.6201171875 0.455078125 0.015625 0.0234375
1 0.3583984375 0.400390625 0.013671875 0.021484375
1 0.255859375 0.3857421875 0.0263671875 0.037109375
1 0.8505859375 0.4169921875 0.0205078125 0.025390625