0 0.3212890625 0.798828125 0.1484375 0.1767578125
0 0.19140625 0.728515625 0.123046875 0.1513671875
1 0.6796875 0.677734375 0.0341796875 0.064453125
1 0.162109375 0.58984375 0.033203125 0.0546875
0 0.240234375 0.5087890625 0.0625 0.0703125
1 0.505859375 0.634765625 0.0390625 0.0576171875
0 0.3173828125 0.6484375 0.0908203125 0.109375
1 0.822265625 0.58203125 0.083984375 0.0859375
1 0.689453125 0.548828125 0.046875 0.0517578125
1 0.4013671875 0.4462890625 0.021484375 0.0361328125
1 0.943359375 0.68359375 0.083984375 0.091796875
0 0.505859375 0.3466796875 0.033203125 0.0341796875
0 0.2255859375 0.5771484375 0.080078125 0.0888671875
1 0.046875 0.5859375 0.0283203125 0.046875
1 0.5625 0.390625 0.015625 0.025390625
0 0.3212890625 0.55078125 0.0703125 0.080078125
0 0.3271484375 0.4912109375 0.0673828125 0.060546875
1 0.826171875 0.8310546875 0.0654296875 0.109375
1 0.380859375 0.5361328125 0.021484375 0.041015625
0 0.4794921875 0.3583984375 0.03125 0.033203125
0 0.4072265625 0.388671875 0.044921875 0.0341796875
1 0.5947265625 0.4501953125 0.013671875 0.03125
1 0.0927734375 0.65234375 0.029296875 0.048828125
1 0.4384765625 0.4453125 0.0205078125 0.03125
1 0.568359375 0.455078125 0.0390625 0.0361328125
1 0.662109375 0.4990234375 0.021484375 0.0390625
1 0.060546875 0.48046875 0.0263671875 0.0361328125
1 0.1005859375 0.5849609375 0.0234375 0.0361328125
1 0.810546875 0.7509765625 0.056640625 0.0830078125
1 0.533203125 0.552734375 0.0283203125 0.0546875
0 0.2548828125 0.3974609375 0.052734375 0.0576171875
1 0.380859375 0.392578125 0.015625 0.0283203125
1 0.9189453125 0.5361328125 0.046875 0.037109375
1 0.8935546875 0.5849609375 0.0439453125 0.0576171875
1 0.154296875 0.494140625 0.021484375 0.037109375
1 0.1357421875 0.474609375 0.025390625 0.0439453125
1 0.19140625 0.4873046875 0.0205078125 0.037109375
1 0.091796875 0.4794921875 0.048828125 0.0341796875
1 0.0947265625 0.7353515625 0.044921875 0.0888671875
1 0.216796875 0.4140625 0.03125 0.0341796875
0 0.5302734375 0.3291015625 0.0419921875 0.029296875
1 0.193359375 0.42578125 0.0185546875 0.0234375
1 0.5927734375 0.3974609375 0.017578125 0.0234375
1 0.173828125 0.5439453125 0.0205078125 0.041015625
1 0.20703125 0.4814453125 0.017578125 0.037109375
1 0.759765625 0.4814453125 0.017578125 0.0341796875
1 0.8408203125 0.54296875 0.03125 0.0419921875
1 0.9716796875 0.5205078125 0.0283203125 0.0341796875
1 0.1494140625 0.4189453125 0.0263671875 0.0341796875
1 0.7900390625 0.4892578125 0.017578125 0.025390625
1 0.857421875 0.505859375 0.03125 0.03125
1 0.466796875 0.4365234375 0.025390625 0.048828125
1 0.638671875 0.44140625 0.03125 0.029296875
1 0.357421875 0.3994140625 0.0107421875 0.017578125
0 0.380859375 0.3564453125 0.044921875 0.0283203125
1 0.046875 0.857421875 0.056640625 0.0673828125
1 0.3466796875 0.3544921875 0.025390625 0.025390625
1 0.966796875 0.5966796875 0.0341796875 0.046875
1 0.1044921875 0.41796875 0.015625 0.0205078125
1 0.5693359375 0.435546875 0.0107421875 0.021484375
1 0.2900390625 0.3876953125 0.0234375 0.021484375
1 0.44140625 0.3994140625 0.029296875 0.0361328125
1 0.01953125 0.560546875 0.017578125 0.044921875
1 0.1748046875 0.328125 0.015625 0.0185546875
1 0.4619140625 0.3388671875 0.0205078125 0.025390625