0 0.5703125 0.427734375 0.0498046875 0.056640625
1 0.69140625 0.603515625 0.048828125 0.076171875
0 0.529296875 0.453125 0.056640625 0.072265625
1 0.25 0.5302734375 0.0283203125 0.0576171875
1 0.177734375 0.5234375 0.0234375 0.037109375
0 0.583984375 0.658203125 0.142578125 0.15625
1 0.2607421875 0.462890625 0.025390625 0.037109375
1 0.685546875 0.544921875 0.048828125 0.0498046875
1 0.13671875 0.53515625 0.0263671875 0.048828125
1 0.638671875 0.548828125 0.03125 0.060546875
1 0.162109375 0.4951171875 0.0234375 0.0341796875
1 0.732421875 0.7099609375 0.0439453125 0.0732421875
1 0.4169921875 0.474609375 0.03125 0.037109375
1 0.791015625 0.5615234375 0.0361328125 0.0517578125
1 0.7861328125 0.8173828125 0.0654296875 0.134765625
0 0.193359375 0.439453125 0.0595703125 0.046875
1 0.828125 0.642578125 0.0654296875 0.068359375
1 0.607421875 0.478515625 0.0234375 0.0390625
1 0.2265625 0.3984375 0.021484375 0.0283203125
1 0.484375 0.4189453125 0.0185546875 0.03125
1 0.166015625 0.38671875 0.0234375 0.033203125
1 0.7255859375 0.5341796875 0.044921875 0.0498046875
1 0.4287109375 0.5009765625 0.0234375 0.0361328125
0 0.490234375 0.357421875 0.033203125 0.0283203125
1 0.12109375 0.6669921875 0.0390625 0.0595703125
0 0.5830078125 0.548828125 0.0810546875 0.087890625
1 0.955078125 0.703125 0.0703125 0.103515625
1 0.7275390625 0.611328125 0.033203125 0.052734375
1 0.2060546875 0.396484375 0.025390625 0.0263671875
0 0.4580078125 0.474609375 0.0498046875 0.0546875
1 0.080078125 0.404296875 0.0185546875 0.021484375
1 0.1376953125 0.42578125 0.015625 0.0234375
1 0.16796875 0.6953125 0.0361328125 0.0654296875
1 0.3662109375 0.423828125 0.029296875 0.03125
0 0.3251953125 0.404296875 0.099609375 0.0546875
0 0.47265625 0.533203125 0.0673828125 0.0908203125
1 0.830078125 0.5634765625 0.03125 0.0390625
1 0.19140625 0.376953125 0.013671875 0.0283203125
0 0.2294921875 0.37109375 0.046875 0.033203125
1 0.19921875 0.6083984375 0.0263671875 0.0390625
1 0.244140625 0.4912109375 0.025390625 0.0361328125
1 0.623046875 0.509765625 0.0205078125 0.0419921875
1 0.021484375 0.4775390625 0.021484375 0.0361328125
1 0.923828125 0.61328125 0.044921875 0.048828125
1 0.2353515625 0.4248046875 0.0361328125 0.0341796875
1 0.3779296875 0.453125 0.021484375 0.0341796875
0 0.494140625 0.337890625 0.025390625 0.0185546875
1 0.10546875 0.4833984375 0.029296875 0.029296875
1 0.9716796875 0.6337890625 0.0283203125 0.0517578125
1 0.849609375 0.6005859375 0.0439453125 0.0390625
1 0.0576171875 0.478515625 0.021484375 0.0341796875
1 0.89453125 0.583984375 0.0390625 0.052734375
0 0.509765625 0.408203125 0.03125 0.029296875
1 0.123046875 0.4052734375 0.0361328125 0.0361328125
1 0.0283203125 0.5654296875 0.03125 0.052734375
0 0.2451171875 0.3369140625 0.037109375 0.0263671875
1 0.896484375 0.5380859375 0.029296875 0.044921875
1 0.5908203125 0.396484375 0.0283203125 0.029296875
1 0.552734375 0.384765625 0.0185546875 0.0341796875
1 0.4501953125 0.6962890625 0.037109375 0.0888671875
1 0.8642578125 0.556640625 0.0283203125 0.0517578125
1 0.443359375 0.4306640625 0.0234375 0.033203125
1 0.53515625 0.392578125 0.0263671875 0.033203125
1 0.1748046875 0.3642578125 0.009765625 0.015625
1 0.0263671875 0.3740234375 0.015625 0.0234375
1 0.46875 0.40234375 0.025390625 0.0361328125