0 0.1923828125 0.75 0.125 0.162109375
0 0.515625 0.4423828125 0.0498046875 0.052734375
0 0.3388671875 0.7275390625 0.0966796875 0.1171875
1 0.3916015625 0.5869140625 0.0361328125 0.0576171875
1 0.126953125 0.669921875 0.046875 0.0654296875
1 0.5068359375 0.494140625 0.0263671875 0.044921875
1 0.412109375 0.8017578125 0.0419921875 0.056640625
0 0.4873046875 0.3623046875 0.046875 0.0341796875
1 0.560546875 0.486328125 0.025390625 0.0439453125
1 0.58984375 0.587890625 0.0390625 0.048828125
0 0.537109375 0.3466796875 0.037109375 0.03125
1 0.65234375 0.580078125 0.0361328125 0.064453125
0 0.1533203125 0.416015625 0.072265625 0.0439453125
1 0.4228515625 0.443359375 0.0205078125 0.0341796875
1 0.58984375 0.646484375 0.0390625 0.068359375
1 0.7177734375 0.689453125 0.0361328125 0.0751953125
1 0.5703125 0.390625 0.015625 0.025390625
1 0.5869140625 0.443359375 0.0234375 0.037109375
1 0.5888671875 0.5185546875 0.03125 0.0439453125
1 0.44140625 0.478515625 0.0205078125 0.0419921875
1 0.453125 0.7421875 0.0498046875 0.087890625
1 0.958984375 0.603515625 0.056640625 0.0576171875
1 0.30859375 0.8291015625 0.0517578125 0.095703125
1 0.802734375 0.8349609375 0.0625 0.0888671875
1 0.626953125 0.515625 0.0234375 0.037109375
1 0.599609375 0.396484375 0.0205078125 0.025390625
1 0.6474609375 0.484375 0.0234375 0.041015625
1 0.4248046875 0.703125 0.0341796875 0.046875
1 0.0673828125 0.53515625 0.0283203125 0.044921875
1 0.396484375 0.419921875 0.029296875 0.0341796875
1 0.56640625 0.447265625 0.0234375 0.029296875
1 0.4541015625 0.3720703125 0.0234375 0.0283203125
1 0.4736328125 0.470703125 0.025390625 0.0439453125
1 0.7021484375 0.58984375 0.0263671875 0.044921875
0 0.509765625 0.333984375 0.029296875 0.0283203125
1 0.82421875 0.73046875 0.0419921875 0.060546875
1 0.833984375 0.57421875 0.0673828125 0.0732421875
1 0.462890625 0.4306640625 0.017578125 0.0263671875
1 0.0263671875 0.8251953125 0.03125 0.0625
1 0.2216796875 0.4306640625 0.0283203125 0.0390625
1 0.5302734375 0.373046875 0.0234375 0.0263671875
1 0.603515625 0.5546875 0.025390625 0.0439453125
1 0.4189453125 0.404296875 0.015625 0.025390625
1 0.248046875 0.361328125 0.0205078125 0.021484375
1 0.064453125 0.4833984375 0.0361328125 0.044921875
1 0.03125 0.564453125 0.041015625 0.0576171875
1 0.396484375 0.3955078125 0.0185546875 0.0283203125
1 0.375 0.400390625 0.015625 0.0205078125
1 0.650390625 0.529296875 0.025390625 0.0439453125
1 0.376953125 0.3623046875 0.0126953125 0.0185546875
1 0.046875 0.6435546875 0.0283203125 0.046875
1 0.412109375 0.3623046875 0.0126953125 0.021484375
1 0.6015625 0.482421875 0.0185546875 0.033203125
1 0.580078125 0.552734375 0.0263671875 0.0439453125
1 0.4931640625 0.4326171875 0.0107421875 0.0283203125
1 0.6591796875 0.4560546875 0.015625 0.021484375
1 0.0302734375 0.7578125 0.033203125 0.0439453125
1 0.6318359375 0.576171875 0.1357421875 0.205078125
1 0.7421875 0.87890625 0.037109375 0.0234375
1 0.560546875 0.8359375 0.0625 0.099609375
1 0.52734375 0.392578125 0.0107421875 0.0263671875
1 0.7158203125 0.63671875 0.015625 0.0205078125
0 0.1943359375 0.875 0.1015625 0.0283203125
1 0.4287109375 0.361328125 0.0107421875 0.0205078125
1 0.8916015625 0.6123046875 0.0546875 0.0595703125
1 0.451171875 0.666015625 0.029296875 0.0498046875
0 0.197265625 0.326171875 0.060546875 0.0234375
1 0.5009765625 0.451171875 0.236328125 0.146484375
1 0.025390625 0.373046875 0.015625 0.021484375
1 0.228515625 0.357421875 0.0107421875 0.021484375
1 0.9521484375 0.6787109375 0.029296875 0.0673828125
1 0.03125 0.685546875 0.0439453125 0.0625
0 0.353515625 0.318359375 0.0390625 0.0185546875
1 0.6806640625 0.439453125 0.0205078125 0.03125