1 0.7099609375 0.759765625 0.0576171875 0.1064453125
0 0.1572265625 0.794921875 0.138671875 0.150390625
1 0.6142578125 0.490234375 0.046875 0.072265625
1 0.5791015625 0.4501953125 0.0263671875 0.0341796875
0 0.6953125 0.6025390625 0.1220703125 0.138671875
0 0.53515625 0.591796875 0.095703125 0.111328125
1 0.1689453125 0.64453125 0.03125 0.0576171875
1 0.5146484375 0.501953125 0.0361328125 0.0654296875
0 0.3701171875 0.603515625 0.0751953125 0.091796875
1 0.822265625 0.5830078125 0.0810546875 0.083984375
0 0.251953125 0.4033203125 0.041015625 0.0341796875
1 0.20703125 0.697265625 0.029296875 0.0625
0 0.25 0.5498046875 0.09375 0.125
0 0.158203125 0.490234375 0.052734375 0.0576171875
0 0.4423828125 0.447265625 0.0439453125 0.0517578125
1 0.572265625 0.4208984375 0.021484375 0.0361328125
1 0.6064453125 0.447265625 0.0283203125 0.0341796875
0 0.365234375 0.822265625 0.1201171875 0.134765625
1 0.94140625 0.677734375 0.0859375 0.095703125
0 0.17578125 0.427734375 0.048828125 0.044921875
1 0.6005859375 0.8046875 0.0419921875 0.0625
1 0.130859375 0.57421875 0.0283203125 0.044921875
0 0.7421875 0.853515625 0.1533203125 0.0732421875
1 0.10546875 0.654296875 0.033203125 0.0595703125
1 0.546875 0.435546875 0.0185546875 0.0419921875
1 0.5048828125 0.455078125 0.025390625 0.0361328125
0 0.181640625 0.384765625 0.0341796875 0.029296875
1 0.177734375 0.4609375 0.0234375 0.0341796875
1 0.6533203125 0.462890625 0.0283203125 0.0390625
0 0.28125 0.423828125 0.0439453125 0.0419921875
0 0.3271484375 0.44140625 0.0732421875 0.0888671875
1 0.7138671875 0.525390625 0.03125 0.0439453125
0 0.1767578125 0.361328125 0.0283203125 0.025390625
1 0.2177734375 0.498046875 0.0205078125 0.0361328125
1 0.89453125 0.5869140625 0.044921875 0.064453125
1 0.0283203125 0.478515625 0.0341796875 0.0419921875
1 0.4580078125 0.5107421875 0.0595703125 0.0625
1 0.4697265625 0.396484375 0.0263671875 0.037109375
1 0.8681640625 0.8701171875 0.0361328125 0.037109375
1 0.076171875 0.3427734375 0.017578125 0.017578125
1 0.931640625 0.6103515625 0.0390625 0.0390625
1 0.8984375 0.541015625 0.0341796875 0.0361328125
1 0.4375 0.365234375 0.015625 0.025390625
1 0.060546875 0.478515625 0.029296875 0.0390625
1 0.0693359375 0.724609375 0.033203125 0.078125
1 0.5419921875 0.48046875 0.025390625 0.0419921875
1 0.5390625 0.37890625 0.015625 0.033203125
1 0.5185546875 0.39453125 0.037109375 0.044921875
1 0.2314453125 0.4560546875 0.021484375 0.037109375
1 0.685546875 0.513671875 0.029296875 0.037109375
0 0.2294921875 0.357421875 0.025390625 0.0263671875
1 0.814453125 0.541015625 0.0283203125 0.0439453125
0 0.541015625 0.337890625 0.037109375 0.0390625
1 0.1533203125 0.3701171875 0.0126953125 0.021484375
0 0.9580078125 0.5732421875 0.0595703125 0.056640625
1 0.4326171875 0.4091796875 0.0185546875 0.03125