0 0.6962890625 0.46484375 0.107421875 0.0576171875
0 0.583984375 0.5400390625 0.076171875 0.107421875
0 0.8193359375 0.802734375 0.2109375 0.169921875
0 0.4814453125 0.517578125 0.0654296875 0.09375
0 0.337890625 0.7255859375 0.0986328125 0.111328125
1 0.798828125 0.58984375 0.0419921875 0.0546875
1 0.7080078125 0.6123046875 0.037109375 0.068359375
1 0.6298828125 0.6650390625 0.0439453125 0.0703125
0 0.56640625 0.6748046875 0.1298828125 0.146484375
1 0.7470703125 0.6396484375 0.0498046875 0.076171875
1 0.498046875 0.630859375 0.029296875 0.046875
1 0.646484375 0.55078125 0.029296875 0.0517578125
1 0.4150390625 0.8447265625 0.044921875 0.0859375
0 0.4892578125 0.3486328125 0.041015625 0.0341796875
0 0.5322265625 0.46875 0.0517578125 0.056640625
1 0.5908203125 0.4404296875 0.025390625 0.0283203125
1 0.96875 0.712890625 0.037109375 0.0419921875
0 0.5107421875 0.330078125 0.03125 0.0263671875
1 0.919921875 0.728515625 0.0361328125 0.095703125
1 0.712890625 0.505859375 0.0341796875 0.0419921875
1 0.6591796875 0.517578125 0.021484375 0.029296875
1 0.9599609375 0.6259765625 0.044921875 0.0546875
1 0.146484375 0.650390625 0.0283203125 0.0419921875
1 0.869140625 0.6650390625 0.078125 0.0546875
1 0.7314453125 0.5390625 0.03125 0.0439453125
1 0.91796875 0.5390625 0.044921875 0.0341796875
0 0.9501953125 0.5791015625 0.0810546875 0.0673828125
1 0.802734375 0.716796875 0.041015625 0.056640625
1 0.89453125 0.5849609375 0.0419921875 0.048828125
1 0.5771484375 0.47265625 0.0234375 0.0263671875
1 0.4267578125 0.4462890625 0.0126953125 0.0205078125
1 0.841796875 0.556640625 0.025390625 0.0498046875
0 0.455078125 0.462890625 0.048828125 0.060546875
1 0.3779296875 0.4541015625 0.021484375 0.033203125
1 0.845703125 0.6015625 0.0419921875 0.037109375
1 0.1181640625 0.416015625 0.0419921875 0.0341796875
0 0.208984375 0.859375 0.134765625 0.0595703125
1 0.7568359375 0.5703125 0.060546875 0.056640625
1 0.1142578125 0.7158203125 0.041015625 0.046875
0 0.5400390625 0.34765625 0.0361328125 0.0263671875
1 0.16015625 0.4306640625 0.0263671875 0.017578125
1 0.498046875 0.583984375 0.0341796875 0.046875
1 0.626953125 0.4423828125 0.029296875 0.037109375
1 0.861328125 0.5576171875 0.015625 0.0185546875
1 0.1728515625 0.474609375 0.0205078125 0.033203125
1 0.689453125 0.478515625 0.015625 0.0283203125
1 0.021484375 0.478515625 0.025390625 0.041015625
1 0.6513671875 0.482421875 0.0126953125 0.0263671875
1 0.2041015625 0.392578125 0.0263671875 0.0263671875
0 0.224609375 0.35546875 0.025390625 0.0263671875
1 0.890625 0.384765625 0.015625 0.0263671875
1 0.0751953125 0.478515625 0.0498046875 0.0341796875
1 0.8173828125 0.533203125 0.0283203125 0.0361328125