0 0.193359375 0.748046875 0.1220703125 0.162109375
0 0.337890625 0.7275390625 0.1015625 0.1201171875
0 0.51171875 0.4169921875 0.0419921875 0.046875
0 0.486328125 0.361328125 0.0390625 0.033203125
1 0.486328125 0.490234375 0.029296875 0.044921875
1 0.412109375 0.791015625 0.052734375 0.087890625
1 0.177734375 0.578125 0.033203125 0.056640625
1 0.2314453125 0.4619140625 0.03125 0.0390625
0 0.537109375 0.353515625 0.041015625 0.0419921875
1 0.3056640625 0.8544921875 0.0419921875 0.0625
1 0.564453125 0.4501953125 0.021484375 0.03125
1 0.3857421875 0.4052734375 0.021484375 0.033203125
1 0.078125 0.755859375 0.046875 0.0751953125
1 0.6083984375 0.4931640625 0.0361328125 0.0517578125
0 0.400390625 0.4970703125 0.125 0.0751953125
1 0.06640625 0.53515625 0.0263671875 0.0419921875
1 0.5087890625 0.4521484375 0.0361328125 0.0361328125
1 0.64453125 0.4921875 0.0234375 0.0341796875
0 0.509765625 0.333984375 0.029296875 0.029296875
1 0.521484375 0.5 0.0283203125 0.0498046875
1 0.5859375 0.47265625 0.0185546875 0.033203125
1 0.458984375 0.783203125 0.037109375 0.0595703125
1 0.51171875 0.3671875 0.0205078125 0.025390625
1 0.548828125 0.49609375 0.0234375 0.048828125
1 0.4716796875 0.4521484375 0.03125 0.033203125
1 0.57421875 0.3974609375 0.017578125 0.033203125
1 0.12890625 0.5537109375 0.0263671875 0.0390625
0 0.1728515625 0.41796875 0.060546875 0.0361328125
1 0.40625 0.388671875 0.021484375 0.0263671875
1 0.5654296875 0.376953125 0.021484375 0.0234375
1 0.544921875 0.462890625 0.021484375 0.033203125
1 0.427734375 0.6796875 0.044921875 0.0498046875
1 0.060546875 0.4775390625 0.025390625 0.033203125
1 0.9755859375 0.6083984375 0.0234375 0.044921875
0 0.236328125 0.3701171875 0.0576171875 0.0341796875
1 0.396484375 0.361328125 0.013671875 0.0185546875
1 0.634765625 0.458984375 0.046875 0.046875
1 0.466796875 0.423828125 0.0185546875 0.0283203125
1 0.021484375 0.5673828125 0.0185546875 0.052734375
0 0.0361328125 0.517578125 0.052734375 0.0830078125
1 0.0283203125 0.783203125 0.037109375 0.078125
1 0.564453125 0.42578125 0.017578125 0.029296875
1 0.0390625 0.560546875 0.0185546875 0.0419921875
1 0.1669921875 0.3662109375 0.015625 0.017578125
1 0.455078125 0.3603515625 0.0205078125 0.0263671875
1 0.4375 0.7626953125 0.021484375 0.0439453125
0 0.185546875 0.3251953125 0.0390625 0.025390625
1 0.35546875 0.396484375 0.0205078125 0.0361328125
1 0.3759765625 0.361328125 0.0107421875 0.0205078125
1 0.205078125 0.357421875 0.0185546875 0.017578125
1 0.025390625 0.373046875 0.0126953125 0.0185546875
1 0.548828125 0.4189453125 0.015625 0.025390625
1 0.5908203125 0.376953125 0.015625 0.0205078125
1 0.5234375 0.8193359375 0.0185546875 0.0390625
1 0.412109375 0.736328125 0.0283203125 0.0390625
1 0.248046875 0.353515625 0.015625 0.025390625
0 0.1923828125 0.875 0.0966796875 0.0283203125
1 0.1083984375 0.4853515625 0.0361328125 0.033203125