0 0.572265625 0.666015625 0.126953125 0.142578125
0 0.1904296875 0.6630859375 0.1123046875 0.1298828125
1 0.736328125 0.6953125 0.041015625 0.072265625
0 0.349609375 0.669921875 0.09375 0.119140625
1 0.4150390625 0.5029296875 0.0234375 0.037109375
1 0.677734375 0.578125 0.037109375 0.0498046875
1 0.6357421875 0.556640625 0.0283203125 0.056640625
0 0.544921875 0.4658203125 0.056640625 0.056640625
0 0.5849609375 0.548828125 0.1044921875 0.123046875
1 0.818359375 0.5849609375 0.080078125 0.080078125
1 0.2666015625 0.501953125 0.0263671875 0.0361328125
1 0.494140625 0.4521484375 0.021484375 0.0361328125
0 0.3212890625 0.458984375 0.0546875 0.052734375
1 0.9521484375 0.669921875 0.0673828125 0.087890625
0 0.478515625 0.529296875 0.0625 0.0703125
1 0.8681640625 0.76953125 0.060546875 0.111328125
1 0.166015625 0.556640625 0.0283203125 0.064453125
1 0.1484375 0.498046875 0.021484375 0.0390625
1 0.888671875 0.654296875 0.080078125 0.0810546875
1 0.732421875 0.541015625 0.0419921875 0.044921875
1 0.447265625 0.49609375 0.021484375 0.044921875
1 0.0810546875 0.759765625 0.0341796875 0.060546875
0 0.501953125 0.3662109375 0.0341796875 0.029296875
1 0.37109375 0.455078125 0.017578125 0.0263671875
1 0.587890625 0.4169921875 0.0205078125 0.03125
0 0.560546875 0.42578125 0.041015625 0.0419921875
1 0.470703125 0.607421875 0.0361328125 0.060546875
1 0.30859375 0.51171875 0.0263671875 0.0361328125
1 0.53515625 0.404296875 0.0205078125 0.0283203125
0 0.5244140625 0.3310546875 0.033203125 0.025390625
0 0.4599609375 0.462890625 0.0546875 0.0517578125
0 0.1630859375 0.419921875 0.0390625 0.033203125
0 0.271484375 0.416015625 0.0751953125 0.0361328125
0 0.544921875 0.373046875 0.0361328125 0.0234375
1 0.69921875 0.5517578125 0.029296875 0.041015625
1 0.451171875 0.369140625 0.017578125 0.0283203125
0 0.689453125 0.841796875 0.162109375 0.09375
1 0.19921875 0.486328125 0.0234375 0.0517578125
1 0.5166015625 0.443359375 0.017578125 0.0390625
1 0.4345703125 0.771484375 0.0283203125 0.0546875
1 0.068359375 0.4794921875 0.0390625 0.041015625
0 0.9306640625 0.5810546875 0.111328125 0.0908203125
1 0.46484375 0.3935546875 0.0205078125 0.0341796875
1 0.2958984375 0.775390625 0.0361328125 0.080078125
1 0.1572265625 0.7568359375 0.0361328125 0.0546875
1 0.2421875 0.4375 0.0185546875 0.021484375
0 0.50390625 0.34375 0.0263671875 0.0185546875
1 0.1640625 0.478515625 0.025390625 0.0283203125
1 0.037109375 0.572265625 0.048828125 0.0830078125
1 0.498046875 0.4130859375 0.0205078125 0.033203125
1 0.904296875 0.5458984375 0.017578125 0.0234375
1 0.25 0.7861328125 0.0751953125 0.1123046875
1 0.638671875 0.5166015625 0.0205078125 0.0390625
1 0.82421875 0.537109375 0.0205078125 0.037109375
0 0.353515625 0.3203125 0.03125 0.0185546875