1 0.7958984375 0.7724609375 0.0673828125 0.0888671875
1 0.5029296875 0.4853515625 0.0341796875 0.060546875
0 0.662109375 0.5615234375 0.107421875 0.123046875
1 0.1650390625 0.712890625 0.033203125 0.0673828125
0 0.373046875 0.6337890625 0.0859375 0.1044921875
1 0.640625 0.708984375 0.052734375 0.078125
1 0.125 0.609375 0.0283203125 0.0498046875
1 0.615234375 0.4775390625 0.0263671875 0.044921875
0 0.5263671875 0.5693359375 0.083984375 0.1015625
0 0.1552734375 0.50390625 0.0546875 0.060546875
0 0.240234375 0.583984375 0.109375 0.1455078125
1 0.8212890625 0.583984375 0.080078125 0.0810546875
1 0.091796875 0.701171875 0.033203125 0.0595703125
0 0.44140625 0.43359375 0.0361328125 0.048828125
1 0.587890625 0.4619140625 0.021484375 0.033203125
1 0.2109375 0.52734375 0.025390625 0.0390625
0 0.5556640625 0.490234375 0.076171875 0.0888671875
1 0.2333984375 0.484375 0.0205078125 0.037109375
1 0.212890625 0.748046875 0.0361328125 0.0625
1 0.544921875 0.423828125 0.021484375 0.037109375
1 0.8974609375 0.654296875 0.080078125 0.083984375
0 0.2548828125 0.40625 0.0439453125 0.041015625
1 0.5703125 0.7490234375 0.041015625 0.060546875
1 0.5732421875 0.439453125 0.0185546875 0.029296875
1 0.591796875 0.419921875 0.0185546875 0.0341796875
0 0.287109375 0.431640625 0.0439453125 0.044921875
1 0.5732421875 0.41015625 0.021484375 0.033203125
1 0.458984375 0.5126953125 0.0361328125 0.041015625
1 0.427734375 0.501953125 0.0419921875 0.0517578125
1 0.9013671875 0.54296875 0.041015625 0.044921875
0 0.181640625 0.3896484375 0.0361328125 0.029296875
1 0.732421875 0.537109375 0.03125 0.041015625
0 0.17578125 0.3662109375 0.029296875 0.029296875
1 0.1162109375 0.4111328125 0.0205078125 0.025390625
1 0.966796875 0.6728515625 0.044921875 0.0517578125
1 0.24609375 0.4521484375 0.0234375 0.0361328125
1 0.8876953125 0.5908203125 0.0625 0.068359375
1 0.1904296875 0.47265625 0.025390625 0.033203125
1 0.705078125 0.556640625 0.015625 0.0341796875
1 0.693359375 0.5205078125 0.0185546875 0.0283203125
1 0.05078125 0.767578125 0.033203125 0.0830078125
0 0.1796875 0.4248046875 0.041015625 0.025390625
0 0.3349609375 0.4560546875 0.0703125 0.083984375
1 0.462890625 0.48046875 0.0205078125 0.029296875
1 0.0263671875 0.478515625 0.03125 0.041015625
1 0.4990234375 0.443359375 0.0205078125 0.0283203125
1 0.931640625 0.6083984375 0.0390625 0.0361328125
1 0.619140625 0.443359375 0.0341796875 0.0361328125
1 0.05859375 0.478515625 0.0263671875 0.0390625
1 0.4765625 0.396484375 0.03125 0.0419921875
0 0.1328125 0.826171875 0.150390625 0.119140625
1 0.4677734375 0.7197265625 0.0419921875 0.076171875
1 0.5908203125 0.3857421875 0.025390625 0.041015625
1 0.533203125 0.3955078125 0.0283203125 0.0439453125
0 0.5419921875 0.3466796875 0.041015625 0.0439453125
1 0.1611328125 0.6669921875 0.025390625 0.0341796875
1 0.0234375 0.57421875 0.021484375 0.0703125
1 0.548828125 0.373046875 0.017578125 0.0283203125
1 0.2109375 0.701171875 0.037109375 0.0498046875
1 0.814453125 0.54296875 0.025390625 0.0419921875
1 0.9296875 0.525390625 0.025390625 0.03125
0 0.2275390625 0.357421875 0.0263671875 0.0234375
1 0.5068359375 0.4111328125 0.0419921875 0.052734375
0 0.375 0.85546875 0.103515625 0.0732421875
1 0.1494140625 0.7080078125 0.169921875 0.140625
1 0.439453125 0.361328125 0.0205078125 0.0234375
1 0.935546875 0.6572265625 0.0263671875 0.0419921875
1 0.078125 0.3388671875 0.0185546875 0.0185546875