0 0.322265625 0.798828125 0.140625 0.1767578125
0 0.4873046875 0.482421875 0.0595703125 0.072265625
0 0.5302734375 0.4521484375 0.0517578125 0.0673828125
1 0.7060546875 0.626953125 0.041015625 0.068359375
0 0.3193359375 0.5986328125 0.080078125 0.09375
0 0.228515625 0.5703125 0.078125 0.087890625
0 0.2041015625 0.669921875 0.0986328125 0.1142578125
1 0.5341796875 0.6025390625 0.0283203125 0.0517578125
1 0.650390625 0.564453125 0.0283203125 0.046875
1 0.7998046875 0.5849609375 0.046875 0.0673828125
0 0.240234375 0.498046875 0.0595703125 0.0625
1 0.7587890625 0.759765625 0.0517578125 0.0732421875
1 0.6064453125 0.4638671875 0.021484375 0.037109375
1 0.7001953125 0.5439453125 0.041015625 0.0498046875
1 0.6689453125 0.6806640625 0.0341796875 0.0517578125
1 0.13671875 0.580078125 0.048828125 0.0517578125
1 0.818359375 0.716796875 0.0390625 0.0576171875
0 0.1640625 0.470703125 0.0439453125 0.0498046875
1 0.439453125 0.806640625 0.048828125 0.09375
1 0.58203125 0.47265625 0.0205078125 0.0419921875
1 0.947265625 0.681640625 0.0751953125 0.091796875
1 0.66796875 0.740234375 0.048828125 0.068359375
0 0.30859375 0.4755859375 0.0517578125 0.0546875
1 0.6376953125 0.525390625 0.0283203125 0.0419921875
1 0.849609375 0.59375 0.0576171875 0.0625
1 0.056640625 0.4833984375 0.0263671875 0.029296875
1 0.185546875 0.5361328125 0.025390625 0.041015625
1 0.1748046875 0.384765625 0.015625 0.021484375
0 0.349609375 0.3212890625 0.03125 0.017578125
0 0.51953125 0.3857421875 0.029296875 0.03125
0 0.115234375 0.4873046875 0.0439453125 0.0439453125
1 0.685546875 0.4677734375 0.033203125 0.0390625
1 0.9296875 0.6083984375 0.052734375 0.0419921875
1 0.189453125 0.3779296875 0.0205078125 0.03125
1 0.876953125 0.666015625 0.0751953125 0.0751953125
1 0.033203125 0.5859375 0.0419921875 0.0751953125
1 0.4501953125 0.3916015625 0.0341796875 0.044921875
1 0.45703125 0.427734375 0.0263671875 0.0390625
1 0.2177734375 0.7998046875 0.029296875 0.041015625
1 0.5927734375 0.400390625 0.017578125 0.0341796875
1 0.216796875 0.845703125 0.0439453125 0.060546875
1 0.560546875 0.7568359375 0.029296875 0.0732421875
0 0.9453125 0.5654296875 0.0810546875 0.0595703125
1 0.169921875 0.41015625 0.015625 0.029296875
0 0.4873046875 0.361328125 0.0283203125 0.0234375
1 0.11328125 0.5234375 0.0234375 0.03125
0 0.513671875 0.3330078125 0.03125 0.025390625
1 0.4833984375 0.396484375 0.0205078125 0.048828125
1 0.080078125 0.33984375 0.013671875 0.0234375
1 0.341796875 0.4306640625 0.017578125 0.029296875
1 0.869140625 0.8642578125 0.0234375 0.0498046875
1 0.89453125 0.5849609375 0.033203125 0.060546875
1 0.6767578125 0.5078125 0.025390625 0.037109375
1 0.4111328125 0.4169921875 0.0185546875 0.03125
1 0.8466796875 0.5537109375 0.025390625 0.044921875
1 0.0859375 0.720703125 0.025390625 0.0439453125
1 0.7255859375 0.6943359375 0.1826171875 0.2080078125
0 0.330078125 0.3974609375 0.0576171875 0.0390625
1 0.279296875 0.7421875 0.017578125 0.021484375
1 0.5703125 0.4072265625 0.03125 0.044921875
1 0.150390625 0.771484375 0.0390625 0.048828125
0 0.5263671875 0.3505859375 0.0283203125 0.029296875
1 0.021484375 0.4736328125 0.0205078125 0.025390625
0 0.2216796875 0.341796875 0.03125 0.025390625
1 0.6396484375 0.4423828125 0.0390625 0.041015625
1 0.818359375 0.53515625 0.0234375 0.044921875
1 0.548828125 0.404296875 0.017578125 0.0283203125