0 0.193359375 0.748046875 0.123046875 0.162109375
0 0.513671875 0.427734375 0.0498046875 0.0576171875
1 0.587890625 0.6650390625 0.041015625 0.0703125
1 0.685546875 0.654296875 0.048828125 0.072265625
0 0.337890625 0.7255859375 0.0986328125 0.1171875
1 0.5498046875 0.708984375 0.0439453125 0.099609375
0 0.486328125 0.3603515625 0.0390625 0.033203125
0 0.677734375 0.783203125 0.169921875 0.1904296875
1 0.587890625 0.466796875 0.037109375 0.048828125
1 0.509765625 0.6611328125 0.0419921875 0.068359375
1 0.8017578125 0.6484375 0.041015625 0.046875
1 0.771484375 0.73046875 0.0810546875 0.076171875
1 0.408203125 0.513671875 0.0234375 0.0576171875
1 0.4306640625 0.677734375 0.0390625 0.060546875
1 0.96484375 0.6328125 0.044921875 0.0595703125
1 0.626953125 0.4921875 0.025390625 0.037109375
1 0.0751953125 0.767578125 0.037109375 0.064453125
1 0.548828125 0.4072265625 0.015625 0.029296875
1 0.30859375 0.84765625 0.044921875 0.080078125
1 0.7265625 0.630859375 0.041015625 0.048828125
1 0.6123046875 0.5517578125 0.041015625 0.052734375
0 0.9296875 0.580078125 0.1123046875 0.064453125
1 0.5517578125 0.5341796875 0.056640625 0.078125
1 0.3984375 0.451171875 0.0341796875 0.033203125
1 0.703125 0.580078125 0.0654296875 0.056640625
0 0.5078125 0.3369140625 0.037109375 0.0361328125
1 0.4404296875 0.5185546875 0.021484375 0.037109375
1 0.779296875 0.5849609375 0.0654296875 0.0517578125
1 0.5615234375 0.4501953125 0.0205078125 0.03125
1 0.5693359375 0.4130859375 0.0205078125 0.0361328125
1 0.4736328125 0.419921875 0.0283203125 0.025390625
1 0.5341796875 0.486328125 0.03125 0.03125
1 0.69140625 0.462890625 0.0234375 0.03125
1 0.888671875 0.662109375 0.095703125 0.09375
1 0.6396484375 0.6630859375 0.0390625 0.0546875
1 0.626953125 0.453125 0.0263671875 0.0341796875
1 0.5947265625 0.60546875 0.0361328125 0.048828125
1 0.6435546875 0.6044921875 0.0341796875 0.0654296875
1 0.5283203125 0.568359375 0.025390625 0.041015625
1 0.033203125 0.814453125 0.046875 0.1201171875
1 0.517578125 0.51171875 0.0234375 0.0361328125
1 0.505859375 0.59765625 0.033203125 0.0419921875
1 0.3251953125 0.5947265625 0.103515625 0.0576171875
1 0.365234375 0.4248046875 0.021484375 0.025390625
0 0.908203125 0.5205078125 0.154296875 0.087890625
1 0.650390625 0.525390625 0.0625 0.0419921875
1 0.716796875 0.7099609375 0.0419921875 0.0732421875
1 0.576171875 0.3740234375 0.015625 0.0263671875
1 0.5478515625 0.3701171875 0.017578125 0.0283203125
0 0.900390625 0.849609375 0.162109375 0.0830078125
0 0.533203125 0.3427734375 0.029296875 0.0263671875
1 0.2421875 0.58984375 0.03125 0.0546875
0 0.2392578125 0.376953125 0.0625 0.0390625
1 0.5283203125 0.396484375 0.0126953125 0.0263671875
1 0.08203125 0.615234375 0.029296875 0.046875
1 0.5791015625 0.5400390625 0.0205078125 0.0390625
1 0.705078125 0.52734375 0.017578125 0.0234375
1 0.0244140625 0.5634765625 0.0234375 0.0517578125
1 0.4658203125 0.677734375 0.03125 0.072265625
1 0.07421875 0.33984375 0.013671875 0.0205078125
1 0.60546875 0.51953125 0.0205078125 0.0361328125
1 0.77734375 0.5546875 0.0234375 0.037109375
1 0.861328125 0.509765625 0.0263671875 0.041015625
1 0.193359375 0.6435546875 0.0361328125 0.0498046875
1 0.328125 0.357421875 0.021484375 0.025390625
1 0.072265625 0.7158203125 0.033203125 0.046875
1 0.513671875 0.6123046875 0.193359375 0.2939453125
1 0.068359375 0.4765625 0.0439453125 0.037109375
0 0.45703125 0.359375 0.0263671875 0.0283203125
1 0.8330078125 0.5712890625 0.025390625 0.044921875
0 0.353515625 0.322265625 0.0341796875 0.0185546875
1 0.107421875 0.486328125 0.0341796875 0.0341796875
1 0.6884765625 0.509765625 0.0263671875 0.0361328125
1 0.873046875 0.353515625 0.0263671875 0.0283203125