0 0.3203125 0.80078125 0.1435546875 0.1767578125
0 0.2001953125 0.6826171875 0.103515625 0.119140625
0 0.240234375 0.5078125 0.0625 0.068359375
1 0.115234375 0.5517578125 0.021484375 0.0341796875
1 0.166015625 0.5234375 0.025390625 0.037109375
0 0.2255859375 0.580078125 0.080078125 0.091796875
0 0.4912109375 0.486328125 0.0986328125 0.087890625
1 0.6884765625 0.5439453125 0.048828125 0.0595703125
0 0.3173828125 0.6494140625 0.0908203125 0.111328125
1 0.8203125 0.5732421875 0.083984375 0.087890625
1 0.5654296875 0.740234375 0.0341796875 0.068359375
1 0.4267578125 0.4677734375 0.0185546875 0.033203125
1 0.1142578125 0.6787109375 0.046875 0.060546875
1 0.1494140625 0.607421875 0.029296875 0.048828125
1 0.04296875 0.5849609375 0.033203125 0.0517578125
0 0.3212890625 0.546875 0.0703125 0.0810546875
1 0.728515625 0.5341796875 0.044921875 0.046875
1 0.8974609375 0.65625 0.0830078125 0.087890625
1 0.0693359375 0.4794921875 0.0390625 0.037109375
1 0.5126953125 0.6123046875 0.03125 0.052734375
0 0.505859375 0.34375 0.0341796875 0.03125
1 0.896484375 0.5458984375 0.0390625 0.0361328125
1 0.130859375 0.5078125 0.0205078125 0.0341796875
1 0.146484375 0.462890625 0.021484375 0.03125
0 0.4794921875 0.361328125 0.0341796875 0.0390625
1 0.173828125 0.4658203125 0.0205078125 0.0283203125
1 0.5595703125 0.3916015625 0.025390625 0.033203125
0 0.4052734375 0.3759765625 0.0361328125 0.0390625
1 0.958984375 0.6982421875 0.056640625 0.078125
1 0.185546875 0.4873046875 0.021484375 0.0439453125
1 0.58984375 0.39453125 0.0205078125 0.029296875
1 0.4248046875 0.431640625 0.0185546875 0.0390625
1 0.361328125 0.4580078125 0.0205078125 0.0283203125
1 0.779296875 0.8408203125 0.0517578125 0.0966796875
0 0.2509765625 0.3955078125 0.060546875 0.056640625
1 0.455078125 0.359375 0.017578125 0.0283203125
1 0.44921875 0.41015625 0.013671875 0.033203125
1 0.1962890625 0.42578125 0.017578125 0.0234375
1 0.89453125 0.5869140625 0.0419921875 0.0576171875
0 0.533203125 0.330078125 0.0419921875 0.03125
1 0.50390625 0.3759765625 0.017578125 0.0263671875
1 0.154296875 0.4267578125 0.0185546875 0.025390625
1 0.0927734375 0.416015625 0.0107421875 0.015625
1 0.220703125 0.8447265625 0.048828125 0.080078125
1 0.0244140625 0.5595703125 0.0234375 0.0439453125
1 0.150390625 0.373046875 0.017578125 0.0234375
1 0.8466796875 0.521484375 0.046875 0.046875
0 0.953125 0.5791015625 0.0654296875 0.060546875
1 0.119140625 0.423828125 0.0185546875 0.021484375
1 0.435546875 0.841796875 0.044921875 0.0888671875
1 0.9716796875 0.6318359375 0.0341796875 0.0703125
1 0.962890625 0.5244140625 0.044921875 0.029296875