0 0.1923828125 0.7509765625 0.125 0.1640625
0 0.5107421875 0.423828125 0.046875 0.0546875
0 0.337890625 0.7275390625 0.0986328125 0.1171875
0 0.541015625 0.3525390625 0.0439453125 0.044921875
1 0.197265625 0.5009765625 0.0234375 0.0419921875
1 0.078125 0.7607421875 0.0439453125 0.0654296875
0 0.841796875 0.5634765625 0.162109375 0.0732421875
1 0.552734375 0.474609375 0.0283203125 0.044921875
1 0.5107421875 0.46875 0.025390625 0.0439453125
1 0.580078125 0.48828125 0.0283203125 0.0390625
0 0.4912109375 0.359375 0.0390625 0.037109375
1 0.6357421875 0.51171875 0.021484375 0.0361328125
1 0.287109375 0.5224609375 0.0419921875 0.044921875
1 0.564453125 0.578125 0.0576171875 0.046875
1 0.234375 0.4443359375 0.021484375 0.0263671875
1 0.505859375 0.513671875 0.0234375 0.0419921875
1 0.3076171875 0.8486328125 0.0439453125 0.0625
1 0.1328125 0.5517578125 0.0283203125 0.052734375
0 0.154296875 0.408203125 0.0673828125 0.0439453125
1 0.298828125 0.4833984375 0.0234375 0.033203125
1 0.1455078125 0.455078125 0.021484375 0.0361328125
1 0.416015625 0.79296875 0.048828125 0.0830078125
1 0.560546875 0.4375 0.017578125 0.0283203125
0 0.0595703125 0.384765625 0.0625 0.033203125
1 0.103515625 0.4169921875 0.0185546875 0.0283203125
1 0.1689453125 0.4384765625 0.037109375 0.029296875
1 0.068359375 0.5341796875 0.0263671875 0.037109375
1 0.607421875 0.478515625 0.0283203125 0.044921875
1 0.373046875 0.498046875 0.041015625 0.0439453125
0 0.23046875 0.359375 0.064453125 0.037109375
1 0.427734375 0.6982421875 0.046875 0.0810546875
0 0.509765625 0.333984375 0.0283203125 0.029296875
1 0.0322265625 0.5791015625 0.0361328125 0.080078125
1 0.07421875 0.482421875 0.0234375 0.033203125
1 0.267578125 0.4208984375 0.037109375 0.033203125
1 0.2138671875 0.44921875 0.021484375 0.0234375
1 0.458984375 0.7822265625 0.0390625 0.0546875
1 0.828125 0.658203125 0.0595703125 0.0546875
1 0.6201171875 0.44921875 0.015625 0.0205078125
1 0.462890625 0.4345703125 0.017578125 0.0283203125
1 0.708984375 0.642578125 0.0341796875 0.044921875
1 0.583984375 0.36328125 0.015625 0.0234375
1 0.14453125 0.345703125 0.0263671875 0.0263671875
1 0.455078125 0.5283203125 0.021484375 0.03125
1 0.591796875 0.455078125 0.0205078125 0.0263671875
1 0.3564453125 0.4716796875 0.0341796875 0.037109375
1 0.564453125 0.4736328125 0.158203125 0.099609375
1 0.607421875 0.4521484375 0.017578125 0.0205078125
1 0.109375 0.486328125 0.0341796875 0.03125
1 0.169921875 0.333984375 0.0341796875 0.029296875
1 0.0859375 0.529296875 0.1435546875 0.1279296875
1 0.6376953125 0.48046875 0.015625 0.0263671875
1 0.04296875 0.6865234375 0.017578125 0.0263671875
1 0.6103515625 0.513671875 0.0361328125 0.0439453125
0 0.193359375 0.875 0.0986328125 0.0283203125
0 0.072265625 0.345703125 0.0341796875 0.0185546875
1 0.033203125 0.466796875 0.046875 0.041015625