0 0.134765625 0.734375 0.130859375 0.146484375
0 0.3212890625 0.791015625 0.138671875 0.177734375
0 0.724609375 0.744140625 0.177734375 0.2080078125
0 0.341796875 0.5693359375 0.078125 0.0888671875
1 0.5888671875 0.560546875 0.037109375 0.060546875
0 0.5146484375 0.591796875 0.0859375 0.125
0 0.490234375 0.353515625 0.0341796875 0.037109375
0 0.5068359375 0.4345703125 0.048828125 0.0498046875
1 0.697265625 0.54296875 0.046875 0.0576171875
0 0.2236328125 0.5302734375 0.0625 0.0703125
1 0.5791015625 0.48828125 0.0263671875 0.044921875
1 0.8037109375 0.5810546875 0.0517578125 0.0654296875
1 0.626953125 0.6142578125 0.0361328125 0.0654296875
1 0.677734375 0.6220703125 0.0283203125 0.041015625
1 0.1376953125 0.56640625 0.025390625 0.044921875
1 0.8896484375 0.654296875 0.0830078125 0.0830078125
1 0.408203125 0.466796875 0.0205078125 0.0390625
0 0.4599609375 0.4521484375 0.0517578125 0.0517578125
0 0.306640625 0.4794921875 0.056640625 0.056640625
1 0.6328125 0.5634765625 0.0283203125 0.0517578125
1 0.802734375 0.6962890625 0.0546875 0.0830078125
1 0.408203125 0.4384765625 0.017578125 0.029296875
1 0.556640625 0.431640625 0.025390625 0.033203125
1 0.060546875 0.482421875 0.0283203125 0.03125
1 0.5478515625 0.548828125 0.0263671875 0.048828125
1 0.947265625 0.6884765625 0.0751953125 0.0859375
1 0.5234375 0.5234375 0.03125 0.03125
1 0.1435546875 0.529296875 0.025390625 0.0361328125
1 0.6064453125 0.5078125 0.025390625 0.046875
0 0.2744140625 0.416015625 0.0419921875 0.0361328125
1 0.845703125 0.6015625 0.046875 0.046875
0 0.2216796875 0.4697265625 0.052734375 0.060546875
1 0.4609375 0.53125 0.037109375 0.046875
1 0.2646484375 0.5009765625 0.0205078125 0.033203125
1 0.6005859375 0.814453125 0.0390625 0.0654296875
1 0.5595703125 0.46484375 0.021484375 0.0361328125
1 0.240234375 0.6123046875 0.037109375 0.0625
1 0.7080078125 0.46875 0.03125 0.025390625
1 0.673828125 0.8671875 0.046875 0.046875
1 0.388671875 0.4306640625 0.0185546875 0.0263671875
0 0.248046875 0.3896484375 0.056640625 0.0419921875
1 0.591796875 0.6826171875 0.0341796875 0.056640625
1 0.333984375 0.451171875 0.021484375 0.033203125
1 0.1669921875 0.521484375 0.0283203125 0.044921875
1 0.587890625 0.4345703125 0.0205078125 0.0341796875
0 0.494140625 0.396484375 0.0390625 0.0419921875
1 0.1630859375 0.41015625 0.0263671875 0.029296875
0 0.2294921875 0.3427734375 0.025390625 0.0234375
1 0.1142578125 0.623046875 0.041015625 0.0654296875
1 0.8486328125 0.556640625 0.0341796875 0.0498046875
1 0.892578125 0.5869140625 0.0419921875 0.0576171875
1 0.8974609375 0.54296875 0.033203125 0.033203125
1 0.2333984375 0.4296875 0.0390625 0.0283203125
0 0.189453125 0.341796875 0.0234375 0.021484375
1 0.890625 0.837890625 0.0654296875 0.095703125
1 0.033203125 0.572265625 0.041015625 0.0654296875
1 0.0458984375 0.7158203125 0.048828125 0.052734375
1 0.5908203125 0.458984375 0.0185546875 0.025390625
1 0.451171875 0.3818359375 0.0341796875 0.0517578125
1 0.8173828125 0.5361328125 0.025390625 0.0439453125
1 0.6337890625 0.439453125 0.033203125 0.0390625
1 0.5390625 0.388671875 0.0283203125 0.0390625
1 0.0732421875 0.8583984375 0.087890625 0.060546875
1 0.9560546875 0.62890625 0.0341796875 0.0517578125
1 0.58984375 0.38671875 0.013671875 0.0205078125
0 0.349609375 0.318359375 0.03125 0.0185546875
1 0.435546875 0.4208984375 0.0185546875 0.0390625
1 0.10546875 0.4091796875 0.017578125 0.03125