0 0.1923828125 0.748046875 0.125 0.162109375
0 0.51171875 0.423828125 0.0546875 0.060546875
0 0.337890625 0.728515625 0.0986328125 0.119140625
0 0.5166015625 0.515625 0.1044921875 0.0810546875
0 0.5400390625 0.353515625 0.044921875 0.046875
1 0.283203125 0.4658203125 0.0283203125 0.0341796875
1 0.068359375 0.5361328125 0.0263671875 0.041015625
1 0.3515625 0.498046875 0.0341796875 0.048828125
1 0.080078125 0.755859375 0.0498046875 0.0830078125
0 0.0439453125 0.376953125 0.046875 0.0283203125
1 0.1162109375 0.5810546875 0.033203125 0.052734375
1 0.2431640625 0.4521484375 0.029296875 0.033203125
0 0.4892578125 0.353515625 0.0625 0.052734375
1 0.46875 0.4482421875 0.0283203125 0.037109375
1 0.45703125 0.78125 0.0361328125 0.0625
1 0.150390625 0.4609375 0.0205078125 0.0341796875
1 0.4990234375 0.4560546875 0.0234375 0.0341796875
1 0.8994140625 0.59765625 0.0546875 0.048828125
1 0.306640625 0.8330078125 0.046875 0.087890625
1 0.5791015625 0.490234375 0.029296875 0.0390625
1 0.0712890625 0.482421875 0.033203125 0.033203125
1 0.607421875 0.484375 0.0283203125 0.041015625
1 0.1572265625 0.427734375 0.0205078125 0.025390625
1 0.1201171875 0.4033203125 0.021484375 0.025390625
1 0.6064453125 0.603515625 0.041015625 0.064453125
1 0.595703125 0.3974609375 0.015625 0.0263671875
1 0.5634765625 0.37109375 0.029296875 0.029296875
1 0.189453125 0.4169921875 0.0205078125 0.025390625
1 0.5400390625 0.462890625 0.0263671875 0.037109375
1 0.416015625 0.791015625 0.0546875 0.0830078125
1 0.509765625 0.5458984375 0.0234375 0.0390625
1 0.1005859375 0.4150390625 0.0205078125 0.0263671875
1 0.640625 0.4736328125 0.037109375 0.046875
1 0.21484375 0.4765625 0.0390625 0.0439453125
1 0.1787109375 0.482421875 0.0263671875 0.0341796875
1 0.0439453125 0.685546875 0.03125 0.0439453125
1 0.427734375 0.666015625 0.041015625 0.048828125
1 0.541015625 0.5439453125 0.0185546875 0.0283203125
1 0.650390625 0.525390625 0.0517578125 0.0439453125
1 0.0751953125 0.40234375 0.021484375 0.0263671875
1 0.5625 0.46875 0.0185546875 0.0283203125
0 0.2353515625 0.361328125 0.0576171875 0.033203125
1 0.8916015625 0.384765625 0.017578125 0.025390625
1 0.494140625 0.400390625 0.013671875 0.025390625
1 0.5947265625 0.4658203125 0.013671875 0.021484375
1 0.1748046875 0.3349609375 0.025390625 0.0263671875
1 0.46484375 0.423828125 0.013671875 0.0185546875
1 0.681640625 0.447265625 0.017578125 0.0205078125
1 0.603515625 0.552734375 0.0498046875 0.0439453125
1 0.0302734375 0.5830078125 0.0263671875 0.083984375
1 0.423828125 0.7119140625 0.0390625 0.0546875
1 0.2373046875 0.41796875 0.015625 0.0234375
0 0.142578125 0.3798828125 0.0576171875 0.0341796875
0 0.1953125 0.875 0.087890625 0.0283203125
0 0.19140625 0.369140625 0.044921875 0.033203125
1 0.744140625 0.455078125 0.015625 0.0390625
1 0.033203125 0.7294921875 0.0205078125 0.025390625
1 0.978515625 0.693359375 0.015625 0.0439453125
1 0.6181640625 0.4609375 0.0205078125 0.0283203125