0 0.134765625 0.697265625 0.103515625 0.115234375
0 0.576171875 0.640625 0.1171875 0.146484375
0 0.1845703125 0.5400390625 0.0751953125 0.076171875
1 0.626953125 0.560546875 0.029296875 0.0595703125
1 0.7236328125 0.67578125 0.0498046875 0.0859375
0 0.537109375 0.5419921875 0.0810546875 0.0751953125
1 0.28125 0.7978515625 0.0498046875 0.076171875
0 0.326171875 0.5009765625 0.0625 0.0673828125
1 0.494140625 0.6123046875 0.033203125 0.0625
1 0.6650390625 0.607421875 0.0361328125 0.072265625
1 0.6123046875 0.841796875 0.046875 0.076171875
1 0.8544921875 0.798828125 0.0595703125 0.1064453125
1 0.8017578125 0.587890625 0.0439453125 0.072265625
1 0.943359375 0.6826171875 0.0830078125 0.0908203125
1 0.2626953125 0.56640625 0.025390625 0.048828125
0 0.2958984375 0.455078125 0.0517578125 0.046875
1 0.5419921875 0.478515625 0.021484375 0.033203125
1 0.744140625 0.7607421875 0.056640625 0.087890625
1 0.845703125 0.6015625 0.0341796875 0.0439453125
0 0.6220703125 0.4560546875 0.087890625 0.0625
1 0.693359375 0.544921875 0.044921875 0.0498046875
1 0.11328125 0.5576171875 0.0361328125 0.046875
1 0.458984375 0.59375 0.037109375 0.0751953125
1 0.5400390625 0.4326171875 0.0205078125 0.037109375
0 0.431640625 0.421875 0.0439453125 0.052734375
0 0.4794921875 0.3603515625 0.0341796875 0.0361328125
1 0.029296875 0.572265625 0.033203125 0.0595703125
0 0.1865234375 0.4033203125 0.044921875 0.046875
1 0.73046875 0.5400390625 0.0361328125 0.0419921875
1 0.5703125 0.439453125 0.0283203125 0.0361328125
0 0.478515625 0.4482421875 0.048828125 0.0498046875
1 0.716796875 0.8701171875 0.0546875 0.041015625
1 0.154296875 0.4580078125 0.021484375 0.025390625
1 0.2470703125 0.466796875 0.0185546875 0.0341796875
1 0.4609375 0.5048828125 0.0185546875 0.03125
1 0.8251953125 0.69921875 0.0498046875 0.080078125
1 0.625 0.5146484375 0.021484375 0.0419921875
0 0.248046875 0.388671875 0.0595703125 0.0419921875
0 0.189453125 0.373046875 0.0390625 0.025390625
1 0.4814453125 0.4091796875 0.015625 0.025390625
1 0.822265625 0.865234375 0.0498046875 0.0498046875
1 0.8955078125 0.587890625 0.046875 0.052734375
1 0.138671875 0.478515625 0.015625 0.025390625
1 0.068359375 0.478515625 0.048828125 0.037109375
1 0.71875 0.609375 0.0283203125 0.056640625
1 0.9267578125 0.6103515625 0.041015625 0.0390625
1 0.0283203125 0.4912109375 0.0341796875 0.0361328125
1 0.5888671875 0.4228515625 0.0185546875 0.0263671875
0 0.3525390625 0.3212890625 0.033203125 0.017578125
1 0.1015625 0.48046875 0.0341796875 0.0361328125
0 0.380859375 0.66796875 0.107421875 0.1328125
0 0.5078125 0.373046875 0.1220703125 0.103515625
1 0.974609375 0.6357421875 0.0283203125 0.052734375
1 0.498046875 0.416015625 0.025390625 0.0361328125
1 0.548828125 0.400390625 0.0234375 0.037109375
1 0.12890625 0.5224609375 0.017578125 0.0390625
0 0.212890625 0.4453125 0.0419921875 0.03125
1 0.509765625 0.517578125 0.017578125 0.0341796875
0 0.2275390625 0.359375 0.0263671875 0.015625
1 0.443359375 0.5205078125 0.0205078125 0.041015625