0 0.193359375 0.7490234375 0.123046875 0.1611328125
0 0.513671875 0.4228515625 0.0673828125 0.060546875
0 0.537109375 0.35546875 0.0439453125 0.044921875
0 0.4912109375 0.359375 0.0390625 0.0341796875
0 0.3388671875 0.7275390625 0.0966796875 0.1201171875
1 0.0673828125 0.537109375 0.0283203125 0.0498046875
1 0.6103515625 0.4912109375 0.0419921875 0.0517578125
1 0.6455078125 0.4931640625 0.021484375 0.0361328125
0 0.294921875 0.466796875 0.095703125 0.064453125
1 0.4140625 0.802734375 0.0439453125 0.068359375
1 0.6591796875 0.546875 0.025390625 0.052734375
1 0.306640625 0.833984375 0.046875 0.0888671875
0 0.5107421875 0.333984375 0.03125 0.029296875
1 0.5126953125 0.4697265625 0.037109375 0.0517578125
1 0.078125 0.7529296875 0.052734375 0.087890625
1 0.1884765625 0.43359375 0.0234375 0.033203125
1 0.572265625 0.4921875 0.025390625 0.0439453125
1 0.466796875 0.4541015625 0.0361328125 0.0419921875
1 0.474609375 0.5263671875 0.0234375 0.052734375
1 0.1201171875 0.4130859375 0.025390625 0.0263671875
1 0.458984375 0.7822265625 0.0390625 0.060546875
1 0.5458984375 0.421875 0.017578125 0.0283203125
0 0.0849609375 0.392578125 0.0546875 0.0390625
1 0.56640625 0.3759765625 0.0234375 0.029296875
1 0.5390625 0.474609375 0.025390625 0.041015625
1 0.4951171875 0.451171875 0.015625 0.0263671875
1 0.564453125 0.4541015625 0.0205078125 0.033203125
1 0.4267578125 0.4794921875 0.041015625 0.0439453125
1 0.166015625 0.3662109375 0.0126953125 0.017578125
1 0.0439453125 0.744140625 0.03125 0.068359375
1 0.845703125 0.6376953125 0.0361328125 0.072265625
1 0.45703125 0.36328125 0.0263671875 0.033203125
1 0.408203125 0.53125 0.064453125 0.0595703125
1 0.5830078125 0.380859375 0.015625 0.0283203125
1 0.4365234375 0.7626953125 0.0234375 0.041015625
1 0.466796875 0.4208984375 0.015625 0.0234375
1 0.646484375 0.4638671875 0.0185546875 0.0283203125
1 0.181640625 0.330078125 0.013671875 0.0205078125
1 0.515625 0.37109375 0.015625 0.0205078125
1 0.021484375 0.4775390625 0.021484375 0.033203125
1 0.4287109375 0.6708984375 0.0419921875 0.044921875
1 0.044921875 0.58984375 0.048828125 0.0576171875
1 0.6201171875 0.4521484375 0.015625 0.0234375
1 0.162109375 0.4150390625 0.0185546875 0.0263671875
0 0.189453125 0.8759765625 0.125 0.029296875
0 0.2275390625 0.3662109375 0.0546875 0.0361328125
1 0.638671875 0.4443359375 0.0205078125 0.029296875
1 0.2060546875 0.3564453125 0.0126953125 0.015625
1 0.5947265625 0.4658203125 0.013671875 0.021484375
1 0.0380859375 0.5576171875 0.0205078125 0.037109375
1 0.025390625 0.375 0.0126953125 0.0185546875
1 0.5634765625 0.427734375 0.0205078125 0.029296875
1 0.3740234375 0.390625 0.0263671875 0.0341796875
0 0.353515625 0.318359375 0.0341796875 0.0185546875
1 0.0576171875 0.478515625 0.021484375 0.0361328125
1 0.4130859375 0.7373046875 0.0263671875 0.037109375