0 0.587890625 0.505859375 0.068359375 0.091796875
1 0.638671875 0.630859375 0.0390625 0.0654296875
0 0.763671875 0.681640625 0.1689453125 0.1669921875
1 0.125 0.521484375 0.03125 0.037109375
1 0.31640625 0.615234375 0.029296875 0.0576171875
0 0.6591796875 0.810546875 0.1748046875 0.154296875
1 0.3017578125 0.53515625 0.021484375 0.0390625
1 0.19921875 0.6416015625 0.0263671875 0.044921875
0 0.5634765625 0.380859375 0.033203125 0.037109375
1 0.1435546875 0.5595703125 0.025390625 0.041015625
1 0.6875 0.544921875 0.0498046875 0.0546875
1 0.73046875 0.537109375 0.0390625 0.0439453125
1 0.107421875 0.6962890625 0.041015625 0.0703125
1 0.357421875 0.73828125 0.033203125 0.0673828125
1 0.203125 0.4755859375 0.021484375 0.029296875
1 0.3388671875 0.5185546875 0.021484375 0.0341796875
0 0.541015625 0.6103515625 0.1123046875 0.1484375
1 0.818359375 0.5703125 0.0810546875 0.087890625
1 0.2802734375 0.7431640625 0.044921875 0.0673828125
1 0.525390625 0.5126953125 0.0263671875 0.046875
1 0.5 0.48046875 0.021484375 0.029296875
1 0.279296875 0.4423828125 0.017578125 0.0283203125
1 0.2236328125 0.517578125 0.021484375 0.029296875
1 0.22265625 0.5830078125 0.0234375 0.041015625
1 0.2685546875 0.53515625 0.021484375 0.0361328125
1 0.9443359375 0.6865234375 0.076171875 0.0859375
1 0.265625 0.591796875 0.0283203125 0.052734375
1 0.494140625 0.5126953125 0.017578125 0.041015625
1 0.375 0.62890625 0.0283203125 0.048828125
1 0.1494140625 0.48828125 0.0234375 0.0390625
0 0.5322265625 0.3974609375 0.0390625 0.0361328125
1 0.6044921875 0.4619140625 0.0126953125 0.0205078125
1 0.1796875 0.537109375 0.0341796875 0.041015625
1 0.568359375 0.5576171875 0.0234375 0.03125
1 0.51953125 0.4228515625 0.0205078125 0.029296875
1 0.23828125 0.5 0.0205078125 0.03125
1 0.1103515625 0.646484375 0.0390625 0.0439453125
1 0.212890625 0.4501953125 0.017578125 0.025390625
1 0.3828125 0.5712890625 0.025390625 0.033203125
1 0.173828125 0.486328125 0.0185546875 0.029296875
1 0.1826171875 0.4560546875 0.0185546875 0.025390625
1 0.251953125 0.4609375 0.0185546875 0.025390625
1 0.05859375 0.4794921875 0.0205078125 0.0341796875
1 0.375 0.6728515625 0.025390625 0.0419921875
1 0.107421875 0.482421875 0.03125 0.03125
1 0.2724609375 0.486328125 0.0205078125 0.0283203125
0 0.4990234375 0.3447265625 0.0234375 0.0263671875
1 0.111328125 0.416015625 0.0205078125 0.0234375
1 0.36328125 0.4580078125 0.017578125 0.03125
1 0.4580078125 0.4580078125 0.03125 0.041015625
1 0.595703125 0.443359375 0.015625 0.0234375
1 0.5244140625 0.4658203125 0.017578125 0.03125
1 0.556640625 0.490234375 0.017578125 0.0341796875
1 0.2138671875 0.4169921875 0.015625 0.0185546875
1 0.0234375 0.4794921875 0.025390625 0.041015625
1 0.5322265625 0.6513671875 0.029296875 0.0498046875
1 0.5888671875 0.646484375 0.025390625 0.052734375
1 0.0888671875 0.400390625 0.021484375 0.0205078125
1 0.029296875 0.560546875 0.037109375 0.046875
1 0.896484375 0.54296875 0.0361328125 0.0419921875
1 0.25 0.3994140625 0.025390625 0.0263671875
0 0.54296875 0.3427734375 0.0234375 0.0234375
1 0.9306640625 0.609375 0.044921875 0.041015625
1 0.169921875 0.490234375 0.111328125 0.091796875
0 0.4755859375 0.380859375 0.0361328125 0.0390625
0 0.2275390625 0.380859375 0.048828125 0.033203125
1 0.5830078125 0.7275390625 0.046875 0.076171875
1 0.8974609375 0.5791015625 0.0419921875 0.044921875
1 0.251953125 0.5908203125 0.1923828125 0.1220703125
1 0.421875 0.494140625 0.021484375 0.03125
1 0.1865234375 0.3837890625 0.0205078125 0.0234375
1 0.201171875 0.349609375 0.025390625 0.021484375
1 0.384765625 0.537109375 0.013671875 0.017578125
1 0.1982421875 0.771484375 0.021484375 0.033203125
1 0.2646484375 0.8466796875 0.0419921875 0.078125
1 0.4736328125 0.669921875 0.025390625 0.0576171875
1 0.310546875 0.431640625 0.017578125 0.029296875
1 0.162109375 0.373046875 0.013671875 0.021484375
1 0.4287109375 0.658203125 0.0361328125 0.0361328125
1 0.4443359375 0.419921875 0.017578125 0.0205078125
0 0.4716796875 0.4140625 0.0283203125 0.0283203125
1 0.955078125 0.53125 0.015625 0.015625
1 0.9736328125 0.630859375 0.0283203125 0.056640625
1 0.677734375 0.5087890625 0.0185546875 0.029296875
1 0.580078125 0.41796875 0.0205078125 0.0361328125