0 0.1923828125 0.7939453125 0.1279296875 0.1875
0 0.6630859375 0.630859375 0.1357421875 0.1533203125
0 0.51953125 0.5830078125 0.095703125 0.109375
1 0.8017578125 0.7021484375 0.052734375 0.095703125
0 0.337890625 0.7275390625 0.1015625 0.1171875
1 0.158203125 0.5146484375 0.025390625 0.0419921875
0 0.5751953125 0.529296875 0.0751953125 0.0859375
0 0.509765625 0.404296875 0.0419921875 0.0498046875
0 0.4892578125 0.359375 0.0341796875 0.03125
1 0.732421875 0.623046875 0.044921875 0.0625
1 0.4013671875 0.4775390625 0.0283203125 0.048828125
1 0.66796875 0.5341796875 0.0732421875 0.078125
1 0.888671875 0.7099609375 0.0830078125 0.107421875
0 0.841796875 0.505859375 0.0810546875 0.0703125
0 0.5400390625 0.341796875 0.033203125 0.0283203125
1 0.5263671875 0.4951171875 0.0341796875 0.046875
1 0.7939453125 0.556640625 0.087890625 0.078125
0 0.5078125 0.333984375 0.03125 0.03125
1 0.853515625 0.5615234375 0.041015625 0.0517578125
1 0.34765625 0.5478515625 0.029296875 0.0576171875
1 0.638671875 0.490234375 0.033203125 0.0361328125
1 0.6416015625 0.7734375 0.0576171875 0.078125
1 0.466796875 0.521484375 0.046875 0.0498046875
1 0.9013671875 0.54296875 0.037109375 0.033203125
1 0.94140625 0.857421875 0.0390625 0.060546875
1 0.060546875 0.4794921875 0.0283203125 0.037109375
1 0.9130859375 0.591796875 0.0546875 0.048828125
1 0.0234375 0.4755859375 0.025390625 0.033203125
1 0.109375 0.482421875 0.037109375 0.0361328125
1 0.87890625 0.619140625 0.0390625 0.041015625
1 0.5947265625 0.4794921875 0.0234375 0.0341796875
1 0.0322265625 0.560546875 0.0390625 0.044921875
1 0.158203125 0.48046875 0.0234375 0.0361328125
1 0.50390625 0.48046875 0.0263671875 0.0361328125
0 0.4013671875 0.4013671875 0.037109375 0.03125
1 0.4296875 0.458984375 0.0185546875 0.033203125
1 0.439453125 0.794921875 0.0361328125 0.0576171875
1 0.59375 0.427734375 0.015625 0.0263671875
1 0.783203125 0.6357421875 0.0732421875 0.0595703125
1 0.55078125 0.466796875 0.0263671875 0.037109375
1 0.298828125 0.685546875 0.025390625 0.025390625
1 0.5712890625 0.435546875 0.0263671875 0.03125
1 0.380859375 0.4375 0.017578125 0.0283203125
1 0.5888671875 0.396484375 0.025390625 0.037109375
1 0.453125 0.3603515625 0.0185546875 0.0234375
1 0.9609375 0.603515625 0.037109375 0.0341796875
1 0.0869140625 0.396484375 0.0263671875 0.03125
1 0.052734375 0.798828125 0.0751953125 0.087890625
1 0.0751953125 0.68359375 0.1123046875 0.0830078125
1 0.947265625 0.5439453125 0.068359375 0.0498046875
1 0.658203125 0.462890625 0.03125 0.0419921875
1 0.4453125 0.6728515625 0.03125 0.060546875
1 0.4697265625 0.4033203125 0.0205078125 0.037109375
1 0.927734375 0.64453125 0.0234375 0.0517578125
1 0.9736328125 0.828125 0.025390625 0.0283203125
1 0.4912109375 0.447265625 0.0263671875 0.0361328125
0 0.3076171875 0.337890625 0.0654296875 0.0595703125