0 0.2080078125 0.611328125 0.09375 0.103515625
1 0.2021484375 0.8095703125 0.0546875 0.078125
1 0.1474609375 0.5322265625 0.0234375 0.0390625
1 0.27734375 0.646484375 0.0419921875 0.068359375
0 0.4619140625 0.4189453125 0.0419921875 0.046875
0 0.5439453125 0.4609375 0.056640625 0.0595703125
1 0.09375 0.685546875 0.037109375 0.060546875
1 0.736328125 0.5390625 0.03125 0.041015625
1 0.541015625 0.638671875 0.0283203125 0.048828125
0 0.5615234375 0.396484375 0.0361328125 0.044921875
1 0.7685546875 0.7841796875 0.0654296875 0.0751953125
1 0.8974609375 0.6552734375 0.0859375 0.080078125
1 0.5498046875 0.564453125 0.021484375 0.0439453125
0 0.6416015625 0.767578125 0.169921875 0.2294921875
1 0.3095703125 0.5224609375 0.021484375 0.0361328125
0 0.666015625 0.603515625 0.1015625 0.1171875
1 0.1865234375 0.515625 0.0234375 0.037109375
1 0.1767578125 0.458984375 0.025390625 0.0263671875
1 0.1171875 0.587890625 0.03125 0.0498046875
1 0.8193359375 0.576171875 0.080078125 0.0859375
1 0.287109375 0.482421875 0.0185546875 0.0283203125
1 0.365234375 0.466796875 0.021484375 0.029296875
0 0.525390625 0.416015625 0.046875 0.0439453125
1 0.384765625 0.51171875 0.0263671875 0.048828125
1 0.2607421875 0.501953125 0.025390625 0.041015625
1 0.267578125 0.4521484375 0.017578125 0.0263671875
1 0.14453125 0.4619140625 0.029296875 0.0263671875
1 0.2353515625 0.5244140625 0.0234375 0.044921875
1 0.25 0.4677734375 0.021484375 0.0361328125
1 0.150390625 0.423828125 0.021484375 0.0283203125
1 0.6728515625 0.5322265625 0.0205078125 0.029296875
1 0.8974609375 0.5419921875 0.033203125 0.037109375
1 0.185546875 0.4833984375 0.0185546875 0.0234375
1 0.611328125 0.5 0.03125 0.0341796875
1 0.2265625 0.466796875 0.0185546875 0.029296875
1 0.6943359375 0.5498046875 0.029296875 0.041015625
1 0.130859375 0.4228515625 0.017578125 0.0263671875
0 0.478515625 0.3623046875 0.0341796875 0.0341796875
1 0.5712890625 0.6103515625 0.0263671875 0.0517578125
1 0.5107421875 0.443359375 0.0185546875 0.0283203125
1 0.9580078125 0.693359375 0.068359375 0.0751953125
1 0.4296875 0.4619140625 0.015625 0.0263671875
1 0.4267578125 0.5478515625 0.0185546875 0.0361328125
0 0.5380859375 0.3486328125 0.033203125 0.0283203125
1 0.1103515625 0.484375 0.0361328125 0.037109375
0 0.224609375 0.3603515625 0.0283203125 0.0234375
1 0.412109375 0.41796875 0.0185546875 0.017578125
1 0.6083984375 0.4736328125 0.017578125 0.03125
1 0.05859375 0.48046875 0.0205078125 0.0361328125
1 0.951171875 0.5283203125 0.0234375 0.0185546875
1 0.861328125 0.8740234375 0.0576171875 0.0361328125
0 0.501953125 0.33984375 0.037109375 0.033203125
0 0.513671875 0.3681640625 0.033203125 0.033203125
0 0.248046875 0.3876953125 0.0810546875 0.0439453125
1 0.265625 0.486328125 0.103515625 0.1015625
1 0.576171875 0.54296875 0.0263671875 0.0361328125
1 0.0224609375 0.4794921875 0.0234375 0.037109375
1 0.9267578125 0.611328125 0.0498046875 0.0439453125
1 0.1845703125 0.373046875 0.0126953125 0.017578125
1 0.03125 0.58203125 0.037109375 0.0830078125
1 0.0927734375 0.416015625 0.013671875 0.0185546875
1 0.2333984375 0.4296875 0.017578125 0.021484375
1 0.5478515625 0.533203125 0.0205078125 0.03125
1 0.6123046875 0.537109375 0.0185546875 0.03125
1 0.5830078125 0.443359375 0.025390625 0.044921875
1 0.619140625 0.638671875 0.0341796875 0.0498046875
1 0.6376953125 0.439453125 0.041015625 0.0341796875
1 0.5859375 0.56640625 0.087890625 0.1611328125
1 0.25390625 0.439453125 0.0205078125 0.025390625
1 0.6923828125 0.521484375 0.0185546875 0.0283203125
0 0.32421875 0.40234375 0.080078125 0.044921875
1 0.5869140625 0.3994140625 0.0263671875 0.0361328125
1 0.154296875 0.4580078125 0.083984375 0.125
1 0.974609375 0.630859375 0.0283203125 0.060546875
1 0.3505859375 0.41796875 0.017578125 0.0234375
1 0.4375 0.3876953125 0.0185546875 0.021484375
1 0.0234375 0.7880859375 0.025390625 0.064453125
1 0.896484375 0.5849609375 0.0390625 0.0546875