0 0.3232421875 0.798828125 0.146484375 0.1767578125
0 0.5947265625 0.5458984375 0.1015625 0.107421875
0 0.201171875 0.6826171875 0.1142578125 0.1220703125
1 0.0986328125 0.59765625 0.0283203125 0.044921875
0 0.3173828125 0.6494140625 0.0908203125 0.111328125
1 0.515625 0.4287109375 0.021484375 0.029296875
1 0.517578125 0.466796875 0.0205078125 0.041015625
1 0.69140625 0.548828125 0.0517578125 0.0576171875
1 0.5078125 0.556640625 0.0283203125 0.0498046875
1 0.568359375 0.439453125 0.021484375 0.03125
1 0.5634765625 0.392578125 0.017578125 0.025390625
1 0.59375 0.3955078125 0.0185546875 0.025390625
1 0.822265625 0.5810546875 0.083984375 0.0810546875
1 0.9462890625 0.6884765625 0.076171875 0.0830078125
1 0.115234375 0.568359375 0.029296875 0.037109375
1 0.623046875 0.470703125 0.0341796875 0.0361328125
1 0.126953125 0.646484375 0.033203125 0.048828125
1 0.431640625 0.4052734375 0.015625 0.0263671875
1 0.46484375 0.494140625 0.033203125 0.046875
1 0.810546875 0.8505859375 0.0703125 0.080078125
0 0.2412109375 0.5126953125 0.064453125 0.0810546875
1 0.4306640625 0.4345703125 0.0234375 0.0341796875
0 0.3271484375 0.490234375 0.0673828125 0.0595703125
1 0.65625 0.474609375 0.025390625 0.033203125
1 0.4794921875 0.462890625 0.0185546875 0.037109375
1 0.392578125 0.3828125 0.0126953125 0.0185546875
1 0.138671875 0.505859375 0.029296875 0.0390625
1 0.4365234375 0.3623046875 0.017578125 0.021484375
1 0.5068359375 0.369140625 0.017578125 0.025390625
0 0.478515625 0.357421875 0.0361328125 0.037109375
0 0.3203125 0.548828125 0.072265625 0.0830078125
1 0.431640625 0.38671875 0.0126953125 0.0205078125
1 0.17578125 0.5322265625 0.029296875 0.048828125
1 0.064453125 0.4794921875 0.0341796875 0.041015625
1 0.1474609375 0.4345703125 0.0263671875 0.03125
0 0.2529296875 0.3955078125 0.0498046875 0.056640625
1 0.078125 0.716796875 0.037109375 0.0673828125
1 0.037109375 0.5859375 0.048828125 0.0751953125
1 0.1572265625 0.5537109375 0.0263671875 0.0390625
0 0.505859375 0.3388671875 0.0263671875 0.021484375
1 0.3974609375 0.4169921875 0.0263671875 0.037109375
1 0.4208984375 0.6142578125 0.0546875 0.0625
1 0.8876953125 0.65234375 0.0751953125 0.064453125
1 0.6220703125 0.4443359375 0.025390625 0.0263671875
1 0.453125 0.37890625 0.021484375 0.033203125
0 0.5322265625 0.3525390625 0.029296875 0.0361328125
1 0.87890625 0.828125 0.0673828125 0.1064453125
1 0.1708984375 0.4697265625 0.060546875 0.048828125
1 0.8935546875 0.58203125 0.0439453125 0.0546875
1 0.966796875 0.521484375 0.037109375 0.0283203125
1 0.4775390625 0.431640625 0.017578125 0.029296875
1 0.6181640625 0.6708984375 0.0361328125 0.0732421875
0 0.5302734375 0.3271484375 0.044921875 0.0263671875
1 0.509765625 0.4033203125 0.013671875 0.0283203125
1 0.4033203125 0.353515625 0.009765625 0.017578125
1 0.1923828125 0.7890625 0.037109375 0.0654296875
1 0.7763671875 0.486328125 0.0283203125 0.0283203125
1 0.19140625 0.419921875 0.044921875 0.037109375
0 0.9560546875 0.576171875 0.0625 0.056640625
1 0.353515625 0.39453125 0.015625 0.033203125
1 0.2802734375 0.3623046875 0.017578125 0.021484375
1 0.4482421875 0.865234375 0.037109375 0.0517578125
1 0.1845703125 0.3232421875 0.0126953125 0.0185546875
1 0.3671875 0.3583984375 0.015625 0.0234375