0 0.802734375 0.736328125 0.169921875 0.203125
0 0.365234375 0.7041015625 0.091796875 0.1357421875
0 0.56640625 0.65625 0.1201171875 0.130859375
0 0.173828125 0.7216796875 0.142578125 0.1875
1 0.689453125 0.541015625 0.044921875 0.0546875
0 0.615234375 0.544921875 0.103515625 0.109375
1 0.5830078125 0.4697265625 0.0283203125 0.044921875
1 0.6240234375 0.4921875 0.0419921875 0.0439453125
1 0.544921875 0.537109375 0.0390625 0.091796875
1 0.8974609375 0.6552734375 0.076171875 0.080078125
1 0.8056640625 0.5791015625 0.0576171875 0.0673828125
0 0.25 0.5107421875 0.0751953125 0.09375
0 0.36328125 0.544921875 0.0673828125 0.076171875
0 0.466796875 0.53125 0.0810546875 0.09375
1 0.548828125 0.482421875 0.0205078125 0.0341796875
0 0.51171875 0.435546875 0.0517578125 0.0703125
0 0.1484375 0.412109375 0.056640625 0.041015625
0 0.158203125 0.462890625 0.046875 0.041015625
1 0.576171875 0.4287109375 0.0185546875 0.0361328125
1 0.6787109375 0.46875 0.029296875 0.03125
1 0.962890625 0.6494140625 0.046875 0.076171875
1 0.845703125 0.6025390625 0.0419921875 0.044921875
1 0.728515625 0.5390625 0.0419921875 0.0498046875
0 0.5634765625 0.3984375 0.033203125 0.046875
1 0.8447265625 0.5576171875 0.044921875 0.056640625
1 0.8916015625 0.5927734375 0.0546875 0.0576171875
1 0.927734375 0.611328125 0.041015625 0.0439453125
1 0.212890625 0.4462890625 0.017578125 0.0263671875
0 0.26953125 0.408203125 0.048828125 0.0361328125
1 0.095703125 0.6376953125 0.0361328125 0.0625
0 0.453125 0.4638671875 0.046875 0.046875
1 0.177734375 0.546875 0.0234375 0.041015625
0 0.537109375 0.3388671875 0.0341796875 0.025390625
0 0.439453125 0.423828125 0.0390625 0.056640625
1 0.263671875 0.8505859375 0.046875 0.0732421875
0 0.31640625 0.4287109375 0.0673828125 0.080078125
1 0.134765625 0.56640625 0.025390625 0.0576171875
1 0.0654296875 0.478515625 0.0341796875 0.037109375
0 0.1806640625 0.376953125 0.029296875 0.0283203125
1 0.03125 0.5791015625 0.041015625 0.076171875
1 0.435546875 0.390625 0.025390625 0.03125
1 0.720703125 0.5078125 0.021484375 0.03125
1 0.53515625 0.373046875 0.0205078125 0.0263671875
0 0.955078125 0.578125 0.0625 0.0595703125
1 0.591796875 0.4189453125 0.017578125 0.03125
1 0.4931640625 0.3603515625 0.0205078125 0.0361328125
1 0.486328125 0.447265625 0.013671875 0.0361328125
1 0.783203125 0.486328125 0.025390625 0.0234375
1 0.6171875 0.462890625 0.0185546875 0.0185546875
1 0.2724609375 0.7939453125 0.029296875 0.072265625
1 0.6328125 0.443359375 0.03125 0.0390625
1 0.0244140625 0.4775390625 0.0263671875 0.033203125
1 0.1767578125 0.521484375 0.0185546875 0.0234375
1 0.9052734375 0.5439453125 0.017578125 0.0283203125
1 0.4716796875 0.423828125 0.0341796875 0.046875
0 0.248046875 0.3818359375 0.046875 0.029296875
1 0.466796875 0.625 0.048828125 0.0908203125
1 0.814453125 0.5380859375 0.025390625 0.0390625
0 0.14453125 0.509765625 0.0263671875 0.0419921875