0 0.19140625 0.751953125 0.126953125 0.166015625
0 0.509765625 0.4111328125 0.052734375 0.056640625
0 0.5791015625 0.64453125 0.123046875 0.1357421875
0 0.806640625 0.779296875 0.205078125 0.2060546875
0 0.48828125 0.361328125 0.0361328125 0.03125
0 0.3388671875 0.7236328125 0.099609375 0.115234375
1 0.357421875 0.5927734375 0.0361328125 0.060546875
1 0.076171875 0.763671875 0.0498046875 0.083984375
1 0.70703125 0.595703125 0.044921875 0.056640625
1 0.8486328125 0.666015625 0.087890625 0.0703125
0 0.9375 0.51953125 0.09375 0.0703125
0 0.5087890625 0.3349609375 0.033203125 0.029296875
1 0.5498046875 0.4345703125 0.015625 0.0283203125
1 0.6689453125 0.556640625 0.037109375 0.044921875
1 0.5888671875 0.416015625 0.0283203125 0.0341796875
1 0.58984375 0.443359375 0.0205078125 0.0283203125
1 0.892578125 0.7900390625 0.046875 0.0888671875
1 0.4140625 0.7744140625 0.0439453125 0.0830078125
0 0.5009765625 0.5439453125 0.080078125 0.0966796875
1 0.408203125 0.455078125 0.021484375 0.037109375
0 0.5400390625 0.341796875 0.0263671875 0.0234375
1 0.8447265625 0.603515625 0.0546875 0.0498046875
1 0.744140625 0.5458984375 0.0361328125 0.0390625
0 0.9345703125 0.5986328125 0.109375 0.1064453125
1 0.4521484375 0.3720703125 0.017578125 0.0283203125
1 0.802734375 0.5830078125 0.037109375 0.0439453125
1 0.5615234375 0.5302734375 0.0419921875 0.0546875
1 0.025390625 0.48828125 0.0283203125 0.0390625
1 0.6396484375 0.4521484375 0.017578125 0.0361328125
1 0.529296875 0.4482421875 0.015625 0.03125
1 0.037109375 0.587890625 0.0498046875 0.068359375
1 0.4638671875 0.42578125 0.021484375 0.029296875
1 0.6181640625 0.515625 0.060546875 0.0654296875
0 0.453125 0.470703125 0.0439453125 0.0546875
1 0.94140625 0.8525390625 0.0888671875 0.080078125
1 0.3935546875 0.4990234375 0.015625 0.029296875
1 0.439453125 0.517578125 0.029296875 0.041015625
1 0.5517578125 0.4013671875 0.0283203125 0.0341796875
1 0.533203125 0.376953125 0.0185546875 0.03125
1 0.1240234375 0.6435546875 0.060546875 0.0595703125
1 0.55078125 0.3701171875 0.017578125 0.0283203125
1 0.509765625 0.4775390625 0.0263671875 0.0361328125
1 0.552734375 0.4697265625 0.0205078125 0.029296875
1 0.494140625 0.439453125 0.013671875 0.025390625
1 0.7451171875 0.6025390625 0.0498046875 0.044921875
1 0.076171875 0.4775390625 0.0576171875 0.0419921875
1 0.3486328125 0.455078125 0.025390625 0.033203125
1 0.4814453125 0.4638671875 0.021484375 0.03125
1 0.470703125 0.3427734375 0.0107421875 0.017578125
1 0.25 0.4384765625 0.0185546875 0.0234375
1 0.7783203125 0.48828125 0.0185546875 0.029296875
1 0.5947265625 0.4931640625 0.013671875 0.0234375
0 0.6982421875 0.44921875 0.0439453125 0.0234375
0 0.3115234375 0.392578125 0.095703125 0.0517578125
1 0.125 0.423828125 0.025390625 0.0283203125