0 0.3212890625 0.798828125 0.1455078125 0.177734375
0 0.201171875 0.673828125 0.1044921875 0.1142578125
0 0.240234375 0.5068359375 0.0625 0.0703125
0 0.3154296875 0.6474609375 0.0908203125 0.107421875
0 0.6025390625 0.609375 0.1201171875 0.1435546875
0 0.224609375 0.5771484375 0.078125 0.0888671875
1 0.8193359375 0.583984375 0.0830078125 0.080078125
1 0.1337890625 0.5478515625 0.029296875 0.0390625
0 0.505859375 0.3427734375 0.0361328125 0.029296875
0 0.3212890625 0.55078125 0.0703125 0.080078125
0 0.4287109375 0.4287109375 0.044921875 0.048828125
0 0.3271484375 0.490234375 0.0673828125 0.0595703125
1 0.728515625 0.5361328125 0.044921875 0.0439453125
1 0.1923828125 0.4873046875 0.021484375 0.0341796875
1 0.6220703125 0.724609375 0.0625 0.072265625
1 0.060546875 0.4853515625 0.025390625 0.0263671875
0 0.5068359375 0.4443359375 0.080078125 0.0576171875
1 0.396484375 0.564453125 0.021484375 0.044921875
0 0.48046875 0.3564453125 0.029296875 0.025390625
1 0.1640625 0.470703125 0.025390625 0.029296875
1 0.1435546875 0.6064453125 0.0341796875 0.052734375
1 0.9443359375 0.685546875 0.080078125 0.0908203125
1 0.037109375 0.591796875 0.0498046875 0.064453125
1 0.1962890625 0.427734375 0.0205078125 0.0263671875
1 0.130859375 0.4765625 0.0205078125 0.0341796875
1 0.6806640625 0.541015625 0.029296875 0.044921875
1 0.9306640625 0.603515625 0.0517578125 0.044921875
1 0.09765625 0.4873046875 0.0205078125 0.03125
1 0.1396484375 0.4267578125 0.029296875 0.03125
0 0.53515625 0.330078125 0.044921875 0.03125
1 0.5048828125 0.408203125 0.0126953125 0.021484375
0 0.3515625 0.3203125 0.03125 0.015625
1 0.2216796875 0.4130859375 0.025390625 0.029296875
1 0.8935546875 0.572265625 0.037109375 0.0654296875
1 0.3857421875 0.4130859375 0.0185546875 0.0234375
1 0.244140625 0.4052734375 0.021484375 0.0263671875
1 0.55078125 0.423828125 0.013671875 0.0263671875
1 0.576171875 0.443359375 0.021484375 0.0234375
1 0.27734375 0.740234375 0.0263671875 0.0419921875
1 0.9755859375 0.515625 0.0234375 0.037109375
0 0.1826171875 0.517578125 0.0283203125 0.0439453125
0 0.072265625 0.853515625 0.1171875 0.0703125
1 0.53515625 0.4111328125 0.0107421875 0.021484375
1 0.537109375 0.8271484375 0.0576171875 0.111328125
0 0.19140625 0.388671875 0.029296875 0.0205078125
1 0.8505859375 0.5478515625 0.0263671875 0.0419921875
1 0.5869140625 0.4296875 0.0107421875 0.025390625
1 0.4833984375 0.3974609375 0.0234375 0.0263671875
0 0.2236328125 0.376953125 0.03125 0.0283203125
0 0.064453125 0.322265625 0.03125 0.017578125
1 0.1689453125 0.416015625 0.03125 0.0361328125
1 0.2041015625 0.8525390625 0.0732421875 0.076171875
1 0.423828125 0.3642578125 0.013671875 0.0185546875