0 0.193359375 0.748046875 0.123046875 0.1640625
0 0.5126953125 0.423828125 0.0595703125 0.0546875
0 0.33984375 0.728515625 0.1015625 0.1201171875
0 0.6806640625 0.5322265625 0.154296875 0.0673828125
1 0.580078125 0.486328125 0.0234375 0.0361328125
0 0.5400390625 0.345703125 0.0390625 0.0283203125
1 0.1640625 0.5068359375 0.025390625 0.0361328125
1 0.1357421875 0.419921875 0.021484375 0.029296875
1 0.30859375 0.8544921875 0.0419921875 0.0625
0 0.5087890625 0.333984375 0.033203125 0.029296875
1 0.6220703125 0.4873046875 0.037109375 0.0439453125
1 0.5380859375 0.46875 0.029296875 0.037109375
0 0.431640625 0.4990234375 0.126953125 0.064453125
0 0.490234375 0.361328125 0.041015625 0.033203125
1 0.837890625 0.6279296875 0.044921875 0.046875
1 0.63671875 0.580078125 0.0576171875 0.0517578125
1 0.076171875 0.7666015625 0.041015625 0.0732421875
1 0.529296875 0.3720703125 0.0185546875 0.025390625
1 0.71875 0.5947265625 0.083984375 0.0673828125
1 0.4912109375 0.564453125 0.0419921875 0.0498046875
1 0.220703125 0.435546875 0.0283203125 0.0283203125
1 0.978515625 0.57421875 0.0185546875 0.0419921875
1 0.2509765625 0.462890625 0.029296875 0.0390625
1 0.482421875 0.4482421875 0.0234375 0.03125
1 0.08984375 0.6337890625 0.0361328125 0.076171875
1 0.55078125 0.375 0.0205078125 0.0283203125
1 0.462890625 0.3662109375 0.021484375 0.0263671875
1 0.3544921875 0.458984375 0.0341796875 0.029296875
1 0.42578125 0.7060546875 0.0390625 0.052734375
1 0.462890625 0.787109375 0.0361328125 0.064453125
1 0.0390625 0.7275390625 0.0439453125 0.095703125
1 0.3662109375 0.513671875 0.029296875 0.0390625
1 0.1201171875 0.4755859375 0.03125 0.0390625
1 0.556640625 0.451171875 0.0205078125 0.029296875
1 0.9560546875 0.6279296875 0.056640625 0.052734375
1 0.533203125 0.623046875 0.041015625 0.0625
1 0.05859375 0.4794921875 0.0205078125 0.0341796875
1 0.6044921875 0.6005859375 0.0341796875 0.0419921875
1 0.59375 0.4677734375 0.0185546875 0.029296875
1 0.564453125 0.3681640625 0.017578125 0.029296875
1 0.794921875 0.58203125 0.0654296875 0.0517578125
1 0.5390625 0.55078125 0.052734375 0.044921875
1 0.177734375 0.3251953125 0.0234375 0.021484375
1 0.0400390625 0.55859375 0.017578125 0.033203125
1 0.419921875 0.4619140625 0.0205078125 0.0234375
1 0.162109375 0.451171875 0.0185546875 0.0263671875
1 0.76171875 0.8544921875 0.0732421875 0.068359375
1 0.404296875 0.55859375 0.0595703125 0.044921875
0 0.353515625 0.322265625 0.033203125 0.0185546875
1 0.908203125 0.560546875 0.068359375 0.0498046875
1 0.4326171875 0.642578125 0.046875 0.052734375
0 0.240234375 0.3798828125 0.0625 0.0341796875
1 0.2373046875 0.416015625 0.0185546875 0.033203125
1 0.216796875 0.3544921875 0.0126953125 0.0185546875
1 0.3837890625 0.32421875 0.017578125 0.0205078125
1 0.6220703125 0.548828125 0.025390625 0.03125
1 0.353515625 0.3525390625 0.0361328125 0.0263671875
1 0.935546875 0.5107421875 0.021484375 0.025390625
1 0.029296875 0.6005859375 0.033203125 0.076171875
1 0.587890625 0.365234375 0.0283203125 0.03125
1 0.462890625 0.578125 0.248046875 0.162109375