0 0.708984375 0.701171875 0.15625 0.1669921875
0 0.5595703125 0.509765625 0.072265625 0.0966796875
0 0.337890625 0.744140625 0.109375 0.123046875
1 0.18359375 0.5224609375 0.0234375 0.048828125
1 0.6767578125 0.5849609375 0.046875 0.060546875
0 0.6240234375 0.453125 0.0830078125 0.0625
1 0.794921875 0.576171875 0.0361328125 0.052734375
0 0.48828125 0.3603515625 0.0361328125 0.029296875
1 0.6533203125 0.5498046875 0.03125 0.052734375
1 0.865234375 0.654296875 0.0576171875 0.0576171875
0 0.46875 0.494140625 0.056640625 0.0830078125
0 0.525390625 0.615234375 0.103515625 0.1201171875
1 0.6865234375 0.5439453125 0.0390625 0.0439453125
1 0.705078125 0.513671875 0.0185546875 0.0283203125
1 0.87109375 0.794921875 0.0546875 0.083984375
1 0.96484375 0.703125 0.044921875 0.072265625
1 0.865234375 0.5947265625 0.078125 0.0576171875
1 0.7353515625 0.5810546875 0.0419921875 0.056640625
1 0.1904296875 0.396484375 0.015625 0.025390625
1 0.37890625 0.447265625 0.0263671875 0.0439453125
1 0.212890625 0.490234375 0.0234375 0.041015625
1 0.111328125 0.48046875 0.03125 0.0390625
1 0.060546875 0.478515625 0.025390625 0.0361328125
0 0.94140625 0.580078125 0.0888671875 0.0673828125
1 0.61328125 0.5166015625 0.029296875 0.0546875
1 0.3583984375 0.423828125 0.029296875 0.033203125
1 0.7294921875 0.53515625 0.0341796875 0.0361328125
1 0.1484375 0.470703125 0.0283203125 0.044921875
1 0.119140625 0.4169921875 0.021484375 0.025390625
0 0.3515625 0.3212890625 0.03125 0.017578125
1 0.845703125 0.5556640625 0.025390625 0.044921875
0 0.224609375 0.3603515625 0.03125 0.033203125
1 0.18359375 0.357421875 0.013671875 0.0234375
1 0.224609375 0.4072265625 0.0341796875 0.0419921875
1 0.921875 0.708984375 0.0283203125 0.041015625
1 0.1923828125 0.474609375 0.015625 0.0283203125
1 0.02734375 0.4697265625 0.033203125 0.0390625
1 0.671875 0.494140625 0.0185546875 0.033203125
0 0.08203125 0.390625 0.0517578125 0.03125
1 0.94140625 0.5361328125 0.0390625 0.025390625
1 0.380859375 0.4072265625 0.0283203125 0.0419921875
0 0.517578125 0.3251953125 0.0341796875 0.021484375
1 0.025390625 0.564453125 0.0263671875 0.0517578125
1 0.958984375 0.623046875 0.0341796875 0.046875
1 0.423828125 0.41796875 0.029296875 0.0361328125
1 0.59375 0.4658203125 0.015625 0.03125
0 0.7509765625 0.8544921875 0.1455078125 0.068359375
0 0.5498046875 0.427734375 0.046875 0.0576171875
0 0.4921875 0.341796875 0.0283203125 0.017578125
1 0.1982421875 0.353515625 0.015625 0.0283203125
0 0.2353515625 0.3369140625 0.0263671875 0.017578125
1 0.814453125 0.556640625 0.021484375 0.029296875
1 0.453125 0.373046875 0.015625 0.0361328125
1 0.4833984375 0.43359375 0.033203125 0.044921875
1 0.59765625 0.4033203125 0.013671875 0.021484375