0 0.193359375 0.748046875 0.123046875 0.162109375
0 0.3388671875 0.7265625 0.0966796875 0.119140625
0 0.5107421875 0.423828125 0.046875 0.0517578125
1 0.5146484375 0.4755859375 0.033203125 0.044921875
0 0.5380859375 0.3505859375 0.0390625 0.0390625
0 0.490234375 0.3603515625 0.0390625 0.033203125
1 0.4111328125 0.7958984375 0.056640625 0.080078125
1 0.6171875 0.484375 0.03125 0.041015625
1 0.306640625 0.8349609375 0.044921875 0.091796875
1 0.0791015625 0.7568359375 0.048828125 0.0732421875
1 0.4677734375 0.4501953125 0.029296875 0.041015625
1 0.4970703125 0.4521484375 0.0185546875 0.033203125
1 0.119140625 0.66796875 0.046875 0.060546875
1 0.439453125 0.4462890625 0.0205078125 0.033203125
1 0.54296875 0.478515625 0.0234375 0.0361328125
0 0.060546875 0.3837890625 0.0673828125 0.029296875
1 0.42578125 0.6796875 0.044921875 0.052734375
1 0.7060546875 0.5478515625 0.037109375 0.048828125
1 0.5712890625 0.3876953125 0.013671875 0.021484375
1 0.4580078125 0.779296875 0.037109375 0.0654296875
1 0.548828125 0.4365234375 0.0205078125 0.029296875
0 0.5087890625 0.3310546875 0.0263671875 0.025390625
1 0.5908203125 0.3984375 0.015625 0.0283203125
1 0.56640625 0.451171875 0.0205078125 0.029296875
0 0.564453125 0.529296875 0.130859375 0.072265625
1 0.419921875 0.7392578125 0.046875 0.052734375
1 0.6484375 0.4833984375 0.021484375 0.044921875
1 0.068359375 0.5380859375 0.025390625 0.048828125
1 0.751953125 0.5673828125 0.0439453125 0.052734375
1 0.091796875 0.404296875 0.0205078125 0.025390625
1 0.021484375 0.5751953125 0.025390625 0.0498046875
1 0.576171875 0.4208984375 0.0126953125 0.0234375
1 0.455078125 0.373046875 0.017578125 0.0263671875
1 0.62109375 0.455078125 0.013671875 0.0263671875
1 0.0224609375 0.8193359375 0.0234375 0.0546875
0 0.1875 0.3251953125 0.041015625 0.025390625
1 0.166015625 0.365234375 0.0126953125 0.013671875
1 0.4375 0.4228515625 0.015625 0.0263671875
1 0.330078125 0.3583984375 0.015625 0.0205078125
0 0.2314453125 0.3671875 0.052734375 0.0341796875
1 0.5634765625 0.427734375 0.017578125 0.0263671875
1 0.1435546875 0.4169921875 0.0126953125 0.021484375
1 0.0595703125 0.478515625 0.0185546875 0.029296875
0 0.1923828125 0.8759765625 0.103515625 0.029296875
1 0.287109375 0.3544921875 0.021484375 0.0283203125
1 0.025390625 0.7607421875 0.0234375 0.0283203125
1 0.595703125 0.4677734375 0.0126953125 0.017578125
1 0.546875 0.416015625 0.0126953125 0.0205078125
1 0.4716796875 0.341796875 0.021484375 0.0205078125