0 0.19140625 0.748046875 0.126953125 0.162109375
0 0.5078125 0.4228515625 0.0625 0.0546875
1 0.2724609375 0.4619140625 0.0234375 0.033203125
0 0.337890625 0.728515625 0.0986328125 0.1220703125
0 0.9169921875 0.580078125 0.140625 0.087890625
1 0.09375 0.6357421875 0.041015625 0.0625
1 0.068359375 0.537109375 0.0263671875 0.0419921875
0 0.5458984375 0.35546875 0.0546875 0.0517578125
0 0.4892578125 0.353515625 0.0654296875 0.052734375
1 0.6396484375 0.49609375 0.033203125 0.048828125
1 0.5791015625 0.4912109375 0.029296875 0.0390625
1 0.4853515625 0.4853515625 0.029296875 0.0419921875
1 0.611328125 0.4990234375 0.033203125 0.0361328125
1 0.1923828125 0.46484375 0.0283203125 0.033203125
1 0.53125 0.48046875 0.0341796875 0.0390625
1 0.142578125 0.525390625 0.0234375 0.0419921875
0 0.376953125 0.478515625 0.1064453125 0.060546875
1 0.4130859375 0.7919921875 0.048828125 0.083984375
1 0.6123046875 0.564453125 0.056640625 0.0576171875
1 0.3076171875 0.8486328125 0.052734375 0.072265625
1 0.45703125 0.78125 0.0361328125 0.0595703125
1 0.42578125 0.705078125 0.048828125 0.080078125
1 0.1455078125 0.4580078125 0.0283203125 0.03125
1 0.2236328125 0.427734375 0.0185546875 0.021484375
1 0.173828125 0.419921875 0.0283203125 0.03125
1 0.0751953125 0.7626953125 0.0341796875 0.0654296875
1 0.1455078125 0.41796875 0.025390625 0.0263671875
1 0.115234375 0.416015625 0.017578125 0.0283203125
1 0.138671875 0.435546875 0.013671875 0.0185546875
1 0.4697265625 0.4248046875 0.0205078125 0.03125
1 0.6455078125 0.470703125 0.0185546875 0.021484375
1 0.560546875 0.451171875 0.015625 0.0234375
1 0.4287109375 0.5244140625 0.0419921875 0.044921875
1 0.0693359375 0.48046875 0.0361328125 0.033203125
1 0.634765625 0.4453125 0.0361328125 0.03125
1 0.583984375 0.3583984375 0.015625 0.0205078125
1 0.0732421875 0.4013671875 0.021484375 0.0283203125
1 0.45703125 0.361328125 0.0205078125 0.029296875
1 0.494140625 0.455078125 0.0185546875 0.029296875
1 0.4775390625 0.453125 0.017578125 0.021484375
0 0.232421875 0.36328125 0.0546875 0.033203125
1 0.6845703125 0.5185546875 0.046875 0.046875
1 0.587890625 0.44921875 0.015625 0.0234375
1 0.560546875 0.470703125 0.1875 0.0888671875
1 0.1611328125 0.369140625 0.0126953125 0.015625
1 0.8359375 0.6513671875 0.072265625 0.0595703125
1 0.7333984375 0.53125 0.0361328125 0.0283203125
1 0.5927734375 0.46484375 0.013671875 0.0205078125
1 0.583984375 0.404296875 0.0126953125 0.0234375
1 0.025390625 0.3759765625 0.0126953125 0.017578125
1 0.8916015625 0.384765625 0.017578125 0.025390625
1 0.548828125 0.4423828125 0.017578125 0.025390625
1 0.427734375 0.64453125 0.03125 0.048828125
1 0.177734375 0.326171875 0.021484375 0.0185546875
0 0.201171875 0.875 0.0888671875 0.0283203125