0 0.19140625 0.7490234375 0.126953125 0.1640625
0 0.509765625 0.4228515625 0.048828125 0.060546875
0 0.3369140625 0.728515625 0.0986328125 0.119140625
1 0.62890625 0.646484375 0.0390625 0.0625
1 0.095703125 0.5986328125 0.029296875 0.046875
0 0.5400390625 0.345703125 0.0390625 0.029296875
0 0.4912109375 0.3603515625 0.0390625 0.0361328125
1 0.5634765625 0.470703125 0.0234375 0.033203125
1 0.4013671875 0.8369140625 0.056640625 0.0673828125
1 0.556640625 0.5732421875 0.052734375 0.0595703125
1 0.701171875 0.7333984375 0.0439453125 0.060546875
0 0.8251953125 0.5732421875 0.181640625 0.0654296875
1 0.7119140625 0.630859375 0.0732421875 0.0595703125
1 0.783203125 0.7431640625 0.0673828125 0.0830078125
1 0.529296875 0.3740234375 0.015625 0.0205078125
1 0.896484375 0.630859375 0.056640625 0.0498046875
1 0.546875 0.43359375 0.0185546875 0.0263671875
1 0.8310546875 0.6494140625 0.068359375 0.0576171875
1 0.3173828125 0.4501953125 0.03125 0.0283203125
1 0.3466796875 0.5986328125 0.0625 0.0498046875
0 0.609375 0.734375 0.1220703125 0.1533203125
1 0.8935546875 0.380859375 0.021484375 0.033203125
1 0.63671875 0.5078125 0.0263671875 0.037109375
1 0.494140625 0.509765625 0.03125 0.0361328125
1 0.646484375 0.599609375 0.0546875 0.056640625
1 0.419921875 0.4658203125 0.03125 0.03125
1 0.494140625 0.548828125 0.0498046875 0.064453125
1 0.6103515625 0.5087890625 0.029296875 0.0390625
1 0.078125 0.7509765625 0.0654296875 0.091796875
0 0.5087890625 0.3330078125 0.033203125 0.0283203125
1 0.673828125 0.509765625 0.041015625 0.046875
1 0.5478515625 0.373046875 0.017578125 0.0263671875
1 0.8369140625 0.49609375 0.0419921875 0.0361328125
1 0.427734375 0.6748046875 0.0390625 0.0625
1 0.306640625 0.8427734375 0.0439453125 0.0703125
1 0.6025390625 0.466796875 0.0234375 0.025390625
1 0.951171875 0.6181640625 0.0498046875 0.048828125
1 0.4755859375 0.5966796875 0.029296875 0.046875
1 0.5302734375 0.451171875 0.013671875 0.021484375
1 0.580078125 0.462890625 0.015625 0.029296875
1 0.669921875 0.5703125 0.033203125 0.041015625
1 0.640625 0.474609375 0.0185546875 0.03125
1 0.0615234375 0.4794921875 0.0234375 0.0341796875
1 0.5322265625 0.404296875 0.013671875 0.0234375
1 0.5283203125 0.50390625 0.03125 0.0361328125
1 0.94140625 0.5126953125 0.029296875 0.03125
1 0.912109375 0.5029296875 0.0205078125 0.037109375
1 0.7724609375 0.4755859375 0.0361328125 0.029296875
1 0.826171875 0.84765625 0.0732421875 0.076171875
1 0.177734375 0.41015625 0.0185546875 0.0234375
1 0.970703125 0.529296875 0.033203125 0.0390625
1 0.8818359375 0.595703125 0.029296875 0.037109375
1 0.78515625 0.5478515625 0.033203125 0.0263671875
1 0.0224609375 0.560546875 0.0205078125 0.0419921875
1 0.4052734375 0.6005859375 0.048828125 0.064453125
1 0.587890625 0.548828125 0.0361328125 0.046875
1 0.580078125 0.3740234375 0.021484375 0.029296875
1 0.796875 0.5966796875 0.03125 0.052734375
1 0.041015625 0.556640625 0.015625 0.0283203125
1 0.478515625 0.4814453125 0.033203125 0.041015625
1 0.5283203125 0.703125 0.041015625 0.0908203125
1 0.05859375 0.677734375 0.0263671875 0.044921875
1 0.9384765625 0.8662109375 0.0673828125 0.048828125
1 0.107421875 0.486328125 0.03125 0.03125
1 0.244140625 0.4521484375 0.029296875 0.0234375
1 0.580078125 0.650390625 0.0654296875 0.037109375
0 0.240234375 0.373046875 0.060546875 0.037109375
1 0.455078125 0.365234375 0.0263671875 0.029296875
1 0.564453125 0.443359375 0.017578125 0.0263671875
1 0.2578125 0.3994140625 0.025390625 0.0263671875
1 0.4091796875 0.7734375 0.037109375 0.0439453125
1 0.958984375 0.560546875 0.033203125 0.033203125
1 0.587890625 0.5400390625 0.1767578125 0.189453125
1 0.08203125 0.4111328125 0.0234375 0.025390625
0 0.1943359375 0.8759765625 0.0888671875 0.029296875
1 0.55859375 0.5166015625 0.029296875 0.0361328125
1 0.46484375 0.4462890625 0.013671875 0.0205078125
1 0.517578125 0.6357421875 0.0361328125 0.0654296875
1 0.0908203125 0.5673828125 0.015625 0.025390625
1 0.025390625 0.373046875 0.0126953125 0.025390625