0 0.6162109375 0.5810546875 0.111328125 0.125
0 0.498046875 0.5458984375 0.076171875 0.091796875
0 0.552734375 0.5 0.0625 0.0654296875
0 0.3388671875 0.7255859375 0.099609375 0.111328125
1 0.7138671875 0.611328125 0.041015625 0.064453125
1 0.810546875 0.7080078125 0.0625 0.087890625
0 0.6376953125 0.78515625 0.146484375 0.1669921875
1 0.8994140625 0.828125 0.080078125 0.09375
1 0.1591796875 0.56640625 0.03125 0.0732421875
0 0.19140625 0.8134765625 0.1142578125 0.142578125
0 0.4892578125 0.3603515625 0.0341796875 0.029296875
1 0.59765625 0.4951171875 0.033203125 0.0498046875
0 0.5400390625 0.3427734375 0.033203125 0.029296875
1 0.41796875 0.669921875 0.033203125 0.0673828125
1 0.787109375 0.5927734375 0.0419921875 0.0390625
1 0.7451171875 0.583984375 0.03125 0.048828125
1 0.6572265625 0.529296875 0.044921875 0.0517578125
1 0.69140625 0.5439453125 0.044921875 0.056640625
0 0.509765625 0.333984375 0.03125 0.029296875
1 0.912109375 0.6904296875 0.0908203125 0.0654296875
1 0.79296875 0.55078125 0.029296875 0.0390625
1 0.876953125 0.560546875 0.0595703125 0.0419921875
1 0.8193359375 0.6484375 0.0703125 0.0595703125
1 0.8271484375 0.5546875 0.029296875 0.0341796875
1 0.822265625 0.59765625 0.048828125 0.0576171875
1 0.962890625 0.62890625 0.044921875 0.076171875
1 0.904296875 0.5380859375 0.03125 0.033203125
1 0.5576171875 0.7001953125 0.041015625 0.083984375
0 0.8017578125 0.486328125 0.130859375 0.0595703125
0 0.2275390625 0.35546875 0.033203125 0.0390625
1 0.6533203125 0.6513671875 0.046875 0.0654296875
1 0.0595703125 0.478515625 0.025390625 0.041015625
1 0.0302734375 0.5595703125 0.0361328125 0.046875
1 0.666015625 0.568359375 0.0263671875 0.0390625
1 0.095703125 0.4775390625 0.0546875 0.044921875
1 0.7744140625 0.80078125 0.0673828125 0.0986328125
1 0.4541015625 0.51953125 0.0263671875 0.048828125
1 0.1923828125 0.37109375 0.0341796875 0.0390625
1 0.896484375 0.6240234375 0.068359375 0.0517578125
0 0.515625 0.3876953125 0.0341796875 0.03125
0 0.0517578125 0.6962890625 0.0751953125 0.0703125
1 0.15234375 0.5283203125 0.0234375 0.03125
1 0.4892578125 0.466796875 0.021484375 0.0341796875
1 0.525390625 0.828125 0.041015625 0.0751953125
1 0.3984375 0.4384765625 0.03125 0.048828125
1 0.021484375 0.482421875 0.025390625 0.0439453125
0 0.109375 0.408203125 0.072265625 0.0517578125
1 0.7021484375 0.8017578125 0.0205078125 0.052734375
1 0.591796875 0.3984375 0.0234375 0.03125
1 0.482421875 0.4296875 0.021484375 0.041015625
1 0.630859375 0.453125 0.017578125 0.0283203125
1 0.6962890625 0.509765625 0.0234375 0.033203125
1 0.552734375 0.4453125 0.0263671875 0.0341796875
1 0.5869140625 0.447265625 0.033203125 0.044921875
1 0.892578125 0.380859375 0.0185546875 0.033203125
1 0.42578125 0.4462890625 0.017578125 0.0263671875
0 0.3076171875 0.3466796875 0.0654296875 0.072265625
1 0.9208984375 0.7685546875 0.0263671875 0.041015625
1 0.5458984375 0.7890625 0.048828125 0.0341796875
1 0.453125 0.3603515625 0.0185546875 0.0263671875
1 0.6689453125 0.494140625 0.021484375 0.033203125
1 0.91015625 0.591796875 0.0361328125 0.033203125
1 0.2607421875 0.3359375 0.0126953125 0.021484375
1 0.021484375 0.373046875 0.0185546875 0.0234375