0 0.5693359375 0.49609375 0.0888671875 0.107421875
1 0.392578125 0.791015625 0.033203125 0.0595703125
0 0.203125 0.5517578125 0.078125 0.083984375
0 0.3427734375 0.546875 0.0703125 0.083984375
0 0.6728515625 0.634765625 0.1484375 0.158203125
0 0.5126953125 0.5927734375 0.0966796875 0.126953125
1 0.59765625 0.7392578125 0.044921875 0.0810546875
1 0.12890625 0.5869140625 0.0263671875 0.044921875
1 0.24609375 0.755859375 0.0361328125 0.0595703125
0 0.681640625 0.8271484375 0.177734375 0.126953125
1 0.1533203125 0.505859375 0.021484375 0.037109375
1 0.40625 0.619140625 0.0283203125 0.0517578125
1 0.783203125 0.671875 0.056640625 0.072265625
1 0.283203125 0.6748046875 0.033203125 0.0498046875
1 0.8896484375 0.6552734375 0.0830078125 0.0830078125
1 0.240234375 0.623046875 0.0263671875 0.0390625
0 0.494140625 0.357421875 0.029296875 0.0283203125
1 0.205078125 0.8427734375 0.0439453125 0.060546875
1 0.2255859375 0.666015625 0.033203125 0.048828125
1 0.7275390625 0.5400390625 0.044921875 0.044921875
1 0.8193359375 0.578125 0.0859375 0.087890625
1 0.0859375 0.7392578125 0.0341796875 0.046875
1 0.1787109375 0.609375 0.0263671875 0.0498046875
1 0.6904296875 0.544921875 0.046875 0.0439453125
1 0.4912109375 0.4345703125 0.0234375 0.03125
1 0.18359375 0.76171875 0.0390625 0.0517578125
1 0.947265625 0.697265625 0.0673828125 0.0732421875
1 0.169921875 0.66015625 0.0234375 0.044921875
1 0.2880859375 0.6064453125 0.0263671875 0.0439453125
1 0.1845703125 0.4765625 0.0185546875 0.0341796875
0 0.5390625 0.376953125 0.0341796875 0.025390625
0 0.2607421875 0.4033203125 0.046875 0.03125
1 0.513671875 0.4677734375 0.0263671875 0.0390625
1 0.8671875 0.810546875 0.0625 0.123046875
1 0.173828125 0.435546875 0.044921875 0.037109375
1 0.5859375 0.421875 0.021484375 0.0341796875
1 0.15625 0.6884765625 0.0283203125 0.0419921875
1 0.134765625 0.642578125 0.048828125 0.0576171875
0 0.4775390625 0.49609375 0.0703125 0.0703125
0 0.546875 0.4052734375 0.0439453125 0.0419921875
0 0.2998046875 0.4287109375 0.0498046875 0.048828125
1 0.1494140625 0.4501953125 0.0205078125 0.037109375
1 0.9248046875 0.611328125 0.046875 0.041015625
1 0.4189453125 0.5205078125 0.037109375 0.046875
1 0.05859375 0.48046875 0.0234375 0.0361328125
1 0.126953125 0.4814453125 0.052734375 0.052734375
1 0.025390625 0.4765625 0.03125 0.037109375
1 0.4248046875 0.8447265625 0.0439453125 0.076171875
1 0.216796875 0.62890625 0.0205078125 0.029296875
0 0.509765625 0.3330078125 0.0234375 0.0185546875
1 0.6005859375 0.5419921875 0.0263671875 0.03125
1 0.232421875 0.443359375 0.021484375 0.025390625
0 0.1220703125 0.4033203125 0.0625 0.046875
1 0.955078125 0.529296875 0.0205078125 0.0205078125
1 0.021484375 0.568359375 0.021484375 0.0341796875
1 0.037109375 0.8203125 0.0263671875 0.041015625
1 0.638671875 0.439453125 0.0419921875 0.0341796875
0 0.44921875 0.21484375 0.044921875 0.017578125
0 0.240234375 0.3544921875 0.0498046875 0.0498046875
1 0.4677734375 0.6767578125 0.0234375 0.0654296875
1 0.25 0.669921875 0.09375 0.169921875
1 0.44140625 0.419921875 0.029296875 0.0419921875
1 0.43359375 0.552734375 0.0205078125 0.0439453125
1 0.453125 0.373046875 0.021484375 0.0283203125
1 0.974609375 0.6328125 0.029296875 0.0595703125
1 0.5146484375 0.4384765625 0.017578125 0.033203125
1 0.1962890625 0.3876953125 0.0234375 0.0185546875
1 0.8955078125 0.572265625 0.037109375 0.0576171875
1 0.123046875 0.7861328125 0.2060546875 0.181640625
1 0.904296875 0.7216796875 0.0361328125 0.083984375
1 0.6904296875 0.521484375 0.0185546875 0.029296875
1 0.822265625 0.5380859375 0.0234375 0.033203125
0 0.119140625 0.7001953125 0.064453125 0.078125