0 0.1923828125 0.763671875 0.1220703125 0.173828125
0 0.7333984375 0.7099609375 0.173828125 0.189453125
0 0.544921875 0.611328125 0.1064453125 0.1171875
0 0.490234375 0.3603515625 0.0361328125 0.033203125
0 0.505859375 0.4091796875 0.0546875 0.0595703125
0 0.337890625 0.7255859375 0.0986328125 0.1142578125
1 0.685546875 0.572265625 0.046875 0.0576171875
0 0.92578125 0.515625 0.1142578125 0.0654296875
1 0.15234375 0.482421875 0.0234375 0.044921875
1 0.9140625 0.8212890625 0.0654296875 0.1044921875
1 0.8076171875 0.5888671875 0.0498046875 0.052734375
1 0.841796875 0.5537109375 0.0517578125 0.048828125
0 0.4765625 0.521484375 0.083984375 0.0908203125
1 0.544921875 0.5302734375 0.0390625 0.044921875
0 0.509765625 0.333984375 0.03125 0.029296875
1 0.41796875 0.4404296875 0.0205078125 0.0341796875
1 0.2880859375 0.48046875 0.0234375 0.0361328125
1 0.83984375 0.666015625 0.044921875 0.0546875
1 0.4873046875 0.4638671875 0.021484375 0.0341796875
1 0.591796875 0.4375 0.037109375 0.0498046875
1 0.412109375 0.65625 0.037109375 0.078125
1 0.453125 0.36328125 0.0185546875 0.029296875
1 0.6318359375 0.50390625 0.0390625 0.0390625
1 0.4169921875 0.505859375 0.0341796875 0.044921875
1 0.7568359375 0.8486328125 0.0546875 0.0751953125
1 0.0283203125 0.5546875 0.0341796875 0.041015625
1 0.548828125 0.486328125 0.0498046875 0.0498046875
1 0.1083984375 0.482421875 0.0361328125 0.033203125
0 0.5380859375 0.341796875 0.029296875 0.025390625
1 0.46875 0.421875 0.0185546875 0.03125
1 0.767578125 0.57421875 0.046875 0.044921875
1 0.5185546875 0.50390625 0.021484375 0.029296875
1 0.025390625 0.4697265625 0.025390625 0.0390625
1 0.390625 0.431640625 0.0185546875 0.0283203125
1 0.95703125 0.638671875 0.0576171875 0.0830078125
1 0.8291015625 0.7353515625 0.0546875 0.076171875
1 0.5966796875 0.498046875 0.025390625 0.0263671875
1 0.060546875 0.478515625 0.0283203125 0.037109375
1 0.5458984375 0.4208984375 0.0205078125 0.0361328125
1 0.5322265625 0.369140625 0.0205078125 0.0283203125
1 0.353515625 0.4296875 0.021484375 0.025390625
1 0.0693359375 0.76171875 0.0419921875 0.0673828125
1 0.873046875 0.619140625 0.033203125 0.048828125
1 0.5087890625 0.4736328125 0.0205078125 0.03125
1 0.140625 0.716796875 0.021484375 0.0341796875
1 0.7822265625 0.53515625 0.044921875 0.044921875
1 0.611328125 0.443359375 0.0126953125 0.0205078125
1 0.671875 0.50390625 0.037109375 0.0419921875
1 0.9013671875 0.6455078125 0.041015625 0.0595703125
1 0.646484375 0.458984375 0.029296875 0.0283203125
1 0.521484375 0.53125 0.0185546875 0.025390625
1 0.560546875 0.388671875 0.021484375 0.025390625
1 0.392578125 0.865234375 0.0361328125 0.0498046875
1 0.091796875 0.658203125 0.048828125 0.037109375
1 0.8564453125 0.52734375 0.0185546875 0.029296875
1 0.5908203125 0.400390625 0.021484375 0.0263671875
0 0.447265625 0.45703125 0.0390625 0.044921875
1 0.755859375 0.6123046875 0.052734375 0.046875
1 0.931640625 0.595703125 0.048828125 0.041015625
1 0.888671875 0.568359375 0.037109375 0.0439453125
1 0.462890625 0.708984375 0.041015625 0.119140625
1 0.728515625 0.4765625 0.0439453125 0.0341796875
1 0.5517578125 0.37109375 0.015625 0.0263671875
1 0.9267578125 0.5341796875 0.0185546875 0.025390625
1 0.0224609375 0.373046875 0.0205078125 0.025390625
1 0.2470703125 0.33984375 0.0341796875 0.0263671875