0 0.1923828125 0.7490234375 0.125 0.1640625
0 0.51171875 0.4228515625 0.048828125 0.0517578125
0 0.337890625 0.7265625 0.0986328125 0.119140625
1 0.4140625 0.8095703125 0.041015625 0.052734375
1 0.306640625 0.8515625 0.044921875 0.072265625
0 0.5390625 0.353515625 0.0439453125 0.044921875
1 0.0673828125 0.5400390625 0.0283203125 0.048828125
0 0.490234375 0.3603515625 0.0390625 0.033203125
1 0.5126953125 0.47265625 0.03125 0.044921875
1 0.7421875 0.658203125 0.041015625 0.0673828125
1 0.34375 0.494140625 0.041015625 0.0439453125
1 0.6083984375 0.490234375 0.0390625 0.0498046875
1 0.646484375 0.4892578125 0.021484375 0.037109375
1 0.3037109375 0.4443359375 0.029296875 0.033203125
0 0.5107421875 0.333984375 0.03125 0.0283203125
1 0.57421875 0.384765625 0.013671875 0.0234375
1 0.458984375 0.7841796875 0.037109375 0.056640625
1 0.541015625 0.478515625 0.025390625 0.041015625
1 0.556640625 0.525390625 0.025390625 0.064453125
1 0.5517578125 0.443359375 0.021484375 0.0283203125
1 0.4296875 0.6904296875 0.046875 0.068359375
1 0.46875 0.44921875 0.025390625 0.0390625
0 0.232421875 0.4365234375 0.0751953125 0.0517578125
1 0.49609375 0.453125 0.017578125 0.0341796875
1 0.2646484375 0.494140625 0.0390625 0.0439453125
1 0.078125 0.744140625 0.0498046875 0.0908203125
1 0.59765625 0.388671875 0.0107421875 0.0205078125
1 0.4658203125 0.400390625 0.015625 0.0283203125
1 0.146484375 0.4140625 0.017578125 0.0185546875
1 0.099609375 0.4033203125 0.03125 0.021484375
1 0.5478515625 0.4189453125 0.013671875 0.0185546875
1 0.455078125 0.3720703125 0.017578125 0.03125
1 0.421875 0.740234375 0.0498046875 0.0595703125
1 0.166015625 0.365234375 0.0126953125 0.015625
1 0.58203125 0.46484375 0.0263671875 0.0361328125
1 0.228515625 0.365234375 0.013671875 0.025390625
1 0.845703125 0.6455078125 0.0390625 0.0625
0 0.068359375 0.5009765625 0.1142578125 0.1044921875
1 0.439453125 0.365234375 0.0185546875 0.0234375
1 0.466796875 0.423828125 0.013671875 0.0205078125
1 0.6201171875 0.462890625 0.0185546875 0.03125
1 0.390625 0.3984375 0.0185546875 0.0283203125
1 0.1015625 0.689453125 0.037109375 0.0341796875
1 0.6494140625 0.451171875 0.013671875 0.0263671875
1 0.1767578125 0.3271484375 0.0185546875 0.0205078125
1 0.025390625 0.5849609375 0.025390625 0.0703125
1 0.6318359375 0.4404296875 0.017578125 0.03125
1 0.5888671875 0.3623046875 0.021484375 0.025390625
1 0.974609375 0.583984375 0.025390625 0.0498046875
1 0.546875 0.4833984375 0.181640625 0.1513671875
0 0.1875 0.849609375 0.1435546875 0.0703125
1 0.8505859375 0.4169921875 0.0205078125 0.025390625
1 0.072265625 0.3388671875 0.017578125 0.015625
1 0.24609375 0.353515625 0.0107421875 0.0234375
1 0.04296875 0.6923828125 0.0205078125 0.021484375