0 0.1923828125 0.7490234375 0.1220703125 0.1640625
0 0.5107421875 0.423828125 0.0595703125 0.056640625
0 0.337890625 0.7275390625 0.0986328125 0.1201171875
1 0.509765625 0.4755859375 0.025390625 0.0419921875
0 0.5439453125 0.35546875 0.046875 0.044921875
1 0.619140625 0.4951171875 0.052734375 0.0439453125
0 0.4892578125 0.357421875 0.0498046875 0.0439453125
1 0.1396484375 0.5361328125 0.029296875 0.041015625
1 0.482421875 0.5419921875 0.0341796875 0.046875
1 0.404296875 0.470703125 0.037109375 0.0341796875
1 0.0673828125 0.5400390625 0.0283203125 0.033203125
1 0.3076171875 0.8349609375 0.046875 0.0888671875
1 0.5771484375 0.4873046875 0.0263671875 0.037109375
1 0.5966796875 0.548828125 0.0654296875 0.0390625
1 0.162109375 0.447265625 0.0341796875 0.0341796875
1 0.341796875 0.5029296875 0.029296875 0.03125
1 0.2841796875 0.4697265625 0.0498046875 0.0390625
1 0.49609375 0.451171875 0.017578125 0.021484375
1 0.427734375 0.705078125 0.046875 0.0888671875
1 0.541015625 0.478515625 0.025390625 0.0361328125
1 0.2255859375 0.462890625 0.0390625 0.046875
1 0.369140625 0.4853515625 0.033203125 0.0419921875
1 0.076171875 0.759765625 0.037109375 0.060546875
1 0.080078125 0.66796875 0.0341796875 0.044921875
1 0.337890625 0.4609375 0.0341796875 0.025390625
0 0.509765625 0.3310546875 0.029296875 0.025390625
1 0.470703125 0.439453125 0.025390625 0.0361328125
1 0.2861328125 0.5517578125 0.056640625 0.041015625
1 0.412109375 0.7939453125 0.052734375 0.078125
1 0.4580078125 0.7939453125 0.037109375 0.0498046875
1 0.1181640625 0.4248046875 0.0361328125 0.0283203125
1 0.5791015625 0.4248046875 0.013671875 0.03125
1 0.064453125 0.4794921875 0.0419921875 0.037109375
1 0.4365234375 0.3642578125 0.017578125 0.025390625
1 0.3583984375 0.533203125 0.0703125 0.0546875
1 0.55078125 0.447265625 0.0205078125 0.0283203125
1 0.109375 0.4853515625 0.037109375 0.033203125
1 0.7216796875 0.5595703125 0.052734375 0.03125
1 0.3681640625 0.439453125 0.0234375 0.0341796875
1 0.083984375 0.40625 0.041015625 0.041015625
1 0.6220703125 0.4521484375 0.015625 0.0234375
0 0.234375 0.365234375 0.0625 0.037109375
1 0.5947265625 0.466796875 0.017578125 0.021484375
1 0.8349609375 0.794921875 0.064453125 0.076171875
1 0.5634765625 0.46875 0.017578125 0.025390625
1 0.974609375 0.6083984375 0.0234375 0.044921875
1 0.572265625 0.3798828125 0.0205078125 0.03125
1 0.0224609375 0.458984375 0.017578125 0.0283203125
0 0.1962890625 0.8759765625 0.1044921875 0.029296875
1 0.814453125 0.5595703125 0.0625 0.041015625
1 0.3291015625 0.3544921875 0.0205078125 0.0283203125
1 0.6923828125 0.5498046875 0.0185546875 0.021484375
1 0.4619140625 0.71875 0.029296875 0.0595703125
1 0.513671875 0.369140625 0.0205078125 0.0205078125
1 0.626953125 0.650390625 0.037109375 0.0703125
1 0.4775390625 0.5107421875 0.0205078125 0.0341796875
1 0.2900390625 0.5244140625 0.0205078125 0.0361328125
1 0.041015625 0.5556640625 0.015625 0.029296875
1 0.0263671875 0.5830078125 0.0283203125 0.078125
1 0.1923828125 0.33203125 0.041015625 0.0234375
1 0.0595703125 0.6220703125 0.052734375 0.037109375
1 0.6884765625 0.630859375 0.029296875 0.0576171875