0 0.193359375 0.7490234375 0.123046875 0.1640625
0 0.51171875 0.419921875 0.044921875 0.048828125
0 0.337890625 0.728515625 0.099609375 0.1201171875
0 0.486328125 0.361328125 0.0390625 0.03125
0 0.5380859375 0.3544921875 0.0419921875 0.0439453125
1 0.4091796875 0.8076171875 0.046875 0.052734375
1 0.2568359375 0.46875 0.0361328125 0.0439453125
1 0.3056640625 0.85546875 0.0419921875 0.064453125
1 0.068359375 0.5322265625 0.0263671875 0.044921875
1 0.1650390625 0.5966796875 0.0361328125 0.052734375
1 0.552734375 0.490234375 0.0263671875 0.046875
1 0.0712890625 0.7646484375 0.0419921875 0.0673828125
1 0.384765625 0.3994140625 0.017578125 0.0263671875
0 0.509765625 0.333984375 0.029296875 0.029296875
1 0.1142578125 0.576171875 0.03125 0.041015625
0 0.4580078125 0.509765625 0.140625 0.076171875
1 0.564453125 0.4521484375 0.0185546875 0.029296875
1 0.458984375 0.783203125 0.0361328125 0.0595703125
1 0.609375 0.49609375 0.037109375 0.048828125
1 0.6474609375 0.4873046875 0.0205078125 0.037109375
1 0.478515625 0.4609375 0.03125 0.0341796875
0 0.197265625 0.423828125 0.0625 0.0341796875
1 0.548828125 0.439453125 0.0205078125 0.033203125
1 0.427734375 0.6787109375 0.041015625 0.048828125
1 0.51171875 0.3671875 0.0205078125 0.025390625
1 0.5654296875 0.376953125 0.025390625 0.0283203125
1 0.53125 0.5458984375 0.0498046875 0.064453125
1 0.0615234375 0.4775390625 0.029296875 0.033203125
1 0.40625 0.384765625 0.015625 0.025390625
1 0.5703125 0.4150390625 0.0185546875 0.029296875
1 0.4189453125 0.73828125 0.0439453125 0.0517578125
1 0.0283203125 0.783203125 0.037109375 0.080078125
1 0.021484375 0.568359375 0.0185546875 0.052734375
1 0.455078125 0.4384765625 0.0234375 0.029296875
1 0.373046875 0.3671875 0.013671875 0.0185546875
1 0.638671875 0.455078125 0.025390625 0.0283203125
1 0.5888671875 0.37890625 0.0126953125 0.0234375
1 0.248046875 0.3408203125 0.0126953125 0.0185546875
1 0.4541015625 0.3623046875 0.013671875 0.021484375
1 0.1669921875 0.3671875 0.015625 0.015625
0 0.185546875 0.3251953125 0.037109375 0.025390625
0 0.037109375 0.515625 0.056640625 0.0908203125
1 0.244140625 0.3564453125 0.0185546875 0.021484375
1 0.021484375 0.4599609375 0.0205078125 0.029296875
1 0.025390625 0.373046875 0.0126953125 0.0205078125
1 0.0390625 0.556640625 0.0185546875 0.0361328125
1 0.5185546875 0.6064453125 0.052734375 0.0810546875
0 0.193359375 0.875 0.1015625 0.0283203125
1 0.2841796875 0.3642578125 0.0126953125 0.0185546875