0 0.193359375 0.7490234375 0.1220703125 0.1611328125
0 0.51171875 0.4208984375 0.0517578125 0.0517578125
1 0.259765625 0.455078125 0.021484375 0.0283203125
0 0.337890625 0.7275390625 0.0986328125 0.1201171875
0 0.5400390625 0.353515625 0.044921875 0.044921875
0 0.486328125 0.3564453125 0.0517578125 0.0439453125
1 0.517578125 0.4697265625 0.0419921875 0.048828125
1 0.5791015625 0.48828125 0.0263671875 0.0361328125
0 0.892578125 0.580078125 0.189453125 0.091796875
1 0.611328125 0.49609375 0.0341796875 0.0419921875
1 0.080078125 0.7568359375 0.044921875 0.0732421875
1 0.068359375 0.53515625 0.0283203125 0.0419921875
1 0.6337890625 0.51171875 0.0234375 0.0390625
1 0.1748046875 0.4375 0.03125 0.03125
1 0.466796875 0.462890625 0.0361328125 0.0439453125
1 0.146484375 0.5078125 0.0234375 0.0439453125
1 0.1044921875 0.59765625 0.0341796875 0.064453125
0 0.5107421875 0.3330078125 0.03125 0.0283203125
1 0.4150390625 0.810546875 0.0390625 0.052734375
1 0.0625 0.482421875 0.03125 0.03125
0 0.353515625 0.470703125 0.099609375 0.0576171875
1 0.56640625 0.3720703125 0.029296875 0.0283203125
1 0.4580078125 0.7841796875 0.037109375 0.056640625
1 0.513671875 0.3701171875 0.0185546875 0.021484375
1 0.3642578125 0.345703125 0.015625 0.0185546875
1 0.556640625 0.564453125 0.0546875 0.0595703125
1 0.427734375 0.6787109375 0.0439453125 0.048828125
1 0.474609375 0.4208984375 0.033203125 0.0390625
1 0.306640625 0.833984375 0.048828125 0.0888671875
1 0.140625 0.4443359375 0.037109375 0.029296875
1 0.4013671875 0.51953125 0.046875 0.0419921875
1 0.560546875 0.451171875 0.017578125 0.021484375
1 0.49609375 0.455078125 0.017578125 0.0263671875
1 0.7919921875 0.6123046875 0.0439453125 0.0439453125
1 0.8388671875 0.6328125 0.041015625 0.078125
1 0.20703125 0.4189453125 0.017578125 0.021484375
1 0.435546875 0.36328125 0.0126953125 0.0234375
1 0.587890625 0.4501953125 0.015625 0.025390625
1 0.642578125 0.4716796875 0.0234375 0.0283203125
1 0.1298828125 0.416015625 0.015625 0.0185546875
1 0.619140625 0.462890625 0.021484375 0.0283203125
1 0.58203125 0.4111328125 0.013671875 0.025390625
1 0.1884765625 0.3291015625 0.0263671875 0.0205078125
1 0.1611328125 0.365234375 0.0126953125 0.017578125
1 0.421875 0.7451171875 0.0498046875 0.0625
1 0.6796875 0.5205078125 0.046875 0.046875
1 0.017578125 0.498046875 0.013671875 0.033203125
1 0.107421875 0.4013671875 0.021484375 0.021484375
1 0.455078125 0.361328125 0.021484375 0.0283203125
1 0.1240234375 0.361328125 0.013671875 0.017578125
1 0.025390625 0.375 0.0126953125 0.0185546875
0 0.23046875 0.365234375 0.0576171875 0.0361328125
1 0.021484375 0.564453125 0.0234375 0.041015625
1 0.5556640625 0.5107421875 0.0205078125 0.037109375
1 0.455078125 0.7177734375 0.0205078125 0.0263671875
1 0.5947265625 0.4658203125 0.013671875 0.0185546875
1 0.0400390625 0.5537109375 0.017578125 0.029296875
1 0.6337890625 0.443359375 0.033203125 0.029296875
0 0.1953125 0.875 0.09375 0.0283203125
1 0.0634765625 0.34375 0.0205078125 0.015625
1 0.1923828125 0.4619140625 0.015625 0.033203125
1 0.8916015625 0.3857421875 0.017578125 0.025390625
1 0.58203125 0.359375 0.0107421875 0.015625
1 0.1103515625 0.484375 0.0361328125 0.03125
1 0.353515625 0.328125 0.0263671875 0.0185546875