1 0.126953125 0.599609375 0.0263671875 0.044921875
0 0.1396484375 0.81640625 0.1455078125 0.1328125
0 0.673828125 0.5771484375 0.109375 0.1328125
0 0.373046875 0.623046875 0.080078125 0.0966796875
1 0.6630859375 0.73046875 0.0517578125 0.080078125
1 0.6162109375 0.478515625 0.029296875 0.0498046875
1 0.509765625 0.4951171875 0.0419921875 0.0625
0 0.5302734375 0.58203125 0.0888671875 0.1142578125
0 0.177734375 0.4306640625 0.046875 0.0419921875
1 0.5712890625 0.4306640625 0.0205078125 0.033203125
1 0.580078125 0.767578125 0.044921875 0.068359375
1 0.5888671875 0.4638671875 0.025390625 0.037109375
1 0.828125 0.8134765625 0.0751953125 0.0986328125
0 0.44140625 0.4423828125 0.0390625 0.0498046875
1 0.7998046875 0.5791015625 0.046875 0.0732421875
0 0.2490234375 0.404296875 0.044921875 0.0361328125
1 0.0966796875 0.685546875 0.03125 0.0576171875
1 0.546875 0.431640625 0.0185546875 0.0341796875
1 0.212890625 0.7265625 0.03125 0.046875
0 0.1572265625 0.5 0.0517578125 0.056640625
0 0.2421875 0.5751953125 0.1064453125 0.140625
1 0.7275390625 0.537109375 0.0419921875 0.048828125
1 0.8447265625 0.6025390625 0.0419921875 0.048828125
1 0.6015625 0.4345703125 0.0283203125 0.046875
0 0.2861328125 0.431640625 0.046875 0.041015625
1 0.1650390625 0.681640625 0.033203125 0.048828125
1 0.8955078125 0.65625 0.0810546875 0.0908203125
0 0.181640625 0.3876953125 0.0341796875 0.03125
1 0.947265625 0.693359375 0.0703125 0.076171875
0 0.369140625 0.8427734375 0.119140625 0.095703125
1 0.6953125 0.521484375 0.015625 0.0263671875
1 0.212890625 0.5107421875 0.025390625 0.0498046875
0 0.17578125 0.3642578125 0.029296875 0.0283203125
1 0.05859375 0.7392578125 0.033203125 0.068359375
1 0.84765625 0.556640625 0.0361328125 0.052734375
0 0.5673828125 0.384765625 0.03125 0.0419921875
1 0.4580078125 0.5224609375 0.046875 0.0546875
1 0.8896484375 0.5908203125 0.0576171875 0.0654296875
1 0.431640625 0.501953125 0.0283203125 0.0439453125
1 0.5 0.453125 0.025390625 0.041015625
0 0.5068359375 0.4140625 0.044921875 0.0595703125
1 0.0595703125 0.4794921875 0.0283203125 0.041015625
1 0.0263671875 0.478515625 0.03125 0.041015625
1 0.9326171875 0.609375 0.041015625 0.037109375
0 0.3330078125 0.4521484375 0.068359375 0.0830078125
1 0.076171875 0.3427734375 0.017578125 0.017578125
1 0.2314453125 0.470703125 0.025390625 0.0419921875
1 0.9638671875 0.6318359375 0.046875 0.0732421875
1 0.4638671875 0.388671875 0.0185546875 0.0341796875
1 0.900390625 0.541015625 0.037109375 0.0361328125
1 0.439453125 0.3623046875 0.0205078125 0.025390625
0 0.9580078125 0.57421875 0.0595703125 0.0546875
1 0.533203125 0.4794921875 0.0205078125 0.021484375
1 0.5673828125 0.458984375 0.1376953125 0.1513671875
1 0.4375 0.408203125 0.025390625 0.03125
1 0.076171875 0.3974609375 0.0263671875 0.029296875
1 0.0224609375 0.5673828125 0.0234375 0.0625
0 0.3505859375 0.3203125 0.033203125 0.015625
1 0.935546875 0.65625 0.025390625 0.041015625