0 0.537109375 0.5927734375 0.095703125 0.111328125
0 0.697265625 0.6044921875 0.123046875 0.140625
1 0.5791015625 0.44921875 0.0263671875 0.0361328125
0 0.369140625 0.6015625 0.0732421875 0.0908203125
1 0.80078125 0.576171875 0.048828125 0.068359375
1 0.130859375 0.5732421875 0.0283203125 0.046875
0 0.361328125 0.8193359375 0.1220703125 0.138671875
1 0.61328125 0.4892578125 0.048828125 0.078125
0 0.1591796875 0.791015625 0.1376953125 0.1484375
1 0.2021484375 0.6689453125 0.029296875 0.068359375
0 0.251953125 0.40234375 0.041015625 0.0361328125
1 0.5205078125 0.509765625 0.041015625 0.0576171875
0 0.158203125 0.4892578125 0.052734375 0.056640625
1 0.107421875 0.65234375 0.03125 0.0576171875
0 0.44140625 0.44921875 0.0419921875 0.0546875
1 0.169921875 0.642578125 0.033203125 0.056640625
1 0.65234375 0.462890625 0.0234375 0.0361328125
1 0.7177734375 0.7783203125 0.0673828125 0.087890625
1 0.845703125 0.6005859375 0.041015625 0.048828125
1 0.60546875 0.447265625 0.0263671875 0.033203125
0 0.1748046875 0.4228515625 0.0439453125 0.0361328125
1 0.9423828125 0.677734375 0.083984375 0.095703125
0 0.181640625 0.384765625 0.0341796875 0.029296875
1 0.216796875 0.4951171875 0.021484375 0.037109375
0 0.7470703125 0.857421875 0.146484375 0.0654296875
1 0.71484375 0.5244140625 0.033203125 0.0419921875
1 0.83203125 0.5556640625 0.029296875 0.0419921875
1 0.5634765625 0.4228515625 0.033203125 0.0546875
0 0.248046875 0.548828125 0.0888671875 0.115234375
0 0.3271484375 0.44140625 0.0732421875 0.0859375
0 0.279296875 0.4228515625 0.0439453125 0.0419921875
0 0.1767578125 0.361328125 0.0283203125 0.025390625
1 0.8740234375 0.662109375 0.0732421875 0.078125
1 0.458984375 0.513671875 0.056640625 0.0595703125
1 0.6025390625 0.818359375 0.044921875 0.103515625
1 0.89453125 0.587890625 0.044921875 0.0625
1 0.17578125 0.458984375 0.0234375 0.03125
1 0.8984375 0.5419921875 0.0341796875 0.0341796875
1 0.4677734375 0.3974609375 0.0234375 0.0361328125
1 0.5048828125 0.4462890625 0.0439453125 0.044921875
1 0.02734375 0.4794921875 0.033203125 0.041015625
1 0.931640625 0.6103515625 0.0390625 0.0390625
1 0.076171875 0.3427734375 0.017578125 0.017578125
1 0.4375 0.365234375 0.015625 0.025390625
1 0.0595703125 0.478515625 0.0283203125 0.0390625
1 0.072265625 0.71875 0.033203125 0.0751953125
1 0.54296875 0.48046875 0.0234375 0.0390625
1 0.9013671875 0.8701171875 0.078125 0.041015625
0 0.2294921875 0.357421875 0.025390625 0.0263671875
1 0.5390625 0.37890625 0.015625 0.033203125
1 0.517578125 0.3935546875 0.0390625 0.0439453125
0 0.541015625 0.337890625 0.037109375 0.0390625
1 0.6845703125 0.513671875 0.03125 0.037109375
1 0.0966796875 0.400390625 0.0185546875 0.0205078125
1 0.4326171875 0.41015625 0.0185546875 0.029296875