0 0.3203125 0.798828125 0.150390625 0.1767578125
1 0.728515625 0.6650390625 0.0439453125 0.0673828125
1 0.5947265625 0.5634765625 0.0361328125 0.0517578125
0 0.6572265625 0.7099609375 0.169921875 0.201171875
0 0.3154296875 0.6494140625 0.09375 0.111328125
1 0.1083984375 0.6748046875 0.033203125 0.052734375
1 0.5556640625 0.6376953125 0.0361328125 0.0625
1 0.6923828125 0.544921875 0.0439453125 0.052734375
0 0.2421875 0.51171875 0.0595703125 0.076171875
1 0.822265625 0.5791015625 0.087890625 0.0830078125
0 0.505859375 0.34375 0.0283203125 0.03125
1 0.947265625 0.685546875 0.078125 0.083984375
1 0.5849609375 0.44921875 0.0263671875 0.033203125
1 0.7294921875 0.5361328125 0.046875 0.046875
1 0.5634765625 0.3896484375 0.017578125 0.0234375
1 0.12890625 0.56640625 0.029296875 0.0419921875
1 0.4609375 0.43359375 0.046875 0.0419921875
1 0.4833984375 0.453125 0.0205078125 0.037109375
1 0.5517578125 0.556640625 0.0283203125 0.0419921875
1 0.6279296875 0.6142578125 0.046875 0.0498046875
1 0.3994140625 0.6630859375 0.0390625 0.060546875
1 0.517578125 0.412109375 0.0283203125 0.025390625
0 0.326171875 0.4912109375 0.068359375 0.060546875
0 0.3203125 0.548828125 0.072265625 0.0810546875
0 0.48046875 0.3525390625 0.029296875 0.033203125
1 0.412109375 0.423828125 0.0185546875 0.033203125
1 0.384765625 0.3623046875 0.0185546875 0.021484375
1 0.892578125 0.646484375 0.0732421875 0.0732421875
1 0.0732421875 0.716796875 0.041015625 0.080078125
1 0.046875 0.572265625 0.025390625 0.0439453125
1 0.408203125 0.3916015625 0.0234375 0.029296875
1 0.8974609375 0.5400390625 0.033203125 0.0361328125
0 0.5126953125 0.451171875 0.0595703125 0.0654296875
1 0.05859375 0.482421875 0.0263671875 0.03125
0 0.5439453125 0.3349609375 0.0341796875 0.029296875
0 0.2529296875 0.396484375 0.0498046875 0.052734375
1 0.4365234375 0.3857421875 0.0263671875 0.0341796875
1 0.81640625 0.7724609375 0.0576171875 0.0830078125
1 0.591796875 0.3974609375 0.017578125 0.0234375
1 0.9736328125 0.521484375 0.03125 0.033203125
1 0.4775390625 0.408203125 0.0205078125 0.0283203125
1 0.912109375 0.5888671875 0.0595703125 0.0498046875
1 0.41796875 0.365234375 0.0107421875 0.0185546875
1 0.173828125 0.583984375 0.029296875 0.0576171875
1 0.35546875 0.3994140625 0.013671875 0.0234375
1 0.2138671875 0.412109375 0.0283203125 0.0341796875
1 0.8447265625 0.5 0.044921875 0.037109375
1 0.806640625 0.7099609375 0.037109375 0.0419921875
1 0.142578125 0.5234375 0.0263671875 0.0341796875
0 0.1474609375 0.431640625 0.044921875 0.0419921875
1 0.7841796875 0.4873046875 0.041015625 0.03125
0 0.19921875 0.322265625 0.048828125 0.0234375
1 0.9619140625 0.6259765625 0.0419921875 0.0576171875
1 0.283203125 0.365234375 0.015625 0.0234375
1 0.2080078125 0.5771484375 0.0283203125 0.048828125
1 0.03125 0.4833984375 0.041015625 0.044921875
1 0.173828125 0.818359375 0.0546875 0.046875
0 0.958984375 0.576171875 0.0576171875 0.0546875
1 0.8447265625 0.541015625 0.0234375 0.029296875
1 0.5771484375 0.404296875 0.060546875 0.095703125
1 0.6357421875 0.44140625 0.03125 0.029296875