0 0.1923828125 0.748046875 0.125 0.162109375
0 0.337890625 0.728515625 0.0986328125 0.119140625
0 0.5107421875 0.4189453125 0.0498046875 0.056640625
1 0.380859375 0.5107421875 0.0390625 0.052734375
1 0.0673828125 0.537109375 0.0283203125 0.0439453125
1 0.259765625 0.45703125 0.033203125 0.033203125
0 0.0498046875 0.3798828125 0.0595703125 0.0283203125
0 0.537109375 0.521484375 0.138671875 0.0751953125
1 0.3017578125 0.474609375 0.03125 0.0341796875
0 0.5400390625 0.3525390625 0.044921875 0.044921875
1 0.169921875 0.4345703125 0.0234375 0.0283203125
1 0.2255859375 0.44921875 0.029296875 0.033203125
1 0.076171875 0.755859375 0.0576171875 0.080078125
1 0.306640625 0.841796875 0.044921875 0.0576171875
1 0.107421875 0.41796875 0.025390625 0.029296875
1 0.572265625 0.55078125 0.0341796875 0.0390625
1 0.154296875 0.4765625 0.0234375 0.037109375
1 0.45703125 0.7822265625 0.0361328125 0.060546875
1 0.634765625 0.5048828125 0.025390625 0.041015625
1 0.6103515625 0.498046875 0.033203125 0.037109375
1 0.576171875 0.375 0.0205078125 0.0283203125
1 0.5126953125 0.4609375 0.041015625 0.046875
0 0.494140625 0.3583984375 0.0439453125 0.0361328125
1 0.626953125 0.5830078125 0.0234375 0.037109375
1 0.0703125 0.48046875 0.037109375 0.033203125
1 0.953125 0.5986328125 0.0625 0.046875
1 0.580078125 0.46484375 0.025390625 0.0361328125
1 0.03125 0.7119140625 0.0341796875 0.0546875
1 0.185546875 0.4853515625 0.025390625 0.0390625
1 0.5546875 0.466796875 0.021484375 0.0341796875
1 0.416015625 0.8115234375 0.0341796875 0.0517578125
1 0.462890625 0.443359375 0.0263671875 0.044921875
1 0.64453125 0.47265625 0.0205078125 0.029296875
1 0.5322265625 0.548828125 0.029296875 0.0263671875
1 0.119140625 0.400390625 0.0205078125 0.0283203125
1 0.203125 0.4189453125 0.0185546875 0.025390625
1 0.4296875 0.66796875 0.0439453125 0.0517578125
1 0.0927734375 0.642578125 0.0361328125 0.0546875
1 0.6376953125 0.447265625 0.0341796875 0.03125
1 0.0859375 0.4033203125 0.03125 0.0341796875
1 0.45703125 0.3603515625 0.0205078125 0.029296875
0 0.232421875 0.3623046875 0.0576171875 0.0283203125
1 0.4208984375 0.736328125 0.048828125 0.0498046875
1 0.10546875 0.599609375 0.033203125 0.064453125
1 0.677734375 0.5146484375 0.029296875 0.033203125
1 0.224609375 0.4794921875 0.0283203125 0.041015625
0 0.509765625 0.33203125 0.0283203125 0.0263671875
1 0.5966796875 0.3857421875 0.0185546875 0.021484375
0 0.1552734375 0.380859375 0.0517578125 0.0283203125
1 0.0654296875 0.345703125 0.021484375 0.0185546875
1 0.0595703125 0.5830078125 0.0908203125 0.103515625
1 0.8916015625 0.3857421875 0.017578125 0.025390625
1 0.236328125 0.470703125 0.1591796875 0.0732421875
1 0.1943359375 0.3349609375 0.013671875 0.0263671875
1 0.548828125 0.443359375 0.017578125 0.0263671875
0 0.1982421875 0.8759765625 0.087890625 0.0263671875
1 0.0400390625 0.4658203125 0.029296875 0.0341796875
1 0.6171875 0.4619140625 0.021484375 0.029296875
1 0.9794921875 0.685546875 0.0126953125 0.025390625
1 0.021484375 0.5625 0.0185546875 0.046875