0 0.3642578125 0.638671875 0.083984375 0.115234375
1 0.5927734375 0.5078125 0.033203125 0.0498046875
1 0.6171875 0.5107421875 0.0283203125 0.046875
0 0.599609375 0.7255859375 0.1376953125 0.158203125
0 0.66796875 0.5966796875 0.1357421875 0.130859375
0 0.189453125 0.6533203125 0.111328125 0.150390625
1 0.5546875 0.5078125 0.021484375 0.041015625
1 0.8203125 0.58984375 0.0751953125 0.0703125
0 0.8857421875 0.818359375 0.1904296875 0.142578125
0 0.119140625 0.404296875 0.0625 0.0361328125
0 0.244140625 0.484375 0.0732421875 0.0810546875
1 0.587890625 0.4453125 0.021484375 0.037109375
1 0.892578125 0.654296875 0.076171875 0.0751953125
0 0.5185546875 0.447265625 0.0595703125 0.076171875
0 0.4794921875 0.5419921875 0.087890625 0.109375
1 0.484375 0.41796875 0.021484375 0.0361328125
0 0.1533203125 0.4482421875 0.0439453125 0.037109375
0 0.48828125 0.361328125 0.029296875 0.033203125
1 0.6923828125 0.5400390625 0.0439453125 0.048828125
0 0.3525390625 0.513671875 0.0673828125 0.064453125
1 0.5810546875 0.6103515625 0.0341796875 0.0673828125
1 0.177734375 0.5205078125 0.0283203125 0.083984375
0 0.564453125 0.396484375 0.0419921875 0.0673828125
1 0.9599609375 0.6611328125 0.0517578125 0.0751953125
1 0.1826171875 0.392578125 0.021484375 0.029296875
0 0.3037109375 0.416015625 0.0703125 0.080078125
1 0.728515625 0.5390625 0.041015625 0.0439453125
1 0.140625 0.53125 0.0185546875 0.0341796875
1 0.5849609375 0.4716796875 0.017578125 0.03125
0 0.2509765625 0.3876953125 0.0546875 0.0439453125
1 0.1474609375 0.4892578125 0.0205078125 0.03125
1 0.568359375 0.560546875 0.03125 0.048828125
0 0.533203125 0.3408203125 0.0341796875 0.0283203125
1 0.060546875 0.4794921875 0.0263671875 0.037109375
1 0.9287109375 0.609375 0.0419921875 0.041015625
1 0.43359375 0.435546875 0.0234375 0.0361328125
1 0.521484375 0.3818359375 0.0263671875 0.029296875
1 0.19921875 0.404296875 0.0205078125 0.0263671875
0 0.2177734375 0.365234375 0.0263671875 0.0263671875
0 0.1904296875 0.349609375 0.03125 0.029296875
1 0.0283203125 0.5595703125 0.03125 0.0439453125
1 0.2861328125 0.7333984375 0.0341796875 0.048828125
1 0.642578125 0.5146484375 0.021484375 0.029296875
1 0.4443359375 0.4814453125 0.033203125 0.056640625
1 0.896484375 0.583984375 0.041015625 0.0498046875
1 0.025390625 0.4794921875 0.0283203125 0.0341796875
1 0.115234375 0.576171875 0.0263671875 0.0439453125
1 0.4677734375 0.3994140625 0.0234375 0.048828125
1 0.619140625 0.47265625 0.015625 0.0263671875
1 0.767578125 0.4853515625 0.0263671875 0.0263671875
1 0.46875 0.4609375 0.0185546875 0.0283203125
1 0.9619140625 0.5908203125 0.0419921875 0.046875
1 0.4521484375 0.369140625 0.0205078125 0.025390625
1 0.47265625 0.373046875 0.017578125 0.017578125
1 0.0234375 0.373046875 0.015625 0.021484375
1 0.953125 0.529296875 0.021484375 0.015625