0 0.19140625 0.748046875 0.123046875 0.1611328125
0 0.51171875 0.421875 0.048828125 0.052734375
0 0.337890625 0.728515625 0.0986328125 0.119140625
0 0.5390625 0.3515625 0.041015625 0.037109375
1 0.6103515625 0.494140625 0.033203125 0.046875
1 0.076171875 0.763671875 0.046875 0.0732421875
0 0.4892578125 0.361328125 0.0341796875 0.033203125
1 0.3701171875 0.509765625 0.0498046875 0.044921875
1 0.412109375 0.8017578125 0.0517578125 0.072265625
1 0.306640625 0.8330078125 0.048828125 0.087890625
1 0.46875 0.4609375 0.037109375 0.0498046875
1 0.64453125 0.494140625 0.0234375 0.0341796875
1 0.5146484375 0.478515625 0.0263671875 0.046875
0 0.509765625 0.333984375 0.03125 0.03125
1 0.052734375 0.6767578125 0.037109375 0.0439453125
0 0.6767578125 0.544921875 0.166015625 0.0830078125
1 0.544921875 0.482421875 0.0205078125 0.0390625
1 0.564453125 0.4365234375 0.017578125 0.0234375
1 0.4580078125 0.783203125 0.037109375 0.0576171875
1 0.576171875 0.404296875 0.021484375 0.0341796875
1 0.126953125 0.6484375 0.046875 0.046875
1 0.427734375 0.6787109375 0.0390625 0.048828125
0 0.291015625 0.4619140625 0.0830078125 0.048828125
1 0.5615234375 0.466796875 0.0205078125 0.0361328125
1 0.548828125 0.4375 0.0205078125 0.03125
1 0.2900390625 0.4111328125 0.0390625 0.0341796875
1 0.0205078125 0.572265625 0.0185546875 0.041015625
1 0.060546875 0.4765625 0.0234375 0.03125
1 0.44140625 0.4462890625 0.017578125 0.0263671875
1 0.37109375 0.36328125 0.013671875 0.0205078125
1 0.51171875 0.3681640625 0.017578125 0.0234375
1 0.419921875 0.7392578125 0.046875 0.0498046875
1 0.568359375 0.376953125 0.017578125 0.0234375
1 0.466796875 0.4208984375 0.015625 0.0234375
1 0.287109375 0.3623046875 0.017578125 0.021484375
1 0.392578125 0.4814453125 0.021484375 0.0439453125
1 0.5849609375 0.466796875 0.017578125 0.033203125
1 0.076171875 0.541015625 0.037109375 0.0625
1 0.4560546875 0.365234375 0.021484375 0.029296875
1 0.349609375 0.353515625 0.017578125 0.0234375
1 0.623046875 0.451171875 0.017578125 0.025390625
1 0.2080078125 0.3564453125 0.015625 0.0185546875
0 0.9130859375 0.572265625 0.076171875 0.052734375
1 0.021484375 0.4765625 0.021484375 0.0283203125
1 0.025390625 0.7880859375 0.033203125 0.0859375
1 0.3974609375 0.361328125 0.013671875 0.0205078125
0 0.236328125 0.3740234375 0.0576171875 0.0263671875
0 0.185546875 0.32421875 0.037109375 0.0263671875
1 0.248046875 0.3544921875 0.013671875 0.021484375
1 0.228515625 0.35546875 0.0107421875 0.0205078125
1 0.5595703125 0.470703125 0.1748046875 0.0908203125
0 0.189453125 0.875 0.0986328125 0.0283203125
1 0.8916015625 0.38671875 0.017578125 0.0263671875
1 0.6826171875 0.5 0.03125 0.021484375
1 0.8505859375 0.412109375 0.0205078125 0.0283203125
1 0.646484375 0.46484375 0.015625 0.0234375
1 0.185546875 0.357421875 0.03125 0.0185546875