0 0.193359375 0.748046875 0.1220703125 0.162109375
0 0.51171875 0.4228515625 0.0517578125 0.0546875
0 0.337890625 0.7275390625 0.0966796875 0.1201171875
1 0.4140625 0.8115234375 0.037109375 0.0517578125
0 0.541015625 0.353515625 0.0439453125 0.0439453125
1 0.083984375 0.7548828125 0.048828125 0.083984375
1 0.490234375 0.5556640625 0.0419921875 0.0546875
0 0.66796875 0.556640625 0.1767578125 0.0810546875
1 0.328125 0.4345703125 0.025390625 0.025390625
0 0.2548828125 0.4404296875 0.0751953125 0.046875
1 0.3447265625 0.5068359375 0.0390625 0.0390625
1 0.2734375 0.4794921875 0.03125 0.03125
1 0.306640625 0.8359375 0.048828125 0.09375
1 0.580078125 0.4873046875 0.0283203125 0.037109375
1 0.4580078125 0.783203125 0.037109375 0.060546875
1 0.638671875 0.49609375 0.0283203125 0.0419921875
1 0.5185546875 0.4736328125 0.046875 0.046875
0 0.4912109375 0.3603515625 0.0390625 0.033203125
1 0.4287109375 0.6806640625 0.0419921875 0.048828125
1 0.142578125 0.5224609375 0.021484375 0.0419921875
1 0.1572265625 0.47265625 0.0234375 0.029296875
1 0.068359375 0.533203125 0.029296875 0.046875
1 0.470703125 0.455078125 0.0361328125 0.044921875
0 0.509765625 0.333984375 0.033203125 0.0283203125
1 0.9443359375 0.5732421875 0.060546875 0.0625
1 0.845703125 0.6337890625 0.0390625 0.080078125
1 0.4951171875 0.453125 0.0185546875 0.0283203125
1 0.564453125 0.3916015625 0.013671875 0.0234375
1 0.5634765625 0.4697265625 0.0205078125 0.029296875
1 0.515625 0.3720703125 0.015625 0.0185546875
1 0.0322265625 0.580078125 0.0390625 0.0830078125
1 0.419921875 0.740234375 0.046875 0.0546875
1 0.4013671875 0.361328125 0.0126953125 0.021484375
1 0.646484375 0.4697265625 0.0205078125 0.029296875
1 0.166015625 0.451171875 0.0234375 0.0263671875
1 0.05859375 0.478515625 0.0234375 0.0283203125
1 0.6005859375 0.498046875 0.0205078125 0.0390625
1 0.552734375 0.447265625 0.025390625 0.03125
1 0.12890625 0.39453125 0.0205078125 0.0234375
1 0.103515625 0.4150390625 0.0185546875 0.0205078125
1 0.5859375 0.384765625 0.015625 0.0205078125
0 0.234375 0.3662109375 0.056640625 0.0361328125
1 0.4560546875 0.7158203125 0.021484375 0.0283203125
1 0.18359375 0.416015625 0.017578125 0.025390625
1 0.4599609375 0.357421875 0.0234375 0.0283203125
1 0.4873046875 0.6103515625 0.037109375 0.064453125
1 0.619140625 0.458984375 0.0185546875 0.0283203125
1 0.154296875 0.427734375 0.0126953125 0.015625
1 0.1767578125 0.326171875 0.0185546875 0.0185546875
1 0.1650390625 0.361328125 0.017578125 0.0234375
0 0.193359375 0.875 0.091796875 0.0283203125
1 0.1953125 0.3232421875 0.0185546875 0.0185546875
1 0.595703125 0.466796875 0.015625 0.021484375
1 0.5888671875 0.4482421875 0.015625 0.025390625
1 0.890625 0.38671875 0.015625 0.0234375
1 0.1064453125 0.484375 0.03125 0.0283203125
1 0.115234375 0.419921875 0.0126953125 0.0205078125