0 0.662109375 0.751953125 0.150390625 0.1689453125
0 0.37109375 0.6982421875 0.095703125 0.125
0 0.1552734375 0.533203125 0.0576171875 0.0673828125
1 0.6787109375 0.640625 0.048828125 0.0625
1 0.529296875 0.685546875 0.037109375 0.0654296875
1 0.693359375 0.5439453125 0.044921875 0.052734375
1 0.599609375 0.447265625 0.0185546875 0.029296875
1 0.572265625 0.63671875 0.0419921875 0.064453125
1 0.810546875 0.771484375 0.056640625 0.0732421875
1 0.111328125 0.671875 0.0341796875 0.0625
1 0.5703125 0.4619140625 0.021484375 0.0361328125
1 0.818359375 0.5830078125 0.072265625 0.0751953125
1 0.583984375 0.8251953125 0.0546875 0.1064453125
0 0.5126953125 0.5400390625 0.0810546875 0.091796875
1 0.7314453125 0.5380859375 0.041015625 0.048828125
0 0.6259765625 0.517578125 0.080078125 0.1044921875
0 0.439453125 0.427734375 0.0390625 0.0546875
1 0.943359375 0.685546875 0.0810546875 0.0859375
1 0.498046875 0.443359375 0.0341796875 0.0361328125
0 0.263671875 0.4140625 0.048828125 0.0341796875
0 0.228515625 0.634765625 0.142578125 0.1513671875
0 0.294921875 0.439453125 0.0517578125 0.0419921875
0 0.541015625 0.462890625 0.0595703125 0.0732421875
0 0.1884765625 0.4599609375 0.048828125 0.044921875
1 0.5908203125 0.421875 0.025390625 0.0439453125
1 0.26953125 0.5029296875 0.017578125 0.03125
0 0.1865234375 0.3984375 0.0419921875 0.0341796875
1 0.4716796875 0.400390625 0.021484375 0.029296875
1 0.185546875 0.5810546875 0.0283203125 0.052734375
0 0.228515625 0.3564453125 0.025390625 0.025390625
0 0.34765625 0.4716796875 0.0732421875 0.103515625
1 0.505859375 0.484375 0.0234375 0.0283203125
1 0.876953125 0.658203125 0.0810546875 0.078125
1 0.0263671875 0.5751953125 0.03125 0.072265625
1 0.888671875 0.59375 0.0576171875 0.056640625
1 0.6904296875 0.87109375 0.03125 0.0361328125
1 0.548828125 0.4033203125 0.017578125 0.0341796875
1 0.931640625 0.611328125 0.041015625 0.037109375
1 0.568359375 0.423828125 0.0185546875 0.0361328125
1 0.064453125 0.478515625 0.0419921875 0.041015625
0 0.244140625 0.3828125 0.056640625 0.03125
1 0.0302734375 0.4755859375 0.0419921875 0.044921875
1 0.216796875 0.5146484375 0.037109375 0.064453125
1 0.955078125 0.525390625 0.0439453125 0.0341796875
1 0.423828125 0.490234375 0.0517578125 0.044921875
1 0.5234375 0.3916015625 0.0283203125 0.0361328125
1 0.4541015625 0.3623046875 0.0234375 0.025390625
1 0.58203125 0.373046875 0.0205078125 0.03125
1 0.5439453125 0.373046875 0.025390625 0.0341796875
1 0.9599609375 0.630859375 0.0390625 0.0576171875
1 0.2158203125 0.853515625 0.0341796875 0.056640625
1 0.271484375 0.560546875 0.0595703125 0.0341796875
1 0.130859375 0.419921875 0.0263671875 0.03125
1 0.595703125 0.494140625 0.017578125 0.048828125
1 0.8125 0.541015625 0.03125 0.0439453125
1 0.1513671875 0.416015625 0.015625 0.0234375
1 0.1787109375 0.5498046875 0.013671875 0.0185546875
1 0.107421875 0.486328125 0.0341796875 0.0341796875
1 0.6826171875 0.5126953125 0.021484375 0.03125
1 0.046875 0.82421875 0.0595703125 0.1142578125
0 0.3515625 0.3203125 0.03125 0.0185546875
0 0.4873046875 0.3642578125 0.0283203125 0.03125
1 0.080078125 0.3388671875 0.0185546875 0.0185546875
1 0.1640625 0.7890625 0.03125 0.0498046875