0 0.3232421875 0.798828125 0.150390625 0.1767578125
0 0.6728515625 0.646484375 0.142578125 0.1591796875
1 0.58203125 0.517578125 0.0234375 0.0517578125
0 0.216796875 0.626953125 0.0966796875 0.1044921875
0 0.31640625 0.6484375 0.0888671875 0.109375
1 0.5634765625 0.3916015625 0.017578125 0.0234375
1 0.5107421875 0.5634765625 0.0283203125 0.0419921875
1 0.109375 0.62890625 0.03125 0.064453125
1 0.564453125 0.4345703125 0.0234375 0.03125
1 0.533203125 0.529296875 0.0263671875 0.0361328125
1 0.4267578125 0.71484375 0.0341796875 0.080078125
1 0.5078125 0.4482421875 0.021484375 0.041015625
1 0.693359375 0.544921875 0.048828125 0.0517578125
1 0.8193359375 0.5810546875 0.0830078125 0.0810546875
1 0.6279296875 0.4560546875 0.03125 0.0341796875
1 0.1494140625 0.591796875 0.0234375 0.037109375
1 0.94921875 0.6904296875 0.0732421875 0.078125
1 0.4287109375 0.458984375 0.0205078125 0.033203125
1 0.591796875 0.39453125 0.0185546875 0.0263671875
1 0.423828125 0.412109375 0.013671875 0.021484375
1 0.5615234375 0.6572265625 0.033203125 0.076171875
1 0.158203125 0.5263671875 0.0283203125 0.046875
1 0.111328125 0.4248046875 0.021484375 0.0283203125
1 0.162109375 0.755859375 0.0419921875 0.0625
1 0.1142578125 0.52734375 0.021484375 0.0361328125
0 0.3271484375 0.4912109375 0.0703125 0.060546875
1 0.4775390625 0.48046875 0.017578125 0.0390625
1 0.521484375 0.48046875 0.021484375 0.0390625
1 0.888671875 0.6455078125 0.080078125 0.078125
1 0.5078125 0.3671875 0.0185546875 0.025390625
1 0.0380859375 0.5888671875 0.0390625 0.0625
1 0.900390625 0.5419921875 0.041015625 0.0439453125
1 0.7490234375 0.486328125 0.0390625 0.0361328125
0 0.478515625 0.3583984375 0.033203125 0.0361328125
1 0.1376953125 0.42578125 0.037109375 0.0361328125
1 0.107421875 0.755859375 0.0419921875 0.072265625
0 0.08984375 0.396484375 0.044921875 0.0341796875
1 0.462890625 0.419921875 0.013671875 0.0263671875
0 0.2412109375 0.4990234375 0.0673828125 0.107421875
1 0.4833984375 0.4208984375 0.013671875 0.0234375
1 0.0673828125 0.482421875 0.037109375 0.0341796875
1 0.4228515625 0.611328125 0.0517578125 0.0595703125
1 0.7158203125 0.501953125 0.0341796875 0.03125
0 0.25390625 0.396484375 0.0517578125 0.0517578125
1 0.09765625 0.54296875 0.0234375 0.044921875
1 0.4287109375 0.3662109375 0.013671875 0.0234375
0 0.5048828125 0.333984375 0.025390625 0.0185546875
1 0.966796875 0.5244140625 0.037109375 0.0263671875
1 0.3720703125 0.365234375 0.015625 0.021484375
1 0.1796875 0.494140625 0.0439453125 0.056640625
1 0.935546875 0.6103515625 0.046875 0.0419921875
0 0.54296875 0.333984375 0.0390625 0.0283203125
1 0.1767578125 0.4208984375 0.0341796875 0.0361328125
1 0.466796875 0.5166015625 0.0263671875 0.0390625
0 0.3212890625 0.5498046875 0.0703125 0.078125
1 0.8544921875 0.501953125 0.025390625 0.029296875
1 0.4169921875 0.578125 0.0185546875 0.037109375
1 0.6767578125 0.4609375 0.0283203125 0.0283203125
1 0.896484375 0.5869140625 0.048828125 0.0576171875
1 0.1396484375 0.4814453125 0.0263671875 0.037109375
1 0.84375 0.537109375 0.0283203125 0.0341796875
1 0.212890625 0.4111328125 0.0341796875 0.037109375
1 0.3544921875 0.359375 0.0283203125 0.0283203125
1 0.447265625 0.6708984375 0.0263671875 0.060546875
1 0.490234375 0.490234375 0.140625 0.185546875
1 0.0205078125 0.51953125 0.0185546875 0.0205078125
1 0.619140625 0.4296875 0.0283203125 0.03125
1 0.2412109375 0.357421875 0.013671875 0.021484375