0 0.1923828125 0.748046875 0.1220703125 0.162109375
0 0.33984375 0.7265625 0.0986328125 0.119140625
0 0.126953125 0.400390625 0.0673828125 0.0361328125
1 0.20703125 0.443359375 0.0234375 0.0283203125
1 0.515625 0.474609375 0.0341796875 0.048828125
0 0.537109375 0.3544921875 0.0390625 0.0439453125
1 0.306640625 0.8564453125 0.048828125 0.0595703125
1 0.57421875 0.4072265625 0.013671875 0.0234375
1 0.080078125 0.7587890625 0.0419921875 0.0673828125
0 0.490234375 0.361328125 0.0361328125 0.03125
1 0.412109375 0.8037109375 0.0546875 0.0673828125
0 0.5126953125 0.4208984375 0.052734375 0.0546875
1 0.0654296875 0.544921875 0.0283203125 0.0390625
1 0.6083984375 0.4931640625 0.0390625 0.048828125
0 0.5087890625 0.3330078125 0.029296875 0.0283203125
1 0.552734375 0.4423828125 0.0283203125 0.037109375
1 0.6435546875 0.4921875 0.025390625 0.041015625
1 0.453125 0.37109375 0.0185546875 0.029296875
1 0.1142578125 0.673828125 0.0498046875 0.0654296875
1 0.4970703125 0.4521484375 0.0185546875 0.033203125
1 0.427734375 0.697265625 0.046875 0.083984375
1 0.9443359375 0.5859375 0.033203125 0.0439453125
1 0.470703125 0.455078125 0.0341796875 0.041015625
1 0.45703125 0.7822265625 0.0390625 0.060546875
1 0.8466796875 0.642578125 0.037109375 0.068359375
1 0.142578125 0.4208984375 0.021484375 0.029296875
1 0.455078125 0.4248046875 0.0263671875 0.03125
0 0.76171875 0.5546875 0.1484375 0.072265625
1 0.4208984375 0.431640625 0.0234375 0.0390625
1 0.970703125 0.5927734375 0.033203125 0.0419921875
1 0.03125 0.572265625 0.03125 0.0595703125
1 0.6201171875 0.462890625 0.0185546875 0.03125
1 0.06640625 0.505859375 0.0205078125 0.0341796875
0 0.3212890625 0.3935546875 0.0830078125 0.046875
1 0.595703125 0.466796875 0.015625 0.025390625
0 0.2333984375 0.369140625 0.0546875 0.033203125
1 0.205078125 0.3583984375 0.0126953125 0.017578125
1 0.9169921875 0.568359375 0.0439453125 0.0390625
1 0.1669921875 0.365234375 0.0126953125 0.017578125
1 0.025390625 0.373046875 0.013671875 0.021484375
1 0.9501953125 0.5439453125 0.0185546875 0.025390625
0 0.1953125 0.8759765625 0.103515625 0.029296875
1 0.455078125 0.4013671875 0.015625 0.03125
1 0.8447265625 0.5224609375 0.033203125 0.029296875
1 0.5478515625 0.416015625 0.013671875 0.0205078125
1 0.3310546875 0.357421875 0.0185546875 0.0234375
1 0.8916015625 0.376953125 0.017578125 0.037109375