0 0.19140625 0.748046875 0.126953125 0.162109375
0 0.3388671875 0.7265625 0.099609375 0.119140625
1 0.5712890625 0.578125 0.0361328125 0.056640625
1 0.591796875 0.83984375 0.0595703125 0.095703125
1 0.779296875 0.841796875 0.076171875 0.091796875
0 0.5380859375 0.353515625 0.048828125 0.041015625
0 0.5107421875 0.427734375 0.0498046875 0.060546875
1 0.46484375 0.587890625 0.029296875 0.0439453125
1 0.353515625 0.4560546875 0.0390625 0.037109375
1 0.8369140625 0.6630859375 0.064453125 0.064453125
0 0.8974609375 0.5791015625 0.1669921875 0.0703125
1 0.4892578125 0.5458984375 0.037109375 0.048828125
1 0.5830078125 0.453125 0.021484375 0.037109375
1 0.4306640625 0.67578125 0.0390625 0.060546875
1 0.306640625 0.4384765625 0.03125 0.0234375
1 0.6962890625 0.7509765625 0.0517578125 0.0888671875
1 0.5615234375 0.4521484375 0.0205078125 0.0390625
1 0.744140625 0.712890625 0.0439453125 0.0654296875
1 0.076171875 0.751953125 0.0419921875 0.072265625
1 0.685546875 0.6201171875 0.037109375 0.0439453125
0 0.48828125 0.3466796875 0.0673828125 0.052734375
1 0.626953125 0.642578125 0.0439453125 0.0546875
1 0.3076171875 0.8564453125 0.041015625 0.0625
1 0.962890625 0.6259765625 0.048828125 0.0517578125
0 0.5361328125 0.634765625 0.115234375 0.1484375
1 0.7763671875 0.6533203125 0.052734375 0.0654296875
1 0.6162109375 0.556640625 0.0419921875 0.0390625
1 0.662109375 0.580078125 0.056640625 0.0595703125
1 0.599609375 0.4951171875 0.0234375 0.0341796875
1 0.6787109375 0.8515625 0.0673828125 0.0751953125
1 0.7412109375 0.6279296875 0.044921875 0.0498046875
1 0.6396484375 0.4931640625 0.0234375 0.0361328125
1 0.841796875 0.8193359375 0.046875 0.076171875
1 0.7744140625 0.4814453125 0.033203125 0.03125
1 0.427734375 0.4912109375 0.03125 0.0390625
1 0.7333984375 0.533203125 0.0517578125 0.0341796875
1 0.6572265625 0.6318359375 0.0263671875 0.0390625
1 0.6845703125 0.6630859375 0.021484375 0.033203125
1 0.3564453125 0.59765625 0.1064453125 0.060546875
1 0.533203125 0.546875 0.025390625 0.0341796875
1 0.1640625 0.4140625 0.015625 0.0185546875
1 0.068359375 0.6875 0.0498046875 0.083984375
1 0.705078125 0.4677734375 0.0439453125 0.0419921875
1 0.82421875 0.6083984375 0.0419921875 0.048828125
1 0.4462890625 0.5224609375 0.0419921875 0.044921875
1 0.576171875 0.3779296875 0.0185546875 0.03125
1 0.6611328125 0.525390625 0.056640625 0.0390625
1 0.890625 0.619140625 0.056640625 0.037109375
1 0.1044921875 0.4833984375 0.0283203125 0.029296875
1 0.5625 0.505859375 0.03125 0.0498046875
1 0.041015625 0.822265625 0.0576171875 0.1064453125
1 0.544921875 0.400390625 0.013671875 0.0263671875
1 0.7236328125 0.583984375 0.0341796875 0.0517578125
1 0.4423828125 0.3583984375 0.0283203125 0.029296875
1 0.501953125 0.501953125 0.0439453125 0.0517578125
0 0.353515625 0.3203125 0.0341796875 0.0185546875
1 0.060546875 0.4794921875 0.025390625 0.037109375
1 0.03125 0.5673828125 0.041015625 0.0595703125
1 0.666015625 0.6962890625 0.025390625 0.0517578125
1 0.826171875 0.7197265625 0.025390625 0.076171875
1 0.0244140625 0.3759765625 0.0107421875 0.017578125
1 0.96875 0.517578125 0.0341796875 0.041015625
1 0.177734375 0.3271484375 0.0185546875 0.0205078125
1 0.7197265625 0.759765625 0.2890625 0.2470703125
1 0.9052734375 0.501953125 0.0234375 0.0341796875
0 0.310546875 0.3486328125 0.0810546875 0.072265625
1 0.7548828125 0.5615234375 0.021484375 0.0419921875