0 0.322265625 0.798828125 0.1435546875 0.177734375
1 0.388671875 0.525390625 0.0234375 0.041015625
0 0.205078125 0.677734375 0.099609375 0.1201171875
0 0.1396484375 0.53125 0.0673828125 0.068359375
1 0.5517578125 0.65234375 0.037109375 0.064453125
0 0.31640625 0.642578125 0.0888671875 0.109375
1 0.607421875 0.4736328125 0.021484375 0.0283203125
1 0.6279296875 0.578125 0.025390625 0.046875
1 0.587890625 0.5712890625 0.0234375 0.0390625
0 0.240234375 0.509765625 0.0625 0.072265625
1 0.587890625 0.6357421875 0.037109375 0.056640625
1 0.5556640625 0.509765625 0.0234375 0.0419921875
1 0.724609375 0.6318359375 0.041015625 0.0732421875
1 0.6484375 0.65625 0.0439453125 0.068359375
0 0.2265625 0.580078125 0.078125 0.087890625
1 0.6025390625 0.5234375 0.0234375 0.041015625
1 0.8193359375 0.583984375 0.0830078125 0.078125
1 0.509765625 0.564453125 0.033203125 0.0419921875
0 0.759765625 0.8212890625 0.216796875 0.138671875
0 0.3173828125 0.513671875 0.0595703125 0.0673828125
1 0.69140625 0.5693359375 0.0517578125 0.0703125
1 0.9482421875 0.69140625 0.072265625 0.076171875
1 0.150390625 0.5888671875 0.0263671875 0.052734375
1 0.123046875 0.6455078125 0.0283203125 0.0439453125
1 0.580078125 0.4814453125 0.021484375 0.037109375
1 0.515625 0.4404296875 0.03125 0.0341796875
1 0.7314453125 0.5390625 0.041015625 0.0439453125
1 0.3681640625 0.45703125 0.0205078125 0.033203125
1 0.5234375 0.494140625 0.021484375 0.0341796875
1 0.0966796875 0.5810546875 0.0283203125 0.0439453125
0 0.31640625 0.458984375 0.060546875 0.048828125
1 0.1923828125 0.482421875 0.021484375 0.0361328125
1 0.0791015625 0.7099609375 0.0390625 0.080078125
1 0.640625 0.52734375 0.021484375 0.0390625
1 0.4345703125 0.4541015625 0.015625 0.033203125
1 0.890625 0.6552734375 0.0810546875 0.0732421875
0 0.494140625 0.357421875 0.029296875 0.029296875
0 0.25 0.3857421875 0.046875 0.037109375
0 0.212890625 0.41015625 0.0390625 0.0419921875
1 0.044921875 0.5869140625 0.0263671875 0.0546875
1 0.5634765625 0.478515625 0.1044921875 0.1015625
1 0.4912109375 0.421875 0.0263671875 0.041015625
1 0.5625 0.447265625 0.025390625 0.033203125
0 0.9326171875 0.5263671875 0.0966796875 0.0595703125
0 0.2998046875 0.412109375 0.056640625 0.0673828125
1 0.0615234375 0.4794921875 0.029296875 0.041015625
1 0.494140625 0.3916015625 0.017578125 0.033203125
1 0.455078125 0.3671875 0.015625 0.0283203125
1 0.2392578125 0.642578125 0.0283203125 0.0390625
1 0.9296875 0.607421875 0.046875 0.0439453125
1 0.4541015625 0.4150390625 0.017578125 0.0390625
0 0.201171875 0.34765625 0.0263671875 0.0234375
1 0.1904296875 0.451171875 0.0185546875 0.025390625
1 0.1337890625 0.7041015625 0.0361328125 0.0517578125
1 0.5927734375 0.4267578125 0.017578125 0.03125
1 0.6142578125 0.58984375 0.171875 0.189453125
1 0.0244140625 0.373046875 0.013671875 0.021484375
1 0.662109375 0.607421875 0.033203125 0.044921875
1 0.640625 0.443359375 0.025390625 0.0263671875
1 0.0908203125 0.541015625 0.0185546875 0.0234375
0 0.53515625 0.3408203125 0.0361328125 0.03125
1 0.8193359375 0.5341796875 0.0234375 0.041015625
1 0.5546875 0.802734375 0.0595703125 0.0419921875
0 0.1708984375 0.408203125 0.0546875 0.0546875
1 0.9599609375 0.630859375 0.0263671875 0.041015625
1 0.1083984375 0.484375 0.0361328125 0.0341796875
0 0.3515625 0.3212890625 0.03125 0.017578125
1 0.90625 0.5439453125 0.015625 0.025390625
1 0.0322265625 0.4892578125 0.0419921875 0.0439453125
1 0.146484375 0.751953125 0.056640625 0.0546875