0 0.193359375 0.748046875 0.1220703125 0.162109375
0 0.5126953125 0.421875 0.0498046875 0.052734375
0 0.3388671875 0.7275390625 0.0966796875 0.1201171875
1 0.4140625 0.810546875 0.037109375 0.0517578125
1 0.158203125 0.462890625 0.0205078125 0.029296875
0 0.5400390625 0.3525390625 0.0419921875 0.0419921875
1 0.3291015625 0.5029296875 0.0390625 0.041015625
1 0.5146484375 0.47265625 0.0419921875 0.044921875
1 0.0673828125 0.537109375 0.0283203125 0.041015625
0 0.64453125 0.552734375 0.173828125 0.0810546875
1 0.583984375 0.388671875 0.013671875 0.0205078125
0 0.248046875 0.435546875 0.0703125 0.048828125
1 0.306640625 0.8349609375 0.048828125 0.091796875
1 0.580078125 0.4873046875 0.0263671875 0.037109375
1 0.46875 0.4560546875 0.0341796875 0.046875
1 0.0830078125 0.7548828125 0.046875 0.083984375
1 0.1435546875 0.5087890625 0.021484375 0.033203125
1 0.322265625 0.431640625 0.015625 0.025390625
0 0.4912109375 0.3603515625 0.0390625 0.033203125
1 0.5634765625 0.3955078125 0.013671875 0.025390625
1 0.623046875 0.490234375 0.033203125 0.044921875
1 0.263671875 0.474609375 0.029296875 0.033203125
1 0.427734375 0.681640625 0.0439453125 0.0517578125
1 0.4580078125 0.783203125 0.037109375 0.0625
1 0.314453125 0.40625 0.0205078125 0.021484375
1 0.5166015625 0.3720703125 0.017578125 0.0185546875
1 0.49609375 0.4541015625 0.0205078125 0.029296875
0 0.50390625 0.3359375 0.0390625 0.03125
1 0.552734375 0.470703125 0.021484375 0.0419921875
1 0.4052734375 0.361328125 0.0107421875 0.017578125
1 0.5693359375 0.435546875 0.013671875 0.0234375
1 0.0322265625 0.580078125 0.0390625 0.0810546875
1 0.923828125 0.5732421875 0.0517578125 0.0595703125
1 0.052734375 0.48046875 0.0205078125 0.0234375
1 0.173828125 0.408203125 0.017578125 0.0234375
1 0.1513671875 0.443359375 0.015625 0.021484375
1 0.419921875 0.740234375 0.048828125 0.0595703125
1 0.6455078125 0.4677734375 0.021484375 0.0263671875
1 0.455078125 0.36328125 0.017578125 0.0205078125
1 0.599609375 0.494140625 0.021484375 0.0439453125
1 0.099609375 0.4150390625 0.0234375 0.0234375
1 0.1171875 0.396484375 0.021484375 0.0234375
0 0.234375 0.3681640625 0.056640625 0.0361328125
1 0.564453125 0.3701171875 0.025390625 0.0283203125
1 0.4560546875 0.7138671875 0.021484375 0.03125
1 0.1396484375 0.474609375 0.0107421875 0.015625
1 0.619140625 0.4609375 0.0205078125 0.0283203125
1 0.5888671875 0.4482421875 0.015625 0.025390625
1 0.123046875 0.361328125 0.017578125 0.0205078125
1 0.58203125 0.359375 0.0107421875 0.015625
1 0.01953125 0.458984375 0.017578125 0.0283203125
1 0.595703125 0.466796875 0.015625 0.0234375
1 0.1767578125 0.3271484375 0.0185546875 0.0205078125
1 0.548828125 0.44140625 0.017578125 0.0234375
1 0.1123046875 0.484375 0.037109375 0.0341796875
1 0.166015625 0.361328125 0.015625 0.0234375
1 0.4697265625 0.419921875 0.017578125 0.0234375
1 0.142578125 0.794921875 0.0283203125 0.0625
0 0.1875 0.3603515625 0.037109375 0.0205078125
1 0.890625 0.384765625 0.015625 0.0234375
1 0.455078125 0.533203125 0.021484375 0.025390625
1 0.083984375 0.404296875 0.015625 0.0205078125
0 0.1875 0.875 0.103515625 0.0283203125