0 0.3193359375 0.798828125 0.1484375 0.177734375
1 0.1640625 0.5732421875 0.0283203125 0.0498046875
1 0.6884765625 0.5498046875 0.048828125 0.052734375
0 0.19140625 0.7060546875 0.1142578125 0.1279296875
0 0.3173828125 0.6494140625 0.0908203125 0.111328125
1 0.8212890625 0.5830078125 0.0830078125 0.083984375
0 0.240234375 0.5087890625 0.0625 0.0703125
1 0.416015625 0.4697265625 0.021484375 0.0361328125
0 0.4111328125 0.396484375 0.0439453125 0.0419921875
1 0.3828125 0.5126953125 0.0185546875 0.0341796875
1 0.876953125 0.8388671875 0.0576171875 0.0810546875
0 0.224609375 0.5771484375 0.078125 0.0888671875
1 0.9453125 0.6826171875 0.0810546875 0.09375
1 0.5625 0.392578125 0.015625 0.0234375
0 0.3212890625 0.548828125 0.0703125 0.080078125
1 0.7314453125 0.541015625 0.0341796875 0.0390625
0 0.505859375 0.345703125 0.033203125 0.0361328125
0 0.4794921875 0.3583984375 0.03125 0.033203125
0 0.3271484375 0.4912109375 0.0673828125 0.060546875
1 0.0458984375 0.587890625 0.029296875 0.044921875
1 0.712890625 0.4755859375 0.025390625 0.029296875
1 0.107421875 0.560546875 0.0205078125 0.03125
1 0.15234375 0.486328125 0.0234375 0.029296875
1 0.1904296875 0.486328125 0.021484375 0.0361328125
1 0.5126953125 0.65625 0.03125 0.052734375
0 0.2548828125 0.3955078125 0.052734375 0.0595703125
1 0.97265625 0.5224609375 0.0263671875 0.0263671875
1 0.591796875 0.396484375 0.0185546875 0.0234375
1 0.1376953125 0.4755859375 0.015625 0.029296875
1 0.107421875 0.703125 0.0361328125 0.068359375
1 0.060546875 0.4853515625 0.03125 0.029296875
1 0.5791015625 0.595703125 0.0390625 0.0439453125
0 0.5322265625 0.330078125 0.044921875 0.03125
1 0.89453125 0.5859375 0.044921875 0.0595703125
1 0.7138671875 0.716796875 0.0341796875 0.072265625
1 0.482421875 0.458984375 0.0126953125 0.025390625
1 0.6083984375 0.4658203125 0.0419921875 0.0439453125
1 0.205078125 0.3603515625 0.013671875 0.0234375
1 0.193359375 0.42578125 0.0234375 0.0263671875
1 0.216796875 0.4130859375 0.029296875 0.0361328125
1 0.412109375 0.361328125 0.0234375 0.0234375
1 0.4423828125 0.400390625 0.0283203125 0.033203125
1 0.8369140625 0.541015625 0.029296875 0.0361328125
1 0.103515625 0.6220703125 0.033203125 0.0654296875
1 0.0947265625 0.4072265625 0.017578125 0.0263671875
1 0.96484375 0.6005859375 0.0390625 0.0546875
1 0.7119140625 0.5205078125 0.0234375 0.041015625
1 0.0224609375 0.564453125 0.0205078125 0.052734375
1 0.640625 0.443359375 0.03125 0.03125
1 0.177734375 0.5341796875 0.021484375 0.0341796875
1 0.228515625 0.353515625 0.0185546875 0.029296875
1 0.8662109375 0.423828125 0.0234375 0.0263671875
1 0.1494140625 0.416015625 0.029296875 0.037109375
1 0.791015625 0.4814453125 0.03125 0.0439453125