0 0.193359375 0.75 0.123046875 0.162109375
0 0.515625 0.4267578125 0.052734375 0.056640625
0 0.337890625 0.7275390625 0.099609375 0.1171875
1 0.412109375 0.525390625 0.041015625 0.0498046875
1 0.533203125 0.6650390625 0.037109375 0.0888671875
1 0.455078125 0.525390625 0.0234375 0.037109375
0 0.6396484375 0.728515625 0.1611328125 0.1689453125
1 0.626953125 0.478515625 0.0263671875 0.0390625
0 0.5380859375 0.345703125 0.0390625 0.029296875
1 0.7275390625 0.6806640625 0.0703125 0.0888671875
1 0.515625 0.517578125 0.03125 0.048828125
0 0.865234375 0.8154296875 0.1982421875 0.1435546875
1 0.4296875 0.677734375 0.037109375 0.0595703125
1 0.5673828125 0.419921875 0.0185546875 0.03125
0 0.490234375 0.359375 0.0390625 0.03125
1 0.681640625 0.5302734375 0.046875 0.0419921875
1 0.591796875 0.6181640625 0.0595703125 0.0703125
0 0.92578125 0.580078125 0.1201171875 0.064453125
1 0.59375 0.4638671875 0.0185546875 0.0283203125
1 0.7138671875 0.5771484375 0.087890625 0.0732421875
1 0.552734375 0.513671875 0.029296875 0.0439453125
1 0.8310546875 0.6484375 0.083984375 0.0810546875
1 0.724609375 0.4736328125 0.0263671875 0.0283203125
1 0.658203125 0.6376953125 0.0654296875 0.078125
1 0.078125 0.759765625 0.037109375 0.080078125
1 0.556640625 0.556640625 0.037109375 0.0498046875
1 0.9541015625 0.666015625 0.064453125 0.0830078125
0 0.876953125 0.5029296875 0.1201171875 0.0654296875
1 0.427734375 0.443359375 0.0390625 0.0341796875
1 0.486328125 0.4833984375 0.021484375 0.029296875
0 0.5087890625 0.333984375 0.033203125 0.029296875
1 0.447265625 0.427734375 0.015625 0.0263671875
1 0.7626953125 0.587890625 0.0439453125 0.0439453125
1 0.8291015625 0.548828125 0.048828125 0.048828125
1 0.525390625 0.369140625 0.017578125 0.025390625
1 0.578125 0.525390625 0.0283203125 0.0439453125
1 0.6162109375 0.4482421875 0.0263671875 0.037109375
1 0.5595703125 0.443359375 0.0185546875 0.0283203125
1 0.625 0.5615234375 0.025390625 0.0361328125
0 0.455078125 0.470703125 0.037109375 0.044921875
1 0.55078125 0.37109375 0.013671875 0.0263671875
1 0.0234375 0.5634765625 0.021484375 0.048828125
1 0.494140625 0.6279296875 0.037109375 0.046875
0 0.353515625 0.3212890625 0.0341796875 0.017578125
1 0.0595703125 0.478515625 0.021484375 0.0361328125
1 0.306640625 0.58984375 0.099609375 0.048828125
1 0.4697265625 0.427734375 0.0234375 0.0341796875
1 0.439453125 0.361328125 0.0185546875 0.0283203125
1 0.03515625 0.822265625 0.0419921875 0.099609375
1 0.4375 0.52734375 0.0185546875 0.029296875
1 0.7265625 0.541015625 0.0341796875 0.037109375
1 0.634765625 0.51953125 0.0341796875 0.0419921875
1 0.517578125 0.55859375 0.021484375 0.029296875
1 0.603515625 0.560546875 0.0234375 0.03125
1 0.3271484375 0.3583984375 0.0205078125 0.0263671875
1 0.369140625 0.4287109375 0.029296875 0.0234375
1 0.408203125 0.486328125 0.0185546875 0.03125
1 0.064453125 0.634765625 0.029296875 0.0517578125
1 0.166015625 0.6220703125 0.0361328125 0.0751953125
1 0.212890625 0.6005859375 0.0341796875 0.0673828125
1 0.4619140625 0.357421875 0.0205078125 0.0361328125
1 0.576171875 0.3955078125 0.017578125 0.0341796875
1 0.578125 0.369140625 0.0185546875 0.03125
1 0.470703125 0.4921875 0.015625 0.025390625
1 0.10546875 0.4873046875 0.029296875 0.03125
0 0.1865234375 0.3232421875 0.0390625 0.025390625
1 0.0732421875 0.337890625 0.0126953125 0.0185546875
1 0.8466796875 0.580078125 0.021484375 0.0361328125
1 0.787109375 0.4853515625 0.064453125 0.0419921875
1 0.587890625 0.4306640625 0.1298828125 0.1357421875
1 0.173828125 0.3427734375 0.0107421875 0.0205078125
1 0.7900390625 0.560546875 0.0234375 0.033203125
0 0.2001953125 0.875 0.0810546875 0.0283203125