0 0.1943359375 0.751953125 0.123046875 0.166015625
0 0.51171875 0.42578125 0.0517578125 0.0576171875
0 0.3388671875 0.728515625 0.099609375 0.119140625
0 0.8984375 0.5625 0.166015625 0.0810546875
1 0.416015625 0.5068359375 0.0439453125 0.0390625
1 0.078125 0.759765625 0.0498046875 0.0830078125
1 0.578125 0.486328125 0.0283203125 0.0390625
1 0.623046875 0.494140625 0.0517578125 0.0439453125
0 0.48828125 0.365234375 0.0419921875 0.0361328125
1 0.1416015625 0.5244140625 0.0234375 0.0390625
1 0.662109375 0.6416015625 0.0390625 0.060546875
1 0.0927734375 0.599609375 0.033203125 0.046875
1 0.3583984375 0.48046875 0.044921875 0.048828125
1 0.533203125 0.619140625 0.046875 0.0595703125
1 0.595703125 0.6455078125 0.052734375 0.0751953125
1 0.5498046875 0.375 0.015625 0.025390625
1 0.529296875 0.3720703125 0.0185546875 0.025390625
1 0.9208984375 0.623046875 0.095703125 0.076171875
0 0.6611328125 0.55078125 0.171875 0.0732421875
1 0.685546875 0.837890625 0.0732421875 0.0986328125
1 0.849609375 0.8583984375 0.078125 0.064453125
1 0.65625 0.744140625 0.0439453125 0.0654296875
1 0.552734375 0.47265625 0.041015625 0.048828125
1 0.8125 0.6064453125 0.0908203125 0.068359375
1 0.7197265625 0.75390625 0.0517578125 0.080078125
1 0.4404296875 0.4140625 0.015625 0.0283203125
1 0.552734375 0.443359375 0.0205078125 0.029296875
1 0.599609375 0.5908203125 0.056640625 0.052734375
1 0.30859375 0.8505859375 0.0419921875 0.0546875
0 0.509765625 0.3330078125 0.03125 0.0283203125
1 0.7119140625 0.625 0.044921875 0.03125
1 0.39453125 0.599609375 0.060546875 0.052734375
1 0.42578125 0.67578125 0.0361328125 0.048828125
1 0.4716796875 0.8349609375 0.0498046875 0.0703125
1 0.146484375 0.4853515625 0.0234375 0.033203125
1 0.0322265625 0.560546875 0.0390625 0.0498046875
1 0.7138671875 0.8740234375 0.03125 0.033203125
1 0.0634765625 0.703125 0.044921875 0.056640625
1 0.4736328125 0.5341796875 0.021484375 0.0341796875
0 0.330078125 0.404296875 0.068359375 0.0390625
1 0.5771484375 0.423828125 0.013671875 0.0283203125
1 0.205078125 0.4345703125 0.0390625 0.037109375
1 0.423828125 0.73046875 0.0498046875 0.0732421875
0 0.5400390625 0.6943359375 0.0830078125 0.0986328125
1 0.0673828125 0.4775390625 0.037109375 0.033203125
1 0.2607421875 0.412109375 0.0185546875 0.025390625
1 0.177734375 0.326171875 0.0205078125 0.0205078125
1 0.4482421875 0.595703125 0.056640625 0.0546875
1 0.109375 0.486328125 0.037109375 0.03125
1 0.9189453125 0.5078125 0.021484375 0.025390625
1 0.4580078125 0.6630859375 0.037109375 0.091796875
1 0.123046875 0.44140625 0.0185546875 0.0234375
1 0.654296875 0.720703125 0.1982421875 0.3095703125
1 0.892578125 0.572265625 0.03125 0.033203125
1 0.353515625 0.4443359375 0.0283203125 0.029296875
0 0.306640625 0.341796875 0.068359375 0.068359375
1 0.7763671875 0.572265625 0.0341796875 0.048828125
1 0.3271484375 0.3544921875 0.017578125 0.0283203125
1 0.564453125 0.357421875 0.021484375 0.0283203125
1 0.1962890625 0.322265625 0.017578125 0.0185546875
1 0.767578125 0.7119140625 0.0263671875 0.0859375
1 0.037109375 0.470703125 0.033203125 0.029296875
1 0.0888671875 0.5751953125 0.015625 0.021484375
1 0.603515625 0.4736328125 0.015625 0.03125
0 0.19140625 0.875 0.0703125 0.0283203125
1 0.279296875 0.40625 0.0205078125 0.0283203125
1 0.453125 0.3603515625 0.021484375 0.0263671875
1 0.5869140625 0.4541015625 0.013671875 0.0234375