0 0.1904296875 0.796875 0.130859375 0.1845703125
0 0.658203125 0.6240234375 0.134765625 0.1455078125
0 0.5185546875 0.576171875 0.09375 0.107421875
0 0.572265625 0.525390625 0.0751953125 0.0830078125
0 0.337890625 0.7255859375 0.1015625 0.1171875
1 0.8916015625 0.681640625 0.0859375 0.0830078125
0 0.490234375 0.3603515625 0.0361328125 0.033203125
0 0.509765625 0.4052734375 0.0419921875 0.0546875
1 0.7900390625 0.6484375 0.076171875 0.0810546875
1 0.1591796875 0.51953125 0.025390625 0.044921875
1 0.72265625 0.6123046875 0.0419921875 0.056640625
0 0.5400390625 0.341796875 0.033203125 0.0283203125
1 0.7734375 0.5556640625 0.0439453125 0.044921875
1 0.400390625 0.4697265625 0.029296875 0.0546875
1 0.6533203125 0.5234375 0.041015625 0.046875
1 0.3583984375 0.5712890625 0.033203125 0.060546875
1 0.52734375 0.4912109375 0.0361328125 0.0546875
1 0.6875 0.5517578125 0.037109375 0.0595703125
0 0.505859375 0.333984375 0.0341796875 0.0341796875
1 0.439453125 0.8076171875 0.0390625 0.068359375
1 0.6357421875 0.4921875 0.0283203125 0.0341796875
1 0.501953125 0.5 0.0263671875 0.041015625
1 0.1552734375 0.478515625 0.0234375 0.0361328125
1 0.0615234375 0.4794921875 0.029296875 0.037109375
1 0.814453125 0.5556640625 0.0361328125 0.0361328125
1 0.857421875 0.572265625 0.0361328125 0.056640625
1 0.912109375 0.5380859375 0.056640625 0.0361328125
1 0.4541015625 0.5185546875 0.0263671875 0.046875
1 0.556640625 0.4716796875 0.0205078125 0.0283203125
1 0.427734375 0.458984375 0.0185546875 0.033203125
1 0.923828125 0.845703125 0.041015625 0.076171875
1 0.8857421875 0.5869140625 0.0341796875 0.060546875
1 0.6318359375 0.740234375 0.0546875 0.072265625
1 0.927734375 0.58984375 0.037109375 0.044921875
1 0.591796875 0.4248046875 0.0185546875 0.0283203125
1 0.1083984375 0.482421875 0.0390625 0.0361328125
1 0.0322265625 0.560546875 0.0390625 0.044921875
1 0.0234375 0.474609375 0.025390625 0.03125
1 0.072265625 0.6708984375 0.095703125 0.0576171875
1 0.09375 0.40625 0.0185546875 0.0185546875
1 0.5927734375 0.4794921875 0.0234375 0.037109375
1 0.419921875 0.4208984375 0.021484375 0.033203125
1 0.681640625 0.505859375 0.037109375 0.037109375
0 0.232421875 0.3408203125 0.021484375 0.021484375
1 0.9619140625 0.626953125 0.0517578125 0.060546875
1 0.568359375 0.435546875 0.021484375 0.0283203125
1 0.7294921875 0.669921875 0.041015625 0.0654296875
1 0.380859375 0.44140625 0.017578125 0.0263671875
1 0.5908203125 0.396484375 0.021484375 0.037109375
1 0.453125 0.3603515625 0.0185546875 0.0234375
1 0.048828125 0.802734375 0.068359375 0.087890625
1 0.298828125 0.685546875 0.025390625 0.025390625
0 0.8408203125 0.5068359375 0.083984375 0.080078125
0 0.4423828125 0.435546875 0.0341796875 0.044921875
0 0.490234375 0.4453125 0.025390625 0.0341796875
1 0.470703125 0.3984375 0.0234375 0.037109375
1 0.4453125 0.6708984375 0.03125 0.0576171875
0 0.6181640625 0.44921875 0.060546875 0.060546875
1 0.650390625 0.4619140625 0.0205078125 0.0205078125
0 0.3076171875 0.337890625 0.0654296875 0.060546875