0 0.572265625 0.4990234375 0.0908203125 0.107421875
1 0.392578125 0.775390625 0.0341796875 0.0576171875
0 0.341796875 0.541015625 0.0703125 0.0810546875
0 0.673828125 0.6416015625 0.1484375 0.158203125
1 0.154296875 0.5009765625 0.0205078125 0.0390625
0 0.513671875 0.5986328125 0.1015625 0.134765625
0 0.203125 0.546875 0.078125 0.0810546875
1 0.283203125 0.6728515625 0.0341796875 0.060546875
1 0.2490234375 0.75 0.0361328125 0.0625
1 0.603515625 0.7470703125 0.046875 0.083984375
1 0.791015625 0.6689453125 0.0517578125 0.0810546875
0 0.681640625 0.8310546875 0.177734375 0.115234375
1 0.1787109375 0.60546875 0.0263671875 0.0517578125
1 0.22265625 0.6396484375 0.029296875 0.0546875
1 0.890625 0.658203125 0.083984375 0.083984375
0 0.49609375 0.3583984375 0.029296875 0.029296875
1 0.130859375 0.5849609375 0.0263671875 0.044921875
1 0.2412109375 0.6083984375 0.029296875 0.048828125
1 0.791015625 0.56640625 0.0341796875 0.0576171875
1 0.689453125 0.544921875 0.046875 0.0439453125
0 0.5380859375 0.37890625 0.033203125 0.029296875
1 0.287109375 0.603515625 0.0283203125 0.046875
1 0.7275390625 0.541015625 0.044921875 0.046875
1 0.205078125 0.8271484375 0.0419921875 0.0703125
1 0.185546875 0.7548828125 0.0361328125 0.056640625
1 0.8564453125 0.5986328125 0.072265625 0.068359375
1 0.0751953125 0.712890625 0.0341796875 0.0546875
1 0.1513671875 0.654296875 0.0341796875 0.0576171875
1 0.5146484375 0.4677734375 0.0263671875 0.0390625
1 0.958984375 0.669921875 0.052734375 0.0751953125
1 0.1259765625 0.625 0.029296875 0.052734375
1 0.4052734375 0.607421875 0.0234375 0.048828125
1 0.185546875 0.4755859375 0.017578125 0.033203125
1 0.888671875 0.8251953125 0.0498046875 0.0810546875
0 0.2998046875 0.427734375 0.0498046875 0.048828125
1 0.5859375 0.421875 0.021484375 0.037109375
0 0.51171875 0.3408203125 0.0263671875 0.025390625
0 0.4775390625 0.498046875 0.0732421875 0.0751953125
0 0.1181640625 0.3994140625 0.060546875 0.044921875
1 0.4912109375 0.4345703125 0.0205078125 0.0341796875
1 0.0595703125 0.482421875 0.025390625 0.0390625
0 0.544921875 0.4072265625 0.041015625 0.044921875
1 0.53515625 0.4521484375 0.0234375 0.0390625
1 0.150390625 0.4697265625 0.017578125 0.0234375
1 0.603515625 0.546875 0.021484375 0.0283203125
1 0.9248046875 0.611328125 0.046875 0.041015625
1 0.1650390625 0.4228515625 0.0205078125 0.0263671875
1 0.44921875 0.6806640625 0.033203125 0.080078125
1 0.0244140625 0.478515625 0.029296875 0.041015625
1 0.931640625 0.705078125 0.0341796875 0.0419921875
1 0.0625 0.7861328125 0.0341796875 0.0625
1 0.423828125 0.837890625 0.044921875 0.0888671875
1 0.416015625 0.5224609375 0.0390625 0.044921875
1 0.2236328125 0.748046875 0.1279296875 0.2265625
1 0.0322265625 0.576171875 0.0390625 0.076171875
1 0.4375 0.3681640625 0.0126953125 0.0205078125
1 0.638671875 0.439453125 0.0419921875 0.0341796875
0 0.4453125 0.21484375 0.041015625 0.017578125
1 0.453125 0.3740234375 0.021484375 0.029296875
1 0.955078125 0.5302734375 0.0205078125 0.0205078125
1 0.1806640625 0.7060546875 0.0419921875 0.056640625
1 0.392578125 0.73046875 0.037109375 0.0419921875
0 0.2626953125 0.4033203125 0.0439453125 0.0283203125
1 0.1025390625 0.677734375 0.138671875 0.2216796875
1 0.4423828125 0.419921875 0.0341796875 0.0439453125
1 0.1943359375 0.384765625 0.0205078125 0.025390625
1 0.2314453125 0.44140625 0.0185546875 0.0234375
1 0.8984375 0.7373046875 0.037109375 0.0751953125
1 0.822265625 0.5380859375 0.025390625 0.033203125
0 0.240234375 0.35546875 0.046875 0.048828125
1 0.8955078125 0.572265625 0.037109375 0.0595703125
1 0.107421875 0.4853515625 0.033203125 0.0361328125
1 0.0693359375 0.8662109375 0.0986328125 0.044921875
0 0.349609375 0.3125 0.03125 0.025390625