0 0.3203125 0.798828125 0.1435546875 0.1767578125
0 0.1943359375 0.6943359375 0.111328125 0.1201171875
1 0.525390625 0.677734375 0.0361328125 0.0595703125
1 0.658203125 0.6796875 0.044921875 0.0595703125
1 0.1669921875 0.5517578125 0.025390625 0.0439453125
1 0.689453125 0.5478515625 0.046875 0.0546875
0 0.240234375 0.5068359375 0.0625 0.0673828125
1 0.822265625 0.5771484375 0.087890625 0.080078125
0 0.2255859375 0.576171875 0.080078125 0.0888671875
0 0.3173828125 0.650390625 0.0908203125 0.109375
0 0.46875 0.458984375 0.072265625 0.0732421875
1 0.3818359375 0.4833984375 0.0263671875 0.0390625
0 0.505859375 0.3466796875 0.033203125 0.037109375
0 0.3212890625 0.546875 0.0703125 0.0810546875
1 0.560546875 0.3916015625 0.015625 0.0234375
1 0.111328125 0.595703125 0.025390625 0.041015625
1 0.1806640625 0.517578125 0.0234375 0.037109375
1 0.091796875 0.7578125 0.046875 0.0654296875
1 0.404296875 0.4306640625 0.015625 0.029296875
0 0.478515625 0.359375 0.033203125 0.037109375
1 0.802734375 0.494140625 0.0205078125 0.029296875
1 0.8955078125 0.5498046875 0.041015625 0.041015625
1 0.068359375 0.4794921875 0.041015625 0.037109375
1 0.9599609375 0.69921875 0.0546875 0.076171875
0 0.419921875 0.3974609375 0.041015625 0.044921875
1 0.900390625 0.658203125 0.087890625 0.091796875
1 0.146484375 0.474609375 0.0234375 0.033203125
1 0.630859375 0.443359375 0.0361328125 0.033203125
1 0.0458984375 0.5810546875 0.029296875 0.0625
1 0.587890625 0.3955078125 0.0126953125 0.021484375
0 0.2412109375 0.3955078125 0.0703125 0.0595703125
1 0.173828125 0.4716796875 0.0185546875 0.03125
1 0.970703125 0.5185546875 0.0341796875 0.03125
1 0.75 0.5078125 0.052734375 0.046875
1 0.12890625 0.65234375 0.0390625 0.0673828125
0 0.5322265625 0.3427734375 0.0263671875 0.0263671875
1 0.115234375 0.5302734375 0.025390625 0.0361328125
0 0.396484375 0.3662109375 0.033203125 0.0263671875
1 0.1708984375 0.4228515625 0.0234375 0.0263671875
1 0.021484375 0.4755859375 0.021484375 0.029296875
1 0.666015625 0.486328125 0.0341796875 0.046875
1 0.9248046875 0.517578125 0.021484375 0.0234375
1 0.78125 0.8681640625 0.046875 0.044921875
1 0.4345703125 0.3681640625 0.0126953125 0.017578125
0 0.845703125 0.494140625 0.052734375 0.0361328125
1 0.443359375 0.5009765625 0.0205078125 0.0390625
1 0.1484375 0.419921875 0.025390625 0.033203125
0 0.951171875 0.576171875 0.068359375 0.0595703125
1 0.560546875 0.3701171875 0.025390625 0.03125
1 0.0234375 0.560546875 0.021484375 0.044921875
1 0.837890625 0.5400390625 0.0234375 0.033203125
1 0.9716796875 0.630859375 0.0341796875 0.0654296875
1 0.7138671875 0.521484375 0.025390625 0.033203125
1 0.0302734375 0.8330078125 0.0390625 0.083984375
1 0.1474609375 0.513671875 0.0986328125 0.146484375
0 0.3115234375 0.447265625 0.0703125 0.087890625