0 0.3251953125 0.80078125 0.1435546875 0.1767578125
0 0.2021484375 0.6767578125 0.107421875 0.119140625
0 0.240234375 0.5068359375 0.0625 0.0703125
0 0.31640625 0.6494140625 0.0888671875 0.107421875
0 0.224609375 0.5791015625 0.076171875 0.0888671875
0 0.552734375 0.548828125 0.1015625 0.115234375
0 0.41796875 0.396484375 0.0419921875 0.041015625
1 0.818359375 0.583984375 0.0810546875 0.080078125
1 0.689453125 0.544921875 0.046875 0.0576171875
0 0.50390625 0.3447265625 0.033203125 0.033203125
1 0.13671875 0.5947265625 0.033203125 0.0390625
0 0.3212890625 0.5517578125 0.0703125 0.0810546875
1 0.896484375 0.6513671875 0.078125 0.078125
0 0.4794921875 0.357421875 0.0283203125 0.0283203125
1 0.1572265625 0.4853515625 0.0234375 0.0361328125
1 0.728515625 0.5341796875 0.044921875 0.0439453125
0 0.3271484375 0.490234375 0.064453125 0.0576171875
1 0.275390625 0.740234375 0.0341796875 0.0439453125
1 0.8935546875 0.572265625 0.037109375 0.044921875
1 0.1904296875 0.490234375 0.021484375 0.037109375
1 0.041015625 0.580078125 0.0263671875 0.0517578125
1 0.556640625 0.412109375 0.0126953125 0.0234375
0 0.5419921875 0.3330078125 0.03125 0.025390625
1 0.1279296875 0.498046875 0.0185546875 0.0283203125
1 0.931640625 0.607421875 0.0595703125 0.046875
1 0.1201171875 0.66015625 0.0341796875 0.0576171875
1 0.9619140625 0.701171875 0.0517578125 0.068359375
1 0.537109375 0.3994140625 0.0107421875 0.017578125
1 0.0703125 0.478515625 0.0341796875 0.0361328125
1 0.173828125 0.462890625 0.0205078125 0.0263671875
1 0.587890625 0.4140625 0.009765625 0.021484375
0 0.115234375 0.41015625 0.064453125 0.0419921875
0 0.1689453125 0.541015625 0.0283203125 0.048828125
0 0.3505859375 0.3193359375 0.029296875 0.017578125
1 0.515625 0.4150390625 0.015625 0.033203125
0 0.1103515625 0.216796875 0.044921875 0.013671875
1 0.501953125 0.400390625 0.0107421875 0.015625
1 0.4287109375 0.6328125 0.0419921875 0.0810546875
1 0.212890625 0.419921875 0.044921875 0.033203125
0 0.06640625 0.3232421875 0.033203125 0.0185546875
1 0.021484375 0.4736328125 0.0205078125 0.025390625
0 0.2451171875 0.3857421875 0.056640625 0.037109375
1 0.494140625 0.59765625 0.0361328125 0.0888671875
1 0.419921875 0.3642578125 0.021484375 0.0185546875
0 0.470703125 0.427734375 0.068359375 0.0517578125
1 0.0224609375 0.5625 0.0234375 0.0498046875
1 0.107421875 0.4873046875 0.03125 0.0341796875
1 0.888671875 0.3857421875 0.015625 0.0283203125
1 0.41796875 0.52734375 0.0361328125 0.0361328125