0 0.322265625 0.7978515625 0.146484375 0.1767578125
1 0.509765625 0.5068359375 0.03125 0.044921875
1 0.1201171875 0.693359375 0.03125 0.060546875
1 0.5712890625 0.6513671875 0.0390625 0.0654296875
1 0.5732421875 0.533203125 0.0283203125 0.056640625
0 0.2197265625 0.599609375 0.0830078125 0.091796875
0 0.314453125 0.6494140625 0.0888671875 0.111328125
1 0.5634765625 0.3896484375 0.017578125 0.0263671875
1 0.5048828125 0.607421875 0.03125 0.060546875
1 0.591796875 0.392578125 0.0185546875 0.033203125
1 0.666015625 0.603515625 0.0361328125 0.046875
1 0.466796875 0.5185546875 0.033203125 0.046875
1 0.693359375 0.546875 0.046875 0.052734375
1 0.8203125 0.580078125 0.083984375 0.0810546875
1 0.6142578125 0.451171875 0.0283203125 0.0341796875
1 0.947265625 0.689453125 0.076171875 0.076171875
1 0.1640625 0.5419921875 0.0283203125 0.046875
0 0.7841796875 0.7861328125 0.197265625 0.197265625
1 0.162109375 0.666015625 0.033203125 0.052734375
1 0.4208984375 0.615234375 0.0546875 0.0517578125
1 0.689453125 0.46484375 0.0341796875 0.033203125
1 0.12109375 0.505859375 0.029296875 0.0390625
1 0.6083984375 0.626953125 0.0361328125 0.056640625
1 0.4658203125 0.4404296875 0.015625 0.025390625
1 0.048828125 0.5986328125 0.029296875 0.056640625
0 0.240234375 0.509765625 0.064453125 0.076171875
1 0.517578125 0.455078125 0.03125 0.044921875
1 0.521484375 0.552734375 0.029296875 0.0439453125
1 0.5087890625 0.365234375 0.0205078125 0.03125
1 0.3544921875 0.38671875 0.025390625 0.0361328125
1 0.111328125 0.580078125 0.0263671875 0.046875
0 0.322265625 0.55078125 0.072265625 0.080078125
1 0.0732421875 0.4794921875 0.0341796875 0.0341796875
1 0.1787109375 0.4931640625 0.033203125 0.044921875
0 0.328125 0.490234375 0.068359375 0.0595703125
1 0.8916015625 0.6435546875 0.076171875 0.072265625
1 0.1611328125 0.46484375 0.0185546875 0.0263671875
1 0.900390625 0.541015625 0.041015625 0.0439453125
0 0.392578125 0.376953125 0.041015625 0.041015625
0 0.4794921875 0.3583984375 0.0341796875 0.0361328125
1 0.1728515625 0.4306640625 0.0263671875 0.0361328125
1 0.099609375 0.513671875 0.025390625 0.0390625
1 0.240234375 0.3603515625 0.017578125 0.0205078125
1 0.45703125 0.404296875 0.0234375 0.046875
1 0.216796875 0.412109375 0.0283203125 0.0341796875
1 0.095703125 0.4072265625 0.0205078125 0.029296875
1 0.4013671875 0.6708984375 0.0341796875 0.0546875
1 0.064453125 0.3916015625 0.0234375 0.0263671875
1 0.185546875 0.46484375 0.021484375 0.0263671875
0 0.5322265625 0.357421875 0.0361328125 0.0390625
1 0.1513671875 0.4169921875 0.021484375 0.0283203125
0 0.5048828125 0.341796875 0.03125 0.029296875
0 0.255859375 0.3974609375 0.052734375 0.0517578125
1 0.453125 0.4638671875 0.037109375 0.037109375
1 0.7314453125 0.5400390625 0.037109375 0.0419921875
1 0.1796875 0.8505859375 0.041015625 0.048828125
1 0.646484375 0.8623046875 0.0419921875 0.052734375
1 0.458984375 0.365234375 0.0185546875 0.0390625
1 0.283203125 0.3896484375 0.0205078125 0.0234375
1 0.205078125 0.458984375 0.0234375 0.0361328125
1 0.142578125 0.3857421875 0.015625 0.021484375
1 0.4931640625 0.525390625 0.1142578125 0.203125
1 0.0244140625 0.373046875 0.017578125 0.0234375
1 0.04296875 0.830078125 0.0419921875 0.1015625
1 0.21875 0.326171875 0.0126953125 0.017578125
1 0.89453125 0.587890625 0.0517578125 0.0595703125
1 0.8740234375 0.861328125 0.0390625 0.0517578125
1 0.96875 0.5224609375 0.0341796875 0.029296875
1 0.9169921875 0.5166015625 0.015625 0.0205078125
1 0.8916015625 0.384765625 0.017578125 0.0283203125
1 0.029296875 0.337890625 0.0126953125 0.0205078125
1 0.9609375 0.625 0.0439453125 0.0595703125
1 0.1376953125 0.6083984375 0.1064453125 0.220703125
1 0.841796875 0.537109375 0.0283203125 0.0341796875
1 0.169921875 0.328125 0.013671875 0.015625
1 0.13671875 0.470703125 0.0263671875 0.037109375