0 0.193359375 0.748046875 0.1220703125 0.162109375
0 0.51171875 0.421875 0.048828125 0.052734375
0 0.337890625 0.728515625 0.099609375 0.1201171875
0 0.486328125 0.361328125 0.0390625 0.033203125
1 0.1201171875 0.568359375 0.03125 0.0517578125
1 0.2451171875 0.466796875 0.0341796875 0.041015625
1 0.171875 0.587890625 0.0341796875 0.0546875
0 0.5380859375 0.3544921875 0.0419921875 0.0439453125
1 0.06640625 0.5322265625 0.0263671875 0.044921875
1 0.3046875 0.8544921875 0.0439453125 0.0654296875
1 0.412109375 0.791015625 0.0546875 0.087890625
1 0.5654296875 0.44921875 0.021484375 0.033203125
1 0.078125 0.7578125 0.0498046875 0.078125
0 0.1865234375 0.421875 0.060546875 0.037109375
0 0.509765625 0.333984375 0.0283203125 0.029296875
1 0.59375 0.4833984375 0.021484375 0.0390625
0 0.435546875 0.5048828125 0.140625 0.078125
1 0.548828125 0.4921875 0.0263671875 0.0498046875
1 0.548828125 0.4404296875 0.0205078125 0.0341796875
1 0.458984375 0.7822265625 0.037109375 0.060546875
1 0.6474609375 0.486328125 0.0205078125 0.041015625
1 0.38671875 0.3984375 0.013671875 0.025390625
1 0.572265625 0.396484375 0.0185546875 0.033203125
1 0.42578125 0.6806640625 0.0419921875 0.095703125
1 0.51171875 0.3671875 0.0205078125 0.025390625
1 0.619140625 0.4853515625 0.03125 0.0361328125
1 0.060546875 0.4765625 0.0283203125 0.0341796875
1 0.47265625 0.4521484375 0.0361328125 0.0361328125
1 0.408203125 0.38671875 0.017578125 0.0234375
1 0.6376953125 0.455078125 0.0283203125 0.029296875
1 0.0283203125 0.7822265625 0.037109375 0.080078125
1 0.021484375 0.5673828125 0.0185546875 0.052734375
1 0.37890625 0.3662109375 0.017578125 0.017578125
1 0.0390625 0.55859375 0.0185546875 0.0390625
1 0.564453125 0.423828125 0.017578125 0.029296875
0 0.185546875 0.3251953125 0.037109375 0.025390625
1 0.466796875 0.423828125 0.017578125 0.0283203125
1 0.43359375 0.7392578125 0.0234375 0.0341796875
1 0.4560546875 0.3603515625 0.021484375 0.0263671875
1 0.1669921875 0.365234375 0.015625 0.015625
0 0.236328125 0.369140625 0.052734375 0.0361328125
1 0.025390625 0.373046875 0.0126953125 0.0205078125
1 0.58984375 0.376953125 0.013671875 0.0234375
0 0.068359375 0.5078125 0.1142578125 0.125
0 0.1923828125 0.875 0.099609375 0.0283203125
1 0.529296875 0.4931640625 0.025390625 0.033203125
1 0.412109375 0.736328125 0.0263671875 0.037109375