0 0.146484375 0.6943359375 0.1220703125 0.1328125
0 0.78125 0.8076171875 0.1904296875 0.162109375
0 0.337890625 0.7109375 0.107421875 0.1376953125
0 0.3369140625 0.5439453125 0.0732421875 0.083984375
0 0.541015625 0.630859375 0.09375 0.125
1 0.62890625 0.5498046875 0.0419921875 0.0595703125
1 0.666015625 0.607421875 0.033203125 0.0654296875
0 0.5078125 0.443359375 0.0498046875 0.052734375
1 0.595703125 0.50390625 0.029296875 0.0419921875
0 0.490234375 0.353515625 0.033203125 0.033203125
1 0.6943359375 0.5478515625 0.048828125 0.048828125
1 0.6884765625 0.6962890625 0.044921875 0.064453125
1 0.568359375 0.55859375 0.0390625 0.064453125
1 0.73046875 0.685546875 0.0419921875 0.0654296875
1 0.9453125 0.6826171875 0.078125 0.087890625
1 0.8251953125 0.5732421875 0.0908203125 0.0908203125
1 0.568359375 0.4580078125 0.025390625 0.0439453125
0 0.224609375 0.5126953125 0.0576171875 0.0654296875
1 0.4892578125 0.564453125 0.03125 0.048828125
1 0.63671875 0.779296875 0.0419921875 0.0625
1 0.537109375 0.552734375 0.025390625 0.037109375
1 0.873046875 0.6650390625 0.0751953125 0.076171875
1 0.4111328125 0.458984375 0.0185546875 0.029296875
0 0.2666015625 0.4072265625 0.048828125 0.0361328125
1 0.419921875 0.498046875 0.0205078125 0.046875
0 0.298828125 0.46484375 0.0546875 0.0517578125
1 0.615234375 0.619140625 0.0341796875 0.0673828125
1 0.5966796875 0.451171875 0.0185546875 0.033203125
0 0.490234375 0.4013671875 0.0390625 0.046875
1 0.7314453125 0.5390625 0.041015625 0.0439453125
0 0.5498046875 0.4111328125 0.0341796875 0.046875
1 0.39453125 0.439453125 0.0205078125 0.037109375
1 0.529296875 0.4033203125 0.0185546875 0.025390625
1 0.4267578125 0.4248046875 0.021484375 0.037109375
1 0.9228515625 0.84375 0.0703125 0.0908203125
1 0.146484375 0.54296875 0.0234375 0.0390625
1 0.2294921875 0.576171875 0.037109375 0.0546875
1 0.4697265625 0.482421875 0.029296875 0.0341796875
1 0.58984375 0.419921875 0.0205078125 0.0263671875
1 0.0693359375 0.6884765625 0.0263671875 0.044921875
1 0.2578125 0.4755859375 0.0185546875 0.029296875
1 0.9384765625 0.61328125 0.091796875 0.0830078125
1 0.8974609375 0.5439453125 0.033203125 0.03125
1 0.1474609375 0.501953125 0.0234375 0.033203125
1 0.548828125 0.5068359375 0.017578125 0.029296875
1 0.7802734375 0.484375 0.0361328125 0.0283203125
1 0.0302734375 0.5625 0.0361328125 0.046875
1 0.71484375 0.6484375 0.029296875 0.037109375
1 0.466796875 0.373046875 0.021484375 0.021484375
1 0.072265625 0.48046875 0.048828125 0.0419921875
1 0.6748046875 0.8671875 0.072265625 0.046875
1 0.89453125 0.5751953125 0.0390625 0.037109375
1 0.634765625 0.443359375 0.029296875 0.033203125
1 0.6904296875 0.599609375 0.140625 0.2001953125
1 0.8173828125 0.53515625 0.025390625 0.0419921875
1 0.974609375 0.73828125 0.025390625 0.0859375
0 0.529296875 0.3505859375 0.03125 0.029296875
1 0.1767578125 0.494140625 0.025390625 0.037109375
1 0.4404296875 0.44140625 0.0126953125 0.029296875
0 0.3505859375 0.3193359375 0.029296875 0.017578125
1 0.4833984375 0.513671875 0.0234375 0.037109375
1 0.2294921875 0.41796875 0.03125 0.029296875
0 0.5576171875 0.7119140625 0.0498046875 0.0859375
1 0.1513671875 0.3974609375 0.0185546875 0.0263671875