0 0.1923828125 0.7490234375 0.1220703125 0.1640625
0 0.51171875 0.421875 0.0517578125 0.052734375
0 0.337890625 0.7275390625 0.0966796875 0.1201171875
0 0.541015625 0.353515625 0.046875 0.044921875
0 0.287109375 0.451171875 0.083984375 0.0517578125
1 0.0830078125 0.75390625 0.046875 0.0830078125
1 0.4150390625 0.810546875 0.0361328125 0.0498046875
1 0.3134765625 0.494140625 0.0361328125 0.0341796875
0 0.744140625 0.5673828125 0.189453125 0.083984375
1 0.470703125 0.4560546875 0.033203125 0.0439453125
1 0.4072265625 0.5234375 0.0517578125 0.046875
1 0.36328125 0.4443359375 0.0234375 0.033203125
1 0.5185546875 0.47265625 0.046875 0.048828125
1 0.458984375 0.7841796875 0.0390625 0.0595703125
1 0.580078125 0.4873046875 0.0283203125 0.037109375
0 0.509765625 0.333984375 0.033203125 0.029296875
0 0.4921875 0.361328125 0.041015625 0.0341796875
1 0.427734375 0.6787109375 0.0439453125 0.0517578125
1 0.306640625 0.8349609375 0.048828125 0.0859375
1 0.5908203125 0.580078125 0.0625 0.056640625
1 0.634765625 0.5087890625 0.0263671875 0.044921875
1 0.5751953125 0.3837890625 0.015625 0.0263671875
1 0.3916015625 0.3623046875 0.013671875 0.0185546875
1 0.552734375 0.47265625 0.021484375 0.0419921875
1 0.15625 0.404296875 0.0185546875 0.0185546875
1 0.49609375 0.451171875 0.017578125 0.029296875
1 0.154296875 0.478515625 0.0185546875 0.0361328125
1 0.5927734375 0.3828125 0.013671875 0.021484375
1 0.033203125 0.580078125 0.0419921875 0.083984375
1 0.0673828125 0.53515625 0.0283203125 0.0419921875
1 0.1318359375 0.525390625 0.033203125 0.0673828125
1 0.6435546875 0.470703125 0.021484375 0.03125
1 0.0595703125 0.478515625 0.025390625 0.03125
1 0.1298828125 0.427734375 0.015625 0.0205078125
1 0.2119140625 0.419921875 0.017578125 0.021484375
1 0.171875 0.4560546875 0.025390625 0.025390625
1 0.419921875 0.7412109375 0.046875 0.0546875
1 0.4716796875 0.4248046875 0.021484375 0.021484375
1 0.1611328125 0.36328125 0.0185546875 0.0205078125
1 0.1767578125 0.326171875 0.0185546875 0.021484375
1 0.8515625 0.65625 0.041015625 0.046875
1 0.3291015625 0.3583984375 0.017578125 0.0234375
1 0.587890625 0.4482421875 0.017578125 0.025390625
1 0.6181640625 0.4609375 0.0205078125 0.0283203125
0 0.0732421875 0.501953125 0.125 0.1123046875
1 0.1103515625 0.484375 0.0361328125 0.0283203125
1 0.1953125 0.322265625 0.0185546875 0.0205078125
0 0.2333984375 0.3662109375 0.0517578125 0.0361328125
1 0.9814453125 0.6025390625 0.009765625 0.044921875
1 0.595703125 0.466796875 0.015625 0.0205078125
1 0.4560546875 0.7177734375 0.0185546875 0.0234375
1 0.0234375 0.373046875 0.021484375 0.025390625
1 0.548828125 0.44140625 0.017578125 0.0234375
0 0.197265625 0.875 0.0908203125 0.0283203125
1 0.0712890625 0.400390625 0.017578125 0.03125
1 0.0185546875 0.49609375 0.015625 0.029296875
1 0.890625 0.384765625 0.015625 0.025390625
1 0.62890625 0.443359375 0.0205078125 0.025390625
1 0.1162109375 0.408203125 0.044921875 0.037109375
1 0.0634765625 0.3388671875 0.0234375 0.021484375
1 0.5166015625 0.4482421875 0.017578125 0.021484375
1 0.091796875 0.3935546875 0.0205078125 0.021484375
1 0.58203125 0.359375 0.0107421875 0.015625
1 0.5888671875 0.359375 0.056640625 0.0439453125