0 0.193359375 0.7470703125 0.1220703125 0.162109375
0 0.5126953125 0.4228515625 0.052734375 0.0546875
0 0.3388671875 0.7294921875 0.103515625 0.119140625
0 0.482421875 0.513671875 0.1357421875 0.080078125
1 0.154296875 0.533203125 0.0263671875 0.046875
0 0.48828125 0.361328125 0.0390625 0.0341796875
0 0.5400390625 0.3466796875 0.0390625 0.0283203125
1 0.685546875 0.7724609375 0.0625 0.0830078125
1 0.173828125 0.41796875 0.0283203125 0.0263671875
0 0.736328125 0.5390625 0.15625 0.072265625
1 0.2900390625 0.48046875 0.0361328125 0.0361328125
0 0.509765625 0.333984375 0.03125 0.029296875
1 0.75 0.603515625 0.087890625 0.072265625
1 0.833984375 0.6064453125 0.0908203125 0.0810546875
1 0.4560546875 0.779296875 0.046875 0.068359375
1 0.400390625 0.546875 0.056640625 0.046875
1 0.5283203125 0.3720703125 0.0185546875 0.021484375
1 0.466796875 0.431640625 0.017578125 0.0263671875
1 0.544921875 0.458984375 0.033203125 0.0439453125
1 0.1669921875 0.4619140625 0.0185546875 0.0263671875
1 0.5751953125 0.4951171875 0.0283203125 0.037109375
1 0.158203125 0.4990234375 0.0234375 0.033203125
1 0.6357421875 0.4990234375 0.0283203125 0.044921875
1 0.0771484375 0.7666015625 0.0390625 0.0673828125
1 0.548828125 0.373046875 0.017578125 0.0234375
1 0.478515625 0.462890625 0.0205078125 0.0283203125
1 0.572265625 0.3740234375 0.013671875 0.0234375
1 0.30859375 0.8466796875 0.044921875 0.0654296875
1 0.57421875 0.6181640625 0.0517578125 0.0703125
1 0.740234375 0.8662109375 0.0595703125 0.048828125
1 0.5966796875 0.556640625 0.0498046875 0.033203125
1 0.265625 0.4599609375 0.03125 0.0361328125
1 0.39453125 0.470703125 0.0234375 0.03125
1 0.4248046875 0.748046875 0.037109375 0.0546875
1 0.455078125 0.36328125 0.0205078125 0.0263671875
1 0.5185546875 0.615234375 0.0498046875 0.0625
1 0.4287109375 0.671875 0.0419921875 0.0498046875
1 0.810546875 0.8583984375 0.056640625 0.064453125
1 0.119140625 0.4794921875 0.052734375 0.0439453125
1 0.025390625 0.5595703125 0.0263671875 0.0439453125
1 0.05859375 0.48046875 0.0205078125 0.033203125
1 0.5322265625 0.556640625 0.048828125 0.03125
1 0.0244140625 0.78515625 0.0263671875 0.0732421875
1 0.58203125 0.4677734375 0.0205078125 0.029296875
1 0.3466796875 0.3515625 0.015625 0.021484375
1 0.962890625 0.548828125 0.048828125 0.0498046875
0 0.240234375 0.3818359375 0.0625 0.033203125
1 0.177734375 0.326171875 0.025390625 0.0234375
0 0.904296875 0.51171875 0.0498046875 0.0419921875
1 0.244140625 0.4462890625 0.0283203125 0.0234375
1 0.9052734375 0.580078125 0.0546875 0.0517578125
1 0.673828125 0.568359375 0.033203125 0.0517578125
1 0.9755859375 0.638671875 0.0205078125 0.0361328125
1 0.6025390625 0.5 0.0234375 0.046875
1 0.0302734375 0.6142578125 0.029296875 0.0625
1 0.072265625 0.6650390625 0.0361328125 0.0576171875
1 0.623046875 0.580078125 0.0576171875 0.0390625
1 0.3828125 0.3251953125 0.015625 0.0185546875
1 0.595703125 0.3623046875 0.029296875 0.025390625
1 0.0390625 0.4716796875 0.03125 0.037109375
1 0.8984375 0.5439453125 0.041015625 0.0341796875
1 0.9296875 0.3779296875 0.0341796875 0.0439453125
1 0.416015625 0.599609375 0.029296875 0.064453125
1 0.36328125 0.3251953125 0.0234375 0.0185546875
1 0.6201171875 0.466796875 0.0185546875 0.0234375
1 0.330078125 0.357421875 0.013671875 0.021484375
1 0.71875 0.716796875 0.0283203125 0.0703125