0 0.1357421875 0.689453125 0.103515625 0.1142578125
0 0.5869140625 0.6533203125 0.1201171875 0.150390625
1 0.67578125 0.6171875 0.0390625 0.072265625
1 0.4970703125 0.6083984375 0.0341796875 0.064453125
0 0.1865234375 0.53125 0.0703125 0.0751953125
1 0.634765625 0.576171875 0.03125 0.0673828125
1 0.740234375 0.7001953125 0.052734375 0.0810546875
0 0.5439453125 0.548828125 0.0810546875 0.0830078125
1 0.802734375 0.5869140625 0.044921875 0.0703125
1 0.5458984375 0.47265625 0.029296875 0.0576171875
0 0.3251953125 0.4951171875 0.0595703125 0.0654296875
1 0.732421875 0.6396484375 0.037109375 0.0673828125
1 0.4697265625 0.583984375 0.029296875 0.0576171875
1 0.6318359375 0.5283203125 0.0234375 0.037109375
0 0.294921875 0.451171875 0.0517578125 0.046875
1 0.728515625 0.5400390625 0.0439453125 0.044921875
1 0.939453125 0.681640625 0.0859375 0.087890625
1 0.8466796875 0.71484375 0.046875 0.0859375
1 0.7578125 0.794921875 0.0751953125 0.154296875
0 0.1875 0.3994140625 0.041015625 0.0419921875
1 0.8466796875 0.599609375 0.041015625 0.046875
1 0.8818359375 0.8232421875 0.064453125 0.125
0 0.380859375 0.6220703125 0.109375 0.1904296875
1 0.6904296875 0.544921875 0.0439453125 0.052734375
0 0.248046875 0.3857421875 0.0546875 0.037109375
1 0.1201171875 0.54296875 0.0341796875 0.048828125
0 0.6298828125 0.462890625 0.083984375 0.0673828125
1 0.6640625 0.501953125 0.0185546875 0.0341796875
1 0.541015625 0.4248046875 0.0205078125 0.03125
1 0.7373046875 0.857421875 0.0283203125 0.0517578125
1 0.0283203125 0.576171875 0.0341796875 0.0654296875
1 0.2626953125 0.546875 0.021484375 0.037109375
1 0.5888671875 0.42578125 0.021484375 0.029296875
0 0.205078125 0.43359375 0.0595703125 0.0390625
1 0.8525390625 0.662109375 0.029296875 0.0517578125
1 0.28125 0.7607421875 0.046875 0.068359375
0 0.189453125 0.37109375 0.0361328125 0.0234375
1 0.6259765625 0.83984375 0.0517578125 0.0986328125
0 0.4306640625 0.423828125 0.0419921875 0.0517578125
1 0.1396484375 0.470703125 0.017578125 0.0283203125
1 0.8935546875 0.587890625 0.046875 0.052734375
0 0.466796875 0.3974609375 0.0390625 0.060546875
1 0.92578125 0.607421875 0.0390625 0.037109375
1 0.208984375 0.8037109375 0.048828125 0.076171875
1 0.888671875 0.720703125 0.0439453125 0.09375
1 0.244140625 0.4599609375 0.017578125 0.033203125
1 0.455078125 0.525390625 0.037109375 0.041015625
1 0.06640625 0.478515625 0.044921875 0.037109375
1 0.591796875 0.400390625 0.0185546875 0.033203125
0 0.228515625 0.357421875 0.0283203125 0.015625
1 0.828125 0.564453125 0.021484375 0.029296875
1 0.974609375 0.6376953125 0.0283203125 0.052734375
1 0.0283203125 0.490234375 0.0341796875 0.037109375
1 0.544921875 0.384765625 0.0205078125 0.03125
1 0.498046875 0.4228515625 0.0234375 0.0361328125
1 0.09765625 0.478515625 0.029296875 0.0341796875
1 0.21875 0.388671875 0.015625 0.0283203125
1 0.169921875 0.431640625 0.0205078125 0.029296875
0 0.353515625 0.3203125 0.0341796875 0.0185546875
1 0.580078125 0.37890625 0.0185546875 0.0234375
1 0.677734375 0.4375 0.0185546875 0.0341796875