0 0.1923828125 0.75 0.125 0.162109375
0 0.3388671875 0.7275390625 0.099609375 0.1171875
1 0.525390625 0.681640625 0.046875 0.060546875
1 0.80078125 0.6689453125 0.064453125 0.078125
0 0.5107421875 0.427734375 0.046875 0.0546875
1 0.869140625 0.671875 0.0703125 0.0751953125
1 0.6337890625 0.771484375 0.048828125 0.0888671875
1 0.5634765625 0.763671875 0.044921875 0.0859375
1 0.609375 0.701171875 0.0439453125 0.064453125
1 0.70703125 0.6826171875 0.0390625 0.0595703125
0 0.4873046875 0.3603515625 0.0439453125 0.033203125
0 0.537109375 0.3486328125 0.0439453125 0.0341796875
1 0.8310546875 0.771484375 0.068359375 0.0810546875
1 0.7490234375 0.76953125 0.0546875 0.0830078125
1 0.5771484375 0.4404296875 0.0263671875 0.0439453125
1 0.4296875 0.6787109375 0.037109375 0.060546875
1 0.6337890625 0.490234375 0.0234375 0.0361328125
1 0.3330078125 0.4287109375 0.0283203125 0.029296875
1 0.0791015625 0.7578125 0.044921875 0.078125
1 0.591796875 0.4677734375 0.025390625 0.0390625
1 0.517578125 0.517578125 0.041015625 0.0595703125
1 0.3056640625 0.861328125 0.0390625 0.0576171875
1 0.41015625 0.533203125 0.033203125 0.0546875
0 0.9306640625 0.5771484375 0.1142578125 0.060546875
1 0.478515625 0.4267578125 0.0263671875 0.0283203125
1 0.0302734375 0.794921875 0.0390625 0.056640625
1 0.716796875 0.6259765625 0.0439453125 0.0517578125
1 0.580078125 0.5703125 0.0361328125 0.052734375
1 0.947265625 0.63671875 0.076171875 0.0703125
1 0.4560546875 0.513671875 0.037109375 0.0517578125
1 0.6591796875 0.7021484375 0.041015625 0.044921875
0 0.5087890625 0.3369140625 0.0361328125 0.033203125
1 0.634765625 0.572265625 0.033203125 0.044921875
1 0.330078125 0.5927734375 0.109375 0.0546875
1 0.5595703125 0.4365234375 0.015625 0.0234375
1 0.26171875 0.6025390625 0.0361328125 0.064453125
1 0.560546875 0.5390625 0.0263671875 0.0439453125
1 0.70703125 0.466796875 0.0263671875 0.029296875
1 0.650390625 0.4599609375 0.033203125 0.0390625
1 0.5478515625 0.3720703125 0.017578125 0.025390625
1 0.3525390625 0.4462890625 0.0361328125 0.029296875
1 0.486328125 0.4921875 0.03125 0.0439453125
1 0.6669921875 0.6298828125 0.0341796875 0.052734375
1 0.7373046875 0.583984375 0.0439453125 0.044921875
1 0.544921875 0.4072265625 0.0185546875 0.029296875
1 0.6005859375 0.525390625 0.044921875 0.046875
1 0.611328125 0.5927734375 0.029296875 0.048828125
1 0.5361328125 0.58203125 0.0283203125 0.048828125
1 0.8427734375 0.587890625 0.0361328125 0.037109375
1 0.4521484375 0.373046875 0.0205078125 0.0283203125
1 0.0927734375 0.5869140625 0.029296875 0.044921875
1 0.5400390625 0.529296875 0.017578125 0.03125
1 0.6162109375 0.6474609375 0.0263671875 0.0390625
1 0.658203125 0.521484375 0.037109375 0.0390625
1 0.8876953125 0.609375 0.046875 0.041015625
0 0.931640625 0.513671875 0.107421875 0.068359375
1 0.6875 0.5810546875 0.078125 0.0654296875
0 0.3525390625 0.3212890625 0.033203125 0.017578125
1 0.0615234375 0.4775390625 0.0263671875 0.0390625
1 0.029296875 0.564453125 0.0341796875 0.0517578125
1 0.462890625 0.7275390625 0.0341796875 0.1015625
1 0.728515625 0.84375 0.1328125 0.09375
1 0.515625 0.634765625 0.037109375 0.029296875
1 0.794921875 0.486328125 0.1015625 0.0498046875
1 0.7294921875 0.5517578125 0.025390625 0.03125
1 0.1044921875 0.4853515625 0.03125 0.029296875
1 0.330078125 0.40625 0.013671875 0.0185546875
1 0.6083984375 0.45703125 0.154296875 0.126953125
1 0.763671875 0.5556640625 0.025390625 0.033203125
1 0.685546875 0.6640625 0.4921875 0.384765625
1 0.83203125 0.705078125 0.033203125 0.0625
1 0.8935546875 0.3798828125 0.0185546875 0.0341796875
1 0.5771484375 0.375 0.017578125 0.03125
1 0.076171875 0.337890625 0.015625 0.0205078125
1 0.8349609375 0.638671875 0.029296875 0.052734375
1 0.21875 0.619140625 0.0341796875 0.0810546875
1 0.4892578125 0.591796875 0.0283203125 0.037109375
1 0.685546875 0.515625 0.025390625 0.0341796875
1 0.52734375 0.3994140625 0.013671875 0.033203125
0 0.1845703125 0.32421875 0.0439453125 0.0263671875
1 0.0244140625 0.3740234375 0.0107421875 0.0234375