0 0.3349609375 0.7724609375 0.1357421875 0.1767578125
0 0.5341796875 0.615234375 0.103515625 0.130859375
0 0.1826171875 0.734375 0.1220703125 0.1533203125
1 0.634765625 0.5380859375 0.0283203125 0.044921875
1 0.77734375 0.671875 0.0390625 0.052734375
1 0.806640625 0.7763671875 0.056640625 0.0751953125
1 0.8896484375 0.802734375 0.0732421875 0.0888671875
1 0.4296875 0.5556640625 0.025390625 0.048828125
1 0.376953125 0.509765625 0.0234375 0.0439453125
1 0.275390625 0.5390625 0.029296875 0.037109375
1 0.4111328125 0.4755859375 0.021484375 0.0361328125
1 0.5712890625 0.4560546875 0.0234375 0.037109375
1 0.1650390625 0.58203125 0.033203125 0.060546875
0 0.5068359375 0.349609375 0.0419921875 0.044921875
0 0.64453125 0.7890625 0.169921875 0.197265625
0 0.33203125 0.4716796875 0.0576171875 0.056640625
1 0.6796875 0.537109375 0.0283203125 0.0361328125
0 0.5634765625 0.4228515625 0.044921875 0.0517578125
1 0.1474609375 0.5400390625 0.033203125 0.0517578125
1 0.5986328125 0.54296875 0.021484375 0.048828125
1 0.8203125 0.58203125 0.0751953125 0.0732421875
1 0.900390625 0.6572265625 0.078125 0.076171875
1 0.673828125 0.5869140625 0.037109375 0.060546875
0 0.5390625 0.4580078125 0.0498046875 0.052734375
1 0.7333984375 0.7890625 0.060546875 0.0908203125
1 0.201171875 0.52734375 0.0205078125 0.0419921875
1 0.623046875 0.505859375 0.021484375 0.0390625
1 0.162109375 0.5107421875 0.021484375 0.0283203125
1 0.263671875 0.466796875 0.0234375 0.033203125
1 0.435546875 0.8544921875 0.03125 0.068359375
1 0.3466796875 0.607421875 0.0439453125 0.0732421875
1 0.7216796875 0.537109375 0.056640625 0.048828125
1 0.2177734375 0.494140625 0.0234375 0.0341796875
1 0.158203125 0.478515625 0.017578125 0.021484375
0 0.2314453125 0.337890625 0.0341796875 0.029296875
1 0.4833984375 0.541015625 0.029296875 0.037109375
1 0.5 0.4501953125 0.0341796875 0.052734375
1 0.5361328125 0.4033203125 0.0185546875 0.025390625
1 0.0966796875 0.7158203125 0.03125 0.0595703125
1 0.9609375 0.693359375 0.0595703125 0.080078125
0 0.4560546875 0.470703125 0.037109375 0.0439453125
1 0.5166015625 0.419921875 0.017578125 0.033203125
0 0.080078125 0.470703125 0.087890625 0.0595703125
0 0.5478515625 0.3701171875 0.0361328125 0.025390625
1 0.927734375 0.611328125 0.0419921875 0.0390625
1 0.15234375 0.630859375 0.0263671875 0.046875
1 0.447265625 0.37109375 0.021484375 0.033203125
1 0.7890625 0.552734375 0.025390625 0.029296875
1 0.234375 0.8564453125 0.0810546875 0.0625
0 0.185546875 0.431640625 0.056640625 0.0283203125
1 0.888671875 0.595703125 0.0595703125 0.0546875
0 0.5419921875 0.345703125 0.0283203125 0.025390625
1 0.455078125 0.669921875 0.037109375 0.0751953125
1 0.7705078125 0.623046875 0.0341796875 0.0439453125
1 0.16015625 0.8359375 0.0888671875 0.09375
1 0.337890625 0.548828125 0.017578125 0.0390625
1 0.8251953125 0.53515625 0.021484375 0.0390625
0 0.3212890625 0.3994140625 0.0830078125 0.0390625
1 0.97265625 0.6337890625 0.033203125 0.0673828125
0 0.0888671875 0.40234375 0.0498046875 0.0361328125
1 0.4365234375 0.8037109375 0.033203125 0.0576171875
1 0.0302734375 0.576171875 0.0390625 0.0830078125
0 0.1201171875 0.423828125 0.041015625 0.0341796875
1 0.904296875 0.5458984375 0.017578125 0.0234375
1 0.490234375 0.515625 0.021484375 0.0283203125
1 0.02734375 0.8583984375 0.0361328125 0.0546875