0 0.1923828125 0.75 0.125 0.166015625
0 0.509765625 0.4228515625 0.0546875 0.0546875
0 0.337890625 0.7275390625 0.0986328125 0.1201171875
1 0.5078125 0.4765625 0.0283203125 0.041015625
0 0.2880859375 0.4453125 0.0888671875 0.0498046875
0 0.169921875 0.4130859375 0.072265625 0.0419921875
0 0.490234375 0.359375 0.044921875 0.037109375
1 0.576171875 0.4873046875 0.03125 0.0439453125
1 0.6103515625 0.4951171875 0.0390625 0.046875
1 0.5419921875 0.4775390625 0.0283203125 0.0419921875
0 0.5400390625 0.3515625 0.0419921875 0.037109375
1 0.068359375 0.5458984375 0.033203125 0.044921875
1 0.076171875 0.744140625 0.064453125 0.0966796875
1 0.41015625 0.7939453125 0.048828125 0.0810546875
1 0.1845703125 0.455078125 0.041015625 0.0439453125
1 0.2578125 0.478515625 0.0341796875 0.041015625
1 0.3076171875 0.8359375 0.046875 0.0908203125
1 0.431640625 0.6591796875 0.046875 0.0595703125
1 0.1416015625 0.4638671875 0.0234375 0.0439453125
1 0.5146484375 0.5771484375 0.044921875 0.048828125
1 0.552734375 0.376953125 0.0205078125 0.033203125
0 0.509765625 0.33203125 0.03125 0.0263671875
1 0.3916015625 0.501953125 0.0419921875 0.0517578125
1 0.5478515625 0.5546875 0.044921875 0.046875
1 0.6357421875 0.501953125 0.025390625 0.0498046875
1 0.314453125 0.486328125 0.0361328125 0.037109375
1 0.1201171875 0.423828125 0.021484375 0.0263671875
1 0.818359375 0.5712890625 0.046875 0.0361328125
1 0.3486328125 0.484375 0.03125 0.037109375
1 0.455078125 0.7822265625 0.046875 0.0732421875
1 0.466796875 0.439453125 0.017578125 0.0283203125
1 0.578125 0.4189453125 0.015625 0.03125
1 0.419921875 0.494140625 0.03125 0.0390625
1 0.125 0.5732421875 0.0341796875 0.052734375
1 0.0703125 0.4814453125 0.037109375 0.0341796875
1 0.470703125 0.408203125 0.015625 0.037109375
1 0.556640625 0.44921875 0.0205078125 0.0263671875
1 0.5947265625 0.466796875 0.0205078125 0.0283203125
0 0.091796875 0.41015625 0.048828125 0.0419921875
1 0.6201171875 0.4638671875 0.0185546875 0.0283203125
1 0.4619140625 0.7177734375 0.029296875 0.0517578125
1 0.341796875 0.5576171875 0.0703125 0.046875
1 0.4365234375 0.36328125 0.017578125 0.0263671875
1 0.4208984375 0.7353515625 0.044921875 0.0517578125
1 0.7607421875 0.73828125 0.068359375 0.0517578125
0 0.232421875 0.365234375 0.0595703125 0.037109375
1 0.7841796875 0.5615234375 0.025390625 0.0263671875
1 0.337890625 0.4501953125 0.017578125 0.0341796875
1 0.2060546875 0.3603515625 0.0126953125 0.017578125
1 0.22265625 0.3330078125 0.017578125 0.0185546875
1 0.0224609375 0.4599609375 0.017578125 0.029296875
1 0.7294921875 0.5634765625 0.072265625 0.044921875
1 0.548828125 0.5185546875 0.0126953125 0.0283203125
1 0.638671875 0.443359375 0.0390625 0.03125
0 0.9189453125 0.57421875 0.072265625 0.044921875
1 0.328125 0.35546875 0.0185546875 0.029296875
1 0.5634765625 0.4150390625 0.013671875 0.033203125
1 0.2490234375 0.3330078125 0.029296875 0.0185546875
1 0.02734375 0.583984375 0.029296875 0.0859375
0 0.193359375 0.8759765625 0.109375 0.029296875
1 0.603515625 0.611328125 0.0361328125 0.0703125
1 0.0576171875 0.6787109375 0.037109375 0.0576171875
1 0.3818359375 0.4560546875 0.013671875 0.021484375
1 0.404296875 0.447265625 0.0205078125 0.0390625