0 0.193359375 0.7490234375 0.123046875 0.1611328125
0 0.513671875 0.427734375 0.0498046875 0.0498046875
0 0.33984375 0.7265625 0.0986328125 0.119140625
1 0.5634765625 0.626953125 0.0361328125 0.0810546875
1 0.5400390625 0.521484375 0.0263671875 0.0419921875
1 0.626953125 0.6123046875 0.0390625 0.0654296875
1 0.572265625 0.5146484375 0.0234375 0.0419921875
0 0.486328125 0.361328125 0.044921875 0.033203125
0 0.5380859375 0.3515625 0.0390625 0.037109375
1 0.0693359375 0.533203125 0.029296875 0.048828125
1 0.6826171875 0.576171875 0.03125 0.0517578125
1 0.12109375 0.4169921875 0.0234375 0.0283203125
1 0.4140625 0.79296875 0.052734375 0.0859375
1 0.6044921875 0.533203125 0.0185546875 0.037109375
1 0.083984375 0.740234375 0.0361328125 0.068359375
1 0.650390625 0.533203125 0.025390625 0.046875
1 0.2138671875 0.478515625 0.021484375 0.041015625
1 0.4921875 0.4697265625 0.021484375 0.0361328125
1 0.42578125 0.6708984375 0.0361328125 0.048828125
1 0.3974609375 0.392578125 0.0263671875 0.037109375
1 0.416015625 0.451171875 0.025390625 0.0361328125
1 0.30859375 0.837890625 0.048828125 0.0859375
0 0.5087890625 0.3310546875 0.0263671875 0.025390625
1 0.4580078125 0.779296875 0.037109375 0.0654296875
1 0.609375 0.447265625 0.0185546875 0.029296875
1 0.564453125 0.455078125 0.0185546875 0.03125
1 0.5888671875 0.4814453125 0.0185546875 0.03125
1 0.5146484375 0.55078125 0.0234375 0.048828125
1 0.5498046875 0.4375 0.0185546875 0.0283203125
1 0.248046875 0.361328125 0.013671875 0.017578125
1 0.6279296875 0.5 0.021484375 0.041015625
1 0.6279296875 0.5712890625 0.0283203125 0.033203125
1 0.5625 0.484375 0.021484375 0.03125
1 0.423828125 0.412109375 0.017578125 0.0263671875
1 0.642578125 0.447265625 0.0283203125 0.029296875
1 0.3759765625 0.3759765625 0.017578125 0.0205078125
0 0.3154296875 0.392578125 0.0908203125 0.0390625
1 0.4658203125 0.431640625 0.0185546875 0.0263671875
1 0.6474609375 0.4775390625 0.017578125 0.0263671875
1 0.166015625 0.3642578125 0.013671875 0.015625
1 0.0302734375 0.5634765625 0.0361328125 0.0546875
1 0.5400390625 0.4873046875 0.017578125 0.0283203125
1 0.1474609375 0.462890625 0.013671875 0.0234375
1 0.427734375 0.736328125 0.0390625 0.041015625
1 0.4521484375 0.3623046875 0.0205078125 0.025390625
1 0.5888671875 0.380859375 0.0126953125 0.0234375
1 0.203125 0.3583984375 0.015625 0.017578125
1 0.228515625 0.357421875 0.013671875 0.0205078125
1 0.5576171875 0.396484375 0.015625 0.033203125
0 0.048828125 0.3818359375 0.033203125 0.017578125
1 0.8583984375 0.677734375 0.0517578125 0.0498046875
1 0.4541015625 0.4326171875 0.0859375 0.087890625
1 0.0283203125 0.8212890625 0.041015625 0.095703125
1 0.0595703125 0.482421875 0.021484375 0.0361328125
1 0.099609375 0.517578125 0.0234375 0.052734375
1 0.6416015625 0.5400390625 0.1044921875 0.1669921875
1 0.4306640625 0.3623046875 0.0107421875 0.021484375
1 0.33203125 0.353515625 0.0390625 0.0263671875
1 0.6064453125 0.5009765625 0.015625 0.029296875
1 0.2109375 0.41796875 0.052734375 0.029296875
1 0.91015625 0.541015625 0.0205078125 0.037109375
1 0.474609375 0.333984375 0.0126953125 0.017578125
1 0.974609375 0.6142578125 0.021484375 0.068359375
0 0.1962890625 0.875 0.095703125 0.0283203125
1 0.025390625 0.76171875 0.0263671875 0.033203125
1 0.09765625 0.392578125 0.017578125 0.015625
1 0.7568359375 0.5458984375 0.0234375 0.064453125
1 0.0224609375 0.373046875 0.0205078125 0.0234375
1 0.5615234375 0.759765625 0.033203125 0.080078125