0 0.1923828125 0.75 0.125 0.162109375
0 0.3388671875 0.7275390625 0.099609375 0.1201171875
0 0.5107421875 0.42578125 0.046875 0.0576171875
1 0.576171875 0.783203125 0.0419921875 0.0888671875
1 0.58203125 0.5732421875 0.0361328125 0.0498046875
1 0.62109375 0.720703125 0.0419921875 0.0625
1 0.53515625 0.6904296875 0.048828125 0.068359375
1 0.716796875 0.6953125 0.0390625 0.068359375
0 0.486328125 0.3603515625 0.044921875 0.033203125
0 0.5380859375 0.3466796875 0.0419921875 0.03125
1 0.861328125 0.8056640625 0.0703125 0.0859375
1 0.638671875 0.7880859375 0.044921875 0.080078125
1 0.4296875 0.677734375 0.041015625 0.060546875
1 0.810546875 0.66015625 0.0859375 0.0859375
1 0.6787109375 0.640625 0.0390625 0.0625
1 0.5859375 0.451171875 0.0341796875 0.0439453125
1 0.873046875 0.7109375 0.0654296875 0.109375
1 0.5615234375 0.5400390625 0.0234375 0.0419921875
0 0.9296875 0.576171875 0.119140625 0.0595703125
1 0.63671875 0.515625 0.0234375 0.03125
1 0.080078125 0.748046875 0.0546875 0.0986328125
1 0.94140625 0.6337890625 0.0830078125 0.0732421875
1 0.51953125 0.51953125 0.033203125 0.048828125
1 0.767578125 0.779296875 0.041015625 0.068359375
1 0.5615234375 0.447265625 0.0234375 0.0361328125
0 0.5068359375 0.3369140625 0.0361328125 0.033203125
1 0.712890625 0.4677734375 0.041015625 0.033203125
1 0.451171875 0.3740234375 0.0185546875 0.029296875
1 0.4736328125 0.5048828125 0.021484375 0.037109375
1 0.7158203125 0.62890625 0.041015625 0.048828125
1 0.671875 0.7177734375 0.046875 0.0517578125
1 0.03125 0.7822265625 0.037109375 0.060546875
1 0.541015625 0.54296875 0.025390625 0.0361328125
1 0.501953125 0.4912109375 0.029296875 0.0419921875
1 0.6416015625 0.55078125 0.0390625 0.044921875
1 0.4091796875 0.53515625 0.03125 0.0576171875
1 0.2861328125 0.599609375 0.0595703125 0.044921875
1 0.328125 0.4384765625 0.0341796875 0.033203125
1 0.548828125 0.3720703125 0.015625 0.025390625
1 0.54296875 0.5927734375 0.0234375 0.0390625
1 0.306640625 0.8359375 0.0419921875 0.0966796875
1 0.7373046875 0.5810546875 0.041015625 0.0439453125
1 0.6845703125 0.576171875 0.0654296875 0.056640625
1 0.1005859375 0.5791015625 0.0263671875 0.0419921875
1 0.482421875 0.4345703125 0.0205078125 0.03125
0 0.931640625 0.513671875 0.107421875 0.0625
1 0.8916015625 0.384765625 0.0205078125 0.029296875
1 0.8798828125 0.6123046875 0.03125 0.037109375
1 0.615234375 0.46875 0.033203125 0.03125
1 0.619140625 0.580078125 0.029296875 0.048828125
1 0.79296875 0.482421875 0.029296875 0.0263671875
1 0.0771484375 0.478515625 0.060546875 0.041015625
1 0.3544921875 0.5888671875 0.068359375 0.052734375
1 0.025390625 0.7275390625 0.025390625 0.0517578125
1 0.841796875 0.5859375 0.037109375 0.0341796875
1 0.654296875 0.458984375 0.046875 0.0361328125
1 0.6787109375 0.6748046875 0.173828125 0.1875
1 0.62109375 0.642578125 0.0390625 0.0546875
1 0.462890625 0.720703125 0.037109375 0.107421875
1 0.58984375 0.5048828125 0.0390625 0.0439453125
1 0.279296875 0.4140625 0.048828125 0.0341796875
1 0.7861328125 0.5732421875 0.03125 0.037109375
1 0.728515625 0.5498046875 0.0234375 0.0341796875
1 0.673828125 0.5205078125 0.0263671875 0.0283203125
1 0.033203125 0.845703125 0.044921875 0.080078125
1 0.455078125 0.5732421875 0.0546875 0.0751953125
1 0.494140625 0.599609375 0.029296875 0.0390625
1 0.7548828125 0.552734375 0.025390625 0.03125
1 0.5771484375 0.3759765625 0.017578125 0.033203125
1 0.8427734375 0.55078125 0.029296875 0.0419921875
0 0.353515625 0.3212890625 0.0341796875 0.017578125
1 0.025390625 0.564453125 0.025390625 0.052734375
1 0.2548828125 0.3447265625 0.0185546875 0.0234375
1 0.5458984375 0.400390625 0.013671875 0.029296875
1 0.873046875 0.3564453125 0.021484375 0.025390625