0 0.193359375 0.7490234375 0.123046875 0.1640625
1 0.083984375 0.6435546875 0.044921875 0.0625
0 0.5107421875 0.4208984375 0.0439453125 0.048828125
0 0.337890625 0.7275390625 0.099609375 0.1201171875
1 0.146484375 0.626953125 0.037109375 0.0595703125
1 0.412109375 0.8037109375 0.0498046875 0.0673828125
1 0.306640625 0.833984375 0.048828125 0.0888671875
0 0.5390625 0.349609375 0.037109375 0.033203125
0 0.486328125 0.361328125 0.0361328125 0.029296875
1 0.3154296875 0.478515625 0.046875 0.060546875
1 0.470703125 0.482421875 0.0263671875 0.0361328125
1 0.080078125 0.748046875 0.052734375 0.0966796875
1 0.560546875 0.4482421875 0.0234375 0.03125
1 0.498046875 0.4482421875 0.021484375 0.0283203125
0 0.509765625 0.3330078125 0.029296875 0.0283203125
0 0.564453125 0.5302734375 0.154296875 0.0703125
1 0.4580078125 0.783203125 0.037109375 0.0576171875
1 0.6162109375 0.4814453125 0.0419921875 0.037109375
1 0.529296875 0.3720703125 0.0185546875 0.021484375
1 0.513671875 0.4892578125 0.021484375 0.0341796875
1 0.42578125 0.6904296875 0.0419921875 0.0810546875
1 0.06640625 0.5341796875 0.0263671875 0.046875
1 0.5703125 0.4072265625 0.0185546875 0.029296875
1 0.6474609375 0.486328125 0.0234375 0.0361328125
1 0.611328125 0.5751953125 0.0283203125 0.046875
1 0.021484375 0.5673828125 0.0185546875 0.052734375
1 0.0595703125 0.4775390625 0.025390625 0.033203125
1 0.5126953125 0.369140625 0.021484375 0.021484375
1 0.4755859375 0.4541015625 0.0205078125 0.033203125
1 0.3818359375 0.3857421875 0.017578125 0.025390625
1 0.56640625 0.3779296875 0.029296875 0.03125
1 0.365234375 0.361328125 0.0205078125 0.0205078125
0 0.197265625 0.8486328125 0.140625 0.0751953125
1 0.466796875 0.4228515625 0.017578125 0.0263671875
1 0.4033203125 0.365234375 0.0126953125 0.015625
1 0.0400390625 0.5576171875 0.0205078125 0.037109375
1 0.0263671875 0.796875 0.0341796875 0.083984375
0 0.244140625 0.447265625 0.0751953125 0.0390625
1 0.45703125 0.361328125 0.0234375 0.0283203125
1 0.021484375 0.4755859375 0.0205078125 0.0263671875
1 0.5478515625 0.41796875 0.013671875 0.0205078125
1 0.1767578125 0.3271484375 0.0185546875 0.0205078125
1 0.587890625 0.642578125 0.0576171875 0.080078125
1 0.5390625 0.48046875 0.0185546875 0.0390625
1 0.6318359375 0.4443359375 0.033203125 0.033203125
0 0.23828125 0.3740234375 0.064453125 0.0390625
1 0.2109375 0.3369140625 0.0126953125 0.013671875
1 0.4443359375 0.439453125 0.013671875 0.0263671875
0 0.72265625 0.5654296875 0.0732421875 0.0498046875
0 0.158203125 0.298828125 0.0341796875 0.0341796875
1 0.5205078125 0.451171875 0.015625 0.021484375
1 0.5947265625 0.4677734375 0.013671875 0.0205078125
1 0.673828125 0.5107421875 0.0439453125 0.0439453125
1 0.087890625 0.53515625 0.0234375 0.060546875
1 0.02734375 0.373046875 0.017578125 0.021484375
1 0.3232421875 0.455078125 0.015625 0.0205078125