0 0.130859375 0.7138671875 0.107421875 0.1279296875
0 0.5654296875 0.6298828125 0.109375 0.134765625
0 0.1845703125 0.544921875 0.0751953125 0.078125
1 0.708984375 0.654296875 0.0439453125 0.0751953125
1 0.6533203125 0.59375 0.0341796875 0.068359375
1 0.486328125 0.6025390625 0.0361328125 0.0703125
1 0.830078125 0.7666015625 0.0546875 0.0986328125
1 0.7919921875 0.677734375 0.0498046875 0.0654296875
0 0.53515625 0.5361328125 0.080078125 0.072265625
0 0.3291015625 0.505859375 0.0673828125 0.068359375
1 0.62109375 0.5673828125 0.0263671875 0.056640625
1 0.6923828125 0.85546875 0.056640625 0.0703125
1 0.794921875 0.5673828125 0.037109375 0.056640625
1 0.7265625 0.736328125 0.052734375 0.087890625
1 0.5947265625 0.810546875 0.044921875 0.0732421875
1 0.5380859375 0.466796875 0.0205078125 0.041015625
1 0.7939453125 0.8515625 0.0595703125 0.078125
1 0.943359375 0.685546875 0.080078125 0.0859375
1 0.6201171875 0.5087890625 0.021484375 0.0390625
0 0.29296875 0.4560546875 0.0576171875 0.046875
1 0.111328125 0.5732421875 0.0341796875 0.052734375
0 0.61328125 0.4560546875 0.0986328125 0.056640625
0 0.478515625 0.4462890625 0.0498046875 0.0517578125
1 0.7109375 0.6015625 0.03125 0.0625
0 0.4833984375 0.357421875 0.0361328125 0.0341796875
1 0.845703125 0.6005859375 0.0390625 0.044921875
0 0.20703125 0.44140625 0.0703125 0.044921875
0 0.189453125 0.4052734375 0.0439453125 0.044921875
0 0.4736328125 0.3974609375 0.041015625 0.044921875
1 0.693359375 0.548828125 0.048828125 0.056640625
1 0.8720703125 0.6650390625 0.0751953125 0.076171875
0 0.251953125 0.384765625 0.0595703125 0.0390625
1 0.267578125 0.578125 0.025390625 0.0439453125
1 0.1416015625 0.482421875 0.017578125 0.03125
0 0.4326171875 0.4169921875 0.046875 0.0498046875
1 0.248046875 0.4755859375 0.017578125 0.029296875
1 0.544921875 0.404296875 0.0234375 0.041015625
1 0.2744140625 0.845703125 0.0576171875 0.0810546875
1 0.15625 0.462890625 0.021484375 0.0341796875
1 0.4580078125 0.4228515625 0.015625 0.0361328125
1 0.0283203125 0.5625 0.0283203125 0.041015625
1 0.88671875 0.603515625 0.0576171875 0.0576171875
1 0.4541015625 0.3779296875 0.017578125 0.0283203125
1 0.0673828125 0.4775390625 0.0439453125 0.0390625
1 0.927734375 0.6103515625 0.0419921875 0.0390625
1 0.4384765625 0.36328125 0.017578125 0.0234375
0 0.5244140625 0.3447265625 0.044921875 0.0390625
0 0.189453125 0.3740234375 0.041015625 0.0234375
1 0.447265625 0.513671875 0.0341796875 0.0517578125
0 0.3525390625 0.322265625 0.033203125 0.0185546875
1 0.099609375 0.4775390625 0.033203125 0.0390625
1 0.97265625 0.8759765625 0.0263671875 0.029296875
1 0.5888671875 0.41796875 0.0185546875 0.0263671875
0 0.5205078125 0.423828125 0.0341796875 0.0439453125
1 0.1728515625 0.4453125 0.013671875 0.0283203125
0 0.380859375 0.6875 0.1123046875 0.1376953125
1 0.974609375 0.63671875 0.0263671875 0.0546875
1 0.65625 0.544921875 0.025390625 0.0498046875
1 0.1298828125 0.427734375 0.021484375 0.0234375
1 0.7568359375 0.7490234375 0.185546875 0.267578125
1 0.169921875 0.861328125 0.080078125 0.0576171875
1 0.0615234375 0.77734375 0.0361328125 0.0546875
0 0.029296875 0.3349609375 0.0185546875 0.0205078125
1 0.5810546875 0.375 0.0185546875 0.025390625
1 0.9716796875 0.732421875 0.025390625 0.0703125
1 0.888671875 0.384765625 0.013671875 0.0263671875
1 0.4482421875 0.650390625 0.0283203125 0.068359375
1 0.0302734375 0.484375 0.0390625 0.041015625
1 0.330078125 0.3583984375 0.015625 0.0234375