0 0.205078125 0.5166015625 0.0673828125 0.0732421875
0 0.595703125 0.529296875 0.0966796875 0.099609375
1 0.38671875 0.6962890625 0.033203125 0.064453125
0 0.7275390625 0.7021484375 0.1796875 0.189453125
0 0.5400390625 0.626953125 0.107421875 0.130859375
0 0.333984375 0.5029296875 0.0625 0.0654296875
1 0.2294921875 0.591796875 0.0283203125 0.044921875
0 0.5673828125 0.4580078125 0.056640625 0.052734375
1 0.185546875 0.572265625 0.0283203125 0.046875
1 0.2060546875 0.66796875 0.03125 0.0517578125
1 0.23046875 0.7333984375 0.0361328125 0.060546875
0 0.4990234375 0.52734375 0.0732421875 0.095703125
1 0.521484375 0.470703125 0.0234375 0.0341796875
1 0.2861328125 0.6005859375 0.03125 0.0419921875
1 0.263671875 0.662109375 0.03125 0.0498046875
1 0.6884765625 0.5458984375 0.048828125 0.0546875
1 0.818359375 0.576171875 0.083984375 0.09375
1 0.73046875 0.5390625 0.0390625 0.0439453125
1 0.4189453125 0.7705078125 0.03125 0.056640625
1 0.1484375 0.728515625 0.0439453125 0.0625
1 0.490234375 0.4609375 0.021484375 0.03125
1 0.1328125 0.59375 0.021484375 0.037109375
1 0.216796875 0.4248046875 0.021484375 0.0341796875
1 0.390625 0.5615234375 0.021484375 0.048828125
1 0.138671875 0.533203125 0.0234375 0.0498046875
1 0.1533203125 0.4677734375 0.025390625 0.0419921875
1 0.1572265625 0.6220703125 0.0263671875 0.046875
1 0.080078125 0.7314453125 0.029296875 0.0439453125
1 0.947265625 0.6904296875 0.0751953125 0.087890625
1 0.1826171875 0.4541015625 0.015625 0.0263671875
1 0.5830078125 0.416015625 0.025390625 0.03125
1 0.1689453125 0.4248046875 0.021484375 0.03125
1 0.1044921875 0.6923828125 0.0654296875 0.0908203125
1 0.8896484375 0.7646484375 0.0546875 0.1328125
1 0.29296875 0.7841796875 0.033203125 0.052734375
1 0.6650390625 0.830078125 0.0576171875 0.080078125
1 0.2763671875 0.54296875 0.021484375 0.0361328125
0 0.4833984375 0.38671875 0.044921875 0.0390625
0 0.509765625 0.341796875 0.033203125 0.029296875
1 0.927734375 0.6103515625 0.0419921875 0.0390625
0 0.287109375 0.416015625 0.0517578125 0.044921875
0 0.439453125 0.4375 0.0390625 0.0625
1 0.060546875 0.478515625 0.0263671875 0.0361328125
0 0.5458984375 0.4130859375 0.0419921875 0.0546875
1 0.029296875 0.560546875 0.037109375 0.0419921875
1 0.5244140625 0.5478515625 0.0205078125 0.033203125
1 0.896484375 0.580078125 0.0419921875 0.0546875
0 0.564453125 0.3701171875 0.0283203125 0.0283203125
1 0.638671875 0.4404296875 0.041015625 0.03125
1 0.1376953125 0.4189453125 0.037109375 0.037109375
1 0.2333984375 0.646484375 0.1201171875 0.197265625
1 0.453125 0.365234375 0.025390625 0.03125
1 0.1875 0.376953125 0.015625 0.0234375
1 0.45703125 0.5 0.0234375 0.041015625
0 0.0888671875 0.3896484375 0.0625 0.0419921875
1 0.97265625 0.6328125 0.033203125 0.0654296875
0 0.494140625 0.3173828125 0.03125 0.0185546875
1 0.4716796875 0.439453125 0.025390625 0.048828125
0 0.4951171875 0.3603515625 0.0283203125 0.0234375
1 0.681640625 0.5126953125 0.0263671875 0.03125
1 0.5986328125 0.3876953125 0.015625 0.0185546875
1 0.513671875 0.4453125 0.0205078125 0.0341796875
1 0.1513671875 0.830078125 0.037109375 0.0517578125
1 0.0263671875 0.478515625 0.03125 0.041015625
0 0.2568359375 0.3974609375 0.0419921875 0.033203125
1 0.1083984375 0.484375 0.0361328125 0.03125
1 0.4921875 0.4384765625 0.015625 0.0263671875