1 0.62890625 0.5302734375 0.033203125 0.060546875
1 0.59375 0.5068359375 0.0341796875 0.044921875
0 0.361328125 0.58203125 0.076171875 0.1015625
0 0.1416015625 0.4267578125 0.0419921875 0.037109375
0 0.77734375 0.712890625 0.1767578125 0.1845703125
1 0.6318359375 0.6845703125 0.0546875 0.0908203125
0 0.4990234375 0.5810546875 0.107421875 0.1220703125
1 0.818359375 0.5830078125 0.076171875 0.078125
0 0.5283203125 0.4677734375 0.0654296875 0.0732421875
1 0.5751953125 0.548828125 0.0283203125 0.0654296875
0 0.076171875 0.3896484375 0.052734375 0.033203125
0 0.6572265625 0.8125 0.1767578125 0.1533203125
1 0.49609375 0.4208984375 0.017578125 0.0263671875
1 0.5927734375 0.4443359375 0.013671875 0.0234375
0 0.201171875 0.580078125 0.0830078125 0.1201171875
1 0.8896484375 0.650390625 0.0703125 0.0732421875
1 0.6845703125 0.556640625 0.056640625 0.0654296875
0 0.5625 0.4052734375 0.037109375 0.0576171875
0 0.4677734375 0.490234375 0.060546875 0.0703125
1 0.103515625 0.712890625 0.0341796875 0.048828125
1 0.2685546875 0.8388671875 0.0498046875 0.083984375
0 0.3388671875 0.486328125 0.0625 0.0546875
1 0.150390625 0.7646484375 0.041015625 0.0673828125
1 0.9599609375 0.662109375 0.0517578125 0.0751953125
1 0.232421875 0.6884765625 0.03125 0.044921875
1 0.732421875 0.537109375 0.0341796875 0.0390625
1 0.626953125 0.494140625 0.025390625 0.029296875
1 0.8955078125 0.587890625 0.0439453125 0.056640625
1 0.5869140625 0.38671875 0.029296875 0.0361328125
1 0.6357421875 0.4404296875 0.0341796875 0.03125
0 0.234375 0.46484375 0.0654296875 0.060546875
1 0.3056640625 0.6416015625 0.0390625 0.060546875
1 0.927734375 0.611328125 0.037109375 0.037109375
1 0.060546875 0.48046875 0.0234375 0.0361328125
1 0.9326171875 0.69921875 0.041015625 0.0546875
1 0.205078125 0.806640625 0.0439453125 0.064453125
1 0.529296875 0.3876953125 0.0390625 0.0341796875
1 0.9111328125 0.515625 0.0185546875 0.0185546875
1 0.134765625 0.525390625 0.025390625 0.0390625
0 0.2490234375 0.388671875 0.0517578125 0.0439453125
1 0.181640625 0.4990234375 0.0234375 0.033203125
1 0.4375 0.365234375 0.015625 0.0234375
1 0.904296875 0.5419921875 0.0234375 0.0341796875
1 0.169921875 0.388671875 0.017578125 0.0234375
1 0.0263671875 0.560546875 0.0283203125 0.044921875
1 0.43359375 0.453125 0.0205078125 0.0341796875
0 0.2939453125 0.41015625 0.0625 0.0703125
1 0.443359375 0.423828125 0.0234375 0.0341796875
0 0.9541015625 0.5791015625 0.064453125 0.060546875
1 0.642578125 0.609375 0.0341796875 0.0625
0 0.2177734375 0.357421875 0.0390625 0.0263671875
1 0.029296875 0.8134765625 0.0361328125 0.0732421875
1 0.7119140625 0.5234375 0.0205078125 0.0341796875
1 0.095703125 0.478515625 0.044921875 0.041015625
1 0.4013671875 0.435546875 0.0185546875 0.025390625
0 0.1806640625 0.365234375 0.0234375 0.0234375
1 0.232421875 0.646484375 0.025390625 0.044921875
0 0.48046875 0.380859375 0.0390625 0.0517578125