0 0.3203125 0.80078125 0.146484375 0.173828125
1 0.1279296875 0.611328125 0.03125 0.0439453125
1 0.4326171875 0.751953125 0.037109375 0.060546875
1 0.501953125 0.5537109375 0.03125 0.048828125
0 0.7626953125 0.818359375 0.1689453125 0.140625
0 0.240234375 0.513671875 0.0625 0.080078125
0 0.5712890625 0.59765625 0.1201171875 0.142578125
0 0.314453125 0.6484375 0.091796875 0.109375
1 0.478515625 0.494140625 0.021484375 0.037109375
1 0.666015625 0.61328125 0.044921875 0.060546875
1 0.705078125 0.552734375 0.0283203125 0.041015625
1 0.822265625 0.5810546875 0.087890625 0.083984375
1 0.525390625 0.48828125 0.0283203125 0.0361328125
1 0.9453125 0.6875 0.078125 0.083984375
1 0.6171875 0.5869140625 0.0283203125 0.0546875
1 0.564453125 0.3896484375 0.0185546875 0.0263671875
1 0.5185546875 0.4208984375 0.021484375 0.029296875
0 0.505859375 0.345703125 0.03125 0.0390625
1 0.76953125 0.7138671875 0.080078125 0.078125
0 0.326171875 0.4912109375 0.0673828125 0.060546875
0 0.48046875 0.35546875 0.033203125 0.0390625
1 0.05859375 0.482421875 0.029296875 0.033203125
1 0.1591796875 0.55859375 0.0283203125 0.048828125
1 0.173828125 0.625 0.029296875 0.052734375
1 0.1904296875 0.5537109375 0.03125 0.0419921875
1 0.421875 0.4296875 0.015625 0.0283203125
0 0.158203125 0.4482421875 0.0576171875 0.056640625
1 0.3935546875 0.408203125 0.0126953125 0.0205078125
1 0.892578125 0.646484375 0.0830078125 0.0751953125
0 0.2529296875 0.396484375 0.0498046875 0.0546875
1 0.5927734375 0.396484375 0.0205078125 0.0263671875
1 0.2177734375 0.6123046875 0.033203125 0.0625
1 0.419921875 0.40625 0.013671875 0.0283203125
1 0.541015625 0.5185546875 0.0263671875 0.0341796875
1 0.373046875 0.3857421875 0.03125 0.03125
0 0.533203125 0.3427734375 0.0283203125 0.0263671875
1 0.4501953125 0.3759765625 0.015625 0.0263671875
1 0.134765625 0.5087890625 0.03125 0.044921875
1 0.423828125 0.3837890625 0.025390625 0.029296875
1 0.2138671875 0.412109375 0.0341796875 0.037109375
1 0.869140625 0.8310546875 0.0654296875 0.109375
1 0.931640625 0.611328125 0.048828125 0.041015625
1 0.17578125 0.5107421875 0.029296875 0.0341796875
1 0.703125 0.4716796875 0.025390625 0.0283203125
1 0.892578125 0.5830078125 0.0390625 0.0498046875
1 0.841796875 0.5390625 0.037109375 0.041015625
1 0.634765625 0.443359375 0.0419921875 0.033203125
1 0.455078125 0.5009765625 0.0185546875 0.0361328125
1 0.0185546875 0.6259765625 0.015625 0.0673828125
1 0.033203125 0.8359375 0.033203125 0.068359375
1 0.373046875 0.462890625 0.0205078125 0.0341796875
1 0.193359375 0.4931640625 0.0205078125 0.0361328125
1 0.474609375 0.4345703125 0.0205078125 0.025390625
1 0.6181640625 0.544921875 0.0234375 0.048828125