0 0.33984375 0.6953125 0.1044921875 0.130859375
0 0.59765625 0.64453125 0.107421875 0.1328125
1 0.630859375 0.5 0.0263671875 0.0341796875
0 0.58203125 0.5341796875 0.076171875 0.099609375
0 0.21484375 0.6142578125 0.0859375 0.0966796875
1 0.5380859375 0.701171875 0.044921875 0.080078125
1 0.7265625 0.6767578125 0.0498046875 0.083984375
1 0.8056640625 0.599609375 0.0419921875 0.0546875
0 0.3203125 0.53515625 0.068359375 0.076171875
1 0.6787109375 0.564453125 0.0361328125 0.056640625
1 0.388671875 0.5634765625 0.0283203125 0.044921875
1 0.640625 0.541015625 0.0283203125 0.052734375
1 0.5029296875 0.583984375 0.03125 0.0576171875
1 0.4228515625 0.4384765625 0.0205078125 0.029296875
0 0.126953125 0.4091796875 0.048828125 0.041015625
1 0.58984375 0.478515625 0.0205078125 0.0341796875
0 0.509765625 0.40625 0.037109375 0.046875
0 0.2392578125 0.46484375 0.052734375 0.0517578125
1 0.595703125 0.435546875 0.013671875 0.0283203125
1 0.4189453125 0.474609375 0.021484375 0.0439453125
1 0.841796875 0.7412109375 0.056640625 0.0986328125
1 0.5732421875 0.47265625 0.0185546875 0.029296875
0 0.2314453125 0.5166015625 0.0654296875 0.0673828125
1 0.89453125 0.6533203125 0.0859375 0.0751953125
1 0.5380859375 0.466796875 0.0234375 0.0341796875
1 0.705078125 0.5546875 0.0283203125 0.0439453125
1 0.794921875 0.556640625 0.037109375 0.044921875
1 0.4736328125 0.4287109375 0.0185546875 0.0234375
1 0.515625 0.470703125 0.025390625 0.037109375
1 0.11328125 0.673828125 0.0517578125 0.0673828125
1 0.056640625 0.7294921875 0.0419921875 0.072265625
1 0.443359375 0.4169921875 0.017578125 0.0283203125
1 0.8427734375 0.599609375 0.0419921875 0.048828125
0 0.470703125 0.4765625 0.048828125 0.052734375
0 0.1865234375 0.37109375 0.029296875 0.029296875
1 0.83984375 0.5556640625 0.044921875 0.0546875
0 0.2939453125 0.4423828125 0.0439453125 0.0439453125
1 0.8955078125 0.732421875 0.046875 0.083984375
0 0.2841796875 0.408203125 0.046875 0.0361328125
1 0.9599609375 0.69921875 0.0576171875 0.076171875
1 0.427734375 0.404296875 0.013671875 0.025390625
1 0.4677734375 0.39453125 0.017578125 0.033203125
1 0.4931640625 0.435546875 0.013671875 0.029296875
0 0.501953125 0.33984375 0.0283203125 0.0263671875
1 0.4462890625 0.380859375 0.013671875 0.017578125
1 0.0576171875 0.4794921875 0.021484375 0.0341796875
1 0.4560546875 0.5166015625 0.0283203125 0.0546875
1 0.119140625 0.62109375 0.025390625 0.044921875
1 0.5107421875 0.5400390625 0.03125 0.0361328125
0 0.9462890625 0.5791015625 0.080078125 0.060546875
1 0.279296875 0.6259765625 0.037109375 0.060546875
1 0.7158203125 0.521484375 0.037109375 0.0419921875
1 0.1708984375 0.4755859375 0.029296875 0.0361328125
1 0.4755859375 0.3662109375 0.0205078125 0.0263671875
1 0.16015625 0.5693359375 0.0234375 0.048828125
1 0.0283203125 0.564453125 0.03125 0.0517578125
1 0.498046875 0.365234375 0.0205078125 0.029296875
1 0.533203125 0.4326171875 0.0205078125 0.0283203125
1 0.595703125 0.4150390625 0.0107421875 0.0234375
1 0.876953125 0.869140625 0.0361328125 0.0439453125
1 0.89453125 0.576171875 0.0361328125 0.0419921875
1 0.107421875 0.486328125 0.033203125 0.033203125
1 0.54296875 0.5322265625 0.0234375 0.0576171875
1 0.5849609375 0.384765625 0.0205078125 0.025390625
1 0.8984375 0.544921875 0.0283203125 0.0341796875
1 0.9140625 0.8583984375 0.0439453125 0.064453125
1 0.97265625 0.6298828125 0.029296875 0.0625
1 0.5302734375 0.861328125 0.0234375 0.048828125
1 0.685546875 0.5185546875 0.0263671875 0.037109375
0 0.0966796875 0.8251953125 0.171875 0.130859375