0 0.181640625 0.6904296875 0.1142578125 0.1279296875
1 0.1318359375 0.5771484375 0.029296875 0.048828125
1 0.7451171875 0.7548828125 0.0498046875 0.109375
1 0.173828125 0.576171875 0.03125 0.048828125
0 0.5966796875 0.685546875 0.150390625 0.185546875
1 0.283203125 0.5615234375 0.0283203125 0.044921875
1 0.818359375 0.5732421875 0.0810546875 0.083984375
0 0.896484375 0.81640625 0.1689453125 0.142578125
0 0.6220703125 0.556640625 0.0810546875 0.087890625
1 0.1572265625 0.5009765625 0.0205078125 0.0390625
1 0.1435546875 0.474609375 0.025390625 0.0361328125
1 0.6962890625 0.5537109375 0.029296875 0.0419921875
1 0.943359375 0.685546875 0.0830078125 0.0830078125
1 0.505859375 0.576171875 0.025390625 0.046875
1 0.287109375 0.482421875 0.0205078125 0.03125
1 0.5400390625 0.5380859375 0.0263671875 0.0576171875
1 0.259765625 0.4658203125 0.0185546875 0.037109375
1 0.177734375 0.486328125 0.0234375 0.03125
0 0.52734375 0.3935546875 0.044921875 0.0439453125
1 0.37109375 0.5 0.0234375 0.041015625
1 0.3017578125 0.525390625 0.021484375 0.0361328125
1 0.66015625 0.673828125 0.033203125 0.0546875
1 0.1943359375 0.5322265625 0.0234375 0.0390625
1 0.5146484375 0.43359375 0.0205078125 0.029296875
1 0.232421875 0.46875 0.0205078125 0.0283203125
1 0.7294921875 0.5400390625 0.041015625 0.048828125
1 0.314453125 0.458984375 0.0185546875 0.0263671875
1 0.2578125 0.509765625 0.025390625 0.0390625
1 0.330078125 0.583984375 0.0263671875 0.0517578125
1 0.095703125 0.658203125 0.0361328125 0.0751953125
1 0.517578125 0.5107421875 0.0234375 0.046875
1 0.896484375 0.5419921875 0.0341796875 0.041015625
1 0.876953125 0.662109375 0.0732421875 0.0703125
0 0.1787109375 0.416015625 0.0419921875 0.0361328125
1 0.21484375 0.416015625 0.0205078125 0.03125
1 0.2607421875 0.609375 0.0341796875 0.0625
1 0.05859375 0.48046875 0.0205078125 0.0361328125
1 0.3779296875 0.5673828125 0.0283203125 0.0595703125
1 0.2470703125 0.765625 0.0439453125 0.068359375
1 0.228515625 0.501953125 0.0205078125 0.037109375
1 0.45703125 0.361328125 0.013671875 0.0263671875
1 0.68359375 0.8486328125 0.0390625 0.052734375
1 0.0419921875 0.5888671875 0.0283203125 0.0625
1 0.55859375 0.5751953125 0.0205078125 0.046875
0 0.55859375 0.380859375 0.0361328125 0.0341796875
1 0.60546875 0.482421875 0.0205078125 0.0263671875
1 0.1796875 0.8037109375 0.046875 0.0546875
1 0.240234375 0.4375 0.017578125 0.0283203125
1 0.431640625 0.5205078125 0.025390625 0.037109375
1 0.470703125 0.4267578125 0.025390625 0.037109375
0 0.482421875 0.353515625 0.0341796875 0.0361328125
1 0.1748046875 0.357421875 0.0126953125 0.017578125
1 0.9501953125 0.529296875 0.021484375 0.0185546875
0 0.248046875 0.388671875 0.083984375 0.052734375
0 0.4501953125 0.482421875 0.052734375 0.0732421875
1 0.021484375 0.4794921875 0.021484375 0.037109375
1 0.2822265625 0.578125 0.205078125 0.1435546875
1 0.189453125 0.376953125 0.0185546875 0.0341796875
1 0.044921875 0.8369140625 0.0341796875 0.076171875
1 0.2353515625 0.4814453125 0.1669921875 0.103515625
1 0.603515625 0.4521484375 0.0185546875 0.033203125
0 0.5439453125 0.3486328125 0.03125 0.03125
1 0.974609375 0.6318359375 0.029296875 0.060546875
1 0.6923828125 0.521484375 0.021484375 0.0341796875
1 0.5615234375 0.4892578125 0.0205078125 0.041015625
1 0.896484375 0.5869140625 0.041015625 0.0576171875
0 0.951171875 0.58203125 0.0703125 0.064453125
1 0.1123046875 0.4873046875 0.0439453125 0.037109375
0 0.2294921875 0.3681640625 0.025390625 0.0234375
1 0.05078125 0.7763671875 0.0419921875 0.0654296875
1 0.1240234375 0.783203125 0.0263671875 0.068359375
1 0.0244140625 0.3740234375 0.013671875 0.0205078125
1 0.580078125 0.431640625 0.0361328125 0.052734375
1 0.44140625 0.435546875 0.029296875 0.029296875
1 0.029296875 0.33984375 0.013671875 0.0234375
1 0.453125 0.52734375 0.021484375 0.033203125
0 0.521484375 0.36328125 0.029296875 0.033203125