0 0.1923828125 0.748046875 0.125 0.162109375
0 0.513671875 0.4228515625 0.0517578125 0.0517578125
0 0.337890625 0.7275390625 0.0986328125 0.1171875
0 0.486328125 0.361328125 0.0439453125 0.029296875
0 0.5390625 0.3515625 0.041015625 0.041015625
0 0.349609375 0.4873046875 0.115234375 0.072265625
1 0.068359375 0.5390625 0.029296875 0.046875
1 0.306640625 0.8515625 0.044921875 0.0625
1 0.6455078125 0.5244140625 0.0185546875 0.0390625
0 0.509765625 0.333984375 0.029296875 0.029296875
1 0.4130859375 0.802734375 0.0517578125 0.068359375
1 0.0771484375 0.7568359375 0.048828125 0.0830078125
1 0.619140625 0.48828125 0.0234375 0.0361328125
1 0.470703125 0.44921875 0.029296875 0.044921875
1 0.5107421875 0.4765625 0.03125 0.0439453125
0 0.119140625 0.3974609375 0.0625 0.033203125
1 0.564453125 0.3798828125 0.021484375 0.03125
0 0.564453125 0.5517578125 0.0859375 0.0654296875
1 0.5888671875 0.4814453125 0.0283203125 0.037109375
1 0.564453125 0.4326171875 0.021484375 0.03125
1 0.4599609375 0.783203125 0.0361328125 0.0546875
1 0.189453125 0.4306640625 0.021484375 0.029296875
1 0.55078125 0.408203125 0.017578125 0.0283203125
1 0.033203125 0.7578125 0.0439453125 0.087890625
1 0.427734375 0.6884765625 0.046875 0.0673828125
1 0.5849609375 0.37890625 0.017578125 0.029296875
1 0.1337890625 0.423828125 0.0234375 0.029296875
1 0.0703125 0.4794921875 0.03125 0.0341796875
1 0.552734375 0.47265625 0.021484375 0.044921875
1 0.2177734375 0.4580078125 0.0205078125 0.0283203125
1 0.1640625 0.365234375 0.0126953125 0.015625
1 0.439453125 0.3623046875 0.0205078125 0.025390625
1 0.1572265625 0.419921875 0.017578125 0.025390625
1 0.49609375 0.4541015625 0.017578125 0.033203125
1 0.646484375 0.474609375 0.0185546875 0.03125
1 0.8427734375 0.6455078125 0.048828125 0.0654296875
1 0.419921875 0.7392578125 0.046875 0.052734375
1 0.4462890625 0.40234375 0.017578125 0.0234375
1 0.638671875 0.443359375 0.046875 0.0341796875
0 0.232421875 0.3671875 0.064453125 0.037109375
1 0.025390625 0.3740234375 0.0126953125 0.0205078125
1 0.3515625 0.359375 0.0185546875 0.025390625
1 0.455078125 0.716796875 0.0185546875 0.025390625
1 0.1787109375 0.326171875 0.0234375 0.021484375
1 0.4365234375 0.765625 0.0205078125 0.03125
1 0.5859375 0.451171875 0.0185546875 0.029296875
0 0.193359375 0.8740234375 0.1015625 0.029296875
1 0.208984375 0.333984375 0.009765625 0.017578125
1 0.0283203125 0.583984375 0.0283203125 0.080078125
1 0.458984375 0.36328125 0.0205078125 0.029296875
1 0.607421875 0.4697265625 0.013671875 0.0263671875
1 0.2470703125 0.353515625 0.0126953125 0.0234375
1 0.330078125 0.3583984375 0.0185546875 0.0234375