0 0.3203125 0.7998046875 0.146484375 0.1748046875
1 0.126953125 0.6083984375 0.03125 0.044921875
1 0.501953125 0.556640625 0.029296875 0.046875
0 0.2412109375 0.513671875 0.064453125 0.080078125
0 0.5751953125 0.6025390625 0.1220703125 0.142578125
0 0.767578125 0.822265625 0.1689453125 0.1328125
1 0.669921875 0.615234375 0.046875 0.0625
0 0.314453125 0.6474609375 0.091796875 0.107421875
1 0.4814453125 0.48828125 0.025390625 0.0390625
1 0.7041015625 0.552734375 0.029296875 0.0419921875
1 0.529296875 0.4912109375 0.029296875 0.0361328125
1 0.822265625 0.58203125 0.087890625 0.0830078125
1 0.431640625 0.7470703125 0.0341796875 0.0595703125
1 0.5205078125 0.42578125 0.021484375 0.033203125
1 0.9462890625 0.6884765625 0.076171875 0.0830078125
1 0.564453125 0.3896484375 0.0185546875 0.0234375
1 0.619140625 0.583984375 0.03125 0.0517578125
1 0.771484375 0.7158203125 0.0732421875 0.0751953125
0 0.5068359375 0.3447265625 0.029296875 0.0361328125
0 0.326171875 0.4912109375 0.0654296875 0.060546875
0 0.4794921875 0.3564453125 0.0341796875 0.041015625
1 0.5458984375 0.5283203125 0.029296875 0.0283203125
1 0.05859375 0.482421875 0.029296875 0.033203125
1 0.89453125 0.6435546875 0.0830078125 0.078125
1 0.169921875 0.5732421875 0.025390625 0.0439453125
1 0.4150390625 0.4140625 0.029296875 0.046875
1 0.591796875 0.396484375 0.0185546875 0.0234375
1 0.1748046875 0.625 0.0283203125 0.046875
0 0.2529296875 0.396484375 0.0498046875 0.0546875
1 0.19140625 0.5537109375 0.029296875 0.0390625
0 0.1572265625 0.4482421875 0.0576171875 0.056640625
1 0.4501953125 0.375 0.015625 0.025390625
0 0.5322265625 0.341796875 0.0263671875 0.0283203125
1 0.2177734375 0.6142578125 0.033203125 0.0595703125
1 0.3720703125 0.4609375 0.0185546875 0.03125
1 0.134765625 0.5068359375 0.03125 0.044921875
1 0.3984375 0.392578125 0.025390625 0.029296875
0 0.484375 0.421875 0.0439453125 0.052734375
1 0.4580078125 0.419921875 0.0185546875 0.046875
1 0.39453125 0.4111328125 0.0107421875 0.0185546875
1 0.697265625 0.4677734375 0.0361328125 0.029296875
1 0.3740234375 0.388671875 0.029296875 0.03125
1 0.8427734375 0.5380859375 0.0390625 0.0419921875
1 0.8935546875 0.5830078125 0.037109375 0.0498046875
1 0.9619140625 0.626953125 0.0419921875 0.056640625
1 0.876953125 0.837890625 0.0654296875 0.0986328125
1 0.03125 0.857421875 0.037109375 0.0517578125
0 0.9248046875 0.5166015625 0.072265625 0.0576171875
1 0.208984375 0.4130859375 0.046875 0.0390625
1 0.1748046875 0.51171875 0.0283203125 0.033203125
1 0.6201171875 0.5419921875 0.021484375 0.037109375
1 0.158203125 0.541015625 0.0263671875 0.0341796875
1 0.4541015625 0.501953125 0.0205078125 0.0390625
1 0.193359375 0.494140625 0.021484375 0.037109375
0 0.951171875 0.576171875 0.0732421875 0.0595703125
1 0.63671875 0.443359375 0.0419921875 0.0341796875
1 0.486328125 0.6298828125 0.048828125 0.068359375