0 0.583984375 0.435546875 0.0517578125 0.048828125
0 0.5341796875 0.478515625 0.0654296875 0.0908203125
1 0.697265625 0.6005859375 0.0341796875 0.064453125
0 0.61328125 0.5859375 0.1015625 0.119140625
1 0.650390625 0.5537109375 0.0234375 0.0419921875
0 0.64453125 0.755859375 0.1767578125 0.2265625
1 0.685546875 0.54296875 0.0419921875 0.0419921875
1 0.1572265625 0.482421875 0.0361328125 0.0546875
1 0.7919921875 0.62890625 0.052734375 0.076171875
0 0.4873046875 0.361328125 0.0341796875 0.03125
1 0.837890625 0.646484375 0.0517578125 0.068359375
1 0.611328125 0.5185546875 0.0341796875 0.037109375
0 0.330078125 0.82421875 0.130859375 0.126953125
1 0.744140625 0.697265625 0.041015625 0.0703125
1 0.806640625 0.7353515625 0.044921875 0.0546875
1 0.962890625 0.7060546875 0.048828125 0.0751953125
1 0.2490234375 0.47265625 0.0234375 0.0419921875
1 0.4404296875 0.5283203125 0.025390625 0.041015625
1 0.73046875 0.533203125 0.0390625 0.041015625
1 0.365234375 0.4189453125 0.0361328125 0.0341796875
1 0.1943359375 0.3623046875 0.017578125 0.021484375
1 0.1611328125 0.6533203125 0.037109375 0.0810546875
1 0.19921875 0.5859375 0.029296875 0.046875
1 0.896484375 0.8427734375 0.076171875 0.0859375
1 0.205078125 0.380859375 0.0185546875 0.0283203125
1 0.8212890625 0.568359375 0.0517578125 0.0498046875
1 0.7900390625 0.5576171875 0.029296875 0.0439453125
0 0.158203125 0.4130859375 0.0595703125 0.0390625
1 0.22265625 0.638671875 0.033203125 0.060546875
1 0.8564453125 0.7705078125 0.0498046875 0.0751953125
1 0.142578125 0.572265625 0.029296875 0.0517578125
1 0.0634765625 0.478515625 0.029296875 0.0361328125
1 0.603515625 0.470703125 0.033203125 0.048828125
1 0.150390625 0.4404296875 0.021484375 0.03125
1 0.9228515625 0.64453125 0.0673828125 0.064453125
1 0.587890625 0.5 0.0126953125 0.025390625
1 0.705078125 0.513671875 0.0234375 0.0283203125
1 0.3798828125 0.447265625 0.0283203125 0.0439453125
1 0.248046875 0.43359375 0.0205078125 0.029296875
0 0.576171875 0.3916015625 0.037109375 0.0361328125
1 0.435546875 0.3994140625 0.0185546875 0.033203125
1 0.4384765625 0.4365234375 0.017578125 0.029296875
1 0.2255859375 0.44140625 0.0263671875 0.0361328125
0 0.4765625 0.5576171875 0.0908203125 0.099609375
1 0.025390625 0.5625 0.0263671875 0.046875
1 0.5849609375 0.462890625 0.013671875 0.03125
1 0.1640625 0.3681640625 0.021484375 0.029296875
1 0.0244140625 0.470703125 0.0263671875 0.037109375
1 0.8955078125 0.5869140625 0.041015625 0.0517578125
1 0.6767578125 0.509765625 0.0341796875 0.0439453125
0 0.248046875 0.3359375 0.03125 0.0283203125
0 0.958984375 0.5791015625 0.0546875 0.0576171875
1 0.48046875 0.419921875 0.0234375 0.033203125
1 0.64453125 0.44140625 0.0419921875 0.033203125
1 0.845703125 0.6025390625 0.0361328125 0.033203125
0 0.4560546875 0.359375 0.025390625 0.0283203125
1 0.876953125 0.634765625 0.2109375 0.21875
1 0.197265625 0.521484375 0.0205078125 0.0263671875
1 0.4599609375 0.40625 0.033203125 0.0439453125
1 0.888671875 0.7939453125 0.0263671875 0.0341796875
1 0.0224609375 0.3740234375 0.017578125 0.0234375