0 0.1943359375 0.7509765625 0.1201171875 0.1669921875
0 0.51171875 0.42578125 0.0546875 0.060546875
0 0.337890625 0.728515625 0.0986328125 0.1201171875
1 0.578125 0.486328125 0.0283203125 0.0419921875
0 0.48828125 0.36328125 0.0419921875 0.0361328125
1 0.556640625 0.44921875 0.0234375 0.0419921875
1 0.4892578125 0.53125 0.041015625 0.0439453125
1 0.5439453125 0.607421875 0.046875 0.0810546875
1 0.130859375 0.5048828125 0.025390625 0.037109375
1 0.8564453125 0.625 0.0595703125 0.068359375
1 0.7314453125 0.62109375 0.087890625 0.0703125
1 0.634765625 0.505859375 0.0263671875 0.0498046875
0 0.732421875 0.5556640625 0.189453125 0.0732421875
1 0.0771484375 0.751953125 0.044921875 0.083984375
1 0.123046875 0.57421875 0.0263671875 0.048828125
1 0.599609375 0.701171875 0.044921875 0.0546875
1 0.548828125 0.3740234375 0.017578125 0.0263671875
1 0.529296875 0.37109375 0.0185546875 0.0234375
1 0.306640625 0.83203125 0.046875 0.0888671875
1 0.763671875 0.822265625 0.068359375 0.0986328125
1 0.3623046875 0.4443359375 0.03125 0.0390625
1 0.9365234375 0.626953125 0.0859375 0.0751953125
0 0.5078125 0.333984375 0.0341796875 0.029296875
1 0.2890625 0.455078125 0.056640625 0.046875
1 0.6044921875 0.4970703125 0.0341796875 0.046875
1 0.173828125 0.416015625 0.0205078125 0.017578125
1 0.7412109375 0.7548828125 0.060546875 0.0751953125
1 0.314453125 0.435546875 0.021484375 0.0234375
1 0.427734375 0.3984375 0.017578125 0.025390625
0 0.5390625 0.345703125 0.037109375 0.0283203125
1 0.654296875 0.607421875 0.048828125 0.056640625
1 0.4267578125 0.6796875 0.037109375 0.0439453125
1 0.4375 0.595703125 0.03125 0.0419921875
0 0.927734375 0.5654296875 0.1142578125 0.068359375
1 0.4208984375 0.49609375 0.0234375 0.0419921875
1 0.642578125 0.666015625 0.033203125 0.0654296875
1 0.6318359375 0.759765625 0.033203125 0.0517578125
1 0.3876953125 0.5908203125 0.0654296875 0.0498046875
1 0.03125 0.5615234375 0.041015625 0.0517578125
1 0.0244140625 0.78125 0.0263671875 0.0810546875
1 0.609375 0.62109375 0.0625 0.0546875
1 0.5283203125 0.5166015625 0.041015625 0.0361328125
1 0.0458984375 0.68359375 0.0361328125 0.0390625
1 0.134765625 0.796875 0.029296875 0.0625
1 0.0595703125 0.4765625 0.021484375 0.03125
1 0.6376953125 0.474609375 0.015625 0.0283203125
0 0.0791015625 0.2138671875 0.0361328125 0.015625
1 0.5419921875 0.556640625 0.037109375 0.0419921875
1 0.177734375 0.3251953125 0.0205078125 0.021484375
1 0.498046875 0.58203125 0.029296875 0.048828125
1 0.4599609375 0.669921875 0.033203125 0.078125
1 0.232421875 0.3447265625 0.015625 0.017578125
1 0.619140625 0.8486328125 0.0419921875 0.078125
1 0.744140625 0.5732421875 0.0341796875 0.03125
1 0.576171875 0.4072265625 0.013671875 0.0361328125
1 0.845703125 0.501953125 0.0517578125 0.0361328125
1 0.419921875 0.7509765625 0.0439453125 0.0546875
1 0.6806640625 0.7158203125 0.2265625 0.2998046875
1 0.5810546875 0.4501953125 0.015625 0.021484375
1 0.1962890625 0.322265625 0.017578125 0.0185546875
1 0.453125 0.359375 0.021484375 0.021484375
1 0.4716796875 0.3388671875 0.015625 0.0185546875
1 0.365234375 0.3232421875 0.021484375 0.0185546875
0 0.0927734375 0.4306640625 0.0703125 0.0361328125
1 0.564453125 0.3603515625 0.021484375 0.029296875
1 0.4482421875 0.5029296875 0.037109375 0.046875
1 0.3828125 0.3232421875 0.015625 0.0185546875
1 0.3271484375 0.3564453125 0.017578125 0.0283203125
1 0.3486328125 0.59765625 0.025390625 0.0673828125
1 0.552734375 0.4169921875 0.0126953125 0.025390625
1 0.8916015625 0.38671875 0.0205078125 0.029296875
0 0.1943359375 0.8740234375 0.091796875 0.029296875