0 0.126953125 0.728515625 0.111328125 0.1279296875
1 0.689453125 0.6357421875 0.046875 0.078125
1 0.7021484375 0.71484375 0.0517578125 0.0830078125
1 0.802734375 0.732421875 0.052734375 0.0986328125
0 0.181640625 0.552734375 0.076171875 0.0810546875
0 0.560546875 0.623046875 0.109375 0.1220703125
1 0.7666015625 0.6591796875 0.0390625 0.0595703125
0 0.529296875 0.5244140625 0.0751953125 0.0703125
1 0.7978515625 0.576171875 0.044921875 0.0595703125
0 0.3330078125 0.513671875 0.0654296875 0.072265625
1 0.76171875 0.8212890625 0.0576171875 0.1142578125
1 0.6396484375 0.5859375 0.0361328125 0.0625
1 0.6142578125 0.546875 0.025390625 0.046875
0 0.603515625 0.4521484375 0.076171875 0.0517578125
0 0.2998046875 0.4609375 0.052734375 0.046875
1 0.615234375 0.5029296875 0.0205078125 0.037109375
1 0.572265625 0.7509765625 0.0439453125 0.1015625
1 0.658203125 0.849609375 0.064453125 0.0830078125
1 0.9423828125 0.685546875 0.083984375 0.0888671875
1 0.5419921875 0.4208984375 0.0185546875 0.033203125
1 0.1044921875 0.591796875 0.0341796875 0.0546875
1 0.53125 0.458984375 0.0185546875 0.0390625
1 0.94140625 0.8623046875 0.060546875 0.0595703125
0 0.474609375 0.380859375 0.0390625 0.0439453125
1 0.6904296875 0.5458984375 0.0498046875 0.0576171875
1 0.83984375 0.5791015625 0.044921875 0.076171875
1 0.876953125 0.6689453125 0.076171875 0.0751953125
0 0.435546875 0.4130859375 0.044921875 0.048828125
0 0.478515625 0.44140625 0.046875 0.0517578125
0 0.1904296875 0.404296875 0.0498046875 0.0439453125
1 0.158203125 0.4677734375 0.021484375 0.033203125
0 0.251953125 0.384765625 0.056640625 0.041015625
1 0.2509765625 0.4853515625 0.017578125 0.029296875
1 0.1416015625 0.4892578125 0.017578125 0.03125
1 0.2685546875 0.603515625 0.025390625 0.0439453125
1 0.0654296875 0.478515625 0.0439453125 0.037109375
1 0.029296875 0.4912109375 0.0361328125 0.0390625
0 0.2158203125 0.453125 0.046875 0.0341796875
1 0.4794921875 0.5703125 0.0283203125 0.078125
1 0.591796875 0.3935546875 0.015625 0.03125
1 0.927734375 0.6103515625 0.0390625 0.0390625
1 0.1015625 0.478515625 0.037109375 0.037109375
0 0.5341796875 0.353515625 0.0341796875 0.033203125
1 0.5498046875 0.3955078125 0.0185546875 0.0283203125
1 0.8974609375 0.583984375 0.0419921875 0.048828125
0 0.03125 0.333984375 0.0185546875 0.0205078125
1 0.6474609375 0.533203125 0.0234375 0.046875
1 0.025390625 0.560546875 0.0263671875 0.0419921875
1 0.974609375 0.6376953125 0.029296875 0.056640625
0 0.267578125 0.41015625 0.0361328125 0.029296875
1 0.4365234375 0.5068359375 0.0205078125 0.0419921875
1 0.4384765625 0.36328125 0.017578125 0.0205078125
1 0.498046875 0.529296875 0.0126953125 0.041015625
1 0.1201171875 0.5556640625 0.0185546875 0.0234375
1 0.455078125 0.5009765625 0.0185546875 0.0419921875
1 0.673828125 0.779296875 0.044921875 0.080078125
0 0.353515625 0.3212890625 0.0341796875 0.017578125
1 0.8984375 0.7314453125 0.03125 0.078125
1 0.82421875 0.537109375 0.0205078125 0.0390625