0 0.345703125 0.6416015625 0.09375 0.1171875
0 0.669921875 0.75390625 0.1484375 0.1796875
0 0.6220703125 0.5966796875 0.087890625 0.115234375
1 0.3740234375 0.5078125 0.0263671875 0.037109375
0 0.21875 0.5849609375 0.0751953125 0.0888671875
0 0.482421875 0.5087890625 0.064453125 0.0703125
0 0.0927734375 0.3974609375 0.048828125 0.0361328125
0 0.5068359375 0.4130859375 0.0419921875 0.0517578125
0 0.3173828125 0.5146484375 0.0654296875 0.0673828125
1 0.6923828125 0.587890625 0.0439453125 0.0595703125
1 0.896484375 0.6513671875 0.0751953125 0.078125
1 0.4345703125 0.470703125 0.0185546875 0.03125
1 0.80078125 0.5771484375 0.044921875 0.064453125
1 0.7607421875 0.6357421875 0.0439453125 0.072265625
1 0.5888671875 0.5048828125 0.0185546875 0.03125
1 0.544921875 0.671875 0.0361328125 0.068359375
1 0.5771484375 0.603515625 0.0361328125 0.0654296875
0 0.228515625 0.4970703125 0.0595703125 0.0654296875
1 0.6845703125 0.53515625 0.0185546875 0.033203125
1 0.1689453125 0.541015625 0.021484375 0.03125
1 0.8623046875 0.591796875 0.072265625 0.0703125
0 0.498046875 0.3388671875 0.0263671875 0.0185546875
1 0.4140625 0.435546875 0.0185546875 0.0341796875
1 0.126953125 0.4287109375 0.0185546875 0.0263671875
1 0.4970703125 0.62890625 0.0341796875 0.0546875
1 0.0927734375 0.6728515625 0.033203125 0.0517578125
1 0.708984375 0.5556640625 0.0234375 0.0361328125
1 0.537109375 0.533203125 0.025390625 0.0361328125
1 0.5771484375 0.5595703125 0.0263671875 0.046875
1 0.5478515625 0.494140625 0.0205078125 0.0419921875
1 0.615234375 0.4482421875 0.013671875 0.0283203125
1 0.962890625 0.69921875 0.0498046875 0.0703125
0 0.287109375 0.4287109375 0.0439453125 0.048828125
1 0.609375 0.509765625 0.021484375 0.0263671875
1 0.486328125 0.455078125 0.0185546875 0.0283203125
1 0.123046875 0.568359375 0.041015625 0.044921875
1 0.5166015625 0.478515625 0.0205078125 0.037109375
1 0.5791015625 0.47265625 0.033203125 0.0517578125
1 0.1787109375 0.44921875 0.0234375 0.029296875
1 0.05859375 0.48046875 0.0234375 0.0361328125
1 0.2900390625 0.591796875 0.029296875 0.0341796875
1 0.1396484375 0.6044921875 0.0390625 0.0625
1 0.14453125 0.4462890625 0.0205078125 0.0234375
1 0.927734375 0.6083984375 0.044921875 0.0390625
1 0.2861328125 0.5439453125 0.015625 0.0341796875
0 0.1865234375 0.3515625 0.0234375 0.021484375
1 0.65234375 0.5205078125 0.017578125 0.025390625
1 0.541015625 0.587890625 0.0341796875 0.0654296875
0 0.2275390625 0.341796875 0.0234375 0.015625
1 0.029296875 0.568359375 0.0341796875 0.0595703125
0 0.4384765625 0.4267578125 0.044921875 0.056640625
1 0.841796875 0.84765625 0.0595703125 0.0830078125
0 0.10546875 0.8037109375 0.158203125 0.138671875
1 0.97265625 0.634765625 0.029296875 0.0625
1 0.046875 0.869140625 0.0283203125 0.0419921875
1 0.2451171875 0.45703125 0.03125 0.0361328125
0 0.3212890625 0.4013671875 0.0732421875 0.0439453125
1 0.107421875 0.486328125 0.0341796875 0.033203125
1 0.8994140625 0.544921875 0.0263671875 0.03125
1 0.732421875 0.5400390625 0.0419921875 0.0419921875
1 0.4189453125 0.392578125 0.0185546875 0.0234375
1 0.236328125 0.7783203125 0.0341796875 0.0498046875
1 0.4716796875 0.3681640625 0.021484375 0.029296875
1 0.5283203125 0.4443359375 0.0283203125 0.0361328125
1 0.111328125 0.876953125 0.0439453125 0.0283203125
1 0.2119140625 0.435546875 0.0517578125 0.0390625
1 0.4560546875 0.380859375 0.0185546875 0.025390625