0 0.322265625 0.798828125 0.150390625 0.1767578125
1 0.69140625 0.5478515625 0.048828125 0.0546875
0 0.501953125 0.44140625 0.0673828125 0.064453125
0 0.6220703125 0.666015625 0.150390625 0.1748046875
1 0.533203125 0.595703125 0.03125 0.064453125
1 0.568359375 0.533203125 0.03125 0.046875
0 0.314453125 0.6494140625 0.09375 0.111328125
1 0.412109375 0.6875 0.0419921875 0.0625
0 0.505859375 0.3466796875 0.03125 0.037109375
1 0.525390625 0.5322265625 0.03125 0.044921875
1 0.4404296875 0.431640625 0.021484375 0.037109375
1 0.9453125 0.689453125 0.078125 0.080078125
1 0.822265625 0.580078125 0.087890625 0.0830078125
0 0.2412109375 0.509765625 0.060546875 0.076171875
1 0.130859375 0.5810546875 0.033203125 0.0439453125
0 0.4814453125 0.353515625 0.03125 0.0361328125
1 0.68359375 0.615234375 0.0390625 0.0595703125
1 0.751953125 0.69921875 0.060546875 0.076171875
1 0.4033203125 0.4189453125 0.015625 0.0283203125
1 0.73046875 0.537109375 0.0419921875 0.046875
1 0.1044921875 0.7080078125 0.03125 0.0498046875
0 0.326171875 0.4921875 0.0673828125 0.0625
1 0.5087890625 0.404296875 0.013671875 0.0205078125
1 0.4697265625 0.396484375 0.013671875 0.03125
1 0.0595703125 0.4814453125 0.025390625 0.0341796875
1 0.4013671875 0.392578125 0.0185546875 0.0263671875
1 0.892578125 0.6494140625 0.078125 0.0703125
1 0.17578125 0.5966796875 0.033203125 0.0595703125
1 0.365234375 0.4580078125 0.0234375 0.0341796875
1 0.5634765625 0.390625 0.017578125 0.025390625
0 0.185546875 0.3232421875 0.056640625 0.025390625
1 0.7568359375 0.4853515625 0.029296875 0.0263671875
1 0.82421875 0.4921875 0.0419921875 0.0341796875
0 0.2529296875 0.396484375 0.046875 0.0498046875
1 0.5556640625 0.4306640625 0.0205078125 0.0263671875
1 0.591796875 0.396484375 0.017578125 0.0234375
0 0.54296875 0.3369140625 0.0361328125 0.029296875
1 0.205078125 0.533203125 0.0341796875 0.0439453125
1 0.353515625 0.39453125 0.015625 0.0263671875
0 0.150390625 0.431640625 0.0439453125 0.0341796875
1 0.0634765625 0.7705078125 0.044921875 0.0654296875
1 0.431640625 0.369140625 0.0185546875 0.029296875
1 0.2138671875 0.4130859375 0.0283203125 0.033203125
1 0.91015625 0.5185546875 0.0390625 0.046875
1 0.3798828125 0.3564453125 0.0185546875 0.021484375
1 0.1083984375 0.642578125 0.0419921875 0.046875
1 0.361328125 0.369140625 0.015625 0.017578125
1 0.8896484375 0.5849609375 0.0419921875 0.0546875
1 0.4111328125 0.36328125 0.0126953125 0.017578125
1 0.453125 0.365234375 0.021484375 0.03125
1 0.966796875 0.5234375 0.029296875 0.03125
1 0.212890625 0.587890625 0.0341796875 0.052734375
1 0.037109375 0.576171875 0.048828125 0.0703125
1 0.9599609375 0.626953125 0.0390625 0.056640625
0 0.3515625 0.3212890625 0.03125 0.017578125
1 0.1103515625 0.486328125 0.0361328125 0.037109375
1 0.8447265625 0.541015625 0.0234375 0.029296875
1 0.142578125 0.349609375 0.0263671875 0.03125
1 0.638671875 0.443359375 0.044921875 0.0341796875
1 0.490234375 0.3994140625 0.0126953125 0.0205078125