1 0.705078125 0.630859375 0.0390625 0.0654296875
0 0.5107421875 0.568359375 0.087890625 0.099609375
1 0.375 0.572265625 0.025390625 0.052734375
1 0.6279296875 0.5361328125 0.0283203125 0.046875
1 0.6123046875 0.5048828125 0.025390625 0.041015625
0 0.54296875 0.4912109375 0.080078125 0.1044921875
1 0.642578125 0.630859375 0.041015625 0.068359375
0 0.587890625 0.701171875 0.140625 0.1640625
1 0.767578125 0.669921875 0.0546875 0.0654296875
0 0.564453125 0.4208984375 0.041015625 0.048828125
1 0.416015625 0.505859375 0.025390625 0.046875
1 0.3837890625 0.7021484375 0.0390625 0.0546875
0 0.310546875 0.443359375 0.048828125 0.0419921875
1 0.123046875 0.5830078125 0.0263671875 0.046875
1 0.896484375 0.80078125 0.072265625 0.0986328125
1 0.8056640625 0.5947265625 0.0517578125 0.0576171875
1 0.28515625 0.580078125 0.033203125 0.0595703125
1 0.884765625 0.6630859375 0.0810546875 0.076171875
1 0.28125 0.5068359375 0.0283203125 0.0419921875
0 0.3408203125 0.494140625 0.056640625 0.060546875
0 0.08984375 0.400390625 0.044921875 0.029296875
1 0.7646484375 0.791015625 0.0576171875 0.076171875
1 0.2109375 0.5830078125 0.0341796875 0.052734375
1 0.125 0.6435546875 0.025390625 0.041015625
1 0.4150390625 0.4599609375 0.0205078125 0.033203125
1 0.6767578125 0.5400390625 0.025390625 0.0390625
1 0.49609375 0.447265625 0.029296875 0.0419921875
1 0.158203125 0.5400390625 0.03125 0.0517578125
1 0.9580078125 0.669921875 0.056640625 0.078125
1 0.697265625 0.5615234375 0.033203125 0.0546875
1 0.86328125 0.591796875 0.080078125 0.072265625
0 0.2275390625 0.345703125 0.033203125 0.029296875
0 0.513671875 0.3564453125 0.0361328125 0.0283203125
1 0.0283203125 0.5615234375 0.03125 0.0419921875
1 0.72265625 0.5322265625 0.0517578125 0.048828125
1 0.228515625 0.533203125 0.025390625 0.0361328125
1 0.517578125 0.41015625 0.0185546875 0.0234375
1 0.2109375 0.45703125 0.0126953125 0.0263671875
0 0.328125 0.826171875 0.125 0.1015625
0 0.189453125 0.3486328125 0.029296875 0.025390625
1 0.7138671875 0.5849609375 0.021484375 0.029296875
1 0.09765625 0.419921875 0.017578125 0.0263671875
1 0.841796875 0.5546875 0.029296875 0.046875
0 0.197265625 0.5 0.0595703125 0.041015625
1 0.927734375 0.6103515625 0.0419921875 0.0361328125
1 0.7900390625 0.552734375 0.0263671875 0.0341796875
1 0.12890625 0.435546875 0.017578125 0.0234375
1 0.439453125 0.501953125 0.029296875 0.037109375
1 0.1103515625 0.7158203125 0.0390625 0.0654296875
1 0.2216796875 0.7763671875 0.03125 0.072265625
0 0.458984375 0.4375 0.056640625 0.056640625
0 0.5458984375 0.3671875 0.029296875 0.0185546875
1 0.6123046875 0.4677734375 0.0185546875 0.0263671875
1 0.44140625 0.3642578125 0.0205078125 0.0283203125
1 0.068359375 0.478515625 0.0419921875 0.0390625
1 0.904296875 0.544921875 0.017578125 0.0234375
1 0.861328125 0.5576171875 0.015625 0.021484375
1 0.6953125 0.521484375 0.015625 0.0283203125
1 0.587890625 0.3935546875 0.0283203125 0.037109375
1 0.4140625 0.4326171875 0.015625 0.03125
1 0.5703125 0.4892578125 0.0185546875 0.041015625
0 0.205078125 0.4306640625 0.048828125 0.033203125
1 0.484375 0.49609375 0.021484375 0.029296875
1 0.4580078125 0.73046875 0.0341796875 0.0732421875
1 0.447265625 0.666015625 0.029296875 0.060546875
0 0.478515625 0.3671875 0.0283203125 0.021484375