0 0.3232421875 0.798828125 0.146484375 0.1767578125
1 0.59765625 0.6630859375 0.044921875 0.0732421875
1 0.6513671875 0.6083984375 0.041015625 0.0546875
0 0.31640625 0.650390625 0.091796875 0.109375
1 0.3984375 0.6123046875 0.03125 0.0751953125
1 0.826171875 0.759765625 0.064453125 0.0830078125
1 0.51171875 0.419921875 0.0263671875 0.029296875
0 0.240234375 0.513671875 0.0654296875 0.0810546875
1 0.6943359375 0.5498046875 0.0517578125 0.052734375
1 0.8212890625 0.5810546875 0.0859375 0.0810546875
0 0.529296875 0.4736328125 0.078125 0.0810546875
1 0.5458984375 0.431640625 0.0234375 0.0234375
1 0.0830078125 0.6796875 0.0341796875 0.0625
1 0.39453125 0.423828125 0.0205078125 0.0341796875
1 0.6865234375 0.6767578125 0.048828125 0.052734375
0 0.505859375 0.3447265625 0.0283203125 0.0361328125
1 0.564453125 0.3896484375 0.0185546875 0.0263671875
1 0.12890625 0.5419921875 0.029296875 0.0498046875
1 0.869140625 0.662109375 0.0830078125 0.083984375
1 0.947265625 0.689453125 0.0751953125 0.0810546875
0 0.326171875 0.4912109375 0.068359375 0.060546875
1 0.591796875 0.3955078125 0.0185546875 0.025390625
1 0.1181640625 0.6279296875 0.0361328125 0.0625
1 0.173828125 0.5751953125 0.03125 0.056640625
1 0.6181640625 0.4375 0.0263671875 0.03125
1 0.0595703125 0.4794921875 0.0283203125 0.037109375
1 0.6015625 0.615234375 0.037109375 0.041015625
0 0.3203125 0.548828125 0.072265625 0.080078125
0 0.4794921875 0.3564453125 0.03125 0.037109375
1 0.142578125 0.5048828125 0.0234375 0.041015625
0 0.541015625 0.3359375 0.037109375 0.03125
1 0.083984375 0.486328125 0.0263671875 0.0361328125
1 0.4248046875 0.4453125 0.015625 0.0283203125
1 0.044921875 0.5869140625 0.0263671875 0.0673828125
1 0.4921875 0.5087890625 0.021484375 0.0361328125
1 0.4248046875 0.41796875 0.0185546875 0.033203125
0 0.251953125 0.396484375 0.048828125 0.0498046875
1 0.6376953125 0.458984375 0.0341796875 0.037109375
1 0.1865234375 0.52734375 0.033203125 0.044921875
0 0.1455078125 0.4248046875 0.046875 0.041015625
0 0.7314453125 0.78515625 0.197265625 0.1953125
1 0.7158203125 0.515625 0.037109375 0.0341796875
1 0.4013671875 0.361328125 0.021484375 0.021484375
1 0.94140625 0.6123046875 0.0830078125 0.068359375
1 0.212890625 0.412109375 0.029296875 0.0361328125
1 0.4658203125 0.439453125 0.0126953125 0.0234375
1 0.1337890625 0.873046875 0.076171875 0.0390625
1 0.943359375 0.515625 0.029296875 0.0283203125
1 0.8935546875 0.583984375 0.041015625 0.052734375
1 0.896484375 0.5400390625 0.029296875 0.033203125
1 0.923828125 0.87109375 0.0517578125 0.0419921875
1 0.3662109375 0.39453125 0.0205078125 0.0390625
1 0.9716796875 0.5234375 0.025390625 0.025390625
1 0.044921875 0.8408203125 0.0576171875 0.09375
1 0.4541015625 0.4169921875 0.017578125 0.0439453125
1 0.5458984375 0.4111328125 0.013671875 0.025390625
1 0.1318359375 0.470703125 0.0205078125 0.0234375
0 0.0751953125 0.3173828125 0.041015625 0.03125
1 0.845703125 0.541015625 0.021484375 0.029296875
1 0.275390625 0.7470703125 0.0185546875 0.03125
1 0.4658203125 0.671875 0.025390625 0.0654296875
1 0.19921875 0.486328125 0.029296875 0.0419921875