0 0.193359375 0.7490234375 0.123046875 0.1640625
0 0.5126953125 0.419921875 0.0498046875 0.052734375
0 0.337890625 0.7275390625 0.0966796875 0.1201171875
0 0.486328125 0.35546875 0.0517578125 0.044921875
0 0.5400390625 0.3544921875 0.044921875 0.046875
1 0.068359375 0.5400390625 0.0263671875 0.0361328125
1 0.51953125 0.470703125 0.048828125 0.0498046875
1 0.6123046875 0.4951171875 0.03125 0.041015625
1 0.580078125 0.48828125 0.025390625 0.0361328125
1 0.263671875 0.4580078125 0.0205078125 0.0283203125
1 0.634765625 0.5107421875 0.025390625 0.041015625
0 0.896484375 0.580078125 0.1796875 0.0888671875
1 0.1455078125 0.513671875 0.025390625 0.041015625
1 0.4677734375 0.427734375 0.0205078125 0.029296875
1 0.470703125 0.486328125 0.025390625 0.0283203125
0 0.3603515625 0.4736328125 0.1015625 0.0595703125
0 0.509765625 0.333984375 0.03125 0.029296875
1 0.4140625 0.810546875 0.041015625 0.0546875
1 0.1025390625 0.60546875 0.033203125 0.076171875
1 0.068359375 0.478515625 0.0361328125 0.033203125
1 0.1474609375 0.4482421875 0.017578125 0.0283203125
1 0.458984375 0.7841796875 0.0361328125 0.056640625
1 0.49609375 0.4541015625 0.017578125 0.0263671875
1 0.5654296875 0.3720703125 0.03125 0.0283203125
1 0.3623046875 0.345703125 0.0185546875 0.0205078125
1 0.572265625 0.5595703125 0.0595703125 0.046875
1 0.4267578125 0.677734375 0.041015625 0.0439453125
1 0.5595703125 0.451171875 0.015625 0.021484375
1 0.306640625 0.833984375 0.048828125 0.0888671875
1 0.0791015625 0.755859375 0.044921875 0.0751953125
1 0.4111328125 0.521484375 0.0498046875 0.041015625
1 0.5126953125 0.37109375 0.0185546875 0.0205078125
1 0.1875 0.4619140625 0.03125 0.0390625
1 0.4765625 0.4521484375 0.0185546875 0.0234375
1 0.1328125 0.4228515625 0.0185546875 0.0263671875
1 0.166015625 0.419921875 0.029296875 0.03125
1 0.025390625 0.572265625 0.0283203125 0.0419921875
1 0.2099609375 0.4189453125 0.017578125 0.025390625
1 0.4365234375 0.36328125 0.013671875 0.0234375
1 0.619140625 0.462890625 0.021484375 0.0283203125
1 0.806640625 0.6171875 0.0361328125 0.0439453125
1 0.587890625 0.4501953125 0.015625 0.025390625
1 0.6435546875 0.4716796875 0.021484375 0.0283203125
1 0.5830078125 0.41015625 0.0126953125 0.0234375
1 0.482421875 0.412109375 0.021484375 0.029296875
1 0.025390625 0.3740234375 0.0126953125 0.0205078125
1 0.16015625 0.3662109375 0.013671875 0.017578125
1 0.197265625 0.326171875 0.0185546875 0.0234375
1 0.4208984375 0.744140625 0.048828125 0.0576171875
1 0.853515625 0.6552734375 0.0361328125 0.048828125
1 0.1787109375 0.326171875 0.0205078125 0.021484375
0 0.06640625 0.3466796875 0.0263671875 0.025390625
1 0.052734375 0.3828125 0.0361328125 0.021484375
1 0.6787109375 0.53125 0.048828125 0.052734375
0 0.23046875 0.365234375 0.0576171875 0.0361328125
1 0.017578125 0.498046875 0.013671875 0.033203125
1 0.455078125 0.361328125 0.021484375 0.025390625
1 0.59375 0.466796875 0.015625 0.0205078125
1 0.5849609375 0.3818359375 0.0107421875 0.0234375
1 0.6337890625 0.443359375 0.029296875 0.029296875
1 0.849609375 0.6123046875 0.0283203125 0.041015625
1 0.1240234375 0.361328125 0.013671875 0.017578125
1 0.455078125 0.71875 0.0185546875 0.025390625
1 0.0908203125 0.6494140625 0.0283203125 0.044921875
0 0.201171875 0.875 0.091796875 0.0283203125
1 0.8916015625 0.3857421875 0.017578125 0.025390625
1 0.2958984375 0.6865234375 0.0205078125 0.0234375
1 0.5595703125 0.4921875 0.208984375 0.1533203125