0 0.1484375 0.63671875 0.083984375 0.095703125
0 0.6259765625 0.7275390625 0.158203125 0.185546875
1 0.677734375 0.658203125 0.0390625 0.0654296875
0 0.568359375 0.5830078125 0.0986328125 0.1123046875
1 0.5927734375 0.5185546875 0.0234375 0.0625
1 0.5380859375 0.4443359375 0.0205078125 0.033203125
1 0.822265625 0.587890625 0.0673828125 0.072265625
0 0.185546875 0.5078125 0.080078125 0.0751953125
1 0.412109375 0.447265625 0.0283203125 0.0390625
0 0.4853515625 0.4755859375 0.0673828125 0.0673828125
1 0.75390625 0.732421875 0.048828125 0.080078125
1 0.8447265625 0.826171875 0.076171875 0.1220703125
1 0.2666015625 0.6513671875 0.0390625 0.0595703125
1 0.9052734375 0.669921875 0.0888671875 0.091796875
1 0.681640625 0.578125 0.037109375 0.0439453125
1 0.75 0.6572265625 0.0498046875 0.0576171875
1 0.5576171875 0.4814453125 0.021484375 0.0439453125
0 0.314453125 0.478515625 0.0576171875 0.0595703125
0 0.28515625 0.439453125 0.0546875 0.044921875
1 0.5263671875 0.658203125 0.041015625 0.056640625
1 0.3017578125 0.744140625 0.041015625 0.0966796875
1 0.4853515625 0.5419921875 0.029296875 0.046875
0 0.708984375 0.4716796875 0.0966796875 0.052734375
1 0.5908203125 0.44140625 0.025390625 0.0361328125
1 0.23828125 0.4404296875 0.017578125 0.0283203125
1 0.064453125 0.4775390625 0.037109375 0.0390625
0 0.9248046875 0.5869140625 0.1220703125 0.1015625
1 0.728515625 0.5380859375 0.0439453125 0.048828125
0 0.1826171875 0.359375 0.0341796875 0.021484375
0 0.2041015625 0.421875 0.044921875 0.041015625
1 0.2431640625 0.4873046875 0.0205078125 0.037109375
1 0.470703125 0.431640625 0.0263671875 0.0361328125
1 0.962890625 0.685546875 0.046875 0.0625
1 0.486328125 0.61328125 0.037109375 0.0673828125
1 0.44140625 0.419921875 0.017578125 0.033203125
0 0.2529296875 0.4013671875 0.041015625 0.0341796875
1 0.13671875 0.49609375 0.029296875 0.048828125
0 0.1826171875 0.3896484375 0.0439453125 0.0390625
1 0.818359375 0.771484375 0.03125 0.0498046875
0 0.2265625 0.3544921875 0.0283203125 0.0185546875
1 0.8984375 0.544921875 0.0341796875 0.0361328125
1 0.591796875 0.4033203125 0.013671875 0.025390625
1 0.5419921875 0.412109375 0.021484375 0.037109375
1 0.029296875 0.5654296875 0.0341796875 0.0498046875
1 0.1328125 0.4462890625 0.025390625 0.029296875
1 0.8125 0.5400390625 0.0283203125 0.044921875
1 0.1650390625 0.416015625 0.017578125 0.0263671875
1 0.955078125 0.6298828125 0.0341796875 0.0498046875
0 0.376953125 0.587890625 0.09375 0.1298828125
1 0.509765625 0.3984375 0.021484375 0.037109375
1 0.2451171875 0.6943359375 0.03125 0.0732421875
1 0.13671875 0.7197265625 0.0205078125 0.029296875
0 0.318359375 0.3974609375 0.087890625 0.044921875
1 0.0244140625 0.484375 0.0263671875 0.041015625