0 0.208984375 0.59765625 0.0888671875 0.091796875
1 0.150390625 0.5263671875 0.021484375 0.037109375
1 0.796875 0.810546875 0.0595703125 0.0810546875
1 0.0966796875 0.6708984375 0.0341796875 0.060546875
0 0.669921875 0.609375 0.103515625 0.1279296875
0 0.541015625 0.4638671875 0.052734375 0.0625
1 0.2119140625 0.7626953125 0.0517578125 0.09375
1 0.685546875 0.544921875 0.044921875 0.048828125
1 0.2802734375 0.630859375 0.0390625 0.0595703125
1 0.798828125 0.587890625 0.0419921875 0.056640625
1 0.1865234375 0.5009765625 0.0234375 0.044921875
1 0.556640625 0.5654296875 0.025390625 0.046875
1 0.61328125 0.5361328125 0.029296875 0.037109375
1 0.732421875 0.537109375 0.037109375 0.044921875
1 0.2578125 0.49609375 0.021484375 0.0390625
1 0.126953125 0.423828125 0.0205078125 0.0263671875
1 0.1748046875 0.458984375 0.0283203125 0.029296875
1 0.25 0.4619140625 0.021484375 0.0361328125
1 0.5498046875 0.6474609375 0.0283203125 0.044921875
1 0.4306640625 0.46875 0.017578125 0.03125
0 0.521484375 0.4169921875 0.044921875 0.041015625
0 0.5595703125 0.3935546875 0.0341796875 0.0439453125
1 0.5830078125 0.638671875 0.025390625 0.044921875
1 0.384765625 0.505859375 0.025390625 0.052734375
1 0.3642578125 0.4599609375 0.0185546875 0.029296875
1 0.232421875 0.513671875 0.0234375 0.0439453125
1 0.119140625 0.5771484375 0.029296875 0.048828125
1 0.306640625 0.513671875 0.021484375 0.037109375
1 0.28515625 0.47265625 0.0205078125 0.029296875
1 0.9677734375 0.6982421875 0.0419921875 0.072265625
1 0.0595703125 0.482421875 0.025390625 0.03125
0 0.46484375 0.4072265625 0.0419921875 0.0361328125
1 0.8447265625 0.6025390625 0.048828125 0.048828125
1 0.8984375 0.6533203125 0.072265625 0.068359375
1 0.4697265625 0.4404296875 0.017578125 0.0283203125
1 0.1923828125 0.3759765625 0.025390625 0.029296875
1 0.58203125 0.548828125 0.029296875 0.0439453125
1 0.236328125 0.390625 0.021484375 0.025390625
1 0.25390625 0.408203125 0.033203125 0.0283203125
0 0.490234375 0.3583984375 0.041015625 0.0390625
1 0.2265625 0.4560546875 0.021484375 0.037109375
0 0.2255859375 0.359375 0.0263671875 0.025390625
1 0.216796875 0.40625 0.0283203125 0.0341796875
1 0.896484375 0.5419921875 0.0341796875 0.0341796875
1 0.1572265625 0.4150390625 0.0205078125 0.029296875
1 0.623046875 0.6533203125 0.0419921875 0.052734375
1 0.4326171875 0.388671875 0.015625 0.021484375
1 0.4111328125 0.4189453125 0.0185546875 0.021484375
1 0.27734375 0.4384765625 0.0361328125 0.029296875
1 0.251953125 0.435546875 0.017578125 0.0283203125
0 0.5380859375 0.3525390625 0.029296875 0.033203125
1 0.3525390625 0.4189453125 0.0205078125 0.0283203125
1 0.5849609375 0.7373046875 0.0546875 0.099609375
1 0.607421875 0.5009765625 0.041015625 0.044921875
1 0.6357421875 0.4384765625 0.037109375 0.033203125
1 0.921875 0.60546875 0.037109375 0.033203125
1 0.111328125 0.484375 0.037109375 0.0341796875
1 0.021484375 0.478515625 0.021484375 0.037109375
1 0.2529296875 0.4775390625 0.119140625 0.107421875
1 0.7138671875 0.5087890625 0.025390625 0.029296875
1 0.9736328125 0.630859375 0.03125 0.0595703125
1 0.46484375 0.369140625 0.013671875 0.0205078125
1 0.951171875 0.5302734375 0.021484375 0.017578125
1 0.23046875 0.4248046875 0.017578125 0.021484375
1 0.8955078125 0.5869140625 0.041015625 0.0546875
1 0.0849609375 0.412109375 0.017578125 0.021484375
1 0.841796875 0.556640625 0.029296875 0.0498046875
1 0.7275390625 0.8525390625 0.0361328125 0.0673828125
1 0.7890625 0.5517578125 0.025390625 0.0283203125
1 0.689453125 0.51171875 0.017578125 0.0234375
1 0.5458984375 0.7958984375 0.048828125 0.0263671875
1 0.0771484375 0.337890625 0.0205078125 0.0185546875
1 0.7158203125 0.794921875 0.03125 0.060546875
0 0.3525390625 0.3203125 0.033203125 0.0185546875
1 0.8154296875 0.5361328125 0.021484375 0.0341796875
1 0.642578125 0.861328125 0.046875 0.0546875
1 0.025390625 0.373046875 0.013671875 0.021484375