0 0.193359375 0.7490234375 0.123046875 0.1611328125
0 0.3369140625 0.7255859375 0.0986328125 0.1171875
0 0.51171875 0.42578125 0.048828125 0.0517578125
1 0.673828125 0.6572265625 0.048828125 0.0576171875
1 0.576171875 0.6611328125 0.0419921875 0.056640625
1 0.587890625 0.4765625 0.0341796875 0.046875
1 0.54296875 0.705078125 0.0419921875 0.083984375
1 0.4140625 0.5263671875 0.0439453125 0.052734375
1 0.7509765625 0.705078125 0.076171875 0.0859375
0 0.6640625 0.765625 0.1591796875 0.171875
1 0.4296875 0.673828125 0.041015625 0.060546875
0 0.4921875 0.3583984375 0.037109375 0.033203125
1 0.8037109375 0.642578125 0.0390625 0.0498046875
1 0.486328125 0.48828125 0.0283203125 0.0390625
1 0.4287109375 0.4580078125 0.029296875 0.0283203125
0 0.927734375 0.580078125 0.1171875 0.064453125
1 0.529296875 0.486328125 0.0419921875 0.0419921875
1 0.55859375 0.529296875 0.0361328125 0.056640625
1 0.5029296875 0.6416015625 0.0439453125 0.060546875
1 0.498046875 0.451171875 0.017578125 0.0234375
1 0.56640625 0.4150390625 0.0205078125 0.0361328125
1 0.5205078125 0.525390625 0.03125 0.048828125
1 0.5400390625 0.404296875 0.033203125 0.0419921875
1 0.69921875 0.5791015625 0.0673828125 0.0576171875
1 0.6337890625 0.60546875 0.033203125 0.0517578125
1 0.0810546875 0.7509765625 0.0498046875 0.1015625
1 0.728515625 0.634765625 0.048828125 0.0498046875
1 0.62890625 0.6484375 0.0361328125 0.0498046875
1 0.6064453125 0.55078125 0.03125 0.0390625
0 0.537109375 0.3447265625 0.033203125 0.0263671875
0 0.88671875 0.8369140625 0.1767578125 0.1044921875
1 0.7841796875 0.5849609375 0.068359375 0.044921875
1 0.474609375 0.423828125 0.0234375 0.0234375
1 0.5859375 0.615234375 0.037109375 0.0576171875
1 0.626953125 0.451171875 0.0341796875 0.029296875
1 0.6298828125 0.4775390625 0.021484375 0.0263671875
1 0.439453125 0.513671875 0.0205078125 0.0419921875
1 0.9462890625 0.638671875 0.048828125 0.052734375
1 0.6552734375 0.515625 0.0576171875 0.041015625
1 0.296875 0.5986328125 0.0654296875 0.0439453125
1 0.1943359375 0.337890625 0.0205078125 0.0205078125
1 0.0751953125 0.630859375 0.03125 0.046875
1 0.388671875 0.431640625 0.0263671875 0.0263671875
1 0.8505859375 0.6435546875 0.033203125 0.0595703125
1 0.69921875 0.5068359375 0.0263671875 0.033203125
1 0.03125 0.818359375 0.0439453125 0.083984375
1 0.525390625 0.568359375 0.021484375 0.033203125
1 0.1826171875 0.626953125 0.0283203125 0.052734375
1 0.8818359375 0.63671875 0.0361328125 0.0732421875
1 0.341796875 0.4189453125 0.0263671875 0.021484375
1 0.548828125 0.373046875 0.017578125 0.029296875
0 0.240234375 0.37890625 0.0654296875 0.033203125
1 0.4658203125 0.671875 0.0283203125 0.068359375
1 0.2275390625 0.615234375 0.029296875 0.0517578125
1 0.654296875 0.458984375 0.017578125 0.0283203125
1 0.6728515625 0.591796875 0.2109375 0.2138671875
1 0.689453125 0.458984375 0.03125 0.0283203125
1 0.341796875 0.591796875 0.046875 0.056640625
0 0.353515625 0.3212890625 0.0341796875 0.017578125
1 0.6142578125 0.51953125 0.021484375 0.029296875
1 0.060546875 0.478515625 0.0234375 0.037109375
1 0.0244140625 0.564453125 0.0234375 0.0498046875
1 0.45703125 0.3603515625 0.0263671875 0.0263671875
1 0.07421875 0.337890625 0.013671875 0.0205078125
1 0.310546875 0.8681640625 0.044921875 0.044921875
1 0.408203125 0.4921875 0.0185546875 0.03125
1 0.580078125 0.3681640625 0.021484375 0.033203125
1 0.3291015625 0.357421875 0.0205078125 0.025390625
1 0.7158203125 0.5263671875 0.0185546875 0.0283203125
1 0.4794921875 0.5751953125 0.021484375 0.03125
1 0.48046875 0.50390625 0.169921875 0.1767578125
1 0.9765625 0.62109375 0.021484375 0.0673828125
1 0.8359375 0.533203125 0.0810546875 0.0517578125
1 0.84375 0.578125 0.0185546875 0.03125
1 0.109375 0.486328125 0.0341796875 0.0341796875
1 0.4541015625 0.4345703125 0.013671875 0.03125
1 0.9326171875 0.603515625 0.025390625 0.037109375
1 0.416015625 0.591796875 0.037109375 0.078125