0 0.32421875 0.80078125 0.142578125 0.1767578125
0 0.1083984375 0.634765625 0.0859375 0.103515625
0 0.1982421875 0.67578125 0.109375 0.1201171875
0 0.537109375 0.529296875 0.0966796875 0.099609375
0 0.240234375 0.5078125 0.0625 0.072265625
0 0.31640625 0.6494140625 0.0888671875 0.111328125
0 0.224609375 0.5771484375 0.078125 0.0888671875
1 0.658203125 0.591796875 0.0517578125 0.060546875
1 0.8173828125 0.5869140625 0.0751953125 0.0703125
1 0.564453125 0.46875 0.021484375 0.037109375
0 0.3251953125 0.486328125 0.0654296875 0.064453125
1 0.892578125 0.6513671875 0.0888671875 0.0810546875
0 0.3203125 0.5498046875 0.072265625 0.0810546875
0 0.474609375 0.361328125 0.0341796875 0.0283203125
1 0.068359375 0.748046875 0.044921875 0.0810546875
0 0.25390625 0.40625 0.0546875 0.041015625
1 0.517578125 0.455078125 0.029296875 0.048828125
0 0.232421875 0.349609375 0.029296875 0.033203125
1 0.681640625 0.537109375 0.0283203125 0.037109375
1 0.1357421875 0.740234375 0.052734375 0.0576171875
1 0.7041015625 0.5498046875 0.029296875 0.037109375
1 0.9599609375 0.701171875 0.0546875 0.0732421875
1 0.4619140625 0.4697265625 0.0419921875 0.048828125
1 0.044921875 0.60546875 0.025390625 0.048828125
1 0.189453125 0.5029296875 0.025390625 0.041015625
1 0.6083984375 0.4853515625 0.0205078125 0.044921875
1 0.494140625 0.43359375 0.0234375 0.044921875
1 0.423828125 0.447265625 0.0205078125 0.033203125
1 0.546875 0.462890625 0.0185546875 0.033203125
1 0.451171875 0.369140625 0.0205078125 0.021484375
0 0.5224609375 0.337890625 0.060546875 0.0439453125
1 0.146484375 0.3955078125 0.017578125 0.025390625
1 0.20703125 0.8095703125 0.0419921875 0.068359375
1 0.9326171875 0.611328125 0.046875 0.048828125
1 0.0615234375 0.4794921875 0.029296875 0.037109375
1 0.8984375 0.546875 0.037109375 0.03125
0 0.1884765625 0.3583984375 0.033203125 0.0263671875
1 0.89453125 0.58984375 0.0517578125 0.0576171875
1 0.03125 0.564453125 0.037109375 0.0517578125
0 0.3515625 0.3193359375 0.03125 0.017578125
0 0.525390625 0.37890625 0.037109375 0.033203125
1 0.1728515625 0.419921875 0.0205078125 0.033203125
1 0.419921875 0.662109375 0.0234375 0.0419921875
1 0.6630859375 0.505859375 0.017578125 0.033203125
1 0.216796875 0.41015625 0.015625 0.033203125
1 0.97265625 0.6318359375 0.033203125 0.060546875
1 0.4423828125 0.392578125 0.0283203125 0.0341796875
1 0.814453125 0.5341796875 0.0263671875 0.041015625
1 0.2392578125 0.6455078125 0.0283203125 0.0439453125
1 0.6455078125 0.443359375 0.046875 0.037109375
1 0.134765625 0.4443359375 0.0234375 0.0234375
1 0.5400390625 0.423828125 0.138671875 0.1484375