0 0.322265625 0.80078125 0.142578125 0.1767578125
1 0.67578125 0.630859375 0.0419921875 0.064453125
0 0.1494140625 0.5107421875 0.060546875 0.0625
0 0.1982421875 0.677734375 0.099609375 0.119140625
0 0.3173828125 0.634765625 0.087890625 0.1064453125
1 0.568359375 0.556640625 0.0263671875 0.0546875
1 0.802734375 0.595703125 0.0498046875 0.0732421875
1 0.62109375 0.548828125 0.033203125 0.0517578125
1 0.79296875 0.724609375 0.0517578125 0.0654296875
1 0.7041015625 0.552734375 0.029296875 0.046875
1 0.1044921875 0.55078125 0.03125 0.0419921875
1 0.591796875 0.724609375 0.0419921875 0.0810546875
1 0.666015625 0.5556640625 0.029296875 0.0517578125
0 0.2275390625 0.5791015625 0.080078125 0.0888671875
1 0.6396484375 0.7060546875 0.044921875 0.0810546875
0 0.240234375 0.505859375 0.0625 0.064453125
0 0.3134765625 0.4970703125 0.0576171875 0.0654296875
1 0.5517578125 0.615234375 0.0341796875 0.0830078125
1 0.5625 0.4443359375 0.025390625 0.0419921875
1 0.947265625 0.689453125 0.072265625 0.080078125
0 0.51953125 0.4248046875 0.0546875 0.0654296875
1 0.7255859375 0.7216796875 0.0419921875 0.068359375
1 0.7412109375 0.787109375 0.0576171875 0.0966796875
0 0.205078125 0.4130859375 0.0390625 0.0390625
1 0.5888671875 0.462890625 0.025390625 0.041015625
1 0.1513671875 0.576171875 0.0341796875 0.0830078125
1 0.6181640625 0.4970703125 0.0263671875 0.041015625
1 0.619140625 0.625 0.029296875 0.0625
1 0.841796875 0.6005859375 0.041015625 0.044921875
1 0.546875 0.517578125 0.025390625 0.037109375
0 0.4951171875 0.361328125 0.041015625 0.041015625
1 0.0908203125 0.6591796875 0.041015625 0.0654296875
1 0.8408203125 0.556640625 0.041015625 0.0498046875
1 0.0302734375 0.5712890625 0.0361328125 0.048828125
1 0.3798828125 0.494140625 0.021484375 0.0390625
1 0.056640625 0.482421875 0.0263671875 0.03125
1 0.591796875 0.4990234375 0.015625 0.033203125
1 0.892578125 0.6484375 0.072265625 0.0751953125
0 0.3115234375 0.451171875 0.060546875 0.0439453125
1 0.609375 0.4638671875 0.0185546875 0.0341796875
1 0.8271484375 0.7021484375 0.0419921875 0.0673828125
1 0.73046875 0.541015625 0.0390625 0.046875
1 0.2392578125 0.646484375 0.0283203125 0.048828125
1 0.5888671875 0.6787109375 0.021484375 0.0361328125
1 0.13671875 0.7216796875 0.048828125 0.0498046875
1 0.9326171875 0.6083984375 0.0625 0.0517578125
0 0.2080078125 0.3466796875 0.03125 0.0283203125
1 0.896484375 0.5869140625 0.0390625 0.060546875
0 0.5234375 0.3828125 0.0341796875 0.0341796875
1 0.177734375 0.40625 0.021484375 0.03125
1 0.796875 0.6611328125 0.052734375 0.072265625
1 0.0810546875 0.5986328125 0.0341796875 0.0439453125
1 0.466796875 0.361328125 0.025390625 0.03125
1 0.0791015625 0.3427734375 0.017578125 0.0205078125
1 0.1884765625 0.462890625 0.017578125 0.0341796875
1 0.447265625 0.4013671875 0.017578125 0.0283203125
1 0.359375 0.4375 0.0185546875 0.0283203125
0 0.2958984375 0.404296875 0.0576171875 0.0595703125
1 0.9755859375 0.626953125 0.0263671875 0.0576171875
1 0.021484375 0.4736328125 0.0205078125 0.025390625
1 0.259765625 0.8671875 0.0419921875 0.046875
1 0.6376953125 0.439453125 0.0341796875 0.037109375
1 0.5810546875 0.4482421875 0.0966796875 0.177734375
1 0.185546875 0.37890625 0.0205078125 0.0263671875
0 0.2490234375 0.384765625 0.0546875 0.037109375
0 0.53125 0.3427734375 0.0341796875 0.029296875