0 0.548828125 0.494140625 0.0654296875 0.087890625
1 0.181640625 0.587890625 0.029296875 0.0576171875
0 0.591796875 0.4375 0.0751953125 0.0595703125
1 0.2451171875 0.443359375 0.021484375 0.033203125
0 0.333984375 0.787109375 0.123046875 0.142578125
1 0.791015625 0.5615234375 0.033203125 0.044921875
1 0.76171875 0.666015625 0.0517578125 0.0859375
0 0.490234375 0.353515625 0.0439453125 0.041015625
0 0.6455078125 0.634765625 0.1279296875 0.1328125
1 0.685546875 0.578125 0.0361328125 0.0595703125
1 0.896484375 0.6484375 0.0810546875 0.0654296875
1 0.146484375 0.4404296875 0.0234375 0.025390625
1 0.6337890625 0.529296875 0.0390625 0.0751953125
1 0.810546875 0.794921875 0.0595703125 0.0654296875
1 0.708984375 0.513671875 0.03125 0.0341796875
1 0.451171875 0.380859375 0.0185546875 0.0263671875
1 0.3564453125 0.423828125 0.021484375 0.029296875
0 0.1240234375 0.408203125 0.0546875 0.044921875
1 0.0634765625 0.478515625 0.029296875 0.0361328125
0 0.697265625 0.7978515625 0.193359375 0.1796875
1 0.966796875 0.7060546875 0.041015625 0.068359375
1 0.8330078125 0.5625 0.0283203125 0.037109375
1 0.1474609375 0.521484375 0.029296875 0.044921875
1 0.197265625 0.375 0.0205078125 0.0283203125
1 0.6005859375 0.478515625 0.0205078125 0.037109375
1 0.3740234375 0.42578125 0.0205078125 0.029296875
1 0.2099609375 0.4140625 0.0205078125 0.03125
1 0.19140625 0.515625 0.0205078125 0.0283203125
1 0.1513671875 0.4677734375 0.0185546875 0.0263671875
1 0.76953125 0.611328125 0.033203125 0.0419921875
1 0.5068359375 0.4501953125 0.033203125 0.0498046875
1 0.923828125 0.837890625 0.0810546875 0.09375
1 0.2275390625 0.5732421875 0.0263671875 0.068359375
1 0.37890625 0.455078125 0.0234375 0.03125
1 0.6708984375 0.546875 0.0205078125 0.0341796875
0 0.5693359375 0.3984375 0.0546875 0.041015625
1 0.4296875 0.408203125 0.021484375 0.0361328125
1 0.486328125 0.5126953125 0.0283203125 0.041015625
1 0.48046875 0.4306640625 0.0263671875 0.0419921875
1 0.451171875 0.5224609375 0.0341796875 0.0419921875
1 0.5654296875 0.451171875 0.0126953125 0.0263671875
1 0.673828125 0.49609375 0.021484375 0.0361328125
1 0.8935546875 0.5849609375 0.041015625 0.048828125
0 0.2236328125 0.365234375 0.037109375 0.037109375
1 0.025390625 0.5625 0.025390625 0.046875
0 0.5361328125 0.3447265625 0.0439453125 0.033203125
1 0.8466796875 0.6025390625 0.037109375 0.033203125
1 0.177734375 0.357421875 0.0185546875 0.0234375
0 0.525390625 0.322265625 0.0283203125 0.0205078125
1 0.470703125 0.3994140625 0.0205078125 0.0390625
1 0.1943359375 0.4755859375 0.013671875 0.0263671875
1 0.0244140625 0.470703125 0.0263671875 0.0361328125
1 0.455078125 0.5966796875 0.044921875 0.1220703125
1 0.8623046875 0.5595703125 0.015625 0.021484375
1 0.6474609375 0.443359375 0.0361328125 0.033203125
1 0.455078125 0.4658203125 0.037109375 0.037109375
1 0.595703125 0.40234375 0.0185546875 0.0234375