0 0.193359375 0.748046875 0.1201171875 0.1591796875
0 0.5126953125 0.4228515625 0.0498046875 0.0546875
0 0.337890625 0.7265625 0.095703125 0.119140625
1 0.4130859375 0.810546875 0.0390625 0.0498046875
0 0.5400390625 0.353515625 0.0419921875 0.0439453125
1 0.0830078125 0.75390625 0.046875 0.0830078125
0 0.654296875 0.5556640625 0.1748046875 0.0830078125
1 0.3369140625 0.5029296875 0.0361328125 0.041015625
1 0.306640625 0.8359375 0.048828125 0.09375
1 0.2685546875 0.4775390625 0.0283203125 0.029296875
1 0.515625 0.47265625 0.0439453125 0.044921875
1 0.5810546875 0.486328125 0.0283203125 0.0390625
1 0.0673828125 0.5380859375 0.0283203125 0.0390625
1 0.427734375 0.681640625 0.0439453125 0.0517578125
1 0.1435546875 0.51171875 0.021484375 0.033203125
1 0.6376953125 0.494140625 0.0283203125 0.0419921875
1 0.4580078125 0.783203125 0.037109375 0.0625
1 0.4697265625 0.4560546875 0.0361328125 0.046875
1 0.3251953125 0.43359375 0.015625 0.0234375
1 0.564453125 0.396484375 0.0126953125 0.0234375
1 0.583984375 0.388671875 0.0126953125 0.0205078125
0 0.4873046875 0.361328125 0.037109375 0.03125
0 0.251953125 0.439453125 0.072265625 0.046875
1 0.48046875 0.5703125 0.029296875 0.0341796875
0 0.5029296875 0.3369140625 0.041015625 0.029296875
1 0.5166015625 0.3720703125 0.017578125 0.0185546875
1 0.4951171875 0.453125 0.0185546875 0.0283203125
1 0.0322265625 0.580078125 0.0390625 0.0830078125
1 0.1787109375 0.41015625 0.013671875 0.0205078125
1 0.404296875 0.361328125 0.0107421875 0.0205078125
1 0.845703125 0.634765625 0.0361328125 0.080078125
1 0.5634765625 0.4697265625 0.0205078125 0.029296875
1 0.158203125 0.4658203125 0.0263671875 0.037109375
1 0.931640625 0.57421875 0.068359375 0.060546875
1 0.419921875 0.740234375 0.046875 0.0546875
1 0.6455078125 0.46875 0.021484375 0.0283203125
1 0.05859375 0.478515625 0.0234375 0.029296875
1 0.5703125 0.4345703125 0.0126953125 0.0185546875
1 0.3251953125 0.40625 0.015625 0.015625
1 0.455078125 0.36328125 0.015625 0.0205078125
1 0.599609375 0.4970703125 0.021484375 0.041015625
1 0.123046875 0.39453125 0.0185546875 0.0205078125
1 0.5517578125 0.4462890625 0.021484375 0.0263671875
1 0.4560546875 0.71484375 0.021484375 0.029296875
0 0.234375 0.3681640625 0.056640625 0.0361328125
1 0.619140625 0.458984375 0.0205078125 0.03125
1 0.17578125 0.3271484375 0.017578125 0.0205078125
1 0.162109375 0.3623046875 0.0185546875 0.021484375
1 0.595703125 0.466796875 0.015625 0.0234375
1 0.5888671875 0.4482421875 0.015625 0.025390625
1 0.4697265625 0.419921875 0.017578125 0.0263671875
1 0.1953125 0.3232421875 0.0185546875 0.0185546875
1 0.064453125 0.34375 0.021484375 0.015625
1 0.58203125 0.359375 0.0107421875 0.015625
1 0.115234375 0.41796875 0.013671875 0.0205078125
1 0.41796875 0.357421875 0.0205078125 0.015625
0 0.193359375 0.875 0.095703125 0.0283203125
1 0.890625 0.3857421875 0.015625 0.021484375
1 0.3125 0.40625 0.0126953125 0.0126953125
1 0.095703125 0.474609375 0.048828125 0.0390625