0 0.1923828125 0.748046875 0.125 0.162109375
0 0.51171875 0.423828125 0.048828125 0.052734375
0 0.337890625 0.7265625 0.0986328125 0.119140625
0 0.5390625 0.353515625 0.0439453125 0.044921875
1 0.306640625 0.8525390625 0.044921875 0.0703125
1 0.0673828125 0.5400390625 0.0283203125 0.048828125
1 0.6123046875 0.486328125 0.041015625 0.048828125
0 0.490234375 0.3603515625 0.0390625 0.033203125
1 0.5126953125 0.47265625 0.03125 0.044921875
1 0.302734375 0.4453125 0.029296875 0.03125
1 0.5732421875 0.384765625 0.015625 0.021484375
1 0.4130859375 0.802734375 0.048828125 0.068359375
1 0.2607421875 0.494140625 0.037109375 0.0439453125
1 0.748046875 0.662109375 0.0390625 0.0654296875
1 0.646484375 0.4892578125 0.0205078125 0.037109375
1 0.33984375 0.494140625 0.0390625 0.0439453125
1 0.5400390625 0.4775390625 0.0263671875 0.0419921875
0 0.5107421875 0.333984375 0.03125 0.0283203125
1 0.458984375 0.783203125 0.0361328125 0.0576171875
1 0.5537109375 0.541015625 0.0263671875 0.048828125
1 0.4677734375 0.4501953125 0.0263671875 0.041015625
1 0.427734375 0.697265625 0.0439453125 0.0576171875
1 0.0791015625 0.7431640625 0.0517578125 0.091796875
1 0.5517578125 0.4443359375 0.021484375 0.029296875
1 0.5966796875 0.388671875 0.0185546875 0.0234375
1 0.095703125 0.40234375 0.029296875 0.0263671875
1 0.455078125 0.37109375 0.017578125 0.029296875
1 0.466796875 0.3994140625 0.017578125 0.0263671875
0 0.232421875 0.435546875 0.0751953125 0.0498046875
1 0.5478515625 0.41796875 0.013671875 0.0205078125
1 0.166015625 0.365234375 0.0126953125 0.015625
1 0.5830078125 0.4658203125 0.0283203125 0.037109375
1 0.8466796875 0.6435546875 0.041015625 0.0654296875
1 0.099609375 0.6845703125 0.0439453125 0.037109375
1 0.1435546875 0.412109375 0.015625 0.021484375
1 0.2294921875 0.36328125 0.0126953125 0.0205078125
1 0.439453125 0.3642578125 0.0185546875 0.021484375
1 0.2060546875 0.357421875 0.0126953125 0.015625
1 0.466796875 0.427734375 0.013671875 0.0234375
0 0.0673828125 0.4765625 0.1123046875 0.056640625
1 0.390625 0.3984375 0.0185546875 0.0283203125
1 0.025390625 0.5849609375 0.025390625 0.0703125
1 0.2841796875 0.361328125 0.0185546875 0.0263671875
1 0.1767578125 0.326171875 0.0185546875 0.021484375
1 0.6494140625 0.451171875 0.013671875 0.0283203125
1 0.4375 0.7646484375 0.021484375 0.0361328125
1 0.59375 0.3662109375 0.0283203125 0.029296875
1 0.6201171875 0.4560546875 0.015625 0.0283203125
1 0.6337890625 0.4423828125 0.0205078125 0.0341796875
1 0.072265625 0.33984375 0.017578125 0.013671875
0 0.185546875 0.876953125 0.123046875 0.0263671875
1 0.02734375 0.375 0.0263671875 0.025390625