0 0.1923828125 0.7490234375 0.125 0.1611328125
0 0.51171875 0.419921875 0.0517578125 0.052734375
0 0.3388671875 0.7265625 0.0966796875 0.119140625
1 0.0673828125 0.537109375 0.0283203125 0.0517578125
0 0.5380859375 0.35546875 0.044921875 0.044921875
1 0.611328125 0.4921875 0.0361328125 0.046875
0 0.490234375 0.359375 0.037109375 0.0341796875
1 0.572265625 0.4921875 0.0234375 0.041015625
0 0.291015625 0.4638671875 0.09375 0.0625
1 0.6435546875 0.494140625 0.021484375 0.0341796875
0 0.5107421875 0.333984375 0.03125 0.029296875
1 0.662109375 0.5576171875 0.021484375 0.041015625
0 0.080078125 0.392578125 0.0546875 0.037109375
1 0.185546875 0.4326171875 0.021484375 0.03125
1 0.4130859375 0.7890625 0.048828125 0.0908203125
1 0.51171875 0.4697265625 0.0361328125 0.0517578125
1 0.306640625 0.8330078125 0.046875 0.087890625
1 0.12109375 0.4140625 0.029296875 0.025390625
1 0.0517578125 0.7099609375 0.0341796875 0.076171875
1 0.078125 0.751953125 0.0498046875 0.083984375
1 0.4697265625 0.447265625 0.0263671875 0.0341796875
1 0.56640625 0.376953125 0.033203125 0.033203125
1 0.552734375 0.4423828125 0.0234375 0.03125
1 0.458984375 0.7822265625 0.0390625 0.060546875
1 0.453125 0.3720703125 0.0185546875 0.0283203125
1 0.166015625 0.365234375 0.013671875 0.015625
1 0.5390625 0.4755859375 0.025390625 0.0419921875
1 0.39453125 0.537109375 0.0576171875 0.044921875
1 0.4287109375 0.685546875 0.044921875 0.052734375
1 0.068359375 0.478515625 0.0341796875 0.0341796875
1 0.4951171875 0.4501953125 0.0185546875 0.0283203125
1 0.1767578125 0.33203125 0.021484375 0.0205078125
1 0.5615234375 0.466796875 0.0205078125 0.0341796875
1 0.029296875 0.576171875 0.037109375 0.0732421875
1 0.01953125 0.4951171875 0.017578125 0.0341796875
1 0.4521484375 0.517578125 0.0419921875 0.052734375
1 0.466796875 0.419921875 0.015625 0.021484375
1 0.158203125 0.4111328125 0.0205078125 0.0283203125
1 0.373046875 0.38671875 0.0263671875 0.029296875
1 0.6474609375 0.4638671875 0.017578125 0.0283203125
1 0.2060546875 0.3564453125 0.0126953125 0.015625
1 0.423828125 0.4755859375 0.0576171875 0.044921875
1 0.6201171875 0.451171875 0.015625 0.025390625
1 0.025390625 0.375 0.0126953125 0.0185546875
0 0.1943359375 0.876953125 0.1298828125 0.0283203125
0 0.2265625 0.3662109375 0.052734375 0.0361328125
1 0.103515625 0.4853515625 0.0498046875 0.0390625
1 0.5947265625 0.466796875 0.013671875 0.0205078125
1 0.6376953125 0.443359375 0.0185546875 0.033203125
1 0.072265625 0.337890625 0.017578125 0.0205078125
1 0.455078125 0.7177734375 0.0185546875 0.0234375