0 0.3212890625 0.798828125 0.1484375 0.1748046875
0 0.125 0.5810546875 0.078125 0.087890625
0 0.603515625 0.62109375 0.125 0.1357421875
0 0.2041015625 0.669921875 0.1015625 0.109375
0 0.240234375 0.509765625 0.064453125 0.072265625
1 0.5107421875 0.525390625 0.025390625 0.0439453125
1 0.62890625 0.560546875 0.0361328125 0.052734375
1 0.822265625 0.58203125 0.083984375 0.0830078125
0 0.31640625 0.6494140625 0.0888671875 0.111328125
0 0.3193359375 0.54296875 0.0673828125 0.080078125
0 0.224609375 0.5771484375 0.0751953125 0.0888671875
1 0.947265625 0.6875 0.0732421875 0.0810546875
1 0.6064453125 0.4921875 0.0185546875 0.0283203125
1 0.55078125 0.5234375 0.0263671875 0.046875
1 0.89453125 0.6513671875 0.080078125 0.0751953125
1 0.541015625 0.482421875 0.021484375 0.033203125
1 0.12890625 0.671875 0.044921875 0.078125
0 0.3212890625 0.474609375 0.064453125 0.0595703125
1 0.484375 0.4482421875 0.015625 0.03125
1 0.4091796875 0.6201171875 0.025390625 0.056640625
0 0.5224609375 0.4130859375 0.044921875 0.064453125
1 0.7294921875 0.5400390625 0.0439453125 0.048828125
1 0.4814453125 0.52734375 0.025390625 0.044921875
1 0.6904296875 0.5390625 0.0341796875 0.0498046875
1 0.5830078125 0.501953125 0.025390625 0.0361328125
1 0.10546875 0.7158203125 0.0390625 0.0654296875
1 0.8974609375 0.5400390625 0.0361328125 0.0419921875
1 0.0302734375 0.603515625 0.0361328125 0.0595703125
1 0.37890625 0.5341796875 0.0234375 0.041015625
1 0.6298828125 0.521484375 0.021484375 0.0390625
1 0.1552734375 0.458984375 0.0205078125 0.025390625
1 0.6083984375 0.4677734375 0.013671875 0.0263671875
1 0.0634765625 0.486328125 0.033203125 0.0341796875
0 0.83203125 0.826171875 0.064453125 0.109375
0 0.076171875 0.6494140625 0.0419921875 0.0732421875
1 0.07421875 0.7646484375 0.0517578125 0.076171875
0 0.5107421875 0.3388671875 0.0810546875 0.046875
1 0.1884765625 0.5009765625 0.0234375 0.0390625
1 0.9306640625 0.615234375 0.0419921875 0.046875
0 0.181640625 0.4013671875 0.0361328125 0.0341796875
1 0.548828125 0.5126953125 0.15625 0.0908203125
0 0.189453125 0.4609375 0.0361328125 0.046875
0 0.9580078125 0.5771484375 0.0595703125 0.060546875
1 0.97265625 0.638671875 0.0263671875 0.0498046875
1 0.150390625 0.380859375 0.0185546875 0.0283203125
1 0.17578125 0.7841796875 0.0673828125 0.087890625
1 0.033203125 0.48828125 0.0439453125 0.048828125
1 0.021484375 0.5615234375 0.0185546875 0.044921875
1 0.115234375 0.421875 0.017578125 0.021484375
1 0.818359375 0.537109375 0.021484375 0.037109375
1 0.0283203125 0.7861328125 0.037109375 0.087890625
0 0.255859375 0.400390625 0.0546875 0.0361328125
1 0.2099609375 0.4052734375 0.013671875 0.0263671875
0 0.4716796875 0.4208984375 0.037109375 0.0517578125