0 0.1953125 0.7275390625 0.115234375 0.158203125
1 0.158203125 0.576171875 0.03125 0.048828125
0 0.521484375 0.455078125 0.0595703125 0.060546875
0 0.341796875 0.71875 0.095703125 0.1220703125
1 0.578125 0.5703125 0.03125 0.0439453125
1 0.3525390625 0.513671875 0.0263671875 0.052734375
1 0.7529296875 0.671875 0.0498046875 0.056640625
0 0.5380859375 0.34765625 0.033203125 0.033203125
1 0.658203125 0.59375 0.033203125 0.0498046875
1 0.6767578125 0.53515625 0.03125 0.0390625
1 0.521484375 0.5908203125 0.0283203125 0.052734375
1 0.5888671875 0.5146484375 0.025390625 0.0390625
0 0.4921875 0.359375 0.041015625 0.0341796875
1 0.068359375 0.5263671875 0.0263671875 0.041015625
1 0.39453125 0.61328125 0.029296875 0.048828125
1 0.5693359375 0.390625 0.017578125 0.025390625
1 0.7060546875 0.7900390625 0.0498046875 0.0673828125
1 0.6787109375 0.6826171875 0.0390625 0.0625
1 0.541015625 0.5400390625 0.0263671875 0.048828125
1 0.501953125 0.53515625 0.0283203125 0.048828125
1 0.833984375 0.833984375 0.064453125 0.0966796875
1 0.412109375 0.7294921875 0.037109375 0.0595703125
1 0.08203125 0.7041015625 0.048828125 0.0576171875
1 0.583984375 0.404296875 0.015625 0.025390625
1 0.4228515625 0.4345703125 0.017578125 0.03125
1 0.53125 0.37109375 0.021484375 0.0234375
1 0.4521484375 0.5029296875 0.0361328125 0.041015625
0 0.095703125 0.396484375 0.052734375 0.0390625
1 0.466796875 0.392578125 0.013671875 0.0205078125
1 0.927734375 0.5634765625 0.0517578125 0.0546875
1 0.70703125 0.591796875 0.033203125 0.0498046875
0 0.5107421875 0.333984375 0.03125 0.029296875
1 0.642578125 0.548828125 0.025390625 0.052734375
1 0.0517578125 0.6796875 0.037109375 0.0498046875
1 0.4169921875 0.4052734375 0.025390625 0.029296875
1 0.390625 0.44140625 0.0185546875 0.033203125
1 0.8623046875 0.6005859375 0.0654296875 0.064453125
1 0.40625 0.443359375 0.0185546875 0.033203125
1 0.306640625 0.83203125 0.0361328125 0.0517578125
1 0.900390625 0.55078125 0.0283203125 0.0263671875
1 0.021484375 0.572265625 0.0205078125 0.041015625
1 0.60546875 0.470703125 0.0205078125 0.0361328125
1 0.802734375 0.5625 0.076171875 0.052734375
1 0.970703125 0.5947265625 0.0341796875 0.044921875
1 0.3671875 0.439453125 0.0185546875 0.033203125
1 0.8125 0.7587890625 0.041015625 0.0576171875
1 0.388671875 0.5791015625 0.0263671875 0.033203125
1 0.05859375 0.6416015625 0.0419921875 0.044921875
1 0.4423828125 0.3623046875 0.021484375 0.025390625
1 0.060546875 0.4814453125 0.0234375 0.037109375
1 0.7490234375 0.482421875 0.0419921875 0.0341796875
1 0.6015625 0.3837890625 0.015625 0.0234375
1 0.4599609375 0.365234375 0.0205078125 0.0263671875
1 0.208984375 0.3984375 0.015625 0.025390625
1 0.0849609375 0.5751953125 0.0234375 0.0498046875
1 0.0380859375 0.5546875 0.017578125 0.03125
0 0.18359375 0.326171875 0.0546875 0.0263671875
1 0.669921875 0.6259765625 0.025390625 0.033203125
1 0.9091796875 0.6201171875 0.025390625 0.046875
1 0.248046875 0.359375 0.015625 0.0185546875
1 0.556640625 0.3779296875 0.0205078125 0.0283203125
1 0.548828125 0.537109375 0.130859375 0.1298828125
1 0.212890625 0.359375 0.0126953125 0.0185546875
1 0.4140625 0.646484375 0.0341796875 0.0546875
1 0.111328125 0.4892578125 0.0390625 0.041015625
1 0.2265625 0.3583984375 0.0126953125 0.017578125
0 0.197265625 0.875 0.111328125 0.025390625
1 0.025390625 0.373046875 0.0126953125 0.021484375
1 0.087890625 0.7744140625 0.029296875 0.048828125
1 0.166015625 0.3623046875 0.013671875 0.015625
0 0.3544921875 0.3212890625 0.041015625 0.0205078125