1 0.298828125 0.5224609375 0.0234375 0.0419921875
0 0.5869140625 0.5107421875 0.0732421875 0.0966796875
0 0.783203125 0.7060546875 0.1796875 0.1748046875
1 0.650390625 0.634765625 0.0390625 0.0810546875
1 0.3125 0.5986328125 0.0283203125 0.052734375
1 0.1982421875 0.623046875 0.0283203125 0.0517578125
1 0.126953125 0.5146484375 0.0283203125 0.0361328125
1 0.6865234375 0.5439453125 0.0517578125 0.052734375
1 0.265625 0.5791015625 0.03125 0.0517578125
0 0.5458984375 0.619140625 0.1201171875 0.150390625
1 0.2236328125 0.568359375 0.021484375 0.037109375
0 0.5615234375 0.3818359375 0.033203125 0.0390625
1 0.7314453125 0.5380859375 0.037109375 0.044921875
1 0.4951171875 0.49609375 0.021484375 0.0361328125
1 0.267578125 0.51171875 0.0263671875 0.0546875
1 0.3740234375 0.615234375 0.029296875 0.052734375
1 0.146484375 0.548828125 0.0263671875 0.0390625
1 0.3369140625 0.5078125 0.0205078125 0.0341796875
1 0.2109375 0.447265625 0.0185546875 0.0263671875
1 0.818359375 0.5693359375 0.080078125 0.0859375
1 0.1171875 0.673828125 0.0439453125 0.076171875
1 0.943359375 0.685546875 0.080078125 0.0888671875
1 0.111328125 0.482421875 0.0263671875 0.0283203125
0 0.669921875 0.8232421875 0.1669921875 0.134765625
1 0.287109375 0.7177734375 0.0390625 0.0703125
1 0.3544921875 0.7158203125 0.0283203125 0.056640625
1 0.224609375 0.513671875 0.0205078125 0.0341796875
1 0.169921875 0.4794921875 0.0185546875 0.0283203125
1 0.1484375 0.490234375 0.021484375 0.0361328125
1 0.2685546875 0.4716796875 0.021484375 0.03125
1 0.24609375 0.4521484375 0.0205078125 0.029296875
1 0.103515625 0.416015625 0.021484375 0.021484375
1 0.380859375 0.564453125 0.0263671875 0.0439453125
1 0.52734375 0.5166015625 0.0263671875 0.0517578125
1 0.36328125 0.453125 0.0205078125 0.03125
1 0.0595703125 0.4794921875 0.021484375 0.0341796875
1 0.2373046875 0.490234375 0.0185546875 0.0263671875
0 0.537109375 0.423828125 0.041015625 0.0439453125
1 0.0302734375 0.5625 0.0361328125 0.0498046875
1 0.5625 0.4228515625 0.021484375 0.033203125
1 0.1787109375 0.5234375 0.033203125 0.0439453125
1 0.025390625 0.4873046875 0.0283203125 0.0341796875
0 0.4404296875 0.4521484375 0.046875 0.064453125
1 0.5986328125 0.4404296875 0.0185546875 0.025390625
1 0.5810546875 0.580078125 0.0283203125 0.0517578125
1 0.8984375 0.54296875 0.037109375 0.0390625
1 0.1435546875 0.435546875 0.0185546875 0.03125
1 0.314453125 0.5654296875 0.0205078125 0.0283203125
1 0.2099609375 0.4140625 0.013671875 0.021484375
0 0.4765625 0.3857421875 0.037109375 0.0341796875
1 0.2431640625 0.3994140625 0.0234375 0.029296875
1 0.2939453125 0.435546875 0.046875 0.0361328125
1 0.9296875 0.6103515625 0.0439453125 0.0390625
1 0.1904296875 0.380859375 0.021484375 0.025390625
1 0.162109375 0.3720703125 0.015625 0.0185546875
0 0.5439453125 0.3427734375 0.025390625 0.0234375
0 0.5029296875 0.349609375 0.025390625 0.037109375
1 0.4228515625 0.498046875 0.0234375 0.0341796875
1 0.275390625 0.79296875 0.0341796875 0.0546875
1 0.59765625 0.6591796875 0.0234375 0.0595703125
1 0.240234375 0.5537109375 0.21875 0.1455078125
1 0.94140625 0.533203125 0.0419921875 0.029296875
1 0.115234375 0.6123046875 0.0263671875 0.0498046875
1 0.08203125 0.3984375 0.029296875 0.0283203125
1 0.5986328125 0.751953125 0.046875 0.060546875
1 0.896484375 0.5859375 0.041015625 0.052734375
1 0.1943359375 0.3525390625 0.017578125 0.0205078125
1 0.048828125 0.767578125 0.0517578125 0.0703125
1 0.5732421875 0.6689453125 0.0341796875 0.0439453125
1 0.19921875 0.7568359375 0.0361328125 0.0517578125
1 0.443359375 0.421875 0.015625 0.021484375
0 0.52734375 0.3974609375 0.1455078125 0.1484375
0 0.474609375 0.416015625 0.0283203125 0.03125
1 0.474609375 0.669921875 0.0283203125 0.0595703125
1 0.6416015625 0.443359375 0.0390625 0.029296875