0 0.591796875 0.5517578125 0.083984375 0.1123046875
0 0.337890625 0.724609375 0.099609375 0.115234375
0 0.48828125 0.5244140625 0.064453125 0.0859375
0 0.5927734375 0.7109375 0.1298828125 0.15625
0 0.73046875 0.478515625 0.1298828125 0.0751953125
1 0.806640625 0.5751953125 0.0732421875 0.0751953125
1 0.736328125 0.646484375 0.037109375 0.060546875
1 0.421875 0.7587890625 0.0341796875 0.080078125
1 0.671875 0.572265625 0.0283203125 0.0498046875
0 0.48828125 0.361328125 0.033203125 0.029296875
1 0.150390625 0.580078125 0.029296875 0.064453125
1 0.931640625 0.6943359375 0.09375 0.0732421875
1 0.658203125 0.537109375 0.033203125 0.048828125
1 0.587890625 0.4765625 0.021484375 0.0341796875
0 0.513671875 0.392578125 0.0498046875 0.0439453125
1 0.9013671875 0.6162109375 0.068359375 0.0546875
1 0.708984375 0.55859375 0.025390625 0.048828125
1 0.96484375 0.623046875 0.0419921875 0.0546875
1 0.1484375 0.6748046875 0.03125 0.056640625
1 0.6318359375 0.529296875 0.029296875 0.0439453125
1 0.853515625 0.658203125 0.0830078125 0.0546875
1 0.673828125 0.705078125 0.052734375 0.0751953125
0 0.509765625 0.3349609375 0.03125 0.033203125
1 0.197265625 0.380859375 0.017578125 0.0283203125
1 0.16015625 0.453125 0.017578125 0.03125
1 0.1748046875 0.3642578125 0.0126953125 0.0185546875
0 0.8203125 0.845703125 0.119140625 0.087890625
1 0.5205078125 0.623046875 0.03125 0.0439453125
1 0.5048828125 0.458984375 0.037109375 0.037109375
1 0.916015625 0.541015625 0.041015625 0.03125
1 0.857421875 0.5693359375 0.037109375 0.0517578125
0 0.5419921875 0.478515625 0.0498046875 0.0546875
1 0.892578125 0.802734375 0.052734375 0.0732421875
1 0.0712890625 0.4765625 0.0517578125 0.0439453125
0 0.5419921875 0.33984375 0.03125 0.029296875
1 0.8193359375 0.537109375 0.0263671875 0.0390625
1 0.796875 0.697265625 0.0498046875 0.080078125
1 0.236328125 0.361328125 0.0107421875 0.0234375
1 0.55078125 0.4462890625 0.017578125 0.0234375
1 0.6044921875 0.4404296875 0.0185546875 0.0283203125
0 0.455078125 0.470703125 0.037109375 0.0439453125
1 0.453125 0.521484375 0.021484375 0.044921875
1 0.7099609375 0.5146484375 0.033203125 0.0419921875
0 0.5849609375 0.400390625 0.0419921875 0.0419921875
1 0.021484375 0.482421875 0.025390625 0.044921875
1 0.107421875 0.484375 0.033203125 0.0341796875
1 0.578125 0.4384765625 0.0283203125 0.033203125
0 0.2119140625 0.841796875 0.123046875 0.0986328125
0 0.3798828125 0.439453125 0.03125 0.044921875
1 0.0869140625 0.4091796875 0.0205078125 0.025390625
1 0.8896484375 0.380859375 0.017578125 0.03125
0 0.3544921875 0.3193359375 0.03125 0.017578125
1 0.0302734375 0.716796875 0.0361328125 0.060546875
1 0.1796875 0.4267578125 0.0126953125 0.0126953125
1 0.0224609375 0.5615234375 0.0205078125 0.044921875
1 0.0400390625 0.5576171875 0.0205078125 0.037109375