0 0.322265625 0.80078125 0.1455078125 0.1767578125
0 0.1416015625 0.5380859375 0.0673828125 0.0703125
1 0.708984375 0.6123046875 0.0390625 0.0654296875
1 0.626953125 0.5556640625 0.037109375 0.0517578125
0 0.2021484375 0.6767578125 0.1015625 0.119140625
1 0.1494140625 0.6044921875 0.0263671875 0.0439453125
0 0.240234375 0.5087890625 0.060546875 0.0703125
0 0.314453125 0.6435546875 0.0888671875 0.109375
1 0.580078125 0.5546875 0.025390625 0.041015625
0 0.2275390625 0.5791015625 0.080078125 0.0888671875
1 0.5029296875 0.55859375 0.0283203125 0.044921875
1 0.5537109375 0.498046875 0.0234375 0.0390625
0 0.3173828125 0.517578125 0.0625 0.0703125
0 0.728515625 0.7998046875 0.197265625 0.1748046875
1 0.5361328125 0.62890625 0.0341796875 0.0673828125
1 0.6865234375 0.564453125 0.0419921875 0.0625
1 0.095703125 0.58984375 0.033203125 0.0419921875
1 0.60546875 0.46484375 0.0205078125 0.029296875
1 0.8203125 0.583984375 0.0810546875 0.078125
1 0.0390625 0.587890625 0.0283203125 0.0498046875
1 0.9482421875 0.689453125 0.072265625 0.076171875
1 0.6025390625 0.5048828125 0.0263671875 0.0341796875
1 0.576171875 0.4794921875 0.021484375 0.0341796875
0 0.49609375 0.3623046875 0.0361328125 0.037109375
0 0.5234375 0.3984375 0.037109375 0.0439453125
1 0.4326171875 0.4443359375 0.0185546875 0.0390625
0 0.31640625 0.4619140625 0.060546875 0.0517578125
1 0.400390625 0.5302734375 0.03125 0.0517578125
1 0.119140625 0.66015625 0.029296875 0.0419921875
1 0.080078125 0.703125 0.0439453125 0.068359375
1 0.6318359375 0.6328125 0.0390625 0.0595703125
1 0.5166015625 0.486328125 0.0205078125 0.0341796875
1 0.890625 0.65625 0.0810546875 0.072265625
1 0.732421875 0.541015625 0.0390625 0.0439453125
1 0.568359375 0.6357421875 0.0341796875 0.0654296875
1 0.498046875 0.419921875 0.0205078125 0.033203125
1 0.494140625 0.3916015625 0.017578125 0.029296875
1 0.369140625 0.4677734375 0.0185546875 0.033203125
1 0.6357421875 0.501953125 0.021484375 0.0283203125
1 0.525390625 0.4375 0.0361328125 0.037109375
1 0.13671875 0.7099609375 0.0361328125 0.0517578125
1 0.19140625 0.486328125 0.0205078125 0.0341796875
1 0.080078125 0.748046875 0.029296875 0.044921875
1 0.0625 0.4794921875 0.03125 0.041015625
1 0.240234375 0.642578125 0.0263671875 0.041015625
0 0.212890625 0.4052734375 0.03125 0.0361328125
0 0.466796875 0.419921875 0.0341796875 0.048828125
1 0.59375 0.42578125 0.015625 0.029296875
1 0.9306640625 0.611328125 0.048828125 0.046875
1 0.455078125 0.365234375 0.017578125 0.029296875
1 0.580078125 0.443359375 0.0732421875 0.115234375
1 0.189453125 0.4521484375 0.017578125 0.0234375
1 0.5576171875 0.4443359375 0.021484375 0.033203125
1 0.5888671875 0.5908203125 0.1533203125 0.150390625
0 0.2001953125 0.34765625 0.025390625 0.0234375
0 0.533203125 0.35546875 0.0390625 0.044921875
1 0.1884765625 0.3828125 0.0263671875 0.025390625
1 0.1064453125 0.478515625 0.0439453125 0.0439453125
1 0.8193359375 0.5341796875 0.0234375 0.041015625
1 0.087890625 0.5478515625 0.015625 0.0205078125
0 0.21875 0.3544921875 0.025390625 0.0185546875
1 0.9599609375 0.630859375 0.0263671875 0.0390625
1 0.5576171875 0.80078125 0.0595703125 0.0390625
0 0.935546875 0.5302734375 0.0986328125 0.060546875
1 0.080078125 0.5966796875 0.125 0.125
1 0.0234375 0.373046875 0.015625 0.021484375
1 0.150390625 0.4228515625 0.017578125 0.0263671875
1 0.79296875 0.7548828125 0.044921875 0.056640625
1 0.642578125 0.4423828125 0.025390625 0.0283203125
0 0.3017578125 0.412109375 0.0595703125 0.068359375
1 0.89453125 0.587890625 0.044921875 0.056640625
1 0.580078125 0.5244140625 0.021484375 0.033203125
1 0.9052734375 0.5419921875 0.017578125 0.0283203125