0 0.322265625 0.80078125 0.1455078125 0.1767578125
1 0.6435546875 0.5927734375 0.041015625 0.048828125
1 0.08203125 0.689453125 0.033203125 0.0595703125
1 0.396484375 0.6357421875 0.029296875 0.052734375
1 0.693359375 0.5517578125 0.0498046875 0.052734375
0 0.31640625 0.650390625 0.091796875 0.109375
1 0.5908203125 0.650390625 0.0439453125 0.060546875
0 0.2421875 0.513671875 0.0654296875 0.0810546875
1 0.505859375 0.4189453125 0.0283203125 0.0283203125
1 0.3955078125 0.423828125 0.025390625 0.0341796875
0 0.52734375 0.4697265625 0.076171875 0.080078125
1 0.822265625 0.5869140625 0.083984375 0.076171875
1 0.541015625 0.4296875 0.0185546875 0.025390625
0 0.5068359375 0.3466796875 0.029296875 0.037109375
1 0.6298828125 0.4560546875 0.0341796875 0.041015625
1 0.564453125 0.3828125 0.025390625 0.03125
1 0.1728515625 0.580078125 0.029296875 0.0576171875
1 0.595703125 0.607421875 0.0341796875 0.041015625
0 0.7158203125 0.7802734375 0.2001953125 0.2080078125
1 0.6748046875 0.6669921875 0.046875 0.0498046875
1 0.873046875 0.6650390625 0.0830078125 0.0859375
1 0.8134765625 0.7431640625 0.064453125 0.0888671875
1 0.1298828125 0.541015625 0.03125 0.0546875
1 0.947265625 0.6884765625 0.0751953125 0.0830078125
1 0.7294921875 0.5361328125 0.0439453125 0.046875
1 0.142578125 0.509765625 0.0234375 0.0361328125
0 0.326171875 0.4921875 0.068359375 0.0625
1 0.5908203125 0.3955078125 0.015625 0.025390625
1 0.1171875 0.6435546875 0.03125 0.0439453125
1 0.486328125 0.4970703125 0.0205078125 0.041015625
1 0.0595703125 0.4794921875 0.0283203125 0.037109375
0 0.4794921875 0.35546875 0.03125 0.0361328125
1 0.0830078125 0.486328125 0.025390625 0.0361328125
1 0.4345703125 0.42578125 0.025390625 0.0390625
1 0.423828125 0.4501953125 0.015625 0.03125
1 0.1943359375 0.5625 0.0263671875 0.0439453125
0 0.2529296875 0.396484375 0.046875 0.0498046875
0 0.541015625 0.3359375 0.0361328125 0.03125
1 0.0439453125 0.587890625 0.0283203125 0.068359375
0 0.14453125 0.423828125 0.044921875 0.037109375
1 0.029296875 0.8359375 0.0361328125 0.072265625
1 0.6650390625 0.517578125 0.0234375 0.0439453125
1 0.939453125 0.611328125 0.068359375 0.0576171875
1 0.212890625 0.412109375 0.029296875 0.0361328125
1 0.892578125 0.583984375 0.0419921875 0.0546875
1 0.3984375 0.361328125 0.0185546875 0.0205078125
1 0.939453125 0.513671875 0.0263671875 0.025390625
1 0.83984375 0.5439453125 0.033203125 0.041015625
1 0.1357421875 0.8779296875 0.041015625 0.0283203125
1 0.4638671875 0.4384765625 0.0126953125 0.0234375
1 0.896484375 0.5400390625 0.0283203125 0.033203125
1 0.451171875 0.4189453125 0.015625 0.037109375
1 0.17578125 0.5048828125 0.0419921875 0.052734375
1 0.908203125 0.861328125 0.0546875 0.0625
1 0.5 0.3974609375 0.0126953125 0.0234375
1 0.83984375 0.4921875 0.0673828125 0.0439453125
1 0.283203125 0.3623046875 0.0185546875 0.025390625
1 0.3662109375 0.3828125 0.017578125 0.021484375
1 0.5419921875 0.4072265625 0.0126953125 0.0205078125
1 0.2744140625 0.74609375 0.0234375 0.0263671875
1 0.34375 0.3447265625 0.021484375 0.0263671875
0 0.21484375 0.326171875 0.048828125 0.021484375
1 0.9716796875 0.5244140625 0.0283203125 0.0234375
1 0.46484375 0.673828125 0.0263671875 0.0654296875