0 0.365234375 0.611328125 0.0830078125 0.1015625
0 0.70703125 0.6357421875 0.1484375 0.1435546875
0 0.1962890625 0.62109375 0.095703125 0.1328125
0 0.619140625 0.7685546875 0.154296875 0.1845703125
1 0.6162109375 0.51953125 0.029296875 0.048828125
1 0.560546875 0.5263671875 0.0234375 0.046875
1 0.5927734375 0.501953125 0.029296875 0.0390625
0 0.486328125 0.552734375 0.099609375 0.1123046875
1 0.654296875 0.544921875 0.033203125 0.0439453125
1 0.5927734375 0.6064453125 0.0390625 0.1220703125
0 0.240234375 0.478515625 0.0673828125 0.0654296875
1 0.822265625 0.5810546875 0.087890625 0.0810546875
0 0.5244140625 0.4521484375 0.060546875 0.0859375
0 0.150390625 0.4423828125 0.0419921875 0.041015625
0 0.4599609375 0.478515625 0.0576171875 0.064453125
0 0.3466796875 0.5009765625 0.0654296875 0.060546875
0 0.103515625 0.3984375 0.0595703125 0.0341796875
1 0.2958984375 0.7001953125 0.033203125 0.0498046875
1 0.703125 0.5498046875 0.021484375 0.0341796875
1 0.892578125 0.650390625 0.076171875 0.080078125
0 0.5654296875 0.404296875 0.0439453125 0.060546875
1 0.9619140625 0.65625 0.048828125 0.0751953125
1 0.587890625 0.466796875 0.021484375 0.03125
1 0.4951171875 0.40625 0.021484375 0.0341796875
1 0.728515625 0.5380859375 0.0439453125 0.044921875
0 0.3017578125 0.412109375 0.0654296875 0.0751953125
1 0.9287109375 0.611328125 0.0419921875 0.0439453125
1 0.9541015625 0.525390625 0.0205078125 0.0234375
0 0.484375 0.3642578125 0.0341796875 0.0341796875
1 0.58984375 0.427734375 0.013671875 0.0263671875
1 0.2265625 0.7509765625 0.0341796875 0.0576171875
1 0.1826171875 0.52734375 0.021484375 0.0390625
1 0.9326171875 0.701171875 0.037109375 0.0517578125
1 0.1435546875 0.513671875 0.015625 0.0283203125
1 0.173828125 0.46484375 0.0126953125 0.0205078125
1 0.677734375 0.5400390625 0.025390625 0.0419921875
1 0.537109375 0.380859375 0.0205078125 0.0283203125
1 0.896484375 0.587890625 0.041015625 0.052734375
0 0.1962890625 0.3486328125 0.033203125 0.03125
0 0.1796875 0.3681640625 0.025390625 0.0234375
0 0.529296875 0.341796875 0.0390625 0.029296875
1 0.173828125 0.490234375 0.015625 0.0263671875
1 0.619140625 0.4833984375 0.021484375 0.0361328125
1 0.02734375 0.5576171875 0.029296875 0.041015625
1 0.064453125 0.478515625 0.037109375 0.037109375
0 0.958984375 0.578125 0.0546875 0.056640625
0 0.923828125 0.859375 0.125 0.0595703125
1 0.8916015625 0.384765625 0.017578125 0.0234375
1 0.4970703125 0.439453125 0.0185546875 0.041015625
1 0.1240234375 0.53515625 0.0205078125 0.0361328125
1 0.458984375 0.404296875 0.0263671875 0.046875
0 0.2177734375 0.3603515625 0.0234375 0.0234375
1 0.4404296875 0.435546875 0.0341796875 0.046875
1 0.41015625 0.416015625 0.0263671875 0.033203125
1 0.068359375 0.767578125 0.0517578125 0.083984375
1 0.0244140625 0.4814453125 0.0263671875 0.037109375