1 0.65234375 0.5625 0.0419921875 0.0595703125
0 0.525390625 0.4443359375 0.056640625 0.064453125
0 0.5625 0.51953125 0.0751953125 0.091796875
1 0.1806640625 0.5732421875 0.0234375 0.041015625
1 0.2431640625 0.6083984375 0.0263671875 0.048828125
0 0.8798828125 0.822265625 0.203125 0.1357421875
0 0.5634765625 0.416015625 0.0419921875 0.046875
1 0.1201171875 0.591796875 0.0283203125 0.048828125
1 0.6767578125 0.6376953125 0.0498046875 0.0751953125
1 0.6162109375 0.5146484375 0.029296875 0.0576171875
1 0.4228515625 0.49609375 0.0263671875 0.0546875
1 0.25 0.5400390625 0.025390625 0.044921875
1 0.8173828125 0.572265625 0.0810546875 0.078125
1 0.7197265625 0.7255859375 0.060546875 0.0703125
1 0.1513671875 0.45703125 0.0185546875 0.029296875
1 0.8388671875 0.654296875 0.0595703125 0.0576171875
1 0.267578125 0.4990234375 0.025390625 0.0390625
1 0.189453125 0.41015625 0.021484375 0.033203125
1 0.6943359375 0.5478515625 0.029296875 0.0361328125
1 0.412109375 0.4541015625 0.025390625 0.033203125
1 0.5908203125 0.5556640625 0.025390625 0.0390625
1 0.21484375 0.408203125 0.0234375 0.03125
1 0.357421875 0.4267578125 0.0205078125 0.0283203125
0 0.48828125 0.357421875 0.033203125 0.0283203125
1 0.9677734375 0.7001953125 0.044921875 0.072265625
1 0.24609375 0.41015625 0.029296875 0.0361328125
1 0.1630859375 0.5234375 0.029296875 0.041015625
1 0.275390625 0.46484375 0.021484375 0.029296875
1 0.076171875 0.4013671875 0.0185546875 0.021484375
1 0.7294921875 0.5380859375 0.041015625 0.044921875
1 0.0654296875 0.478515625 0.041015625 0.0390625
1 0.3916015625 0.4931640625 0.013671875 0.033203125
1 0.123046875 0.416015625 0.0341796875 0.033203125
1 0.158203125 0.419921875 0.0234375 0.025390625
1 0.591796875 0.48046875 0.017578125 0.033203125
1 0.7236328125 0.865234375 0.052734375 0.0517578125
0 0.2236328125 0.380859375 0.052734375 0.041015625
1 0.099609375 0.4052734375 0.015625 0.0205078125
1 0.376953125 0.455078125 0.025390625 0.037109375
1 0.921875 0.662109375 0.072265625 0.064453125
0 0.2138671875 0.4658203125 0.0498046875 0.052734375
1 0.8837890625 0.759765625 0.0673828125 0.068359375
1 0.6025390625 0.455078125 0.0205078125 0.0283203125
1 0.189453125 0.7138671875 0.0341796875 0.0595703125
1 0.029296875 0.56640625 0.0341796875 0.0546875
0 0.9443359375 0.580078125 0.080078125 0.0673828125
0 0.458984375 0.4140625 0.037109375 0.0439453125
1 0.7109375 0.791015625 0.0283203125 0.056640625
1 0.451171875 0.529296875 0.029296875 0.0341796875
0 0.494140625 0.337890625 0.0234375 0.0185546875
1 0.173828125 0.3955078125 0.0185546875 0.0283203125
0 0.5478515625 0.61328125 0.123046875 0.1328125
0 0.529296875 0.3603515625 0.03125 0.0263671875
1 0.4521484375 0.6875 0.033203125 0.083984375
1 0.0771484375 0.7802734375 0.044921875 0.048828125
1 0.5556640625 0.3759765625 0.0234375 0.029296875
0 0.224609375 0.353515625 0.025390625 0.0205078125
1 0.48828125 0.3876953125 0.017578125 0.03125
1 0.365234375 0.3935546875 0.0185546875 0.0185546875
1 0.197265625 0.5322265625 0.1689453125 0.1826171875
1 0.091796875 0.728515625 0.041015625 0.0419921875
1 0.89453125 0.583984375 0.0390625 0.048828125
0 0.251953125 0.3203125 0.0234375 0.015625
1 0.537109375 0.4951171875 0.015625 0.0341796875
1 0.8173828125 0.537109375 0.025390625 0.041015625
1 0.7412109375 0.818359375 0.0263671875 0.0751953125
1 0.591796875 0.431640625 0.017578125 0.029296875
0 0.322265625 0.396484375 0.095703125 0.046875
1 0.025390625 0.373046875 0.013671875 0.021484375
0 0.3515625 0.3203125 0.03125 0.015625
1 0.146484375 0.490234375 0.0234375 0.037109375
1 0.1796875 0.66015625 0.015625 0.033203125
1 0.1123046875 0.482421875 0.0439453125 0.0341796875
1 0.6396484375 0.439453125 0.0419921875 0.0341796875
1 0.01953125 0.49609375 0.017578125 0.033203125