1 0.6953125 0.5966796875 0.041015625 0.052734375
1 0.638671875 0.5625 0.03125 0.056640625
1 0.7724609375 0.6650390625 0.048828125 0.0673828125
1 0.095703125 0.654296875 0.033203125 0.048828125
0 0.537109375 0.482421875 0.0732421875 0.0859375
0 0.115234375 0.412109375 0.052734375 0.0361328125
0 0.54296875 0.630859375 0.126953125 0.140625
0 0.2001953125 0.5166015625 0.0654296875 0.0888671875
1 0.8095703125 0.7861328125 0.0595703125 0.0751953125
0 0.5634765625 0.4150390625 0.0419921875 0.0517578125
1 0.7939453125 0.5791015625 0.037109375 0.060546875
0 0.3466796875 0.5224609375 0.068359375 0.0732421875
1 0.2958984375 0.55078125 0.033203125 0.048828125
1 0.39453125 0.697265625 0.033203125 0.056640625
0 0.322265625 0.4599609375 0.0595703125 0.048828125
0 0.490234375 0.537109375 0.0830078125 0.087890625
1 0.4033203125 0.4599609375 0.021484375 0.0419921875
1 0.29296875 0.6669921875 0.0390625 0.0595703125
1 0.658203125 0.66015625 0.041015625 0.060546875
1 0.1474609375 0.5869140625 0.029296875 0.060546875
1 0.603515625 0.4892578125 0.0263671875 0.041015625
1 0.72265625 0.7880859375 0.0546875 0.0732421875
1 0.8876953125 0.654296875 0.078125 0.078125
1 0.689453125 0.5400390625 0.0419921875 0.0517578125
1 0.6015625 0.5478515625 0.03125 0.0517578125
0 0.5205078125 0.34765625 0.025390625 0.0234375
1 0.84375 0.6025390625 0.041015625 0.044921875
1 0.1787109375 0.6298828125 0.033203125 0.0654296875
1 0.732421875 0.537109375 0.0361328125 0.041015625
1 0.072265625 0.744140625 0.046875 0.076171875
1 0.7763671875 0.853515625 0.052734375 0.0732421875
1 0.494140625 0.4287109375 0.037109375 0.0517578125
1 0.4296875 0.4296875 0.021484375 0.041015625
1 0.9345703125 0.705078125 0.041015625 0.046875
0 0.455078125 0.4716796875 0.0517578125 0.056640625
1 0.521484375 0.3984375 0.025390625 0.0283203125
1 0.4462890625 0.6748046875 0.033203125 0.0654296875
0 0.18359375 0.357421875 0.0263671875 0.025390625
1 0.0576171875 0.484375 0.021484375 0.03125
1 0.9658203125 0.66796875 0.0439453125 0.0517578125
1 0.029296875 0.5625 0.0341796875 0.046875
1 0.232421875 0.587890625 0.029296875 0.0390625
1 0.54296875 0.783203125 0.048828125 0.0625
1 0.927734375 0.611328125 0.0361328125 0.0390625
1 0.44921875 0.3720703125 0.013671875 0.025390625
1 0.1484375 0.4248046875 0.0185546875 0.0283203125
0 0.5263671875 0.431640625 0.0439453125 0.0419921875
1 0.4453125 0.4169921875 0.015625 0.0341796875
1 0.8427734375 0.556640625 0.0263671875 0.0517578125
1 0.6376953125 0.439453125 0.037109375 0.0341796875
1 0.8955078125 0.587890625 0.041015625 0.052734375
0 0.2509765625 0.3916015625 0.064453125 0.044921875
0 0.478515625 0.384765625 0.041015625 0.052734375
0 0.9228515625 0.8583984375 0.123046875 0.064453125
0 0.220703125 0.34375 0.025390625 0.021484375
1 0.4111328125 0.8564453125 0.046875 0.0625
1 0.177734375 0.8642578125 0.076171875 0.052734375
1 0.1435546875 0.474609375 0.021484375 0.0390625
1 0.6396484375 0.517578125 0.0234375 0.0390625
1 0.861328125 0.5595703125 0.013671875 0.0185546875
1 0.0927734375 0.4755859375 0.0546875 0.0419921875