0 0.3369140625 0.7158203125 0.111328125 0.1435546875
0 0.576171875 0.517578125 0.0703125 0.0830078125
1 0.630859375 0.5166015625 0.029296875 0.044921875
1 0.65625 0.5361328125 0.0283203125 0.0439453125
0 0.576171875 0.607421875 0.0908203125 0.1142578125
0 0.2138671875 0.6259765625 0.087890625 0.1015625
1 0.8017578125 0.5712890625 0.046875 0.0576171875
0 0.322265625 0.54296875 0.068359375 0.080078125
0 0.2392578125 0.4677734375 0.052734375 0.0576171875
1 0.701171875 0.5498046875 0.03125 0.041015625
0 0.140625 0.41796875 0.046875 0.0419921875
1 0.798828125 0.7001953125 0.046875 0.0751953125
0 0.232421875 0.5263671875 0.0673828125 0.072265625
1 0.494140625 0.5439453125 0.021484375 0.0439453125
1 0.8486328125 0.818359375 0.068359375 0.109375
1 0.837890625 0.6162109375 0.0517578125 0.064453125
1 0.5126953125 0.6259765625 0.0341796875 0.0673828125
1 0.685546875 0.6083984375 0.044921875 0.0703125
1 0.841796875 0.5576171875 0.0498046875 0.0595703125
0 0.298828125 0.4462890625 0.0439453125 0.044921875
0 0.1875 0.3759765625 0.03125 0.029296875
0 0.509765625 0.3408203125 0.0439453125 0.0341796875
1 0.66796875 0.568359375 0.033203125 0.0419921875
0 0.5107421875 0.4052734375 0.037109375 0.0419921875
1 0.947265625 0.6826171875 0.0732421875 0.087890625
1 0.2666015625 0.6455078125 0.0361328125 0.068359375
0 0.4658203125 0.462890625 0.0439453125 0.048828125
1 0.09765625 0.701171875 0.048828125 0.0654296875
1 0.1474609375 0.619140625 0.029296875 0.0439453125
1 0.8935546875 0.6484375 0.0751953125 0.078125
1 0.6240234375 0.48828125 0.0205078125 0.0263671875
1 0.732421875 0.54296875 0.037109375 0.0419921875
1 0.0673828125 0.478515625 0.041015625 0.041015625
1 0.4140625 0.455078125 0.0185546875 0.0361328125
1 0.1005859375 0.630859375 0.0361328125 0.0595703125
1 0.5927734375 0.42578125 0.017578125 0.0361328125
1 0.029296875 0.560546875 0.033203125 0.044921875
1 0.1455078125 0.470703125 0.0283203125 0.0419921875
0 0.287109375 0.4091796875 0.0498046875 0.0341796875
0 0.4521484375 0.533203125 0.0361328125 0.0859375
1 0.5341796875 0.45703125 0.025390625 0.0390625
1 0.9267578125 0.611328125 0.046875 0.041015625
1 0.4423828125 0.4072265625 0.025390625 0.033203125
1 0.8974609375 0.544921875 0.029296875 0.037109375
1 0.892578125 0.5771484375 0.033203125 0.0419921875
1 0.1650390625 0.4931640625 0.0263671875 0.0361328125
1 0.0322265625 0.7900390625 0.033203125 0.060546875
1 0.4775390625 0.361328125 0.017578125 0.0234375
1 0.419921875 0.427734375 0.021484375 0.0341796875
1 0.552734375 0.4365234375 0.0263671875 0.0390625
0 0.1611328125 0.3427734375 0.03125 0.0263671875
1 0.189453125 0.462890625 0.0185546875 0.0341796875
0 0.474609375 0.4052734375 0.0361328125 0.0546875
1 0.3955078125 0.5791015625 0.0283203125 0.0361328125
1 0.505859375 0.44921875 0.0341796875 0.0419921875
1 0.9736328125 0.6328125 0.0283203125 0.0625
0 0.1015625 0.474609375 0.046875 0.048828125
1 0.162109375 0.384765625 0.017578125 0.029296875
1 0.498046875 0.5029296875 0.025390625 0.0439453125
0 0.55078125 0.3779296875 0.033203125 0.0341796875