0 0.3203125 0.8017578125 0.146484375 0.1748046875
0 0.203125 0.6767578125 0.1123046875 0.119140625
0 0.544921875 0.53515625 0.0986328125 0.107421875
1 0.2666015625 0.7490234375 0.0390625 0.0546875
0 0.41796875 0.392578125 0.0390625 0.0361328125
0 0.3193359375 0.6494140625 0.0888671875 0.107421875
1 0.6884765625 0.544921875 0.048828125 0.0576171875
0 0.2255859375 0.580078125 0.080078125 0.0908203125
1 0.798828125 0.580078125 0.046875 0.068359375
0 0.240234375 0.517578125 0.0625 0.0625
1 0.1357421875 0.5986328125 0.037109375 0.0498046875
1 0.900390625 0.658203125 0.087890625 0.087890625
1 0.86328125 0.5947265625 0.0732421875 0.0673828125
1 0.115234375 0.6806640625 0.041015625 0.0673828125
0 0.3212890625 0.546875 0.0703125 0.0810546875
1 0.896484375 0.5439453125 0.0419921875 0.037109375
1 0.189453125 0.4912109375 0.0205078125 0.0361328125
1 0.158203125 0.4912109375 0.0205078125 0.0361328125
0 0.505859375 0.341796875 0.029296875 0.0263671875
1 0.064453125 0.48046875 0.0390625 0.0390625
1 0.1259765625 0.505859375 0.0205078125 0.03125
1 0.4580078125 0.361328125 0.015625 0.021484375
0 0.478515625 0.3505859375 0.0341796875 0.0263671875
1 0.5400390625 0.396484375 0.0107421875 0.0205078125
1 0.556640625 0.4052734375 0.013671875 0.0234375
1 0.845703125 0.5546875 0.033203125 0.046875
1 0.033203125 0.5849609375 0.041015625 0.0576171875
1 0.4814453125 0.552734375 0.03125 0.046875
1 0.439453125 0.431640625 0.017578125 0.0341796875
1 0.9609375 0.6982421875 0.052734375 0.0751953125
1 0.173828125 0.4638671875 0.0205078125 0.03125
1 0.587890625 0.408203125 0.0107421875 0.0234375
1 0.435546875 0.36328125 0.017578125 0.0234375
0 0.263671875 0.4150390625 0.048828125 0.0361328125
1 0.154296875 0.419921875 0.0205078125 0.0263671875
1 0.380859375 0.365234375 0.0107421875 0.017578125
0 0.37109375 0.3935546875 0.029296875 0.0283203125
0 0.533203125 0.330078125 0.0419921875 0.0283203125
1 0.08984375 0.400390625 0.0205078125 0.0205078125
1 0.6806640625 0.8388671875 0.0546875 0.078125
1 0.9287109375 0.6064453125 0.0546875 0.0439453125
1 0.494140625 0.435546875 0.015625 0.03125
1 0.4130859375 0.3642578125 0.017578125 0.0185546875
0 0.53125 0.3505859375 0.025390625 0.0205078125
1 0.4208984375 0.662109375 0.029296875 0.0732421875
1 0.6328125 0.443359375 0.046875 0.033203125
1 0.2216796875 0.416015625 0.025390625 0.025390625
1 0.021484375 0.478515625 0.021484375 0.03125
1 0.3681640625 0.3505859375 0.017578125 0.0205078125
0 0.19140625 0.3984375 0.044921875 0.0283203125
1 0.5068359375 0.4150390625 0.013671875 0.0205078125
1 0.1044921875 0.482421875 0.041015625 0.046875
1 0.392578125 0.486328125 0.015625 0.0283203125
0 0.166015625 0.5478515625 0.0263671875 0.044921875
1 0.1962890625 0.4248046875 0.017578125 0.021484375
1 0.712890625 0.5224609375 0.021484375 0.029296875
1 0.978515625 0.5205078125 0.0185546875 0.0283203125
1 0.2890625 0.716796875 0.0283203125 0.048828125
1 0.9736328125 0.6298828125 0.03125 0.0654296875
1 0.5068359375 0.3671875 0.0205078125 0.03125
1 0.1787109375 0.4228515625 0.0205078125 0.0263671875
1 0.4658203125 0.4404296875 0.015625 0.021484375
1 0.14453125 0.462890625 0.0205078125 0.0439453125
0 0.3515625 0.3212890625 0.03125 0.017578125
1 0.560546875 0.751953125 0.03125 0.083984375
1 0.9423828125 0.5263671875 0.0126953125 0.0185546875
1 0.572265625 0.3857421875 0.072265625 0.068359375
1 0.1279296875 0.8447265625 0.041015625 0.0859375
0 0.240234375 0.3837890625 0.052734375 0.0361328125
1 0.205078125 0.4619140625 0.0234375 0.0390625