1 0.380859375 0.662109375 0.03125 0.0595703125
0 0.609375 0.5439453125 0.103515625 0.1064453125
1 0.408203125 0.724609375 0.0390625 0.0673828125
0 0.5517578125 0.65234375 0.1220703125 0.138671875
0 0.763671875 0.7373046875 0.193359375 0.212890625
1 0.240234375 0.69921875 0.0341796875 0.060546875
1 0.26953125 0.61328125 0.033203125 0.060546875
0 0.205078125 0.5029296875 0.0625 0.068359375
1 0.2333984375 0.572265625 0.0263671875 0.0419921875
0 0.501953125 0.533203125 0.080078125 0.0986328125
1 0.521484375 0.4794921875 0.0234375 0.037109375
1 0.1875 0.552734375 0.0283203125 0.0498046875
0 0.5673828125 0.462890625 0.0625 0.0654296875
0 0.330078125 0.490234375 0.0595703125 0.0576171875
1 0.7333984375 0.5419921875 0.033203125 0.041015625
1 0.283203125 0.572265625 0.029296875 0.0419921875
1 0.81640625 0.568359375 0.080078125 0.0810546875
1 0.4921875 0.466796875 0.025390625 0.029296875
1 0.689453125 0.5458984375 0.048828125 0.0546875
1 0.2744140625 0.521484375 0.0263671875 0.041015625
1 0.212890625 0.6181640625 0.029296875 0.0673828125
1 0.162109375 0.419921875 0.0185546875 0.03125
1 0.0927734375 0.626953125 0.0361328125 0.056640625
1 0.15625 0.5927734375 0.0283203125 0.0517578125
1 0.2158203125 0.8525390625 0.0439453125 0.0673828125
1 0.3076171875 0.7255859375 0.0341796875 0.0517578125
1 0.1552734375 0.6923828125 0.029296875 0.0498046875
1 0.1416015625 0.521484375 0.0234375 0.037109375
1 0.9453125 0.689453125 0.078125 0.087890625
1 0.134765625 0.57421875 0.0234375 0.044921875
1 0.158203125 0.466796875 0.017578125 0.029296875
1 0.6962890625 0.8583984375 0.0576171875 0.060546875
0 0.509765625 0.3408203125 0.0341796875 0.03125
0 0.439453125 0.4404296875 0.0439453125 0.068359375
1 0.177734375 0.443359375 0.017578125 0.03125
1 0.091796875 0.6884765625 0.0419921875 0.076171875
1 0.0302734375 0.5595703125 0.0361328125 0.041015625
1 0.1689453125 0.767578125 0.0498046875 0.0830078125
0 0.48828125 0.396484375 0.0546875 0.0546875
1 0.060546875 0.478515625 0.0263671875 0.0361328125
0 0.287109375 0.4130859375 0.0546875 0.044921875
0 0.564453125 0.37109375 0.033203125 0.033203125
1 0.8525390625 0.658203125 0.029296875 0.046875
1 0.3837890625 0.541015625 0.0205078125 0.0361328125
1 0.927734375 0.6103515625 0.0439453125 0.0390625
1 0.5263671875 0.412109375 0.0185546875 0.0283203125
0 0.0771484375 0.384765625 0.0703125 0.0419921875
0 0.57421875 0.408203125 0.0576171875 0.0576171875
0 0.537109375 0.3857421875 0.0390625 0.03125
0 0.486328125 0.3173828125 0.0263671875 0.015625
1 0.896484375 0.580078125 0.0439453125 0.048828125
1 0.4541015625 0.365234375 0.0234375 0.0341796875
1 0.865234375 0.572265625 0.029296875 0.052734375
1 0.201171875 0.64453125 0.205078125 0.201171875
1 0.1181640625 0.4140625 0.029296875 0.037109375
1 0.513671875 0.447265625 0.017578125 0.0283203125
1 0.9541015625 0.8544921875 0.060546875 0.072265625
1 0.6826171875 0.513671875 0.0283203125 0.033203125
1 0.21484375 0.4140625 0.0263671875 0.03125
1 0.638671875 0.44140625 0.0390625 0.029296875
1 0.0283203125 0.8447265625 0.0341796875 0.0673828125
1 0.2705078125 0.494140625 0.021484375 0.029296875
1 0.0244140625 0.3740234375 0.017578125 0.0234375
1 0.599609375 0.3896484375 0.017578125 0.0234375
1 0.95703125 0.623046875 0.0361328125 0.048828125
1 0.55078125 0.8056640625 0.060546875 0.0546875
1 0.189453125 0.3740234375 0.021484375 0.0263671875
1 0.236328125 0.40234375 0.017578125 0.033203125
1 0.0244140625 0.48046875 0.0263671875 0.0390625
1 0.4580078125 0.5009765625 0.025390625 0.0419921875
1 0.4931640625 0.439453125 0.013671875 0.0205078125