0 0.193359375 0.748046875 0.125 0.162109375
0 0.513671875 0.423828125 0.0517578125 0.0517578125
0 0.337890625 0.7275390625 0.0966796875 0.1201171875
1 0.3154296875 0.505859375 0.03125 0.046875
0 0.51171875 0.5341796875 0.1513671875 0.0810546875
0 0.5390625 0.353515625 0.0439453125 0.041015625
0 0.193359375 0.416015625 0.064453125 0.0390625
1 0.51171875 0.4736328125 0.033203125 0.041015625
1 0.068359375 0.5322265625 0.029296875 0.044921875
1 0.564453125 0.3955078125 0.021484375 0.03125
1 0.470703125 0.455078125 0.0341796875 0.0439453125
0 0.486328125 0.361328125 0.0419921875 0.03125
1 0.611328125 0.4951171875 0.03125 0.0439453125
1 0.251953125 0.470703125 0.0263671875 0.0283203125
1 0.642578125 0.4970703125 0.025390625 0.041015625
1 0.416015625 0.810546875 0.037109375 0.0498046875
1 0.1494140625 0.46484375 0.0234375 0.0361328125
1 0.5400390625 0.4716796875 0.0263671875 0.041015625
0 0.509765625 0.333984375 0.03125 0.029296875
1 0.3056640625 0.833984375 0.044921875 0.0908203125
1 0.580078125 0.486328125 0.021484375 0.0361328125
1 0.212890625 0.4501953125 0.021484375 0.025390625
1 0.458984375 0.78515625 0.0341796875 0.0546875
1 0.619140625 0.4638671875 0.0205078125 0.0283203125
1 0.845703125 0.6357421875 0.0361328125 0.068359375
1 0.1650390625 0.365234375 0.013671875 0.0185546875
1 0.146484375 0.4404296875 0.0185546875 0.025390625
1 0.076171875 0.7578125 0.037109375 0.0751953125
1 0.2861328125 0.40625 0.0341796875 0.03125
1 0.564453125 0.4697265625 0.0185546875 0.033203125
1 0.646484375 0.46875 0.017578125 0.025390625
1 0.427734375 0.6787109375 0.0439453125 0.0517578125
1 0.080078125 0.40625 0.0185546875 0.025390625
1 0.587890625 0.4541015625 0.0185546875 0.0263671875
1 0.5498046875 0.4462890625 0.0185546875 0.0263671875
1 0.9736328125 0.5751953125 0.0283203125 0.0439453125
1 0.419921875 0.7431640625 0.048828125 0.064453125
1 0.4296875 0.36328125 0.0185546875 0.0263671875
1 0.0576171875 0.478515625 0.021484375 0.03125
1 0.064453125 0.3857421875 0.015625 0.021484375
1 0.0205078125 0.4951171875 0.0185546875 0.037109375
1 0.1767578125 0.3271484375 0.0185546875 0.0205078125
1 0.849609375 0.5830078125 0.025390625 0.03125
1 0.025390625 0.3759765625 0.013671875 0.017578125
1 0.779296875 0.572265625 0.0673828125 0.0498046875
1 0.888671875 0.583984375 0.0498046875 0.0439453125
1 0.2041015625 0.3583984375 0.013671875 0.017578125
1 0.466796875 0.4208984375 0.0185546875 0.0234375
1 0.6357421875 0.4453125 0.0439453125 0.03125
1 0.56640625 0.4375 0.017578125 0.03125
1 0.2607421875 0.396484375 0.03125 0.041015625
1 0.3291015625 0.357421875 0.017578125 0.021484375
1 0.525390625 0.5732421875 0.0234375 0.0439453125
1 0.455078125 0.716796875 0.0205078125 0.0263671875
0 0.197265625 0.876953125 0.119140625 0.0283203125
1 0.6806640625 0.529296875 0.0390625 0.048828125
1 0.1953125 0.322265625 0.015625 0.017578125
1 0.517578125 0.4501953125 0.017578125 0.021484375
1 0.0693359375 0.33984375 0.013671875 0.017578125
1 0.248046875 0.35546875 0.0107421875 0.0234375
1 0.8671875 0.5400390625 0.0185546875 0.0361328125
1 0.0302734375 0.583984375 0.033203125 0.0859375