0 0.572265625 0.4833984375 0.0673828125 0.0732421875
0 0.66015625 0.583984375 0.1171875 0.1201171875
1 0.400390625 0.6591796875 0.0361328125 0.056640625
1 0.3642578125 0.5908203125 0.0283203125 0.046875
1 0.3095703125 0.6298828125 0.025390625 0.041015625
1 0.1796875 0.521484375 0.025390625 0.0439453125
0 0.58984375 0.7060546875 0.1455078125 0.177734375
1 0.228515625 0.51171875 0.03125 0.0361328125
0 0.3154296875 0.4638671875 0.0595703125 0.052734375
0 0.2041015625 0.4755859375 0.0576171875 0.0576171875
1 0.0966796875 0.591796875 0.03125 0.0419921875
1 0.201171875 0.681640625 0.0283203125 0.048828125
1 0.2021484375 0.6240234375 0.0234375 0.044921875
1 0.2763671875 0.544921875 0.025390625 0.0498046875
1 0.2578125 0.6064453125 0.03125 0.052734375
1 0.494140625 0.48046875 0.0205078125 0.0361328125
1 0.81640625 0.568359375 0.080078125 0.080078125
1 0.220703125 0.572265625 0.029296875 0.044921875
1 0.076171875 0.75 0.0341796875 0.046875
1 0.3671875 0.8505859375 0.0283203125 0.0517578125
0 0.5107421875 0.556640625 0.09375 0.119140625
1 0.15234375 0.5439453125 0.0234375 0.041015625
1 0.314453125 0.755859375 0.03125 0.0546875
1 0.732421875 0.53515625 0.0341796875 0.0361328125
0 0.5341796875 0.37890625 0.037109375 0.0390625
1 0.51953125 0.482421875 0.0234375 0.0390625
1 0.890625 0.658203125 0.0966796875 0.087890625
1 0.96484375 0.6748046875 0.0419921875 0.056640625
1 0.1953125 0.828125 0.03125 0.046875
1 0.11328125 0.6298828125 0.0263671875 0.041015625
1 0.2724609375 0.513671875 0.0205078125 0.0263671875
1 0.171875 0.611328125 0.0341796875 0.046875
0 0.837890625 0.79296875 0.2138671875 0.1767578125
1 0.2529296875 0.712890625 0.037109375 0.0517578125
1 0.2529296875 0.45703125 0.021484375 0.033203125
1 0.693359375 0.552734375 0.033203125 0.0390625
0 0.5419921875 0.41796875 0.041015625 0.044921875
0 0.4375 0.443359375 0.0439453125 0.080078125
1 0.5546875 0.5849609375 0.0283203125 0.044921875
1 0.1494140625 0.44140625 0.0205078125 0.0263671875
1 0.150390625 0.4833984375 0.0185546875 0.033203125
1 0.927734375 0.6103515625 0.0439453125 0.0390625
1 0.9326171875 0.701171875 0.037109375 0.0546875
0 0.486328125 0.357421875 0.0361328125 0.037109375
0 0.564453125 0.3740234375 0.0361328125 0.0361328125
0 0.279296875 0.408203125 0.060546875 0.041015625
1 0.3720703125 0.4990234375 0.0185546875 0.033203125
1 0.92578125 0.84765625 0.060546875 0.0830078125
1 0.580078125 0.423828125 0.029296875 0.037109375
1 0.896484375 0.580078125 0.041015625 0.0498046875
1 0.1357421875 0.41015625 0.015625 0.0205078125
1 0.748046875 0.8017578125 0.0419921875 0.0810546875
1 0.1787109375 0.7607421875 0.0361328125 0.0439453125
1 0.0400390625 0.8505859375 0.060546875 0.0732421875
1 0.6806640625 0.5107421875 0.0263671875 0.0341796875
1 0.640625 0.4423828125 0.0439453125 0.03125
1 0.15625 0.3935546875 0.0283203125 0.021484375
1 0.05859375 0.478515625 0.0234375 0.0341796875
1 0.029296875 0.572265625 0.0341796875 0.0703125
0 0.4189453125 0.5126953125 0.0625 0.0595703125
1 0.37109375 0.796875 0.0419921875 0.068359375
1 0.203125 0.4111328125 0.0341796875 0.0341796875
1 0.310546875 0.697265625 0.0205078125 0.0341796875
1 0.3076171875 0.595703125 0.0185546875 0.033203125
1 0.234375 0.6943359375 0.228515625 0.1328125
1 0.5966796875 0.392578125 0.015625 0.0234375
1 0.1416015625 0.509765625 0.0205078125 0.037109375
1 0.474609375 0.40625 0.041015625 0.0439453125
0 0.10546875 0.4052734375 0.095703125 0.048828125
1 0.4638671875 0.681640625 0.025390625 0.0654296875
1 0.5166015625 0.4541015625 0.017578125 0.0263671875
1 0.5126953125 0.65234375 0.0341796875 0.0830078125
1 0.4013671875 0.611328125 0.015625 0.017578125
1 0.455078125 0.3603515625 0.0263671875 0.033203125
1 0.0224609375 0.7919921875 0.0234375 0.0595703125
1 0.2607421875 0.8720703125 0.037109375 0.037109375