0 0.134765625 0.6923828125 0.1015625 0.1123046875
0 0.5849609375 0.65234375 0.1171875 0.1484375
0 0.1865234375 0.5361328125 0.0703125 0.0751953125
1 0.7353515625 0.69140625 0.048828125 0.080078125
1 0.49609375 0.6103515625 0.0361328125 0.060546875
1 0.6328125 0.5751953125 0.03125 0.0625
1 0.671875 0.611328125 0.037109375 0.068359375
0 0.541015625 0.5458984375 0.078125 0.080078125
0 0.326171875 0.498046875 0.060546875 0.0673828125
1 0.546875 0.4814453125 0.021484375 0.037109375
1 0.80078125 0.5869140625 0.0419921875 0.0703125
1 0.28125 0.779296875 0.0498046875 0.0703125
1 0.619140625 0.853515625 0.0546875 0.0654296875
0 0.294921875 0.451171875 0.052734375 0.0498046875
1 0.94140625 0.681640625 0.0859375 0.09375
1 0.7294921875 0.62890625 0.037109375 0.0673828125
1 0.8701171875 0.818359375 0.0654296875 0.109375
0 0.62890625 0.4580078125 0.0888671875 0.0625
1 0.8447265625 0.6005859375 0.0361328125 0.044921875
1 0.755859375 0.78125 0.060546875 0.0966796875
1 0.728515625 0.5380859375 0.041015625 0.044921875
1 0.4677734375 0.591796875 0.0263671875 0.044921875
0 0.431640625 0.423828125 0.0439453125 0.0517578125
1 0.62890625 0.5244140625 0.0205078125 0.0361328125
1 0.1162109375 0.5498046875 0.0419921875 0.056640625
0 0.4697265625 0.3935546875 0.0419921875 0.0625
0 0.189453125 0.400390625 0.0419921875 0.0419921875
0 0.205078125 0.4345703125 0.0625 0.041015625
1 0.263671875 0.552734375 0.0234375 0.041015625
1 0.0283203125 0.576171875 0.0341796875 0.068359375
1 0.6953125 0.544921875 0.0439453125 0.048828125
1 0.544921875 0.44921875 0.025390625 0.0390625
0 0.24609375 0.3857421875 0.0576171875 0.037109375
1 0.841796875 0.712890625 0.0390625 0.080078125
1 0.1416015625 0.4716796875 0.0205078125 0.03125
0 0.48046875 0.451171875 0.048828125 0.0517578125
1 0.2470703125 0.4638671875 0.0185546875 0.03125
1 0.2041015625 0.806640625 0.048828125 0.060546875
1 0.46484375 0.505859375 0.017578125 0.03125
1 0.888671875 0.6015625 0.056640625 0.052734375
1 0.068359375 0.4775390625 0.044921875 0.0390625
1 0.587890625 0.42578125 0.0234375 0.029296875
1 0.7265625 0.8564453125 0.056640625 0.068359375
1 0.546875 0.4033203125 0.025390625 0.037109375
1 0.1533203125 0.427734375 0.0283203125 0.0234375
1 0.0283203125 0.4912109375 0.0341796875 0.0361328125
1 0.0986328125 0.478515625 0.0283203125 0.037109375
1 0.8388671875 0.8759765625 0.025390625 0.0263671875
1 0.4697265625 0.5439453125 0.0263671875 0.0439453125
1 0.4453125 0.525390625 0.021484375 0.037109375
0 0.380859375 0.658203125 0.1064453125 0.130859375
0 0.2265625 0.3583984375 0.0283203125 0.017578125
0 0.951171875 0.5810546875 0.0703125 0.0654296875
0 0.353515625 0.3212890625 0.0341796875 0.017578125
1 0.974609375 0.6357421875 0.0263671875 0.052734375
1 0.5927734375 0.400390625 0.017578125 0.0341796875
1 0.6640625 0.501953125 0.015625 0.033203125
1 0.216796875 0.3896484375 0.015625 0.0263671875
1 0.82421875 0.537109375 0.0205078125 0.041015625