0 0.1923828125 0.7509765625 0.125 0.1640625
0 0.51171875 0.421875 0.048828125 0.0498046875
0 0.337890625 0.7265625 0.0986328125 0.119140625
1 0.412109375 0.8095703125 0.0439453125 0.052734375
0 0.5380859375 0.353515625 0.0419921875 0.044921875
1 0.306640625 0.857421875 0.0419921875 0.0673828125
1 0.513671875 0.47265625 0.03125 0.044921875
1 0.560546875 0.57421875 0.0263671875 0.0517578125
1 0.0673828125 0.5400390625 0.0283203125 0.048828125
1 0.814453125 0.7646484375 0.048828125 0.080078125
0 0.2080078125 0.42578125 0.072265625 0.044921875
1 0.6142578125 0.486328125 0.037109375 0.044921875
0 0.490234375 0.361328125 0.0390625 0.0341796875
1 0.3076171875 0.4814453125 0.0341796875 0.041015625
1 0.39453125 0.4072265625 0.0205078125 0.033203125
1 0.2275390625 0.4814453125 0.033203125 0.037109375
1 0.572265625 0.3828125 0.015625 0.025390625
0 0.509765625 0.333984375 0.029296875 0.029296875
1 0.5634765625 0.4375 0.0205078125 0.025390625
1 0.49609375 0.4521484375 0.017578125 0.033203125
1 0.458984375 0.7841796875 0.0341796875 0.056640625
1 0.646484375 0.4892578125 0.021484375 0.037109375
1 0.845703125 0.6376953125 0.0341796875 0.0654296875
1 0.455078125 0.369140625 0.0185546875 0.029296875
1 0.2724609375 0.435546875 0.0263671875 0.029296875
1 0.46875 0.4501953125 0.0283203125 0.041015625
1 0.548828125 0.4736328125 0.021484375 0.041015625
1 0.095703125 0.6845703125 0.0673828125 0.068359375
1 0.5791015625 0.46484375 0.0234375 0.0361328125
1 0.166015625 0.3662109375 0.013671875 0.013671875
0 0.943359375 0.572265625 0.0859375 0.068359375
1 0.4287109375 0.6669921875 0.0419921875 0.046875
1 0.076171875 0.7529296875 0.0390625 0.0595703125
1 0.466796875 0.4228515625 0.015625 0.0263671875
1 0.4375 0.365234375 0.0185546875 0.021484375
1 0.46484375 0.3984375 0.013671875 0.021484375
1 0.421875 0.7412109375 0.0498046875 0.0546875
1 0.59375 0.3896484375 0.0126953125 0.0205078125
1 0.5478515625 0.4189453125 0.013671875 0.021484375
1 0.0341796875 0.587890625 0.0439453125 0.068359375
1 0.357421875 0.396484375 0.013671875 0.029296875
1 0.2060546875 0.357421875 0.0126953125 0.0205078125
1 0.05859375 0.4794921875 0.0205078125 0.0341796875
0 0.1923828125 0.875 0.1220703125 0.0283203125
1 0.9052734375 0.49609375 0.0263671875 0.029296875
1 0.6357421875 0.44140625 0.0341796875 0.0361328125
1 0.177734375 0.326171875 0.0205078125 0.021484375
1 0.0224609375 0.4736328125 0.0205078125 0.037109375
1 0.021484375 0.5546875 0.021484375 0.0283203125
1 0.107421875 0.486328125 0.037109375 0.0341796875
1 0.228515625 0.359375 0.009765625 0.015625
1 0.595703125 0.4677734375 0.015625 0.0205078125