0 0.193359375 0.748046875 0.1220703125 0.1611328125
0 0.5126953125 0.4248046875 0.052734375 0.0595703125
0 0.3388671875 0.728515625 0.099609375 0.1220703125
1 0.71484375 0.7705078125 0.060546875 0.0908203125
1 0.607421875 0.4931640625 0.037109375 0.0517578125
1 0.5205078125 0.5380859375 0.037109375 0.0419921875
1 0.5615234375 0.4736328125 0.0234375 0.041015625
1 0.521484375 0.5849609375 0.0341796875 0.060546875
0 0.4892578125 0.3623046875 0.046875 0.037109375
1 0.111328125 0.6025390625 0.029296875 0.0517578125
0 0.76171875 0.5595703125 0.1953125 0.0810546875
1 0.4267578125 0.6826171875 0.041015625 0.0498046875
1 0.396484375 0.4580078125 0.0263671875 0.03125
1 0.5849609375 0.6162109375 0.044921875 0.0703125
1 0.7158203125 0.6611328125 0.037109375 0.0595703125
1 0.322265625 0.4736328125 0.0439453125 0.041015625
1 0.478515625 0.5244140625 0.03125 0.0390625
1 0.6357421875 0.5048828125 0.0283203125 0.0498046875
1 0.5498046875 0.3740234375 0.015625 0.0263671875
1 0.755859375 0.5986328125 0.0546875 0.052734375
1 0.552734375 0.4365234375 0.021484375 0.0361328125
1 0.0771484375 0.75 0.044921875 0.083984375
1 0.669921875 0.6142578125 0.072265625 0.0654296875
1 0.8818359375 0.6171875 0.0830078125 0.072265625
1 0.7041015625 0.7060546875 0.044921875 0.056640625
1 0.9482421875 0.6279296875 0.078125 0.0751953125
1 0.306640625 0.8349609375 0.046875 0.0830078125
1 0.12109375 0.521484375 0.0263671875 0.044921875
0 0.509765625 0.3330078125 0.03125 0.0283203125
1 0.529296875 0.3681640625 0.021484375 0.0263671875
1 0.421875 0.5947265625 0.037109375 0.0546875
1 0.833984375 0.60546875 0.0419921875 0.044921875
1 0.380859375 0.595703125 0.052734375 0.041015625
1 0.107421875 0.482421875 0.0361328125 0.0341796875
1 0.5830078125 0.712890625 0.0498046875 0.064453125
1 0.203125 0.4169921875 0.021484375 0.025390625
1 0.853515625 0.50390625 0.033203125 0.0390625
1 0.5634765625 0.54296875 0.0361328125 0.0419921875
1 0.0322265625 0.5615234375 0.0419921875 0.0517578125
1 0.494140625 0.46875 0.013671875 0.025390625
1 0.767578125 0.642578125 0.048828125 0.0361328125
1 0.2138671875 0.341796875 0.0185546875 0.015625
1 0.572265625 0.5107421875 0.017578125 0.0283203125
1 0.892578125 0.384765625 0.0205078125 0.03125
1 0.5673828125 0.3642578125 0.015625 0.0283203125
1 0.111328125 0.4296875 0.015625 0.015625
1 0.35546875 0.4267578125 0.013671875 0.0283203125
1 0.34375 0.453125 0.025390625 0.041015625
1 0.5986328125 0.8154296875 0.0498046875 0.1123046875
1 0.177734375 0.3251953125 0.0205078125 0.021484375
1 0.419921875 0.76171875 0.0419921875 0.0517578125
1 0.05859375 0.478515625 0.0205078125 0.033203125
1 0.478515625 0.5712890625 0.03125 0.0517578125
1 0.576171875 0.3955078125 0.015625 0.037109375
1 0.134765625 0.7900390625 0.033203125 0.0673828125
1 0.0341796875 0.8388671875 0.046875 0.078125
1 0.5771484375 0.447265625 0.013671875 0.0234375
1 0.951171875 0.5244140625 0.060546875 0.048828125
1 0.37109375 0.427734375 0.0234375 0.0234375
1 0.328125 0.35546875 0.015625 0.0263671875
1 0.5478515625 0.814453125 0.0732421875 0.134765625
1 0.0283203125 0.7216796875 0.0341796875 0.0439453125
0 0.23828125 0.365234375 0.0576171875 0.029296875
1 0.9345703125 0.580078125 0.03125 0.048828125
1 0.453125 0.5234375 0.021484375 0.0341796875
0 0.318359375 0.39453125 0.083984375 0.048828125
1 0.5166015625 0.5107421875 0.017578125 0.025390625
1 0.1953125 0.322265625 0.0185546875 0.0185546875
1 0.6650390625 0.515625 0.0234375 0.046875
1 0.6337890625 0.6630859375 0.314453125 0.3642578125
1 0.3681640625 0.3232421875 0.0263671875 0.0185546875