0 0.193359375 0.748046875 0.126953125 0.1611328125
0 0.5107421875 0.419921875 0.0498046875 0.046875
0 0.337890625 0.728515625 0.0986328125 0.1201171875
1 0.130859375 0.5830078125 0.0341796875 0.052734375
0 0.5107421875 0.5009765625 0.099609375 0.0732421875
0 0.302734375 0.4609375 0.09375 0.0625
1 0.591796875 0.5810546875 0.0654296875 0.056640625
0 0.5390625 0.349609375 0.041015625 0.037109375
1 0.353515625 0.498046875 0.0341796875 0.0341796875
1 0.4580078125 0.7841796875 0.037109375 0.0595703125
1 0.21484375 0.4814453125 0.029296875 0.0341796875
1 0.2568359375 0.494140625 0.029296875 0.0361328125
1 0.083984375 0.75390625 0.0517578125 0.076171875
1 0.68359375 0.591796875 0.044921875 0.044921875
0 0.4912109375 0.361328125 0.0390625 0.03125
1 0.2998046875 0.525390625 0.041015625 0.0439453125
1 0.16015625 0.4453125 0.0234375 0.0283203125
1 0.0947265625 0.4130859375 0.017578125 0.017578125
1 0.162109375 0.4248046875 0.021484375 0.021484375
1 0.3251953125 0.50390625 0.0283203125 0.033203125
1 0.1357421875 0.41796875 0.0283203125 0.0263671875
0 0.509765625 0.333984375 0.033203125 0.0283203125
1 0.134765625 0.5302734375 0.025390625 0.029296875
1 0.431640625 0.6572265625 0.046875 0.0673828125
1 0.796875 0.6083984375 0.046875 0.0517578125
1 0.2578125 0.4169921875 0.0185546875 0.025390625
1 0.6904296875 0.556640625 0.041015625 0.037109375
1 0.5205078125 0.373046875 0.0185546875 0.0205078125
0 0.2333984375 0.3662109375 0.0576171875 0.033203125
1 0.421875 0.748046875 0.0439453125 0.060546875
1 0.3076171875 0.833984375 0.0498046875 0.091796875
1 0.646484375 0.5234375 0.0517578125 0.041015625
1 0.2109375 0.41796875 0.025390625 0.0234375
1 0.4150390625 0.384765625 0.017578125 0.0234375
1 0.546875 0.3896484375 0.015625 0.0263671875
1 0.7353515625 0.548828125 0.0703125 0.0595703125
1 0.4765625 0.392578125 0.0126953125 0.025390625
1 0.431640625 0.85546875 0.0517578125 0.0576171875
1 0.90625 0.583984375 0.0625 0.048828125
1 0.5693359375 0.373046875 0.033203125 0.029296875
1 0.560546875 0.4677734375 0.0205078125 0.0263671875
0 0.06640625 0.501953125 0.111328125 0.0888671875
1 0.6279296875 0.6611328125 0.0595703125 0.056640625
1 0.6328125 0.4970703125 0.025390625 0.0283203125
1 0.9775390625 0.5439453125 0.017578125 0.041015625
1 0.5595703125 0.5439453125 0.0341796875 0.037109375
1 0.4609375 0.369140625 0.03125 0.0341796875
1 0.49609375 0.451171875 0.013671875 0.0234375
1 0.060546875 0.478515625 0.0205078125 0.03125
1 0.107421875 0.400390625 0.0283203125 0.0234375
1 0.177734375 0.326171875 0.0234375 0.021484375
1 0.041015625 0.5537109375 0.0185546875 0.029296875
1 0.626953125 0.8017578125 0.0390625 0.0439453125
1 0.025390625 0.783203125 0.0283203125 0.09375
1 0.619140625 0.4638671875 0.017578125 0.0283203125
1 0.0234375 0.568359375 0.021484375 0.0546875
1 0.517578125 0.8271484375 0.037109375 0.064453125
1 0.0244140625 0.373046875 0.0107421875 0.021484375
1 0.0390625 0.470703125 0.0283203125 0.029296875
1 0.5390625 0.533203125 0.015625 0.029296875
0 0.1865234375 0.875 0.107421875 0.0283203125
1 0.5009765625 0.591796875 0.0205078125 0.041015625
0 0.15625 0.298828125 0.037109375 0.0341796875
1 0.6171875 0.521484375 0.0185546875 0.0341796875
1 0.63671875 0.443359375 0.0419921875 0.029296875
1 0.59375 0.466796875 0.0126953125 0.0185546875
1 0.888671875 0.384765625 0.015625 0.025390625
1 0.1943359375 0.3212890625 0.0205078125 0.0205078125