0 0.3193359375 0.798828125 0.1513671875 0.1767578125
0 0.6552734375 0.677734375 0.1201171875 0.1611328125
1 0.5634765625 0.3896484375 0.017578125 0.0263671875
1 0.384765625 0.388671875 0.0205078125 0.0283203125
0 0.3154296875 0.650390625 0.09375 0.109375
1 0.822265625 0.5791015625 0.0888671875 0.0888671875
1 0.1826171875 0.5888671875 0.0341796875 0.056640625
1 0.693359375 0.552734375 0.044921875 0.064453125
1 0.1259765625 0.5380859375 0.0263671875 0.0546875
1 0.890625 0.654296875 0.0810546875 0.078125
1 0.576171875 0.5166015625 0.0283203125 0.0390625
0 0.509765625 0.3505859375 0.037109375 0.044921875
0 0.240234375 0.509765625 0.060546875 0.076171875
1 0.5859375 0.4482421875 0.025390625 0.037109375
1 0.63671875 0.564453125 0.029296875 0.056640625
1 0.392578125 0.5048828125 0.0263671875 0.0439453125
1 0.5888671875 0.3984375 0.015625 0.025390625
0 0.5087890625 0.5263671875 0.095703125 0.119140625
1 0.4296875 0.431640625 0.015625 0.025390625
1 0.427734375 0.3876953125 0.017578125 0.025390625
1 0.533203125 0.482421875 0.0234375 0.044921875
1 0.212890625 0.576171875 0.03125 0.048828125
1 0.1640625 0.673828125 0.037109375 0.0810546875
1 0.0654296875 0.4775390625 0.0341796875 0.033203125
1 0.681640625 0.466796875 0.033203125 0.0341796875
1 0.6943359375 0.6123046875 0.0361328125 0.0625
0 0.3271484375 0.4912109375 0.0673828125 0.060546875
1 0.4638671875 0.44140625 0.021484375 0.033203125
1 0.421875 0.365234375 0.021484375 0.021484375
0 0.48046875 0.357421875 0.0361328125 0.0390625
1 0.1103515625 0.486328125 0.033203125 0.033203125
1 0.95703125 0.6953125 0.064453125 0.0751953125
1 0.189453125 0.7236328125 0.044921875 0.052734375
1 0.3505859375 0.4345703125 0.0205078125 0.037109375
1 0.2177734375 0.4150390625 0.0263671875 0.029296875
1 0.08984375 0.7001953125 0.0390625 0.068359375
1 0.353515625 0.3935546875 0.017578125 0.0283203125
0 0.255859375 0.404296875 0.046875 0.0419921875
1 0.7109375 0.5166015625 0.037109375 0.0361328125
0 0.3212890625 0.5498046875 0.0732421875 0.083984375
1 0.8916015625 0.587890625 0.044921875 0.060546875
1 0.033203125 0.5810546875 0.041015625 0.068359375
1 0.5458984375 0.5439453125 0.0234375 0.0498046875
1 0.892578125 0.3876953125 0.0205078125 0.03125
1 0.453125 0.3642578125 0.0185546875 0.0283203125
0 0.939453125 0.5263671875 0.09375 0.072265625
1 0.373046875 0.359375 0.013671875 0.025390625
1 0.185546875 0.5205078125 0.029296875 0.0341796875
1 0.455078125 0.482421875 0.0361328125 0.0732421875
0 0.2021484375 0.326171875 0.048828125 0.025390625
1 0.486328125 0.462890625 0.021484375 0.03125
1 0.3408203125 0.3544921875 0.0126953125 0.0283203125
1 0.44140625 0.408203125 0.029296875 0.0419921875
1 0.9326171875 0.6083984375 0.0439453125 0.0361328125
1 0.404296875 0.3583984375 0.0205078125 0.0234375
0 0.1640625 0.4560546875 0.0595703125 0.052734375
1 0.0185546875 0.6181640625 0.015625 0.048828125
1 0.021484375 0.5185546875 0.021484375 0.0185546875
1 0.1494140625 0.3916015625 0.0205078125 0.0234375
0 0.2509765625 0.333984375 0.044921875 0.0341796875
0 0.3505859375 0.3212890625 0.033203125 0.017578125
1 0.634765625 0.4375 0.033203125 0.025390625
1 0.6796875 0.439453125 0.0185546875 0.0361328125
1 0.9619140625 0.6259765625 0.029296875 0.048828125