1 0.642578125 0.5654296875 0.033203125 0.052734375
1 0.69921875 0.6044921875 0.0390625 0.052734375
1 0.6923828125 0.55078125 0.0439453125 0.044921875
1 0.388671875 0.6708984375 0.0341796875 0.0576171875
1 0.7841796875 0.677734375 0.052734375 0.068359375
1 0.1005859375 0.640625 0.029296875 0.052734375
0 0.5478515625 0.6396484375 0.1298828125 0.1455078125
1 0.603515625 0.490234375 0.029296875 0.044921875
1 0.830078125 0.814453125 0.0625 0.072265625
0 0.345703125 0.517578125 0.0673828125 0.0732421875
0 0.5625 0.4150390625 0.0439453125 0.0517578125
0 0.5361328125 0.482421875 0.0751953125 0.087890625
0 0.201171875 0.5126953125 0.0673828125 0.0908203125
0 0.1181640625 0.412109375 0.064453125 0.0390625
1 0.7265625 0.7978515625 0.0595703125 0.0859375
1 0.08203125 0.7529296875 0.0390625 0.0595703125
1 0.60546875 0.5556640625 0.033203125 0.0517578125
1 0.2919921875 0.6455078125 0.037109375 0.078125
1 0.791015625 0.56640625 0.03125 0.0546875
1 0.1806640625 0.6259765625 0.033203125 0.0576171875
1 0.6689453125 0.666015625 0.041015625 0.0625
1 0.1513671875 0.591796875 0.0341796875 0.046875
0 0.3193359375 0.45703125 0.0576171875 0.048828125
1 0.4345703125 0.43359375 0.03125 0.0361328125
1 0.8642578125 0.595703125 0.0751953125 0.0654296875
0 0.51953125 0.3466796875 0.0263671875 0.021484375
1 0.732421875 0.5380859375 0.0361328125 0.0419921875
1 0.943359375 0.681640625 0.0830078125 0.0908203125
1 0.4951171875 0.4306640625 0.0341796875 0.048828125
1 0.2939453125 0.5478515625 0.03125 0.044921875
0 0.4931640625 0.533203125 0.0732421875 0.0859375
1 0.78515625 0.849609375 0.0517578125 0.0732421875
0 0.4541015625 0.4716796875 0.0517578125 0.0595703125
1 0.40625 0.4697265625 0.021484375 0.048828125
1 0.88671875 0.654296875 0.0576171875 0.0546875
1 0.0419921875 0.587890625 0.0283203125 0.0654296875
0 0.1845703125 0.3564453125 0.025390625 0.025390625
1 0.443359375 0.677734375 0.0419921875 0.0810546875
1 0.927734375 0.611328125 0.0361328125 0.037109375
1 0.521484375 0.400390625 0.025390625 0.0283203125
1 0.2314453125 0.58203125 0.0283203125 0.044921875
1 0.830078125 0.5634765625 0.0263671875 0.033203125
1 0.44921875 0.373046875 0.0107421875 0.0234375
1 0.0595703125 0.4814453125 0.021484375 0.037109375
0 0.2216796875 0.3466796875 0.025390625 0.021484375
1 0.5849609375 0.388671875 0.0361328125 0.044921875
0 0.263671875 0.39453125 0.0830078125 0.0546875
1 0.146484375 0.564453125 0.0185546875 0.029296875
1 0.173828125 0.8515625 0.0751953125 0.068359375
0 0.4833984375 0.361328125 0.0263671875 0.021484375
1 0.638671875 0.439453125 0.0361328125 0.033203125
1 0.642578125 0.5244140625 0.0263671875 0.0419921875
1 0.4111328125 0.841796875 0.037109375 0.0888671875
0 0.5556640625 0.380859375 0.0390625 0.0341796875
1 0.658203125 0.6201171875 0.0263671875 0.041015625
1 0.1455078125 0.47265625 0.0283203125 0.0361328125
1 0.16015625 0.3740234375 0.017578125 0.0205078125
1 0.974609375 0.6337890625 0.0283203125 0.060546875
1 0.861328125 0.5595703125 0.015625 0.0185546875
1 0.6025390625 0.4541015625 0.017578125 0.0263671875
1 0.0322265625 0.8544921875 0.0390625 0.0625