0 0.341796875 0.666015625 0.0966796875 0.1220703125
0 0.6318359375 0.689453125 0.123046875 0.1435546875
0 0.216796875 0.5966796875 0.0810546875 0.09375
1 0.8056640625 0.599609375 0.0390625 0.0546875
0 0.59765625 0.5546875 0.0859375 0.119140625
0 0.3193359375 0.525390625 0.064453125 0.072265625
1 0.6591796875 0.548828125 0.0341796875 0.0498046875
0 0.48046875 0.49609375 0.044921875 0.0673828125
1 0.890625 0.65625 0.087890625 0.0810546875
1 0.716796875 0.5986328125 0.0361328125 0.0751953125
0 0.2294921875 0.505859375 0.0625 0.064453125
1 0.3818359375 0.5341796875 0.0263671875 0.037109375
1 0.912109375 0.830078125 0.060546875 0.0986328125
1 0.478515625 0.587890625 0.0205078125 0.0576171875
1 0.779296875 0.7568359375 0.0595703125 0.1171875
0 0.5087890625 0.4111328125 0.0390625 0.046875
1 0.521484375 0.6201171875 0.033203125 0.052734375
0 0.111328125 0.40625 0.0517578125 0.037109375
1 0.4267578125 0.462890625 0.021484375 0.0390625
0 0.23828125 0.455078125 0.048828125 0.044921875
1 0.865234375 0.591796875 0.0810546875 0.072265625
1 0.6083984375 0.841796875 0.0419921875 0.076171875
1 0.697265625 0.548828125 0.0419921875 0.056640625
1 0.7958984375 0.5576171875 0.0390625 0.0498046875
1 0.896484375 0.720703125 0.0341796875 0.060546875
0 0.498046875 0.341796875 0.025390625 0.0263671875
1 0.060546875 0.4853515625 0.0283203125 0.029296875
1 0.1650390625 0.548828125 0.0234375 0.052734375
0 0.09765625 0.8212890625 0.1669921875 0.1455078125
1 0.4287109375 0.505859375 0.0205078125 0.037109375
1 0.0693359375 0.712890625 0.033203125 0.0546875
1 0.54296875 0.4912109375 0.0205078125 0.0361328125
1 0.419921875 0.431640625 0.017578125 0.033203125
1 0.5771484375 0.4765625 0.0205078125 0.037109375
1 0.2880859375 0.5869140625 0.029296875 0.0703125
1 0.474609375 0.423828125 0.021484375 0.033203125
1 0.9619140625 0.701171875 0.0517578125 0.0703125
0 0.2919921875 0.4375 0.0439453125 0.037109375
1 0.6357421875 0.5107421875 0.025390625 0.0498046875
1 0.5771484375 0.7421875 0.044921875 0.087890625
1 0.927734375 0.607421875 0.046875 0.041015625
1 0.599609375 0.4384765625 0.015625 0.029296875
1 0.1259765625 0.638671875 0.0390625 0.052734375
1 0.150390625 0.458984375 0.025390625 0.029296875
1 0.115234375 0.5908203125 0.03125 0.041015625
1 0.552734375 0.443359375 0.0205078125 0.0390625
1 0.732421875 0.541015625 0.0419921875 0.044921875
0 0.3095703125 0.3974609375 0.099609375 0.048828125
1 0.029296875 0.568359375 0.033203125 0.056640625
1 0.525390625 0.548828125 0.03125 0.0595703125
1 0.173828125 0.423828125 0.013671875 0.021484375
1 0.52734375 0.509765625 0.0234375 0.0341796875
1 0.9736328125 0.6328125 0.03125 0.0625
0 0.189453125 0.369140625 0.0341796875 0.025390625
1 0.5068359375 0.451171875 0.0361328125 0.048828125
1 0.15234375 0.435546875 0.044921875 0.0263671875
1 0.173828125 0.4638671875 0.029296875 0.03125
1 0.2236328125 0.8505859375 0.0625 0.0703125
1 0.5595703125 0.443359375 0.083984375 0.123046875
1 0.8984375 0.546875 0.03125 0.037109375
1 0.474609375 0.3662109375 0.0185546875 0.033203125
1 0.966796875 0.5322265625 0.037109375 0.044921875