0 0.322265625 0.80078125 0.142578125 0.1767578125
0 0.203125 0.677734375 0.099609375 0.1171875
1 0.626953125 0.7587890625 0.046875 0.080078125
1 0.6494140625 0.5869140625 0.033203125 0.0546875
0 0.1591796875 0.4873046875 0.052734375 0.052734375
1 0.595703125 0.455078125 0.017578125 0.029296875
0 0.47265625 0.4619140625 0.0576171875 0.0546875
0 0.2275390625 0.576171875 0.0830078125 0.0888671875
0 0.3173828125 0.6162109375 0.083984375 0.1015625
1 0.6767578125 0.650390625 0.037109375 0.056640625
1 0.7294921875 0.6240234375 0.037109375 0.0576171875
1 0.6875 0.72265625 0.046875 0.0859375
1 0.7978515625 0.576171875 0.0419921875 0.060546875
1 0.7744140625 0.771484375 0.060546875 0.083984375
1 0.4970703125 0.5322265625 0.025390625 0.044921875
1 0.6044921875 0.65625 0.037109375 0.0654296875
1 0.6171875 0.5107421875 0.0283203125 0.056640625
0 0.3125 0.482421875 0.052734375 0.0625
1 0.5673828125 0.4453125 0.025390625 0.0498046875
0 0.5263671875 0.44140625 0.056640625 0.0576171875
1 0.6962890625 0.5302734375 0.033203125 0.0390625
1 0.947265625 0.6884765625 0.0732421875 0.080078125
1 0.1669921875 0.560546875 0.0283203125 0.052734375
1 0.6494140625 0.544921875 0.0263671875 0.0341796875
1 0.4990234375 0.419921875 0.0234375 0.0361328125
1 0.599609375 0.5546875 0.0263671875 0.041015625
1 0.056640625 0.482421875 0.025390625 0.03125
1 0.7294921875 0.537109375 0.041015625 0.046875
1 0.8525390625 0.5927734375 0.060546875 0.0673828125
0 0.203125 0.404296875 0.041015625 0.037109375
0 0.240234375 0.505859375 0.0595703125 0.0625
1 0.6181640625 0.705078125 0.029296875 0.044921875
1 0.642578125 0.462890625 0.0185546875 0.0283203125
1 0.111328125 0.6015625 0.03125 0.0498046875
1 0.04296875 0.591796875 0.029296875 0.0576171875
1 0.166015625 0.8115234375 0.0517578125 0.080078125
1 0.478515625 0.419921875 0.0185546875 0.0234375
1 0.1044921875 0.5546875 0.03125 0.041015625
0 0.5205078125 0.38671875 0.0341796875 0.033203125
1 0.3642578125 0.45703125 0.0185546875 0.033203125
1 0.8408203125 0.873046875 0.046875 0.033203125
1 0.123046875 0.67578125 0.0390625 0.0517578125
0 0.5166015625 0.333984375 0.0361328125 0.029296875
1 0.927734375 0.8583984375 0.046875 0.0546875
0 0.4873046875 0.3525390625 0.0283203125 0.029296875
1 0.9326171875 0.609375 0.056640625 0.046875
1 0.572265625 0.396484375 0.0185546875 0.0263671875
0 0.3515625 0.3212890625 0.03125 0.017578125
1 0.599609375 0.427734375 0.0185546875 0.0283203125
1 0.4599609375 0.3681640625 0.029296875 0.0361328125
0 0.2197265625 0.345703125 0.029296875 0.0283203125
1 0.150390625 0.390625 0.021484375 0.0283203125
1 0.443359375 0.412109375 0.015625 0.0283203125
1 0.8955078125 0.5859375 0.037109375 0.0595703125
1 0.0634765625 0.341796875 0.0107421875 0.015625
1 0.0244140625 0.560546875 0.0234375 0.0439453125
0 0.1103515625 0.515625 0.033203125 0.046875
1 0.875 0.7021484375 0.078125 0.111328125
1 0.427734375 0.87890625 0.0546875 0.0234375
1 0.9755859375 0.6318359375 0.0234375 0.0576171875
1 0.033203125 0.7998046875 0.041015625 0.09375
1 0.6591796875 0.6513671875 0.1533203125 0.2939453125
1 0.0654296875 0.771484375 0.0341796875 0.060546875
1 0.873046875 0.8232421875 0.015625 0.041015625
1 0.021484375 0.47265625 0.0205078125 0.0234375
0 0.9443359375 0.5654296875 0.0830078125 0.056640625