0 0.51171875 0.42578125 0.0517578125 0.060546875
0 0.1943359375 0.7470703125 0.126953125 0.1591796875
0 0.337890625 0.7294921875 0.0986328125 0.1220703125
1 0.5546875 0.466796875 0.0283203125 0.044921875
1 0.576171875 0.486328125 0.029296875 0.0419921875
1 0.130859375 0.552734375 0.025390625 0.0439453125
0 0.4892578125 0.36328125 0.041015625 0.0361328125
1 0.716796875 0.6201171875 0.0810546875 0.072265625
1 0.822265625 0.6083984375 0.0751953125 0.0703125
1 0.453125 0.5185546875 0.03125 0.046875
1 0.60546875 0.498046875 0.029296875 0.044921875
1 0.3984375 0.4921875 0.0439453125 0.046875
1 0.529296875 0.37109375 0.0185546875 0.0234375
1 0.63671875 0.501953125 0.0263671875 0.0439453125
1 0.2685546875 0.439453125 0.021484375 0.0263671875
1 0.5615234375 0.6279296875 0.0419921875 0.078125
0 0.931640625 0.5693359375 0.1044921875 0.0703125
1 0.306640625 0.830078125 0.0439453125 0.087890625
0 0.6962890625 0.5498046875 0.1767578125 0.068359375
1 0.5087890625 0.548828125 0.048828125 0.044921875
1 0.5498046875 0.3740234375 0.015625 0.0263671875
1 0.0810546875 0.7470703125 0.0498046875 0.087890625
1 0.4384765625 0.6142578125 0.044921875 0.0625
0 0.509765625 0.333984375 0.03125 0.029296875
1 0.794921875 0.818359375 0.0966796875 0.1357421875
1 0.13671875 0.494140625 0.0263671875 0.0341796875
1 0.634765625 0.6552734375 0.046875 0.064453125
1 0.97265625 0.6259765625 0.033203125 0.064453125
1 0.427734375 0.6748046875 0.0390625 0.046875
1 0.244140625 0.44921875 0.033203125 0.033203125
1 0.6669921875 0.685546875 0.037109375 0.0576171875
1 0.3369140625 0.431640625 0.0234375 0.0283203125
1 0.033203125 0.560546875 0.041015625 0.0517578125
1 0.4951171875 0.5947265625 0.03125 0.048828125
1 0.5908203125 0.4638671875 0.0185546875 0.0283203125
1 0.650390625 0.8056640625 0.068359375 0.0673828125
1 0.0654296875 0.642578125 0.0341796875 0.052734375
1 0.123046875 0.443359375 0.017578125 0.021484375
1 0.3916015625 0.591796875 0.0546875 0.052734375
1 0.576171875 0.419921875 0.013671875 0.029296875
1 0.177734375 0.326171875 0.0205078125 0.0205078125
1 0.404296875 0.455078125 0.0341796875 0.033203125
1 0.142578125 0.791015625 0.029296875 0.0673828125
1 0.6357421875 0.734375 0.0595703125 0.0810546875
1 0.4306640625 0.40234375 0.0205078125 0.0234375
1 0.0576171875 0.478515625 0.0185546875 0.03125
1 0.6123046875 0.599609375 0.021484375 0.044921875
1 0.3603515625 0.6083984375 0.0234375 0.044921875
1 0.556640625 0.4248046875 0.015625 0.025390625
1 0.48828125 0.498046875 0.033203125 0.037109375
1 0.419921875 0.7490234375 0.0439453125 0.048828125
1 0.1494140625 0.40625 0.0205078125 0.025390625
0 0.205078125 0.876953125 0.1064453125 0.0283203125
1 0.6572265625 0.521484375 0.0234375 0.025390625
0 0.029296875 0.744140625 0.037109375 0.0810546875
0 0.3076171875 0.3671875 0.056640625 0.0439453125
1 0.62109375 0.4599609375 0.017578125 0.0234375
1 0.1962890625 0.322265625 0.017578125 0.0185546875
1 0.6826171875 0.7138671875 0.015625 0.0341796875
1 0.748046875 0.58203125 0.025390625 0.0419921875
1 0.541015625 0.6708984375 0.0205078125 0.0361328125
1 0.482421875 0.8466796875 0.044921875 0.0751953125
1 0.884765625 0.591796875 0.03125 0.0341796875
1 0.5654296875 0.5771484375 0.0283203125 0.033203125
1 0.970703125 0.51171875 0.029296875 0.0361328125
1 0.4970703125 0.5908203125 0.2216796875 0.2529296875
0 0.240234375 0.3818359375 0.0654296875 0.0361328125
1 0.4541015625 0.359375 0.0234375 0.021484375