0 0.666015625 0.759765625 0.15625 0.1748046875
1 0.8232421875 0.791015625 0.0595703125 0.087890625
0 0.3740234375 0.69140625 0.091796875 0.123046875
1 0.6875 0.650390625 0.046875 0.056640625
1 0.4990234375 0.4462890625 0.0361328125 0.0361328125
1 0.5791015625 0.6396484375 0.0419921875 0.064453125
1 0.6943359375 0.54296875 0.0419921875 0.0517578125
0 0.15625 0.5302734375 0.0595703125 0.0673828125
1 0.5322265625 0.689453125 0.0390625 0.064453125
1 0.111328125 0.6650390625 0.033203125 0.060546875
0 0.228515625 0.62890625 0.142578125 0.158203125
1 0.6005859375 0.451171875 0.0205078125 0.0361328125
1 0.5693359375 0.4384765625 0.0234375 0.0361328125
0 0.513671875 0.5439453125 0.083984375 0.0966796875
1 0.806640625 0.5908203125 0.046875 0.0595703125
1 0.7314453125 0.5390625 0.041015625 0.046875
0 0.626953125 0.51953125 0.0830078125 0.1044921875
1 0.9423828125 0.6845703125 0.0810546875 0.087890625
0 0.439453125 0.4287109375 0.0361328125 0.048828125
0 0.54296875 0.4658203125 0.060546875 0.0751953125
1 0.86328125 0.5947265625 0.076171875 0.0703125
0 0.263671875 0.4130859375 0.0517578125 0.0361328125
1 0.8330078125 0.560546875 0.03125 0.037109375
0 0.34375 0.46875 0.078125 0.1064453125
1 0.5908203125 0.4228515625 0.0283203125 0.048828125
0 0.2421875 0.3837890625 0.0595703125 0.033203125
1 0.59375 0.8583984375 0.0498046875 0.064453125
1 0.4248046875 0.490234375 0.046875 0.044921875
0 0.185546875 0.396484375 0.041015625 0.0341796875
1 0.0263671875 0.564453125 0.0283203125 0.0546875
1 0.8779296875 0.658203125 0.0810546875 0.078125
1 0.185546875 0.5712890625 0.0263671875 0.060546875
1 0.265625 0.4921875 0.021484375 0.037109375
1 0.958984375 0.5283203125 0.044921875 0.03125
1 0.064453125 0.478515625 0.041015625 0.041015625
1 0.931640625 0.611328125 0.044921875 0.041015625
0 0.5078125 0.408203125 0.0498046875 0.0625
1 0.2158203125 0.5068359375 0.037109375 0.060546875
1 0.6923828125 0.873046875 0.041015625 0.033203125
1 0.4521484375 0.36328125 0.0205078125 0.0234375
0 0.228515625 0.357421875 0.0263671875 0.0234375
0 0.1875 0.458984375 0.046875 0.044921875
1 0.13671875 0.427734375 0.013671875 0.0205078125
1 0.029296875 0.478515625 0.0361328125 0.044921875
1 0.4716796875 0.3818359375 0.025390625 0.0390625
1 0.1845703125 0.70703125 0.046875 0.0263671875
1 0.505859375 0.48828125 0.0185546875 0.0234375
1 0.9619140625 0.6318359375 0.0390625 0.0576171875
1 0.275390625 0.447265625 0.0126953125 0.033203125
1 0.6826171875 0.5126953125 0.021484375 0.0283203125
1 0.544921875 0.3740234375 0.0263671875 0.0390625
1 0.8115234375 0.541015625 0.029296875 0.0419921875
1 0.5458984375 0.408203125 0.0205078125 0.0361328125
1 0.0419921875 0.8291015625 0.052734375 0.091796875
1 0.1083984375 0.484375 0.0361328125 0.0341796875
1 0.9052734375 0.544921875 0.0205078125 0.0263671875
1 0.2060546875 0.8525390625 0.052734375 0.0732421875
1 0.080078125 0.337890625 0.0185546875 0.0185546875
1 0.162109375 0.76171875 0.0361328125 0.0830078125