0 0.189453125 0.748046875 0.1298828125 0.162109375
0 0.33984375 0.7275390625 0.1015625 0.1171875
0 0.5126953125 0.4267578125 0.0498046875 0.0595703125
0 0.537109375 0.3515625 0.046875 0.041015625
1 0.8505859375 0.8369140625 0.076171875 0.0888671875
1 0.5966796875 0.8486328125 0.056640625 0.0810546875
1 0.8369140625 0.66015625 0.0732421875 0.0703125
1 0.5771484375 0.580078125 0.033203125 0.0576171875
1 0.4912109375 0.546875 0.0419921875 0.0498046875
0 0.8818359375 0.572265625 0.1826171875 0.0888671875
1 0.7705078125 0.654296875 0.0810546875 0.072265625
1 0.337890625 0.453125 0.041015625 0.0341796875
0 0.486328125 0.359375 0.0498046875 0.0341796875
1 0.4296875 0.6767578125 0.041015625 0.0595703125
1 0.65625 0.56640625 0.0498046875 0.0546875
1 0.5810546875 0.462890625 0.0283203125 0.0390625
1 0.46875 0.595703125 0.0341796875 0.0498046875
1 0.634765625 0.654296875 0.048828125 0.0546875
1 0.923828125 0.6416015625 0.0419921875 0.0517578125
1 0.0810546875 0.75 0.056640625 0.103515625
1 0.755859375 0.7255859375 0.0517578125 0.0703125
1 0.6767578125 0.7060546875 0.037109375 0.0654296875
1 0.3056640625 0.8330078125 0.0419921875 0.0908203125
1 0.5625 0.44921875 0.021484375 0.0361328125
1 0.708984375 0.7998046875 0.0498046875 0.0654296875
1 0.603515625 0.486328125 0.03125 0.0361328125
1 0.6845703125 0.6201171875 0.041015625 0.052734375
0 0.5439453125 0.646484375 0.1220703125 0.1484375
1 0.54296875 0.4228515625 0.017578125 0.033203125
1 0.556640625 0.521484375 0.0341796875 0.0419921875
1 0.63671875 0.501953125 0.0234375 0.0361328125
1 0.357421875 0.595703125 0.1064453125 0.0595703125
1 0.6005859375 0.5283203125 0.0576171875 0.056640625
1 0.291015625 0.435546875 0.03125 0.0263671875
1 0.974609375 0.626953125 0.029296875 0.044921875
1 0.6826171875 0.8583984375 0.056640625 0.064453125
0 0.5068359375 0.333984375 0.0361328125 0.029296875
1 0.8134765625 0.611328125 0.0546875 0.0419921875
1 0.6728515625 0.53515625 0.0234375 0.0361328125
1 0.4091796875 0.4814453125 0.0439453125 0.0439453125
1 0.0625 0.6904296875 0.025390625 0.037109375
1 0.0205078125 0.572265625 0.0185546875 0.0361328125
1 0.9765625 0.560546875 0.021484375 0.0361328125
1 0.779296875 0.484375 0.056640625 0.041015625
1 0.79296875 0.8544921875 0.064453125 0.0595703125
1 0.7451171875 0.5908203125 0.068359375 0.0498046875
1 0.544921875 0.5751953125 0.041015625 0.052734375
1 0.6298828125 0.4404296875 0.021484375 0.0283203125
1 0.0615234375 0.4794921875 0.0234375 0.0341796875
1 0.8876953125 0.6142578125 0.0439453125 0.041015625
1 0.455078125 0.3623046875 0.021484375 0.0283203125
1 0.1044921875 0.4833984375 0.0283203125 0.029296875
1 0.8916015625 0.3837890625 0.017578125 0.029296875
1 0.576171875 0.380859375 0.0185546875 0.03125
1 0.962890625 0.5263671875 0.0419921875 0.056640625
0 0.3525390625 0.322265625 0.033203125 0.0185546875
1 0.4970703125 0.490234375 0.03125 0.048828125
1 0.146484375 0.4091796875 0.017578125 0.015625
1 0.7373046875 0.5048828125 0.03125 0.0439453125
1 0.576171875 0.427734375 0.025390625 0.033203125
1 0.4296875 0.533203125 0.025390625 0.037109375
1 0.0419921875 0.8212890625 0.0625 0.1142578125
1 0.7431640625 0.5615234375 0.0234375 0.0390625
0 0.697265625 0.478515625 0.0673828125 0.0517578125
1 0.03125 0.478515625 0.041015625 0.044921875
1 0.9111328125 0.5029296875 0.025390625 0.0341796875
0 0.2421875 0.3759765625 0.0654296875 0.0361328125
1 0.7490234375 0.7548828125 0.2763671875 0.259765625
1 0.34765625 0.3486328125 0.0263671875 0.021484375
1 0.060546875 0.6533203125 0.017578125 0.037109375
1 0.283203125 0.603515625 0.0263671875 0.0751953125
0 0.1865234375 0.3232421875 0.0419921875 0.025390625
0 0.3125 0.3623046875 0.078125 0.0439453125