0 0.193359375 0.75 0.123046875 0.166015625
0 0.509765625 0.423828125 0.0576171875 0.056640625
0 0.3388671875 0.7275390625 0.099609375 0.1201171875
1 0.5087890625 0.4765625 0.029296875 0.041015625
1 0.521484375 0.546875 0.048828125 0.046875
0 0.54296875 0.35546875 0.048828125 0.044921875
1 0.576171875 0.48828125 0.03125 0.0419921875
1 0.609375 0.4951171875 0.037109375 0.0439453125
1 0.078125 0.7421875 0.052734375 0.099609375
1 0.3115234375 0.4765625 0.0576171875 0.046875
0 0.490234375 0.3603515625 0.0419921875 0.0361328125
1 0.5419921875 0.478515625 0.0283203125 0.041015625
1 0.0673828125 0.5458984375 0.03125 0.044921875
0 0.279296875 0.4423828125 0.0888671875 0.046875
0 0.1591796875 0.4140625 0.072265625 0.046875
1 0.306640625 0.8349609375 0.044921875 0.091796875
1 0.3193359375 0.556640625 0.064453125 0.046875
1 0.3701171875 0.498046875 0.046875 0.046875
1 0.1396484375 0.4658203125 0.0263671875 0.037109375
1 0.4111328125 0.806640625 0.046875 0.0654296875
1 0.248046875 0.4765625 0.033203125 0.037109375
1 0.4033203125 0.484375 0.0341796875 0.037109375
1 0.6357421875 0.5068359375 0.025390625 0.0419921875
1 0.56640625 0.4248046875 0.017578125 0.0283203125
1 0.1298828125 0.560546875 0.03125 0.044921875
0 0.509765625 0.3330078125 0.03125 0.0283203125
1 0.552734375 0.4482421875 0.025390625 0.03125
1 0.177734375 0.4541015625 0.03125 0.0361328125
1 0.4287109375 0.6728515625 0.0419921875 0.044921875
1 0.580078125 0.4169921875 0.015625 0.0283203125
1 0.4677734375 0.435546875 0.0205078125 0.03125
1 0.4541015625 0.7841796875 0.048828125 0.068359375
1 0.78515625 0.5654296875 0.0419921875 0.03125
1 0.3759765625 0.541015625 0.076171875 0.052734375
1 0.0693359375 0.482421875 0.0419921875 0.0361328125
1 0.36328125 0.4677734375 0.0361328125 0.0263671875
1 0.5947265625 0.4658203125 0.0205078125 0.0283203125
1 0.619140625 0.4638671875 0.0205078125 0.0283203125
1 0.3896484375 0.451171875 0.0234375 0.033203125
1 0.4453125 0.4775390625 0.052734375 0.048828125
1 0.4619140625 0.720703125 0.029296875 0.052734375
1 0.8037109375 0.7705078125 0.0986328125 0.0810546875
1 0.11328125 0.4228515625 0.0205078125 0.0263671875
0 0.642578125 0.564453125 0.0673828125 0.060546875
1 0.6240234375 0.6328125 0.0390625 0.078125
1 0.63671875 0.478515625 0.017578125 0.029296875
1 0.4248046875 0.716796875 0.0439453125 0.0546875
0 0.232421875 0.365234375 0.0595703125 0.037109375
1 0.748046875 0.5625 0.0263671875 0.0283203125
1 0.0654296875 0.67578125 0.041015625 0.0517578125
1 0.4365234375 0.3623046875 0.017578125 0.025390625
1 0.888671875 0.572265625 0.0390625 0.0361328125
1 0.6376953125 0.443359375 0.037109375 0.03125
1 0.1103515625 0.4833984375 0.0361328125 0.0361328125
1 0.0224609375 0.4599609375 0.017578125 0.029296875
1 0.978515625 0.8623046875 0.021484375 0.052734375
1 0.3291015625 0.35546875 0.0205078125 0.029296875
1 0.083984375 0.4072265625 0.037109375 0.033203125
0 0.1962890625 0.876953125 0.1044921875 0.0283203125
1 0.681640625 0.51953125 0.0341796875 0.048828125
1 0.205078125 0.3583984375 0.013671875 0.017578125
0 0.171875 0.330078125 0.046875 0.0283203125
1 0.0234375 0.5595703125 0.021484375 0.041015625
1 0.208984375 0.33203125 0.0205078125 0.017578125