0 0.193359375 0.7470703125 0.1220703125 0.1591796875
0 0.337890625 0.728515625 0.099609375 0.1201171875
0 0.509765625 0.423828125 0.048828125 0.0595703125
0 0.564453125 0.6826171875 0.1328125 0.1533203125
1 0.083984375 0.6474609375 0.029296875 0.044921875
1 0.27734375 0.439453125 0.0361328125 0.029296875
0 0.4912109375 0.3623046875 0.0419921875 0.0341796875
1 0.3115234375 0.470703125 0.0361328125 0.0283203125
1 0.6728515625 0.7080078125 0.044921875 0.072265625
1 0.759765625 0.861328125 0.056640625 0.0546875
1 0.6357421875 0.4990234375 0.025390625 0.0419921875
1 0.916015625 0.638671875 0.0341796875 0.052734375
1 0.5576171875 0.580078125 0.0439453125 0.056640625
1 0.8095703125 0.6611328125 0.052734375 0.0595703125
1 0.5634765625 0.46875 0.0205078125 0.03125
1 0.53125 0.373046875 0.0185546875 0.025390625
1 0.30859375 0.8583984375 0.0390625 0.0576171875
1 0.6025390625 0.49609375 0.0234375 0.0390625
0 0.5029296875 0.333984375 0.041015625 0.029296875
1 0.501953125 0.546875 0.0517578125 0.0595703125
1 0.5478515625 0.373046875 0.017578125 0.0263671875
1 0.4951171875 0.6220703125 0.0341796875 0.041015625
1 0.802734375 0.6044921875 0.046875 0.052734375
1 0.712890625 0.6748046875 0.0576171875 0.0908203125
1 0.892578125 0.3798828125 0.021484375 0.0341796875
1 0.0751953125 0.7666015625 0.046875 0.076171875
0 0.5390625 0.34375 0.037109375 0.025390625
1 0.7353515625 0.73828125 0.060546875 0.080078125
1 0.373046875 0.4609375 0.03125 0.0283203125
1 0.6025390625 0.619140625 0.0390625 0.0595703125
1 0.583984375 0.462890625 0.0205078125 0.0341796875
1 0.4306640625 0.673828125 0.0390625 0.0625
1 0.544921875 0.423828125 0.017578125 0.0263671875
1 0.9677734375 0.6142578125 0.0390625 0.052734375
1 0.845703125 0.8037109375 0.0732421875 0.080078125
1 0.6630859375 0.6123046875 0.044921875 0.052734375
1 0.228515625 0.41796875 0.0283203125 0.0263671875
1 0.0693359375 0.4775390625 0.044921875 0.0390625
1 0.392578125 0.59375 0.0576171875 0.056640625
1 0.62890625 0.5576171875 0.064453125 0.0595703125
1 0.1044921875 0.486328125 0.0283203125 0.029296875
1 0.400390625 0.8291015625 0.03125 0.060546875
1 0.75390625 0.4833984375 0.0263671875 0.0419921875
1 0.7314453125 0.6220703125 0.03125 0.046875
0 0.23828125 0.3671875 0.060546875 0.0341796875
1 0.3486328125 0.583984375 0.0341796875 0.0498046875
1 0.69140625 0.56640625 0.044921875 0.0517578125
1 0.0361328125 0.734375 0.0341796875 0.0751953125
1 0.962890625 0.55078125 0.0419921875 0.0390625
1 0.3720703125 0.8662109375 0.068359375 0.048828125
1 0.580078125 0.513671875 0.0341796875 0.029296875
1 0.6728515625 0.501953125 0.0205078125 0.0263671875
1 0.8134765625 0.48828125 0.0517578125 0.0390625
1 0.5 0.478515625 0.021484375 0.037109375
1 0.599609375 0.4404296875 0.037109375 0.03125
1 0.541015625 0.4931640625 0.03125 0.033203125
1 0.4609375 0.36328125 0.0283203125 0.033203125
1 0.0302734375 0.5625 0.0361328125 0.046875
1 0.580078125 0.373046875 0.017578125 0.029296875
1 0.5634765625 0.439453125 0.017578125 0.029296875
1 0.9541015625 0.8759765625 0.044921875 0.0263671875
1 0.880859375 0.6083984375 0.205078125 0.1298828125
1 0.59375 0.54296875 0.234375 0.1640625
1 0.0263671875 0.857421875 0.03125 0.0576171875
1 0.525390625 0.400390625 0.0107421875 0.0234375
1 0.8154296875 0.7060546875 0.025390625 0.0654296875
1 0.3916015625 0.490234375 0.0205078125 0.0361328125
1 0.177734375 0.326171875 0.0234375 0.0205078125
1 0.6220703125 0.873046875 0.046875 0.0361328125
1 0.0322265625 0.4765625 0.0419921875 0.0439453125
0 0.357421875 0.3583984375 0.0625 0.029296875
1 0.9150390625 0.501953125 0.0546875 0.048828125
1 0.9697265625 0.5244140625 0.0205078125 0.033203125