0 0.6669921875 0.6640625 0.134765625 0.1689453125
0 0.4990234375 0.5439453125 0.0732421875 0.0908203125
0 0.345703125 0.5986328125 0.083984375 0.099609375
0 0.505859375 0.42578125 0.0439453125 0.0517578125
1 0.251953125 0.6767578125 0.041015625 0.0654296875
0 0.22265625 0.5537109375 0.0673828125 0.076171875
1 0.119140625 0.607421875 0.03125 0.052734375
0 0.119140625 0.767578125 0.1513671875 0.150390625
1 0.80078125 0.5771484375 0.044921875 0.064453125
1 0.6962890625 0.541015625 0.0546875 0.0654296875
1 0.40625 0.447265625 0.021484375 0.037109375
0 0.3115234375 0.4951171875 0.064453125 0.0625
1 0.8896484375 0.650390625 0.0703125 0.072265625
1 0.501953125 0.4794921875 0.021484375 0.0341796875
1 0.568359375 0.521484375 0.033203125 0.044921875
1 0.080078125 0.6884765625 0.041015625 0.0703125
0 0.224609375 0.4775390625 0.056640625 0.0576171875
1 0.5849609375 0.552734375 0.0263671875 0.0517578125
1 0.275390625 0.533203125 0.025390625 0.0419921875
1 0.7158203125 0.626953125 0.041015625 0.0576171875
1 0.9453125 0.6865234375 0.078125 0.0859375
1 0.650390625 0.4609375 0.03125 0.0341796875
1 0.5380859375 0.4736328125 0.0234375 0.037109375
1 0.5927734375 0.486328125 0.0263671875 0.048828125
0 0.4873046875 0.361328125 0.03125 0.033203125
0 0.3212890625 0.833984375 0.154296875 0.107421875
1 0.353515625 0.47265625 0.021484375 0.033203125
1 0.8603515625 0.5966796875 0.0732421875 0.068359375
0 0.052734375 0.380859375 0.0390625 0.021484375
1 0.5703125 0.47265625 0.03125 0.048828125
1 0.4345703125 0.4697265625 0.0185546875 0.0419921875
0 0.1884765625 0.3564453125 0.029296875 0.025390625
1 0.791015625 0.6865234375 0.056640625 0.076171875
1 0.5830078125 0.423828125 0.025390625 0.0419921875
1 0.5576171875 0.4228515625 0.021484375 0.033203125
0 0.734375 0.8447265625 0.162109375 0.0859375
1 0.5634765625 0.615234375 0.029296875 0.0498046875
1 0.1669921875 0.494140625 0.021484375 0.037109375
1 0.158203125 0.5537109375 0.0341796875 0.0517578125
1 0.556640625 0.7431640625 0.03125 0.0703125
1 0.8828125 0.791015625 0.0654296875 0.1298828125
1 0.05859375 0.478515625 0.0234375 0.0361328125
1 0.12890625 0.537109375 0.029296875 0.0439453125
1 0.6337890625 0.548828125 0.029296875 0.0517578125
1 0.931640625 0.6083984375 0.056640625 0.048828125
1 0.4912109375 0.59375 0.0234375 0.0439453125
1 0.259765625 0.4072265625 0.025390625 0.029296875
1 0.732421875 0.537109375 0.0390625 0.037109375
1 0.173828125 0.431640625 0.0234375 0.033203125
1 0.029296875 0.568359375 0.0341796875 0.0576171875
1 0.4521484375 0.5029296875 0.0263671875 0.0439453125
0 0.083984375 0.427734375 0.056640625 0.0390625
1 0.5576171875 0.38671875 0.0185546875 0.0263671875
0 0.3515625 0.3203125 0.03125 0.015625
1 0.107421875 0.486328125 0.03125 0.033203125
1 0.5400390625 0.37890625 0.0263671875 0.029296875
1 0.443359375 0.404296875 0.017578125 0.029296875
1 0.484375 0.3876953125 0.015625 0.021484375
1 0.23046875 0.39453125 0.0234375 0.0263671875
1 0.125 0.3623046875 0.009765625 0.015625
1 0.6083984375 0.5234375 0.0234375 0.0595703125
1 0.212890625 0.3525390625 0.0126953125 0.0234375
1 0.126953125 0.42578125 0.0185546875 0.0234375
1 0.5986328125 0.7802734375 0.0654296875 0.107421875
1 0.5361328125 0.4482421875 0.015625 0.025390625
1 0.8984375 0.546875 0.0283203125 0.0341796875
1 0.9736328125 0.6337890625 0.03125 0.064453125
1 0.025390625 0.373046875 0.0126953125 0.0234375
1 0.4423828125 0.4365234375 0.025390625 0.033203125
1 0.240234375 0.443359375 0.0390625 0.033203125
1 0.0205078125 0.517578125 0.0185546875 0.025390625
1 0.158203125 0.39453125 0.013671875 0.0234375
1 0.396484375 0.4150390625 0.021484375 0.0263671875
1 0.2548828125 0.87109375 0.0595703125 0.0419921875