0 0.32421875 0.798828125 0.1484375 0.1767578125
1 0.6015625 0.533203125 0.0283203125 0.0546875
0 0.701171875 0.6826171875 0.1611328125 0.177734375
1 0.693359375 0.5458984375 0.048828125 0.0517578125
0 0.2177734375 0.6171875 0.091796875 0.099609375
0 0.3154296875 0.6484375 0.0908203125 0.109375
1 0.580078125 0.4423828125 0.025390625 0.03125
1 0.5244140625 0.5791015625 0.029296875 0.048828125
1 0.548828125 0.5556640625 0.0283203125 0.0419921875
1 0.419921875 0.7080078125 0.0390625 0.0595703125
1 0.43359375 0.416015625 0.013671875 0.025390625
1 0.5625 0.3916015625 0.015625 0.0234375
1 0.8203125 0.580078125 0.083984375 0.080078125
1 0.9482421875 0.689453125 0.0751953125 0.076171875
1 0.111328125 0.625 0.0283203125 0.046875
1 0.490234375 0.4921875 0.0185546875 0.037109375
1 0.580078125 0.72265625 0.033203125 0.0576171875
1 0.15234375 0.5771484375 0.0234375 0.0419921875
1 0.470703125 0.435546875 0.017578125 0.0263671875
1 0.1591796875 0.52734375 0.0341796875 0.048828125
1 0.068359375 0.482421875 0.0341796875 0.0341796875
0 0.4794921875 0.3603515625 0.0341796875 0.0361328125
0 0.240234375 0.51171875 0.0654296875 0.080078125
1 0.1123046875 0.732421875 0.041015625 0.076171875
1 0.529296875 0.48828125 0.0234375 0.0419921875
0 0.328125 0.490234375 0.068359375 0.0595703125
1 0.892578125 0.642578125 0.078125 0.0732421875
1 0.1162109375 0.521484375 0.0205078125 0.033203125
1 0.0966796875 0.533203125 0.0283203125 0.044921875
1 0.58984375 0.396484375 0.013671875 0.0205078125
1 0.494140625 0.4326171875 0.0126953125 0.025390625
0 0.3212890625 0.548828125 0.0703125 0.076171875
1 0.1806640625 0.5 0.0234375 0.0341796875
0 0.5322265625 0.357421875 0.0361328125 0.037109375
1 0.73046875 0.5419921875 0.0419921875 0.0439453125
0 0.5048828125 0.33984375 0.03125 0.0263671875
0 0.384765625 0.3681640625 0.0361328125 0.0390625
1 0.908203125 0.533203125 0.052734375 0.0419921875
1 0.5068359375 0.365234375 0.0205078125 0.029296875
1 0.107421875 0.4248046875 0.017578125 0.025390625
1 0.177734375 0.419921875 0.03125 0.0341796875
1 0.1533203125 0.4228515625 0.021484375 0.0234375
0 0.25390625 0.396484375 0.0517578125 0.0546875
1 0.47265625 0.525390625 0.044921875 0.0595703125
1 0.4296875 0.603515625 0.03125 0.0498046875
1 0.6376953125 0.470703125 0.0341796875 0.046875
1 0.1630859375 0.734375 0.0361328125 0.0595703125
1 0.140625 0.4921875 0.0283203125 0.037109375
1 0.216796875 0.412109375 0.03125 0.0341796875
0 0.08203125 0.396484375 0.0546875 0.041015625
1 0.033203125 0.572265625 0.0419921875 0.0654296875
1 0.962890625 0.525390625 0.052734375 0.0361328125
1 0.1591796875 0.4716796875 0.0283203125 0.037109375
1 0.4345703125 0.37109375 0.015625 0.033203125
1 0.8916015625 0.384765625 0.017578125 0.0263671875
1 0.869140625 0.505859375 0.0185546875 0.029296875
1 0.95703125 0.6103515625 0.0576171875 0.0673828125
1 0.107421875 0.48828125 0.0341796875 0.033203125
1 0.896484375 0.5869140625 0.0498046875 0.0576171875
0 0.373046875 0.3232421875 0.0390625 0.021484375
1 0.6787109375 0.4365234375 0.013671875 0.029296875
1 0.2548828125 0.865234375 0.072265625 0.0498046875
1 0.841796875 0.537109375 0.0263671875 0.03125
1 0.0205078125 0.517578125 0.0185546875 0.0205078125