0 0.1376953125 0.7294921875 0.1279296875 0.146484375
0 0.322265625 0.78125 0.1220703125 0.1689453125
0 0.7314453125 0.7587890625 0.177734375 0.216796875
0 0.341796875 0.5654296875 0.076171875 0.087890625
1 0.5908203125 0.568359375 0.0341796875 0.060546875
0 0.5205078125 0.599609375 0.0908203125 0.1328125
1 0.5830078125 0.494140625 0.0283203125 0.044921875
0 0.505859375 0.435546875 0.0498046875 0.0517578125
0 0.4912109375 0.353515625 0.0361328125 0.0361328125
1 0.693359375 0.5458984375 0.052734375 0.0546875
0 0.22265625 0.52734375 0.060546875 0.0703125
1 0.634765625 0.564453125 0.0263671875 0.0517578125
1 0.6826171875 0.6279296875 0.03125 0.046875
1 0.5234375 0.525390625 0.0283203125 0.03125
1 0.8115234375 0.71875 0.0576171875 0.072265625
1 0.7978515625 0.572265625 0.044921875 0.0654296875
1 0.1396484375 0.556640625 0.029296875 0.0498046875
1 0.8896484375 0.6513671875 0.0859375 0.083984375
1 0.6162109375 0.525390625 0.0234375 0.048828125
0 0.3056640625 0.478515625 0.0576171875 0.0576171875
0 0.4580078125 0.45703125 0.046875 0.0517578125
1 0.6357421875 0.62109375 0.0439453125 0.0673828125
1 0.947265625 0.6875 0.076171875 0.083984375
1 0.462890625 0.53125 0.037109375 0.052734375
1 0.4111328125 0.4453125 0.0185546875 0.03125
1 0.73046875 0.5390625 0.0419921875 0.0439453125
1 0.552734375 0.4287109375 0.0263671875 0.0361328125
1 0.845703125 0.6005859375 0.0498046875 0.048828125
1 0.060546875 0.4833984375 0.0283203125 0.033203125
1 0.544921875 0.505859375 0.0234375 0.0361328125
1 0.599609375 0.6650390625 0.0361328125 0.060546875
0 0.2724609375 0.412109375 0.0419921875 0.0283203125
1 0.837890625 0.5595703125 0.048828125 0.056640625
1 0.57421875 0.4375 0.017578125 0.0341796875
1 0.240234375 0.607421875 0.037109375 0.0595703125
1 0.560546875 0.4609375 0.0234375 0.0341796875
1 0.6142578125 0.859375 0.0498046875 0.0625
0 0.2294921875 0.341796875 0.025390625 0.0234375
1 0.556640625 0.5478515625 0.033203125 0.048828125
1 0.58984375 0.439453125 0.017578125 0.03125
0 0.189453125 0.341796875 0.0234375 0.0234375
1 0.388671875 0.43359375 0.0185546875 0.0263671875
1 0.12109375 0.6171875 0.0419921875 0.0625
0 0.2431640625 0.388671875 0.0673828125 0.0439453125
1 0.33203125 0.451171875 0.0205078125 0.03125
0 0.220703125 0.470703125 0.0546875 0.056640625
1 0.8974609375 0.5439453125 0.033203125 0.03125
1 0.892578125 0.5859375 0.0419921875 0.0595703125
1 0.1689453125 0.51953125 0.0283203125 0.0390625
1 0.0322265625 0.572265625 0.0390625 0.0654296875
1 0.7158203125 0.4677734375 0.03125 0.0234375
1 0.623046875 0.7958984375 0.0546875 0.0859375
1 0.1396484375 0.5107421875 0.033203125 0.0439453125
1 0.26171875 0.482421875 0.017578125 0.0361328125
1 0.162109375 0.408203125 0.0263671875 0.029296875
1 0.9052734375 0.8486328125 0.0673828125 0.078125
1 0.435546875 0.4208984375 0.0205078125 0.0390625
1 0.6328125 0.4404296875 0.0341796875 0.037109375
1 0.9560546875 0.62890625 0.0341796875 0.0517578125
1 0.5341796875 0.390625 0.021484375 0.03125
1 0.05078125 0.7216796875 0.0517578125 0.0810546875
0 0.349609375 0.318359375 0.03125 0.0185546875