0 0.1923828125 0.748046875 0.1220703125 0.162109375
0 0.513671875 0.4228515625 0.0576171875 0.0576171875
0 0.337890625 0.7265625 0.0986328125 0.119140625
0 0.5380859375 0.353515625 0.0419921875 0.044921875
1 0.515625 0.4755859375 0.0341796875 0.044921875
1 0.0791015625 0.7607421875 0.0419921875 0.068359375
1 0.3076171875 0.8349609375 0.0498046875 0.091796875
1 0.4140625 0.802734375 0.0498046875 0.0654296875
0 0.490234375 0.361328125 0.037109375 0.0341796875
0 0.158203125 0.4072265625 0.076171875 0.0419921875
1 0.4111328125 0.42578125 0.021484375 0.029296875
1 0.2373046875 0.455078125 0.025390625 0.033203125
1 0.576171875 0.39453125 0.0234375 0.033203125
1 0.64453125 0.4912109375 0.0234375 0.0390625
1 0.1123046875 0.673828125 0.052734375 0.064453125
0 0.509765625 0.3330078125 0.029296875 0.0283203125
1 0.609375 0.4931640625 0.037109375 0.044921875
1 0.068359375 0.533203125 0.0283203125 0.044921875
1 0.556640625 0.44140625 0.03125 0.0390625
1 0.4541015625 0.369140625 0.0205078125 0.0283203125
1 0.4296875 0.6669921875 0.041015625 0.068359375
1 0.458984375 0.783203125 0.0390625 0.0546875
1 0.5498046875 0.47265625 0.0185546875 0.0419921875
1 0.4970703125 0.4541015625 0.0185546875 0.033203125
1 0.1669921875 0.4482421875 0.0185546875 0.0283203125
1 0.470703125 0.455078125 0.0341796875 0.041015625
1 0.4658203125 0.419921875 0.0185546875 0.025390625
0 0.833984375 0.5615234375 0.1455078125 0.0732421875
1 0.931640625 0.5576171875 0.0703125 0.0498046875
1 0.4208984375 0.740234375 0.044921875 0.044921875
1 0.5673828125 0.3759765625 0.0185546875 0.0234375
1 0.9716796875 0.572265625 0.03125 0.046875
1 0.5224609375 0.8115234375 0.0234375 0.0546875
1 0.576171875 0.46484375 0.0185546875 0.0361328125
1 0.5947265625 0.46875 0.017578125 0.025390625
1 0.6201171875 0.462890625 0.0185546875 0.0283203125
1 0.45703125 0.40234375 0.013671875 0.033203125
1 0.6787109375 0.5126953125 0.0205078125 0.037109375
0 0.232421875 0.365234375 0.056640625 0.03125
1 0.1669921875 0.365234375 0.0126953125 0.017578125
1 0.330078125 0.3583984375 0.015625 0.0205078125
1 0.84765625 0.662109375 0.0419921875 0.048828125
1 0.6767578125 0.794921875 0.037109375 0.056640625
1 0.04296875 0.5771484375 0.0263671875 0.0703125
0 0.19921875 0.8759765625 0.1201171875 0.029296875
1 0.3935546875 0.4912109375 0.0126953125 0.0263671875
0 0.0458984375 0.47265625 0.0703125 0.044921875
0 0.185546875 0.32421875 0.037109375 0.0234375
1 0.03125 0.728515625 0.037109375 0.0439453125
1 0.076171875 0.345703125 0.0185546875 0.017578125
1 0.455078125 0.71875 0.0185546875 0.021484375
1 0.8916015625 0.384765625 0.017578125 0.0263671875
1 0.1494140625 0.423828125 0.0107421875 0.0185546875
1 0.0244140625 0.373046875 0.017578125 0.0205078125
1 0.42578125 0.3583984375 0.013671875 0.017578125
1 0.189453125 0.4091796875 0.013671875 0.021484375
1 0.5478515625 0.4169921875 0.013671875 0.021484375
1 0.087890625 0.390625 0.044921875 0.021484375
1 0.904296875 0.548828125 0.0185546875 0.0185546875