0 0.1923828125 0.783203125 0.125 0.1845703125
0 0.689453125 0.654296875 0.146484375 0.1640625
1 0.1552734375 0.5009765625 0.0234375 0.0390625
0 0.5263671875 0.587890625 0.09375 0.1064453125
0 0.5859375 0.537109375 0.0810546875 0.087890625
1 0.3251953125 0.521484375 0.025390625 0.0419921875
0 0.4892578125 0.3603515625 0.0341796875 0.033203125
0 0.337890625 0.7265625 0.1015625 0.115234375
1 0.404296875 0.4892578125 0.033203125 0.046875
1 0.5341796875 0.515625 0.03125 0.046875
0 0.5107421875 0.40625 0.041015625 0.0498046875
0 0.900390625 0.5087890625 0.138671875 0.064453125
1 0.6533203125 0.5234375 0.041015625 0.0439453125
1 0.7646484375 0.541015625 0.0517578125 0.044921875
1 0.720703125 0.5791015625 0.044921875 0.044921875
1 0.837890625 0.7314453125 0.056640625 0.087890625
1 0.767578125 0.6044921875 0.064453125 0.0654296875
0 0.474609375 0.5048828125 0.068359375 0.0810546875
0 0.5068359375 0.333984375 0.033203125 0.029296875
1 0.6875 0.5673828125 0.0283203125 0.0341796875
1 0.6787109375 0.791015625 0.064453125 0.0859375
1 0.8837890625 0.6591796875 0.0673828125 0.056640625
1 0.9775390625 0.6513671875 0.0205078125 0.0595703125
1 0.8095703125 0.5634765625 0.03125 0.0390625
0 0.5380859375 0.341796875 0.033203125 0.0283203125
1 0.0302734375 0.5595703125 0.0390625 0.0439453125
1 0.431640625 0.4658203125 0.0234375 0.0341796875
1 0.5087890625 0.486328125 0.0263671875 0.0390625
1 0.8466796875 0.5615234375 0.041015625 0.0361328125
1 0.58984375 0.41015625 0.0234375 0.033203125
1 0.0927734375 0.658203125 0.091796875 0.0595703125
1 0.892578125 0.6181640625 0.052734375 0.044921875
1 0.7685546875 0.6630859375 0.037109375 0.0546875
1 0.7998046875 0.529296875 0.0341796875 0.033203125
1 0.431640625 0.69921875 0.0419921875 0.0419921875
0 0.947265625 0.5810546875 0.0732421875 0.0654296875
1 0.63671875 0.48828125 0.0263671875 0.0390625
1 0.470703125 0.408203125 0.0126953125 0.0234375
1 0.0595703125 0.478515625 0.025390625 0.037109375
1 0.5107421875 0.4521484375 0.0185546875 0.0263671875
1 0.109375 0.482421875 0.037109375 0.033203125
1 0.689453125 0.466796875 0.0439453125 0.037109375
1 0.5478515625 0.419921875 0.0205078125 0.037109375
1 0.556640625 0.4833984375 0.0234375 0.033203125
1 0.572265625 0.4521484375 0.0283203125 0.044921875
0 0.3974609375 0.431640625 0.044921875 0.041015625
1 0.5986328125 0.4912109375 0.025390625 0.029296875
1 0.0634765625 0.7822265625 0.0517578125 0.080078125
1 0.9248046875 0.642578125 0.025390625 0.056640625
1 0.978515625 0.603515625 0.0185546875 0.044921875
1 0.4521484375 0.408203125 0.013671875 0.0263671875
1 0.9052734375 0.7314453125 0.033203125 0.087890625
1 0.767578125 0.880859375 0.0263671875 0.0205078125
1 0.494140625 0.431640625 0.015625 0.03125
1 0.7041015625 0.865234375 0.1171875 0.0498046875
1 0.0302734375 0.373046875 0.0263671875 0.021484375
1 0.138671875 0.7265625 0.013671875 0.015625
1 0.244140625 0.341796875 0.0341796875 0.0283203125
1 0.5771484375 0.38671875 0.0205078125 0.033203125
1 0.447265625 0.4375 0.037109375 0.0341796875