0 0.193359375 0.748046875 0.123046875 0.162109375
0 0.5107421875 0.4189453125 0.0439453125 0.046875
1 0.607421875 0.49609375 0.03125 0.048828125
0 0.3388671875 0.724609375 0.0966796875 0.119140625
1 0.53515625 0.513671875 0.0263671875 0.0419921875
0 0.5380859375 0.3505859375 0.0390625 0.0361328125
1 0.189453125 0.5595703125 0.03125 0.0498046875
1 0.642578125 0.494140625 0.0263671875 0.0439453125
1 0.3095703125 0.8525390625 0.0439453125 0.060546875
1 0.068359375 0.533203125 0.0283203125 0.0390625
0 0.4853515625 0.361328125 0.044921875 0.033203125
1 0.416015625 0.796875 0.0517578125 0.072265625
1 0.494140625 0.4970703125 0.0234375 0.041015625
1 0.138671875 0.5341796875 0.025390625 0.037109375
1 0.388671875 0.408203125 0.0234375 0.0361328125
1 0.5576171875 0.5087890625 0.021484375 0.0419921875
1 0.0771484375 0.7568359375 0.044921875 0.076171875
0 0.357421875 0.4833984375 0.1142578125 0.0703125
1 0.587890625 0.4853515625 0.0185546875 0.0361328125
1 0.427734375 0.673828125 0.044921875 0.048828125
1 0.5302734375 0.3720703125 0.017578125 0.021484375
0 0.5078125 0.333984375 0.03125 0.0283203125
1 0.45703125 0.7890625 0.029296875 0.046875
1 0.4736328125 0.4619140625 0.041015625 0.048828125
1 0.548828125 0.4375 0.0185546875 0.03125
1 0.412109375 0.392578125 0.013671875 0.0234375
1 0.3818359375 0.3759765625 0.013671875 0.0205078125
1 0.564453125 0.453125 0.017578125 0.0283203125
1 0.166015625 0.365234375 0.013671875 0.013671875
1 0.208984375 0.443359375 0.037109375 0.0498046875
1 0.0224609375 0.568359375 0.0205078125 0.0419921875
1 0.46484375 0.423828125 0.017578125 0.0283203125
1 0.517578125 0.4775390625 0.0205078125 0.0361328125
1 0.576171875 0.416015625 0.017578125 0.0283203125
1 0.4208984375 0.7392578125 0.044921875 0.0498046875
1 0.4365234375 0.3623046875 0.017578125 0.021484375
1 0.35546875 0.3505859375 0.013671875 0.017578125
1 0.634765625 0.447265625 0.0419921875 0.0341796875
1 0.4091796875 0.365234375 0.0126953125 0.0185546875
1 0.5166015625 0.37109375 0.017578125 0.0205078125
0 0.2353515625 0.373046875 0.0546875 0.0283203125
0 0.1865234375 0.3251953125 0.0390625 0.025390625
1 0.4541015625 0.36328125 0.017578125 0.0234375
1 0.060546875 0.482421875 0.0205078125 0.0361328125
1 0.5322265625 0.470703125 0.1455078125 0.119140625
1 0.541015625 0.462890625 0.0185546875 0.0263671875
1 0.248046875 0.35546875 0.013671875 0.0234375
1 0.49609375 0.458984375 0.017578125 0.03125
1 0.025390625 0.7646484375 0.0263671875 0.0361328125
0 0.9697265625 0.599609375 0.033203125 0.0732421875
0 0.150390625 0.412109375 0.0595703125 0.0361328125
1 0.5234375 0.8232421875 0.021484375 0.0439453125
1 0.392578125 0.3623046875 0.0126953125 0.0185546875
1 0.564453125 0.37890625 0.0263671875 0.0263671875
0 0.1962890625 0.875 0.0986328125 0.0283203125
1 0.2783203125 0.3466796875 0.0185546875 0.025390625
1 0.3271484375 0.35546875 0.017578125 0.0234375
1 0.6650390625 0.5087890625 0.0205078125 0.0419921875
1 0.0283203125 0.83984375 0.0341796875 0.060546875
1 0.041015625 0.552734375 0.017578125 0.03125
1 0.109375 0.484375 0.037109375 0.03125