1 0.1826171875 0.548828125 0.025390625 0.044921875
0 0.55859375 0.4990234375 0.0732421875 0.0888671875
1 0.8193359375 0.7412109375 0.0546875 0.0859375
0 0.6826171875 0.673828125 0.1376953125 0.146484375
1 0.646484375 0.556640625 0.0341796875 0.0595703125
0 0.3349609375 0.7568359375 0.111328125 0.126953125
0 0.611328125 0.4462890625 0.083984375 0.064453125
1 0.5634765625 0.435546875 0.017578125 0.0283203125
1 0.8154296875 0.5791015625 0.0595703125 0.060546875
1 0.6044921875 0.5068359375 0.0283203125 0.0546875
0 0.48828125 0.3603515625 0.0361328125 0.033203125
1 0.189453125 0.361328125 0.0185546875 0.0263671875
1 0.6875 0.544921875 0.037109375 0.0419921875
1 0.8515625 0.654296875 0.03125 0.048828125
1 0.451171875 0.3798828125 0.0185546875 0.03125
1 0.73046875 0.5361328125 0.0390625 0.0439453125
1 0.1923828125 0.490234375 0.0185546875 0.0283203125
1 0.705078125 0.513671875 0.0185546875 0.025390625
1 0.11328125 0.4814453125 0.0234375 0.0341796875
0 0.466796875 0.4716796875 0.068359375 0.083984375
1 0.75390625 0.6025390625 0.0546875 0.060546875
1 0.435546875 0.466796875 0.015625 0.0361328125
1 0.9658203125 0.7021484375 0.041015625 0.0703125
1 0.2333984375 0.419921875 0.0263671875 0.0361328125
1 0.357421875 0.42578125 0.0263671875 0.029296875
1 0.1953125 0.41015625 0.015625 0.0263671875
1 0.0625 0.478515625 0.0283203125 0.0341796875
1 0.2216796875 0.517578125 0.0185546875 0.0341796875
0 0.51171875 0.599609375 0.1015625 0.1142578125
1 0.150390625 0.462890625 0.0185546875 0.0263671875
1 0.3798828125 0.44921875 0.025390625 0.0361328125
1 0.1884765625 0.4541015625 0.017578125 0.0234375
1 0.919921875 0.634765625 0.0341796875 0.046875
1 0.728515625 0.630859375 0.0283203125 0.0439453125
1 0.845703125 0.5517578125 0.0234375 0.041015625
1 0.546875 0.4404296875 0.025390625 0.03125
0 0.099609375 0.4091796875 0.0810546875 0.0595703125
1 0.52734375 0.533203125 0.0263671875 0.041015625
1 0.7880859375 0.5546875 0.0263671875 0.0341796875
1 0.927734375 0.6728515625 0.064453125 0.048828125
0 0.9130859375 0.60546875 0.1455078125 0.126953125
1 0.6708984375 0.4912109375 0.017578125 0.0263671875
1 0.025390625 0.5634765625 0.025390625 0.048828125
1 0.8779296875 0.869140625 0.0751953125 0.0419921875
0 0.232421875 0.3427734375 0.0361328125 0.0234375
1 0.2216796875 0.3974609375 0.021484375 0.0263671875
1 0.501953125 0.4658203125 0.015625 0.0283203125
1 0.025390625 0.4697265625 0.029296875 0.0361328125
1 0.5244140625 0.4794921875 0.0205078125 0.041015625
0 0.521484375 0.326171875 0.0341796875 0.0234375
1 0.5966796875 0.40234375 0.015625 0.0205078125
1 0.150390625 0.494140625 0.029296875 0.037109375
0 0.7255859375 0.826171875 0.1826171875 0.1220703125
1 0.185546875 0.5068359375 0.095703125 0.1201171875
1 0.427734375 0.416015625 0.021484375 0.0283203125
1 0.580078125 0.4599609375 0.0107421875 0.0263671875
0 0.353515625 0.322265625 0.0341796875 0.0185546875
1 0.47265625 0.400390625 0.029296875 0.041015625
1 0.740234375 0.7109375 0.0263671875 0.0498046875
1 0.814453125 0.556640625 0.0185546875 0.025390625
1 0.640625 0.517578125 0.0185546875 0.033203125
1 0.5498046875 0.3955078125 0.0283203125 0.0439453125