0 0.1943359375 0.736328125 0.1201171875 0.166015625
1 0.15625 0.5869140625 0.0341796875 0.0546875
0 0.3408203125 0.7216796875 0.0966796875 0.1220703125
0 0.5205078125 0.451171875 0.0595703125 0.0654296875
1 0.5009765625 0.529296875 0.0263671875 0.044921875
0 0.4853515625 0.3623046875 0.044921875 0.0341796875
1 0.6669921875 0.5400390625 0.0283203125 0.0361328125
1 0.814453125 0.8154296875 0.0654296875 0.0966796875
1 0.642578125 0.5830078125 0.0419921875 0.0751953125
0 0.537109375 0.349609375 0.037109375 0.0341796875
1 0.509765625 0.58203125 0.0263671875 0.044921875
1 0.078125 0.7119140625 0.046875 0.064453125
1 0.5380859375 0.533203125 0.0263671875 0.046875
1 0.357421875 0.533203125 0.029296875 0.0439453125
1 0.5849609375 0.509765625 0.0263671875 0.037109375
1 0.869140625 0.5986328125 0.068359375 0.0654296875
1 0.443359375 0.490234375 0.0234375 0.0390625
1 0.572265625 0.572265625 0.0263671875 0.0498046875
1 0.5693359375 0.392578125 0.017578125 0.0283203125
1 0.6923828125 0.763671875 0.046875 0.0673828125
1 0.92578125 0.591796875 0.0673828125 0.0751953125
1 0.7412109375 0.654296875 0.044921875 0.056640625
1 0.6962890625 0.5791015625 0.0361328125 0.060546875
1 0.4013671875 0.619140625 0.025390625 0.0390625
1 0.8056640625 0.5576171875 0.064453125 0.046875
1 0.419921875 0.427734375 0.0234375 0.0361328125
1 0.3076171875 0.8349609375 0.0439453125 0.0546875
0 0.509765625 0.333984375 0.03125 0.029296875
1 0.533203125 0.373046875 0.0205078125 0.0234375
1 0.8017578125 0.7490234375 0.0439453125 0.0576171875
1 0.06640625 0.5322265625 0.0263671875 0.044921875
0 0.103515625 0.3994140625 0.0498046875 0.0390625
1 0.041015625 0.6787109375 0.03125 0.033203125
1 0.2470703125 0.361328125 0.0185546875 0.0185546875
1 0.458984375 0.509765625 0.0234375 0.03125
1 0.3896484375 0.4375 0.0205078125 0.0341796875
1 0.111328125 0.486328125 0.029296875 0.03125
1 0.3662109375 0.4365234375 0.0205078125 0.033203125
1 0.021484375 0.572265625 0.0205078125 0.0390625
1 0.4130859375 0.7392578125 0.0361328125 0.056640625
1 0.5859375 0.404296875 0.0126953125 0.0263671875
1 0.4140625 0.4052734375 0.015625 0.0234375
1 0.4501953125 0.3779296875 0.015625 0.0283203125
1 0.603515625 0.46875 0.017578125 0.03125
1 0.6796875 0.689453125 0.037109375 0.052734375
1 0.732421875 0.4775390625 0.037109375 0.033203125
1 0.0634765625 0.48046875 0.029296875 0.0390625
1 0.974609375 0.595703125 0.025390625 0.0341796875
1 0.2001953125 0.8125 0.046875 0.052734375
1 0.0390625 0.5546875 0.015625 0.03125
1 0.166015625 0.36328125 0.015625 0.013671875
1 0.4375 0.361328125 0.015625 0.021484375
1 0.392578125 0.587890625 0.0263671875 0.0390625
1 0.419921875 0.6767578125 0.03125 0.037109375
1 0.5546875 0.763671875 0.0439453125 0.0703125
1 0.7451171875 0.8701171875 0.03125 0.037109375
1 0.6708984375 0.646484375 0.0263671875 0.0439453125
1 0.08203125 0.580078125 0.0263671875 0.048828125
0 0.244140625 0.328125 0.048828125 0.021484375
1 0.6015625 0.3837890625 0.0126953125 0.0234375
1 0.212890625 0.359375 0.013671875 0.0185546875
1 0.681640625 0.443359375 0.0283203125 0.025390625
1 0.0234375 0.373046875 0.015625 0.0205078125
1 0.89453125 0.3818359375 0.0205078125 0.029296875
0 0.19140625 0.8740234375 0.107421875 0.0263671875
0 0.1845703125 0.3271484375 0.0654296875 0.0263671875
1 0.5009765625 0.3916015625 0.0107421875 0.029296875
1 0.3955078125 0.3671875 0.009765625 0.009765625
1 0.0517578125 0.6484375 0.037109375 0.0498046875
0 0.357421875 0.3203125 0.046875 0.0185546875
1 0.021484375 0.830078125 0.0234375 0.064453125
1 0.2109375 0.4033203125 0.015625 0.0283203125