0 0.322265625 0.7998046875 0.142578125 0.1748046875
0 0.201171875 0.6767578125 0.099609375 0.115234375
0 0.5224609375 0.4365234375 0.0546875 0.060546875
0 0.158203125 0.4921875 0.056640625 0.056640625
1 0.7158203125 0.6083984375 0.037109375 0.060546875
1 0.666015625 0.6328125 0.0341796875 0.052734375
0 0.31640625 0.619140625 0.0830078125 0.1015625
1 0.6083984375 0.7197265625 0.048828125 0.0888671875
1 0.6416015625 0.5751953125 0.029296875 0.052734375
0 0.4775390625 0.4541015625 0.044921875 0.0546875
1 0.7548828125 0.74609375 0.056640625 0.080078125
0 0.2255859375 0.576171875 0.080078125 0.087890625
1 0.7978515625 0.576171875 0.044921875 0.064453125
1 0.6103515625 0.509765625 0.0263671875 0.0498046875
1 0.6904296875 0.5322265625 0.0341796875 0.0390625
1 0.5966796875 0.458984375 0.0185546875 0.0341796875
1 0.947265625 0.6884765625 0.0751953125 0.0830078125
1 0.1640625 0.5625 0.03125 0.0595703125
1 0.591796875 0.6015625 0.0341796875 0.068359375
0 0.3115234375 0.4853515625 0.0546875 0.060546875
1 0.4892578125 0.5302734375 0.021484375 0.044921875
1 0.369140625 0.4638671875 0.0185546875 0.0341796875
1 0.5654296875 0.4404296875 0.025390625 0.052734375
1 0.6708984375 0.71875 0.0419921875 0.0625
0 0.203125 0.4072265625 0.0439453125 0.0390625
1 0.8173828125 0.86328125 0.0498046875 0.0576171875
1 0.123046875 0.6865234375 0.0390625 0.0546875
1 0.63671875 0.462890625 0.017578125 0.0341796875
1 0.732421875 0.859375 0.052734375 0.0625
1 0.111328125 0.525390625 0.0283203125 0.037109375
0 0.240234375 0.5078125 0.0595703125 0.0625
1 0.7294921875 0.537109375 0.041015625 0.046875
1 0.8525390625 0.591796875 0.060546875 0.068359375
0 0.5205078125 0.384765625 0.0341796875 0.033203125
1 0.90234375 0.841796875 0.0703125 0.087890625
1 0.056640625 0.482421875 0.0263671875 0.03125
1 0.1767578125 0.826171875 0.046875 0.064453125
1 0.8740234375 0.666015625 0.0732421875 0.0732421875
1 0.587890625 0.5458984375 0.0263671875 0.033203125
1 0.1083984375 0.6181640625 0.033203125 0.0419921875
0 0.0478515625 0.7880859375 0.0703125 0.076171875
1 0.654296875 0.869140625 0.0498046875 0.0498046875
1 0.150390625 0.392578125 0.021484375 0.025390625
1 0.462890625 0.41796875 0.015625 0.0263671875
1 0.42578125 0.392578125 0.017578125 0.021484375
0 0.5146484375 0.333984375 0.0390625 0.029296875
0 0.4892578125 0.353515625 0.03125 0.03125
1 0.48828125 0.3818359375 0.017578125 0.0361328125
1 0.1025390625 0.5615234375 0.029296875 0.0419921875
1 0.037109375 0.583984375 0.041015625 0.076171875
1 0.9326171875 0.6103515625 0.056640625 0.048828125
1 0.18359375 0.451171875 0.017578125 0.0263671875
1 0.4599609375 0.365234375 0.0263671875 0.029296875
1 0.642578125 0.537109375 0.025390625 0.029296875
1 0.2412109375 0.642578125 0.0263671875 0.046875
1 0.443359375 0.41015625 0.0185546875 0.033203125
0 0.2177734375 0.3447265625 0.033203125 0.029296875
1 0.59375 0.39453125 0.0185546875 0.033203125
1 0.48046875 0.40625 0.017578125 0.03125
1 0.8955078125 0.5849609375 0.037109375 0.060546875
0 0.34765625 0.322265625 0.0234375 0.015625
1 0.078125 0.341796875 0.0185546875 0.0205078125
1 0.650390625 0.814453125 0.029296875 0.046875
1 0.9755859375 0.6318359375 0.0263671875 0.0576171875
1 0.021484375 0.4736328125 0.0205078125 0.025390625
1 0.0673828125 0.341796875 0.009765625 0.0185546875
1 0.7119140625 0.5546875 0.013671875 0.025390625
1 0.818359375 0.537109375 0.0263671875 0.048828125
1 0.75 0.791015625 0.3095703125 0.1953125