0 0.154296875 0.677734375 0.1142578125 0.123046875
0 0.34765625 0.673828125 0.0986328125 0.1201171875
0 0.55859375 0.6611328125 0.111328125 0.134765625
1 0.6083984375 0.5322265625 0.029296875 0.0517578125
0 0.5087890625 0.4501953125 0.048828125 0.056640625
1 0.640625 0.5732421875 0.03125 0.0625
0 0.330078125 0.5322265625 0.076171875 0.080078125
1 0.697265625 0.6396484375 0.0439453125 0.0673828125
0 0.80859375 0.84375 0.169921875 0.0966796875
1 0.732421875 0.7509765625 0.0576171875 0.080078125
0 0.4873046875 0.357421875 0.037109375 0.0361328125
1 0.591796875 0.5986328125 0.033203125 0.056640625
0 0.2236328125 0.50390625 0.056640625 0.064453125
1 0.8056640625 0.5810546875 0.0546875 0.0654296875
1 0.5712890625 0.54296875 0.0390625 0.0517578125
0 0.478515625 0.486328125 0.046875 0.0595703125
1 0.501953125 0.583984375 0.033203125 0.052734375
1 0.875 0.662109375 0.0810546875 0.083984375
1 0.5478515625 0.5791015625 0.0263671875 0.0361328125
1 0.697265625 0.5419921875 0.0439453125 0.056640625
1 0.6416015625 0.6748046875 0.0361328125 0.056640625
1 0.416015625 0.4677734375 0.021484375 0.033203125
1 0.6015625 0.462890625 0.025390625 0.0361328125
1 0.947265625 0.6884765625 0.0751953125 0.0859375
1 0.15234375 0.55078125 0.0263671875 0.048828125
1 0.57421875 0.4716796875 0.0263671875 0.041015625
1 0.5849609375 0.7685546875 0.0517578125 0.087890625
0 0.2958984375 0.45703125 0.0517578125 0.048828125
1 0.666015625 0.5615234375 0.0234375 0.0419921875
0 0.259765625 0.404296875 0.0498046875 0.0361328125
1 0.845703125 0.603515625 0.046875 0.046875
1 0.603515625 0.494140625 0.0283203125 0.03125
1 0.669921875 0.85546875 0.044921875 0.064453125
0 0.5537109375 0.416015625 0.0361328125 0.046875
1 0.775390625 0.7333984375 0.0283203125 0.0517578125
1 0.4296875 0.515625 0.025390625 0.041015625
1 0.4306640625 0.419921875 0.0205078125 0.0341796875
1 0.5908203125 0.42578125 0.0185546875 0.0234375
1 0.0830078125 0.640625 0.0341796875 0.0654296875
0 0.48828125 0.404296875 0.0390625 0.052734375
1 0.9443359375 0.6162109375 0.0830078125 0.0732421875
1 0.498046875 0.52734375 0.0234375 0.0361328125
1 0.0361328125 0.5751953125 0.025390625 0.0595703125
1 0.896484375 0.5439453125 0.03125 0.03125
1 0.849609375 0.556640625 0.03125 0.0498046875
0 0.5361328125 0.3466796875 0.0341796875 0.03125
1 0.0595703125 0.4814453125 0.021484375 0.0341796875
1 0.224609375 0.556640625 0.037109375 0.0517578125
1 0.14453125 0.4892578125 0.0234375 0.0341796875
1 0.8955078125 0.5849609375 0.0439453125 0.060546875
1 0.6357421875 0.4423828125 0.0283203125 0.0341796875
0 0.228515625 0.8486328125 0.048828125 0.0810546875
1 0.251953125 0.458984375 0.0185546875 0.0341796875
1 0.111328125 0.486328125 0.041015625 0.0341796875
1 0.048828125 0.7880859375 0.056640625 0.0888671875
1 0.560546875 0.4990234375 0.0185546875 0.0361328125
1 0.220703125 0.412109375 0.037109375 0.0341796875
1 0.552734375 0.5263671875 0.142578125 0.181640625
1 0.81640625 0.5341796875 0.0234375 0.041015625
1 0.591796875 0.3818359375 0.015625 0.0205078125
1 0.025390625 0.376953125 0.0126953125 0.0185546875
1 0.181640625 0.48046875 0.025390625 0.0390625