0 0.7978515625 0.7919921875 0.1982421875 0.1904296875
0 0.580078125 0.53515625 0.080078125 0.1044921875
1 0.8154296875 0.5732421875 0.078125 0.09375
0 0.337890625 0.7265625 0.0986328125 0.115234375
0 0.685546875 0.4609375 0.1015625 0.0595703125
0 0.4765625 0.5087890625 0.068359375 0.0888671875
1 0.7109375 0.6142578125 0.0341796875 0.0625
1 0.6728515625 0.546875 0.0419921875 0.056640625
0 0.490234375 0.3505859375 0.044921875 0.0390625
1 0.572265625 0.466796875 0.021484375 0.029296875
1 0.173828125 0.4794921875 0.0234375 0.037109375
1 0.615234375 0.630859375 0.0419921875 0.0654296875
1 0.73046875 0.53515625 0.0361328125 0.0361328125
0 0.5126953125 0.330078125 0.03125 0.025390625
1 0.625 0.52734375 0.0341796875 0.0517578125
1 0.7509765625 0.658203125 0.0673828125 0.083984375
1 0.9423828125 0.7041015625 0.087890625 0.091796875
1 0.9609375 0.623046875 0.0439453125 0.0595703125
0 0.529296875 0.4658203125 0.0498046875 0.056640625
0 0.224609375 0.357421875 0.0283203125 0.03125
1 0.4951171875 0.6201171875 0.025390625 0.046875
1 0.8857421875 0.8017578125 0.0498046875 0.072265625
1 0.142578125 0.6767578125 0.029296875 0.046875
1 0.9140625 0.5400390625 0.0498046875 0.0361328125
0 0.5390625 0.3466796875 0.0341796875 0.0283203125
1 0.3779296875 0.443359375 0.025390625 0.056640625
0 0.4541015625 0.4560546875 0.044921875 0.0595703125
1 0.19921875 0.4501953125 0.0205078125 0.0341796875
1 0.9150390625 0.630859375 0.048828125 0.0546875
1 0.4931640625 0.5703125 0.0361328125 0.0498046875
1 0.712890625 0.509765625 0.0361328125 0.0419921875
1 0.873046875 0.6650390625 0.0751953125 0.0517578125
1 0.595703125 0.431640625 0.015625 0.029296875
1 0.205078125 0.3818359375 0.015625 0.0234375
1 0.8955078125 0.5849609375 0.0439453125 0.0517578125
1 0.689453125 0.47265625 0.015625 0.0263671875
1 0.490234375 0.4482421875 0.025390625 0.03125
1 0.0244140625 0.5634765625 0.0234375 0.044921875
1 0.7177734375 0.5693359375 0.029296875 0.0517578125
1 0.421875 0.4287109375 0.03125 0.0390625
1 0.0546875 0.482421875 0.021484375 0.0390625
1 0.1259765625 0.4169921875 0.0390625 0.0341796875
1 0.3623046875 0.42578125 0.021484375 0.0263671875
0 0.353515625 0.3203125 0.03125 0.015625
1 0.021484375 0.478515625 0.025390625 0.041015625
1 0.078125 0.404296875 0.0185546875 0.0205078125
1 0.890625 0.384765625 0.015625 0.0263671875
1 0.5693359375 0.4296875 0.0234375 0.03125
1 0.171875 0.443359375 0.0185546875 0.0361328125
1 0.7578125 0.576171875 0.056640625 0.0576171875
1 0.6767578125 0.5146484375 0.0185546875 0.029296875
1 0.4111328125 0.86328125 0.041015625 0.0517578125
1 0.8642578125 0.431640625 0.0283203125 0.041015625
1 0.1796875 0.376953125 0.0185546875 0.0234375
1 0.6435546875 0.4814453125 0.0185546875 0.03125
1 0.025390625 0.373046875 0.013671875 0.021484375
1 0.4560546875 0.3642578125 0.021484375 0.0283203125