0 0.322265625 0.798828125 0.1484375 0.1767578125
1 0.544921875 0.6611328125 0.041015625 0.083984375
1 0.501953125 0.576171875 0.03125 0.0576171875
1 0.7470703125 0.701171875 0.0439453125 0.0703125
1 0.69140625 0.7255859375 0.044921875 0.0703125
1 0.5517578125 0.560546875 0.0283203125 0.046875
1 0.560546875 0.5146484375 0.0361328125 0.048828125
1 0.162109375 0.6044921875 0.033203125 0.0439453125
1 0.5048828125 0.466796875 0.021484375 0.0361328125
1 0.689453125 0.5478515625 0.0517578125 0.0576171875
0 0.220703125 0.587890625 0.080078125 0.0908203125
1 0.6298828125 0.59765625 0.0283203125 0.0517578125
0 0.314453125 0.650390625 0.0888671875 0.109375
1 0.5625 0.3916015625 0.015625 0.0234375
1 0.591796875 0.392578125 0.0185546875 0.029296875
1 0.1298828125 0.6484375 0.0283203125 0.056640625
1 0.6494140625 0.787109375 0.048828125 0.0751953125
0 0.240234375 0.509765625 0.064453125 0.0751953125
1 0.822265625 0.5830078125 0.0810546875 0.0810546875
1 0.17578125 0.5166015625 0.0361328125 0.044921875
1 0.578125 0.626953125 0.03125 0.064453125
1 0.736328125 0.474609375 0.0263671875 0.0283203125
1 0.380859375 0.408203125 0.0185546875 0.0361328125
1 0.650390625 0.455078125 0.025390625 0.037109375
1 0.388671875 0.6494140625 0.0341796875 0.0517578125
1 0.484375 0.408203125 0.0185546875 0.0283203125
0 0.322265625 0.5517578125 0.0703125 0.0810546875
1 0.9462890625 0.693359375 0.076171875 0.076171875
0 0.505859375 0.34375 0.03125 0.03125
0 0.3271484375 0.490234375 0.0673828125 0.0595703125
1 0.361328125 0.3984375 0.021484375 0.0341796875
1 0.130859375 0.4853515625 0.021484375 0.033203125
1 0.0673828125 0.4853515625 0.03125 0.029296875
1 0.048828125 0.5849609375 0.033203125 0.0546875
1 0.111328125 0.5380859375 0.0263671875 0.0517578125
1 0.890625 0.654296875 0.0654296875 0.0576171875
1 0.5068359375 0.3662109375 0.0205078125 0.0263671875
1 0.7314453125 0.537109375 0.041015625 0.048828125
1 0.611328125 0.4365234375 0.029296875 0.0390625
0 0.4794921875 0.359375 0.0341796875 0.0341796875
1 0.076171875 0.767578125 0.048828125 0.083984375
1 0.4189453125 0.3916015625 0.015625 0.0263671875
1 0.9248046875 0.525390625 0.0341796875 0.0341796875
1 0.9580078125 0.525390625 0.025390625 0.0263671875
1 0.154296875 0.419921875 0.0283203125 0.03125
0 0.533203125 0.353515625 0.0341796875 0.0341796875
1 0.4990234375 0.40625 0.017578125 0.03125
1 0.1650390625 0.46875 0.0732421875 0.0595703125
1 0.4296875 0.580078125 0.025390625 0.0390625
0 0.2548828125 0.3994140625 0.0498046875 0.0517578125
1 0.1064453125 0.490234375 0.03125 0.0390625
1 0.20703125 0.458984375 0.0205078125 0.03125
1 0.0234375 0.5634765625 0.021484375 0.044921875
1 0.3671875 0.365234375 0.025390625 0.0283203125
1 0.896484375 0.583984375 0.0439453125 0.056640625
1 0.2216796875 0.3916015625 0.021484375 0.0263671875
1 0.568359375 0.4814453125 0.0205078125 0.03125
1 0.4228515625 0.6171875 0.044921875 0.052734375
1 0.9462890625 0.619140625 0.076171875 0.0625
1 0.8916015625 0.384765625 0.017578125 0.0263671875
1 0.63671875 0.541015625 0.0263671875 0.046875
1 0.455078125 0.359375 0.0205078125 0.03125
1 0.841796875 0.5380859375 0.0234375 0.033203125
1 0.853515625 0.4990234375 0.0185546875 0.029296875
1 0.201171875 0.798828125 0.0595703125 0.078125
1 0.5009765625 0.5400390625 0.0205078125 0.033203125
1 0.2431640625 0.357421875 0.013671875 0.0205078125