0 0.193359375 0.7490234375 0.123046875 0.1640625
0 0.5107421875 0.4189453125 0.0498046875 0.052734375
0 0.3388671875 0.7275390625 0.099609375 0.1142578125
0 0.5390625 0.34765625 0.041015625 0.033203125
0 0.759765625 0.73046875 0.1611328125 0.1611328125
0 0.494140625 0.345703125 0.0576171875 0.0546875
1 0.4951171875 0.6103515625 0.0341796875 0.0673828125
0 0.583984375 0.65625 0.1328125 0.1279296875
1 0.4033203125 0.5146484375 0.0283203125 0.048828125
0 0.7490234375 0.8466796875 0.1640625 0.083984375
1 0.576171875 0.4521484375 0.0263671875 0.0361328125
1 0.6064453125 0.4599609375 0.025390625 0.0390625
1 0.5419921875 0.572265625 0.0341796875 0.0517578125
1 0.431640625 0.677734375 0.0361328125 0.060546875
1 0.712890625 0.5810546875 0.0654296875 0.068359375
1 0.849609375 0.6455078125 0.0498046875 0.056640625
0 0.927734375 0.58203125 0.1123046875 0.0703125
1 0.5693359375 0.568359375 0.033203125 0.037109375
1 0.609375 0.580078125 0.041015625 0.044921875
1 0.767578125 0.58984375 0.046875 0.0419921875
1 0.83984375 0.583984375 0.048828125 0.0419921875
1 0.552734375 0.4013671875 0.0185546875 0.03125
1 0.0791015625 0.7578125 0.044921875 0.0751953125
1 0.6416015625 0.455078125 0.0390625 0.0390625
0 0.455078125 0.4677734375 0.033203125 0.0390625
1 0.5234375 0.5166015625 0.0341796875 0.0546875
1 0.4326171875 0.56640625 0.0185546875 0.0546875
1 0.544921875 0.521484375 0.021484375 0.0341796875
0 0.3525390625 0.3212890625 0.033203125 0.017578125
1 0.162109375 0.6064453125 0.0390625 0.0498046875
1 0.244140625 0.607421875 0.0595703125 0.044921875
1 0.7431640625 0.626953125 0.029296875 0.048828125
1 0.6650390625 0.5322265625 0.0390625 0.044921875
1 0.5009765625 0.533203125 0.0205078125 0.033203125
1 0.7724609375 0.650390625 0.0390625 0.0439453125
1 0.4150390625 0.4892578125 0.017578125 0.0283203125
1 0.291015625 0.595703125 0.0439453125 0.0546875
1 0.6572265625 0.619140625 0.0576171875 0.072265625
1 0.0244140625 0.564453125 0.0234375 0.0498046875
1 0.439453125 0.359375 0.0185546875 0.0283203125
1 0.0732421875 0.4794921875 0.052734375 0.041015625
1 0.61328125 0.5419921875 0.0390625 0.0439453125
1 0.4453125 0.435546875 0.025390625 0.041015625
1 0.7783203125 0.548828125 0.037109375 0.037109375
1 0.576171875 0.37109375 0.017578125 0.0263671875
1 0.681640625 0.46875 0.021484375 0.0341796875
0 0.4658203125 0.515625 0.0751953125 0.0966796875
1 0.5322265625 0.3818359375 0.013671875 0.0263671875
1 0.763671875 0.4892578125 0.044921875 0.037109375
1 0.3271484375 0.3583984375 0.0234375 0.0263671875
1 0.10546875 0.4873046875 0.029296875 0.03125
1 0.4658203125 0.421875 0.0185546875 0.025390625
1 0.2265625 0.3544921875 0.03125 0.021484375
0 0.068359375 0.32421875 0.033203125 0.0234375
0 0.1923828125 0.8759765625 0.09375 0.0263671875
1 0.6376953125 0.498046875 0.025390625 0.033203125
1 0.685546875 0.5517578125 0.3203125 0.181640625
1 0.1015625 0.6357421875 0.03125 0.0625