4 0.020875310381863455 0.2894437606620002 0.03995506596343472 0.03638294267186337
1 0.06433625020939698 0.546610823321137 0.05785319540910479 0.06860509667409058
1 0.6972921453708327 0.5696979519016863 0.12500646215832772 0.10218121268299925
1 0.7978743422276796 0.5560343465547779 0.08321706844463392 0.07670849801081765
1 0.9319134718782376 0.1258008592059604 0.12875004631872783 0.11549882535009015
4 0.29747204363264046 0.319019983290911 0.03490369292790545 0.028515898671227013
1 0.47239926902553453 0.31854617393382123 0.03995506596343468 0.03638294267186346
1 0.28383111290584406 0.544837595958002 0.053818512820281585 0.04903748400699968
1 0.3339766621200558 0.5411307932845476 0.052037688998963993 0.044331802673454136
1 0.5936063732449263 0.5326439419160038 0.06631851282028159 0.0491829346753633
1 0.5480755494236087 0.5378587005888218 0.03068922787409356 0.03861760467059074
1 0.8748927605484791 0.5285900518778238 0.026309942927905183 0.028415901336727067