2 0.4272221434770945 0.57994729793923 0.03583335099579195 0.13161362667090887
2 0.4593451627143882 0.5545836712683212 0.02486856914462656 0.1307051073360908
2 0.5115525034585611 0.5578808465945488 0.03635170616793495 0.14645737667090888
2 0.4891417901190499 0.5511132259309577 0.026639400270152436 0.11432612933640893
2 0.5469270082678845 0.5512217665897763 0.029774323953949987 0.13700965133672724
3 0.30793148485423955 0.4626336232893202 0.012083337748947898 0.032939769334818084
5 0.30549845481717264 0.42049157662318387 0.010138891832631992 0.02198408800127254
3 0.24525292478010577 0.37902223929822887 0.010811014427970278 0.0188681786680454
3 0.06112346144059459 0.3741363866565914 0.017760418874473993 0.016606244668999893
1 0.09029755155179528 0.5003079879853644 0.02213046034428625 0.029932948002863568
1 0.010447015861969205 0.4989096673297274 0.02089403172393841 0.02526362933640911
3 0.4550669235989794 0.29692571260345746 0.04204365626060227 0.041097714672181596
2 0.2925495323145016 0.5229444146244565 0.01373760698624169 0.05794886000159085