4 0.00015631784990581063 0.204496527041842 0.00031263569981162127 0.044913195916316
1 0.047054408414852825 0.5441195330322918 0.04940773677523321 0.07189484736759474
1 0.2996333768448217 0.5446552132546931 0.06899219468185844 0.06010417549789597
1 0.35919038736816544 0.5394567925661207 0.060034423635170954 0.05355407513507622
4 0.3508443502541138 0.25439231180341426 0.03752238680346807 0.041852683302444224
1 0.5834748397307701 0.2493873201561168 0.057463160480991246 0.049565979581579975
1 0.8637189926721895 0.5647196211597579 0.13674040777956833 0.12562253729346118
1 0.9368680663355955 0.5403346908525386 0.06001130780780315 0.09331597958158007
1 0.6409864189381965 0.5202603261465665 0.07367969468185845 0.060267866604888455
1 0.5876339057840169 0.5260217420258156 0.038303636803468065 0.04187996515360979
1 0.1732829794474228 0.5186606868458232 0.03670333944842143 0.027790183302444406