1 0.04621998699815957 0.5596487448089154 0.053562091248144206 0.07088091837349922
1 0.008406223994289497 0.5441371368740553 0.016812447988578994 0.03564907366340577
1 0.3044009791962434 0.5376016266330602 0.080417840343633 0.048300263083592296
1 0.6113569860936484 0.55087808745287 0.1272043091359686 0.07906441567207594
1 0.9138711544564426 0.5597400640576954 0.11317610866099877 0.10862311305535748
3 0.019763707599517417 0.48486084741151636 0.010193871551297518 0.016171031570031146
4 0.06091765208159346 0.45754021323888416 0.019241322930778494 0.010467063140062294
4 0.15133793419376906 0.45616815806191696 0.011469766508343415 0.010793286831702886
1 0.07997418928215172 0.5397688843138064 0.024334936680159912 0.03335082629424182
1 0.7942480512225109 0.5238697244680995 0.11503517978275504 0.06978812620953719
1 0.42939765716997613 0.5155229583301482 0.02668200870642732 0.018689086817585476