2 0.6267350300774247 0.6362559107187579 0.06796738589300552 0.2502278709411625
2 0.7160986190127294 0.6081524557680636 0.047515623041424246 0.18897672524323372
2 0.7574584480622023 0.6277285702164045 0.04929829893486719 0.23272672524323373
2 0.7917207015222434 0.6107359391289722 0.041439377984340095 0.21229149431795716
2 0.666975369507021 0.6066678222449994 0.03809420209089716 0.16851422077900685
1 0.5462887736888151 0.2730758465947286 0.033495590912470875 0.03649660754848192
3 0.5796106096583703 0.2600031022767715 0.0325870069200823 0.033357970779006776
3 0.32844606319496106 0.4845430008140742 0.012960256425790639 0.030673301542127617
5 0.3248554895826956 0.43854470820040037 0.012801088935304605 0.026767051542127617
3 0.25817466695901337 0.38896349391421536 0.017233920950527094 0.020598872158978578
3 0.04299533593237409 0.38178974228936224 0.022639003954332694 0.01913182954530477
1 0.07763563829010128 0.5279556302766534 0.02292550543720746 0.02616307954530477
1 0.0019790288788768063 0.5270846513799718 0.0039580577577536125 0.0222295560063543
2 0.310051548860505 0.5527844862035776 0.016146264828747637 0.07054432508107791