4 0.9751497415229446 0.19764778369181063 0.03179796360606986 0.045830697240056485
1 0.8754728033525501 0.5444194180256539 0.04940499462331651 0.07189831939903506
1 0.619531018406362 0.5590348916440344 0.06909891046291676 0.05897162540538936
1 0.5595567049241266 0.5561786728936224 0.06025044933804615 0.05335287094116268
4 0.5980200072387103 0.2666797962704171 0.03782963978475227 0.04125229139585782
1 0.3627182080244986 0.2739094638824432 0.05768837551672865 0.048624460632737065
1 0.05675930645292203 0.6080931436693341 0.11351861290584406 0.12416597727182861
1 0.0014542993189102056 0.587254538149447 0.002908598637820411 0.0926784237011061
1 0.2756183525667618 0.5517674569825843 0.07378641046291676 0.059053446022240406
1 0.3293426660489972 0.5547327698887976 0.038610889784752266 0.04126592816533296
1 0.7506740105484792 0.5255211879111562 0.036393418320799495 0.027176154626382676