2 0.48359375 0.603125 0.03671875 0.13046875
2 0.25078125 0.55078125 0.015625 0.05234375
2 0.26953125 0.54375 0.01171875 0.05859375
2 0.28046875 0.54453125 0.01015625 0.06015625
2 0.29140625 0.54296875 0.01328125 0.05625
5 0.24375 0.4984375 0.00703125 0.0171875
4 0.2109375 0.44765625 0.01171875 0.0125
4 0.09921875 0.44375 0.00703125 0.0109375
4 0.04921875 0.47890625 0.009375 0.01328125
1 0.0328125 0.53125 0.0203125 0.03125
1 0.01953125 0.5359375 0.0078125 0.03046875
1 0.10703125 0.525 0.01875 0.0296875