4 0.05 0.29296875 0.0375 0.034375
1 0.103125 0.54140625 0.05234375 0.065625
1 0.71484375 0.57109375 0.11640625 0.096875
1 0.81171875 0.5578125 0.0765625 0.0734375
1 0.9265625 0.14453125 0.13046875 0.11015625
4 0.31875 0.32421875 0.0328125 0.02734375
1 0.48671875 0.32578125 0.0375 0.034375
1 0.315625 0.54140625 0.04921875 0.046875
1 0.36328125 0.5390625 0.04765625 0.0421875
1 0.61328125 0.53359375 0.06171875 0.046875
1 0.56953125 0.53828125 0.028125 0.03671875
1 0.884375 0.5328125 0.0234375 0.02734375