4 0.036123910428576586 0.2426142139958638 0.04229725598392364 0.03876305533895437
1 0.10188142268076432 0.5161420733211368 0.06028484298989589 0.07333805000795408
1 0.778426392095556 0.541091146562732 0.130616179995868 0.1085221193507266
1 0.884349083774931 0.5257923158816418 0.08626611474138883 0.08223179201145392
1 0.9634812717514929 0.06691620786923327 0.07303745649701412 0.12272952267663591
4 0.3337989974345488 0.2735347606222293 0.03662848423243066 0.030105670671545237
1 0.5205541150257293 0.2729245912635487 0.0422972559839236 0.03876305533895437
1 0.3362746064763546 0.5141961232893202 0.055887630508958355 0.05219884667409058
1 0.3893268712939935 0.5104529579487751 0.054197843939826476 0.04671191534054522
1 0.6649626509292712 0.500993952578004 0.06916888050895835 0.052353388009226974
1 0.6166524374984033 0.5070263239179129 0.031414307370694415 0.040979536004136105
1 0.9641632171336809 0.49673097720405135 0.02725348423243048 0.029996582670272432