1 0.02265625 0.525 0.028125 0.03203125
2 0.3828125 0.56875 0.0234375 0.103125
1 0.86171875 0.61484375 0.14765625 0.14765625
1 0.7234375 0.6 0.13203125 0.1265625
2 0.23125 0.5375 0.0125 0.04609375
2 0.24765625 0.5328125 0.0109375 0.053125
2 0.26328125 0.5328125 0.0109375 0.04765625
5 0.23125 0.49296875 0.0078125 0.01640625
4 0.2015625 0.4484375 0.01171875 0.0125
4 0.10234375 0.44375 0.0078125 0.0109375
4 0.05703125 0.475 0.00703125 0.009375
1 0.04296875 0.5203125 0.0171875 0.03046875
1 0.1078125 0.51796875 0.0203125 0.02734375