1 0.07153762786799786 0.5252641766788632 0.04668651624206881 0.06223691800604527
1 0.023618483040141004 0.5098568053389543 0.022720737386128266 0.024473288669636162
1 0.043985546742471855 0.5085306626750451 0.017869546279135694 0.019731244668999892
1 0.25295131897499046 0.5226857113701346 0.055806055897782515 0.03266759667409058
1 0.39529258639818565 0.542318053389543 0.05478919292109108 0.04827441534054522
1 0.47855895418420047 0.5526657547342241 0.08881945253973793 0.061165314011772054
3 0.05561501670540496 0.4664613413430905 0.008194445916315995 0.011028406667727175
1 0.10085310563547929 0.5138817813494538 0.022075896641955417 0.02837044800286357
4 0.08757434483570609 0.44651246801399935 0.00967510036281971 0.008702838001272717
4 0.15772315372871354 0.45201812802354435 0.009647818511654282 0.007921588001272717
3 0.19553068857510386 0.4884101613621805 0.007549605172143092 0.014925566000954404